852
2063
3950
6120
7296
7427
8018
8940
10609
12014
12183
12413
13592
13800
14209
14230
14688
15348
15576
17367
18302
18587
19813
21763
24631
31560
32392
34174
34906
35431
35484
37185
37328
38239
38918
40255
40369
40503
43768
44738
44770
45931
46499
46616
49261
49492
50085
51370
52285
52384
52409
53019
53842
53922
56163
58235
58803
59190
59240
61695
61908
61939
62058
64912
65104
66350
67329
73470
74493
75456
76125
76171
76690
76852
78619
79030
79109
79233
80213
81246
83639
84882
86813
87355
88389
88640
89706
91371
91715
92821
92860
93863
94179
95275
96008
97392
97416
97918
100027
101070
101135
101385
102082
102409
102596
103370
103540
103767
104017
104936
107825
108233
108518
108803
109173
110267
110371
111585
114766
115180
115905
116759
117919
118251
118795
120864
121901
121922
122494
122547
124282
125349
125535
127991
130637
130738
130758
130924
131233
131284
133711
134812
136528
137280
137518
139197
139353
139472
140165
140909
141252
141473
141974
143460
144410
144567
144980
145887
146045
146339
147133
147180
147670
148183
149531
149974
150323
150703
151950
152286
152399
153684
154820
155442
156396
156947
157961
159438
162461
162852
163691
165149
165298
165475
165704
166064
166963
166980
167155
168768
168774
169812
170479
170732
172272
172402
172479
172888
173027
173378
176264
178253
178731
179845
181472
181794
184788
185410
188013
188746
189753
190389
192657
193277
193394
193888
194634
197088
197818
198200
198324
198552
199117
200071
200173
202677
205221
206536
206911
208532
209829
211690
211741
212491
213023
213248
213662
217847
218003
218029
219575
222513
223486
225177
225473
226782
228938
234230
236582
236886
237268
237971
241274
242021
243767
244874
245855
245918
248182
248524
248628
250356
251792
251795
252046
252058
253563
256600
260375
260515
260542
261336
261358
264435
264594
264868
266687
266799
267593
268423
270465
270920
271102
272881
272988
274189
275186
276182
277464
279615
279684
281253
281715
284862
287420
288618
290054
291397
292521
292766
296078
296677
296975
297110
297875
298320
299923
302242
302895
307578
308287
309192
310595
311068
311394
312566
313258
317747
319103
320111
321197
322060
322259
322604
324084
324445
326600
326755
327153
328445
329860
330200
332767
333972
339569
343046
343661
344076
344485
345087
346333
346707
348438
348798
349789
350514
351962
352765
353345
353578
353642
356188
357775
358019
361038
361415
361878
362485
363582
365874
366048
368259
370686
373163
373437
374207
374232
375285
375719
376756
377110
380194
380887
382313
382814
383596
386799
387797
388278
388481
391070
391793
392711
394467
394501
395835
398019
400313
401901
401989
402011
403944
404615
405681
406687
408629
409021
409122
409443
409502
409932
411136
411533
412359
412479
413038
414908
416917
417973
418214
418250
418420
418529
419061
420707
421196
422174
423048
424097
424287
425545
425579
427014
427062
428640
429160
429789
431379
431879
432481
433159
435790
436798
438791
438969
439337
441894
444191
444235
444762
446998
448794
449330
450735
451278
452101
452579
452664
452674
456226
456316
458552
460709
463094
463370
465365
465538
466691
466974
467641
467893
468106
468593
468866
469025
469562
471238
471623
472513
472849
474031
474331
474377
476627
476645
477088
481235
481524
483138
484048
486108
487515
488312
489076
491810
493241
493762
493786
494950
495381
495394
497375
497380
497656
500777
500905
502514
502611
506624
507555
509726
509825
510286
510673
510729
512853
513411
514081
514219
515504
516391
516637
517077
519396
519563
520509
522048
522169
522495
523242
523341
523748
523879
524797
524825
525668
525876
527157
528193
530346
530838
531406
531751
532103
532646
532964
535022
535922
536833
537142
541838
543207
543722
543851
543957
544457
544467
544559
544971
546827
546986
547614
551837
552490
552898
553431
554074
554129
554796
556332
556840
559488
560546
562902
565812
566360
566943
567460
570421
570987
573775
574592
574898
574907
576219
576757
576796
577264
577427
577878
578809
582123
582993
584384
585026
587462
588326
588937
589036
590638
591038
591222
591498
591617
592233
592699
595198
595885
596787
596788
598894
601214
601721
602491
604202
606325
607393
609083
610160
612954
615145
616089
616616
617569
617575
618095
620516
621303
621640
621922
622226
622580
623779
624749
626107
627851
629292
629350
630274
631526
631536
633606
635003
635900
636548
637507
639043
640595
640861
641026
641600
643196
643591
643637
644423
646105
648489
648696
649129
649759
650083
650355
650484
650620
651168
651454
654075
656369
656600
656803
656850
657331
658080
658323
658590
659950
660147
660570
660964
664087
664108
665134
665649
669349
670766
672869
673337
674523
674907
677388
679475
679672
679947
682974
683643
684276
685833
686574
687253
688739
688827
689794
693616
693830
700188
702025
702114
702522
702752
704343
704993
705434
706477
706563
707872
710569
711121
713281
713310
713809
715620
717027
717915
720140
721047
721414
721671
722269
723731
723946
724847
731009
734544
735739
736935
737074
737117
737434
739191
741145
742392
743838
744265
744768
746055
748849
749141
749241
752142
752545
752553
753728
753834
754326
757449
761167
767451
767553
768030
768255
769876
770188
771489
771917
772369
772434
772606
772943
775329
776830
777426
778527
779055
780034
780547
781165
781184
784874
786353
787057
787254
788169
789524
790265
790306
790597
790888
792825
795013
795141
795440
797304
798551
801247
801349
801488
802305
802761
803352
803813
804433
804444
804683
805354
807169
807222
810122
810768
810994
814146
814654
815236
815632
818269
820381
822241
822274
823876
825635
825647
826086
826433
826607
828973
829927
833422
834613
835529
837013
837377
837784
838288
840106
840804
842522
843709
846737
847077
850720
851191
851431
852138
854182
854333
855311
855637
856610
857866
859519
859822
860389
860962
861578
866846
866994
869348
870819
871931
873744
873862
874256
874364
875024
879355
883566
884287
884407
888187
889255
890836
893371
893729
894532
894901
895576
900209
900557
900868
901847
901848
902442
902588
902715
903042
904179
904399
904581
904855
904968
908288
908341
908832
913420
913581
914681
914812
918047
918775
918957
919050
919893
921204
922410
925035
928573
929813
932893
935267
936228
936500
937307
939749
940180
940342
943811
945904
945996
947836
948672
949719
949912
950505
950634
951964
955308
955443
956412
957635
960177
960719
961274
962339
963471
965239
965361
965976
966134
966495
966527
970493
971922
975597
976498
977839
979783
981623
982923
983217
983868
984773
988718
989965
991345
991739
993626
995426
1000251
1000565
1002166
1003404
1003767
1004428
1004954
1004988
1005873
1006664
1007738
1007872
1010467
1015135
1019571
1020305
1020958
1021511
1022929
1023556
1023737
1024209
1024223
1024909
1025796
1028400
1029071
1029074
1029885
1030024
1030137
1030891
1033879
1034252
1035367
1035380
1035895
1036244
1036667
1038384
1039455
1039703
1040319
1040696
1041263
1041920
1042618
1042791
1042877
1043783
1044088
1044243
1045001
1046021
1047265
1047676
1051225
1051638
1052926
1052927
1055179
1055979
1056264
1056519
1056673
1057706
1058013
1062949
1065732
1066089
1066552
1066757
1068237
1069741
1070446
1072577
1073534
1074947
1076476
1078518
1079504
1081515
1081562
1081929
1082002
1082437
1082620
1083153
1083386
1083387
1083981
1084932
1086074
1086672
1086776
1087490
1087764
1088080
1088085
1089189
1089892
1089897
1091077
1091577
1092689
1093430
1093598
1094221
1098123
1098821
1100502
1102912
1103609
1103751
1104719
1105383
1105561
1105611
1106196
1108297
1110247
1111740
1112615
1113235
1113421
1113670
1114111
1116189
1118155
1118439
1119373
1119859
1120339
1121282
1121760
1122421
1122520
1123396
1123845
1124866
1126969
1127911
1128293
1132405
1132492
1132544
1134992
1135136
1138364
1140213
1141768
1141860
1142686
1143156
1143409
1144683
1147852
1150460
1151259
1152959
1153957
1158150
1158569
1160874
1161371
1164016
1164290
1164308
1166381
1166692
1167263
1168088
1170197
1171196
1171385
1171988
1172105
1172690
1173415
1173559
1173997
1175646
1179186
1179262
1179898
1179965
1181378
1181397
1181895
1183167
1184171
1184515
1184901
1186548
1186672
1187112
1188731
1188776
1192591
1193205
1193367
1193974
1194100
1194810
1194924
1195090
1196957
1198496
1201483
1203244
1203343
1205394
1205837
1208523
1209341
1210812
1211213
1211493
1211821
1212891
1213243
1214096
1218306
1219134
1220531
1220837
1220890
1220964
1220966
1222030
1222125
1222239
1222637
1223116
1223125
1225836
1227361
1227643
1230793
1236954
1238420
1240058
1240693
1242670
1242686
1245160
1245946
1246309
1246787
1247420
1248338
1251814
1256202
1256215
1257191
1260700
1262506
1262800
1263707
1263892
1265453
1265637
1265864
1265879
1266988
1267232
1267302
1268290
1269313
1269469
1270889
1270954
1272845
1274249
1274868
1275001
1275283
1275638
1277345
1278560
1279156
1280725
1281649
1283731
1284125
1285541
1286743
1288467
1290581
1291058
1292202
1293635
1295031
1296771
1297160
1298984
1301504
1301922
1302150
1302348
1302867
1303249
1303682
1304318
1306207
1306822
1307317
1307388
1307428
1310863
1311737
1312852
1313234
1315359
1318639
1319247
1319719
1319763
1320425
1322462
1323344
1325149
1325274
1325405
1327065
1328129
1328335
1329648
1330121
1331217
1332430
1333394
1333701
1336312
1336328
1337811
1337851
1338762
1339726
1340612
1340855
1342335
1343512
1343631
1343937
1344627
1344735
1346468
1349052
1349135
1350230
1350378
1351504
1351823
1352114
1353192
1353987
1354492
1356724
1357610
1358396
1359864
1361112
1362109
1363999
1365487
1366366
1367305
1367328
1367458
1369018
1369444
1370474
1373183
1374883
1375526
1375532
1375834
1375846
1375880
1377341
1377512
1377959
1379566
1380266
1380579
1381749
1381917
1381947
1382620
1383308
1383605
1384484
1384772
1384832
1385149
1385277
1385956
1386238
1386314
1386757
1386768
1386950
1386963
1387365
1388295
1389466
1390043
1391584
1392896
1393645
1395426
1395751
1397620
1399272
1399444
1399680
1400968
1401363
1401685
1405273
1408224
1408491
1408813
1409289
1409708
1411081
1412648
1412991
1413384
1414200
1414558
1415732
1416195
1417566
1420519
1421797
1423749
1425121
1426378
1427116
1429525
1430647
1430857
1434289
1434308
1434801
1436565
1442288
1445085
1445889
1448932
1449467
1450379
1451142
1452571
1452817
1455875
1456624
1456761
1456840
1457669
1459968
1463033
1465786
1466270
1467108
1467533
1468214
1468695
1470689
1470756
1472898
1473740
1474069
1474348
1475369
1475635
1475786
1476552
1476908
1477132
1477133
1477333
1477567
1480913
1481605
1483239
1483729
1484988
1487180
1487369
1488375
1488987
1489000
1489014
1489287
1492037
1492375
1492541
1492583
1492768
1493875
1494049
1495283
1497509
1498190
1498927
1499620
1500771
1502433
1503520
1503592
1503903
1509660
1512771
1514054
1515243
1515766
1516888
1520553
1521936
1522236
1527322
1527411
1529216
1529708
1530016
1530047
1534954
1535199
1535708
1535836
1538345
1538503
1539298
1539322
1540280
1541991
1542737
1543420
1544007
1545833
1546868
1547654
1547668
1550326
1550483
1551143
1551289
1551452
1551502
1553510
1554089
1555351
1555497
1555700
1557367
1557621
1557840
1558148
1558407
1559764
1562323
1567118
1567283
1568622
1569106
1569993
1573249
1574102
1574662
1576073
1576151
1576235
1576811
1580937
1581882
1582052
1582413
1582946
1584751
1587589
1588279
1588420
1590110
1590593
1592620
1594865
1595074
1597030
1597824
1598084
1598351
1599466
1600453
1600477
1603324
1604503
1605061
1605362
1606264
1607297
1607807
1607815
1609662
1610154
1610234
1611232
1612055
1612545
1612628
1612634
1612965
1613234
1613638
1613759
1613952
1615182
1615417
1618776
1621017
1622195
1625412
1626995
1627575
1628854
1629168
1631504
1631838
1631957
1634735
1634861
1635214
1635288
1635596
1639073
1640593
1641717
1641800
1642811
1642953
1643314
1643331
1643382
1644388
1645364
1646541
1648284
1649263
1649468
1650534
1650727
1651197
1651954
1652583
1653306
1654388
1655230
1655368
1656189
1656418
1656686
1656859
1657237
1657291
1659233
1659410
1660278
1660795
1661569
1661753
1662006
1663924
1664111
1665728
1666149
1666503
1667387
1667485
1669523
1671037
1671303
1671342
1671826
1671980
1674449
1675339
1675563
1675683
1677752
1682960
1683541
1685555
1686622
1688506
1689929
1691438
1691570
1691586
1692453
1692857
1693364
1693910
1694712
1694862
1695776
1696213
1697797
1699221
1702826
1703348
1705343
1705620
1705852
1708101
1708105
1708243
1709155
1711095
1711290
1711332
1711734
1713066
1714076
1714338
1714401
1714866
1716622
1717726
1719843
1720508
1721425
1723271
1723384
1724322
1724701
1726373
1727762
1728430
1728646
1728906
1730421
1731103
1733418
1733585
1734486
1737133
1737902
1738377
1738565
1741672
1742284
1742636
1744462
1744833
1744886
1744891
1745093
1746306
1746436
1747383
1747660
1749447
1751185
1751230
1751255
1751275
1751580
1751736
1752337
1753437
1754843
1754855
1758194
1759182
1759841
1760376
1760513
1760588
1762614
1763627
1766150
1771054
1773631
1773916
1774607
1775599
1777994
1779975
1781110
1782688
1783161
1784046
1784161
1784501
1784625
1788283
1789408
1789686
1789907
1790754
1790851
1791338
1794655
1795004
1795295
1795372
1796123
1796230
1796609
1797162
1797626
1798970
1805059
1805611
1806195
1807136
1807751
1808151
1808295
1808866
1811108
1811461
1811577
1811917
1812804
1813999
1817721
1820723
1821332
1821358
1822369
1823784
1824280
1824375
1826857
1827044
1827882
1827946
1828076
1828317
1829580
1830190
1830355
1830903
1836325
1838235
1839068
1839274
1840178
1841722
1842135
1842761
1842964
1843942
1844533
1845242
1846800
1848423
1850886
1851703
1851888
1853183
1853897
1854221
1854362
1854799
1856044
1858034
1858252
1858484
1861090
1862135
1862261
1863286
1863547
1863645
1864719
1868738
1869252
1869618
1871030
1871049
1871534
1872697
1874389
1874510
1875879
1876766
1877317
1877548
1878235
1878422
1878588
1880301
1882055
1882241
1882710
1884544
1884880
1885735
1886753
1887134
1887142
1889377
1890702
1892073
1893550
1894856
1895032
1895970
1896428
1897532
1898479
1898675
1900650
1901636
1902121
1902312
1902975
1903914
1904868
1905639
1906524
1906762
1907433
1907783
1907947
1908454
1909286
1909441
1909932
1911362
1911515
1912027
1912326
1912953
1913834
1915658
1915703
1915720
1916004
1921400
1924544
1925540
1926539
1929649
1932001
1934214
1935593
1936402
1937332
1937633
1938816
1938914
1938968
1939086
1940036
1941049
1942073
1944386
1944917
1945721
1946837
1949934
1950844
1951213
1951693
1953687
1954605
1955571
1955748
1955790
1956701
1957091
1957234
1957322
1957425
1957722
1958271
1960467
1960880
1960928
1961161
1961254
1961586
1963350
1964042
1964602
1965693
1965864
1966174
1966888
1967925
1968207
1968232
1968892
1968905
1969456
1970017
1971402
1972017
1973472
1973672
1977175
1979425
1979644
1979858
1980206
1981780
1984430
1984582
1985204
1985390
1985396
1986058
1988315
1988965
1988977
1989731
1989733
1990654
1991957
1996044
1996051
1997861
2001386
2002100
2004333
2004876
2005152
2005301
2008005
2008379
2008634
2009447
2009881
2011969
2012025
2013020
2014608
2015570
2017673
2020426
2020597
2021716
2022002
2022605
2023242
2024981
2025206
2025401
2025423
2025426
2025800
2026434
2026906
2028129
2028602
2030102
2030394
2030712
2031639
2032614
2035443
2035585
2036493
2041039
2041083
2041222
2041665
2042061
2043051
2045335
2046157
2047318
2048114
2048242
2049825
2051391
2052434
2054560
2055797
2059312
2061368
2063575
2067021
2067283
2069245
2069471
2072882
2073697
2074561
2074959
2078154
2079069
2079155
2080279
2081208
2081543
2082496
2084142
2084768
2084972
2085106
2085140
2085286
2085464
2085514
2087925
2088493
2090754
2091257
2092142
2093400
2093451
2093943
2094249
2095614
2095703
2095935
2096837
2098000
2098564
2099758
2101283
2102601
2102618
2103397
2104879
2105870
2108387
2109633
2110059
2111848
2112850
2113150
2114598
2114818
2114941
2115609
2116350
2117523
2119241
2119368
2119904
2121082
2122848
2123814
2124151
2126683
2127599
2128230
2129687
2130980
2132003
2135015
2135115
2135297
2135572
2136077
2136394
2137001
2137095
2137241
2139664
2141149
2141451
2141572
2142208
2143637
2144125
2144146
2146356
2147034
2147171
2150274
2150388
2155014
2155567
2157214
2157569
2158399
2158667
2159533
2159541
2161075
2161492
2162516
2162624
2163330
2163671
2165292
2165611
2166028
2166392
2167184
2167470
2170087
2170299
2171487
2172019
2172339
2172537
2172918
2173017
2175205
2175660
2176809
2177141
2177167
2177516
2178837
2179213
2181764
2185501
2185763
2187174
2188799
2191037
2192897
2193001
2193099
2194876
2198202
2198825
2199624
2200528
2200564
2202021
2202245
2203480
2203852
2204460
2204940
2205153
2205918
2207216
2207648
2208282
2208394
2209594
2210698
2211456
2214099
2214406
2215019
2218145
2219318
2219805
2219841
2221546
2222148
2223642
2224441
2224741
2224949
2226186
2226351
2226430
2228312
2233637
2233752
2238245
2239440
2239755
2240270
2240296
2241485
2243056
2245687
2245909
2247585
2247593
2248376
2248681
2250323
2250875
2253258
2256599
2257326
2260400
2261649
2262238
2264654
2265045
2265602
2265844
2265864
2266027
2270304
2270578
2271634
2272823
2273428
2274070
2275035
2275849
2278102
2278478
2279464
2279898
2281723
2282156
2282294
2282455
2283244
2284067
2287870
2288806
2289702
2290171
2290257
2291851
2292620
2292725
2296143
2297450
2299536
2300047
2300067
2302815
2303390
2303592
2303847
2305567
2305628
2306480
2306705
2306878
2307248
2307519
2308490
2308804
2309725
2310032
2311210
2311892
2314493
2316945
2317007
2317221
2317356
2317506
2318426
2318820
2320245
2321472
2322563
2324388
2325490
2326070
2326560
2327077
2327547
2328829
2328879
2329203
2330686
2331422
2331539
2333429
2333964
2336383
2341257
2347561
2347616
2349390
2350309
2352032
2352180
2352414
2352940
2353257
2353392
2354322
2354689
2354966
2357727
2358542
2361846
2361898
2362736
2363136
2364075
2364103
2364584
2365032
2366133
2366390
2366574
2367232
2367453
2368670
2368883
2369488
2369544
2369720
2372264
2372604
2372664
2373824
2373895
2377323
2377757
2378484
2379414
2386742
2388608
2388767
2389768
2392207
2393956
2395544
2395759
2395943
2396615
2398604
2400541
2400549
2402336
2404372
2404484
2406086
2407069
2410279
2410607
2411208
2411441
2414011
2416565
2419751
2420484
2421449
2422192
2423682
2428054
2428909
2430674
2431176
2431975
2433842
2435334
2437466
2437709
2438204
2439609
2440034
2440710
2441269
2441412
2442231
2444193
2445731
2447068
2448514
2448732
2449432
2450278
2451313
2452452
2453576
2453799
2456095
2456733
2457075
2458238
2459816
2459993
2462173
2463254
2463808
2466177
2473468
2473474
2473721
2474979
2475692
2477039
2479276
2479866
2481123
2481263
2484137
2484512
2485966
2486609
2486728
2486902
2488859
2488965
2489099
2490986
2492052
2492636
2494666
2497490
2497663
2499204
2501340
2501472
2501656
2502136
2503598
2504000
2504128
2505248
2505769
2505956
2506142
2506324
2506661
2506899
2507576
2508330
2508767
2508777
2509827
2510967
2513485
2513707
2516557
2517800
2519901
2520200
2520246
2521918
2522421
2522423
2522637
2523806
2523920
2523924
2524212
2524810
2525333
2525387
2526438
2527111
2528099
2532408
2533958
2534403
2535839
2535854
2536816
2537580
2537773
2539971
2540090
2541569
2541647
2544979
2545233
2545497
2546585
2548320
2548789
2550473
2550514
2554807
2555006
2555178
2555950
2559376
2559566
2559981
2560908
2561998
2562725
2563688
2563977
2564678
2565929
2567442
2568418
2568575
2569283
2569394
2570496
2573411
2573630
2573859
2573934
2574372
2576828
2576943
2578279
2578410
2579095
2579567
2579755
2580049
2581566
2582165
2582383
2583931
2584025
2584436
2585704
2586082
2586130
2586257
2586687
2586923
2587804
2587892
2590086
2591155
2591767
2595747
2595948
2598581
2600040
2600273
2601219
2602052
2602822
2602845
2603065
2604699
2605495
2606047
2606903
2607282
2607306
2607775
2609172
2612277
2612480
2613148
2614101
2614555
2618668
2619157
2619628
2620062
2620318
2621200
2621201
2623118
2623448
2625642
2627342
2627955
2628637
2630192
2631661
2631885
2633192
2633659
2634055
2634138
2636176
2637446
2638303
2638434
2639293
2639557
2640304
2641139
2641660
2642377
2642528
2643814
2646229
2647357
2648973
2649801
2650452
2651156
2651674
2651815
2653032
2653584
2655147
2657407
2657862
2662056
2662933
2663245
2663280
2664205
2665394
2665445
2666217
2666996
2669219
2669976
2670338
2671317
2671519
2671864
2674141
2674441
2674542
2674778
2675134
2676216
2676449
2678597
2679387
2680077
2680563
2682159
2682252
2682968
2684075
2684144
2685111
2686313
2686344
2686397
2687102
2688098
2691012
2691560
2692201
2692957
2694274
2695270
2695379
2696439
2698059
2700194
2702386
2703019
2704417
2705226
2705678
2705774
2706599
2708396
2708824
2709054
2709622
2709688
2710320
2711397
2711550
2711884
2712862
2713005
2713614
2714578
2714596
2714925
2717406
2717499
2718106
2718727
2720686
2721373
2721596
2723086
2723484
2724801
2724818
2724894
2725854
2725902
2726250
2727193
2727561
2727611
2727976
2729477
2730758
2731582
2733154
2733611
2734709
2735661
2736113
2736533
2736621
2736662
2736682
2741706
2744115
2745818
2745854
2746315
2746806
2746899
2747592
2748189
2748536
2748909
2749082
2752744
2752953
2753091
2754989
2757648
2760168
2760324
2760816
2761256
2761774
2762030
2763243
2763657
2764507
2765254
2765647
2766330
2766377
2767088
2767326
2771294
2774118
2774439
2775860
2776199
2778869
2779629
2779736
2780751
2783160
2785660
2785690
2785879
2786525
2787747
2788678
2788911
2789400
2790139
2790597
2790922
2791102
2793692
2793736
2794090
2796551
2797100
2797202
2797462
2799648
2799980
2800162
2800401
2800479
2802483
2803187
2803392
2804091
2805118
2806864
2807572
2808069
2808957
2809979
2810815
2811245
2811874
2812525
2813227
2815006
2815406
2817873
2818378
2819918
2820330
2820412
2821248
2821316
2823121
2825247
2827824
2828210
2829019
2829712
2829932
2830598
2832798
2833344
2833422
2834817
2836229
2837035
2840315
2840339
2840439
2842070
2842720
2842985
2844225
2844289
2845232
2846119
2846704
2846714
2848730
2849805
2849828
2851845
2852010
2852878
2853622
2853832
2854361
2854739
2855024
2856114
2856886
2857192
2857574
2859230
2860217
2860616
2861528
2862710
2862743
2862979
2863846
2864468
2864571
2867251
2869439
2869866
2872180
2873092
2873159
2873840
2876445
2877721
2877774
2879247
2879490
2879606
2880212
2882041
2882237
2883657
2884913
2885478
2887483
2888135
2889408
2890267
2890561
2890990
2891156
2892275
2893646
2895852
2896993
2897040
2898592
2898630
2899305
2899650
2899801
2899802
2901102
2903011
2904124
2905811
2905968
2906433
2907185
2907638
2908047
2909401
2915208
2915477
2915949
2916110
2916259
2917108
2917603
2918468
2918892
2918895
2920166
2921851
2922541
2922562
2922672
2924400
2924723
2924803
2927751
2928002
2929020
2932013
2932677
2932797
2936587
2937290
2939021
2939173
2939853
2941804
2942040
2942321
2943845
2945836
2948975
2949656
2951063
2952648
2954318
2954574
2954889
2955232
2956745
2960837
2961440
2962865
2963852
2965068
2965697
2966180
2968322
2969115
2969209
2969602
2969772
2971886
2972016
2972280
2974298
2974619
2975328
2975730
2975734
2977322
2978246
2979041
2980813
2980958
2981149
2981515
2983349
2984467
2985051
2986005
2986885
2989625
2990696
2991154
2991833
2992524
2994195
2996509
3001340
3002728
3004197
3005878
3008634
3009726
3010169
3010312
3010517
3011185
3011470
3012453
3013029
3013065
3013220
3015283
3016331
3016956
3016979
3020746
3022466
3023943
3024814
3025670
3027959
3028639
3028835
3032887
3033546
3033744
3034190
3035733
3035831
3037161
3037628
3038163
3038812
3039961
3040334
3041044
3043057
3043618
3044269
3044769
3048121
3048483
3051162
3052091
3053179
3053752
3053803
3054204
3054794
3055137
3055305
3055545
3056760
3058034
3058100
3058732
3059055
3059308
3063262
3063607
3064565
3064903
3066787
3068421
3069497
3070415
3071499
3071647
3071928
3074653
3074729
3075015
3075298
3075819
3078187
3078331
3081361
3083454
3083635
3085012
3086649
3086672
3087382
3087718
3087739
3088118
3088583
3089067
3089387
3089810
3090751
3091070
3091104
3093742
3093824
3093873
3095789
3097535
3097576
3098233
3098918
3099530
3100663
3100703
3100729
3101212
3103066
3105358
3106824
3107247
3107728
3108817
3109460
3110620
3111480
3111610
3111968
3112551
3113701
3113790
3115368
3115996
3117353
3117625
3118470
3119295
3120275
3120281
3120423
3123075
3127134
3127472
3128062
3128683
3128707
3128912
3130074
3130085
3130518
3131973
3133057
3135250
3136189
3137574
3139294
3139641
3140364
3140788
3141251
3141942
3142035
3142581
3143262
3143763
3144509
3145149
3146804
3146902
3147051
3147080
3148175
3148925
3149609
3149619
3149702
3151081
3151199
3151973
3153166
3155011
3156671
3158351
3158986
3159118
3161168
3162000
3164559
3165439
3165934
3166946
3169099
3170557
3170676
3171188
3173723
3175123
3175668
3177681
3179357
3179519
3180274
3180432
3183442
3184651
3184800
3185092
3185143
3185588
3186156
3186380
3187135
3188962
3189840
3190284
3192506
3192906
3193769
3196736
3201407
3203267
3203353
3203588
3203756
3204475
3204525
3208391
3208789
3210304
3212059
3212822
3212956
3213567
3214914
3215632
3215859
3216074
3216082
3216829
3217137
3217991
3218503
3218796
3219172
3219923
3221566
3222282
3222588
3223457
3223946
3224802
3225425
3226114
3227747
3227832
3228862
3229037
3229757
3230298
3230549
3230872
3234988
3235272
3235879
3236531
3237387
3238908
3240191
3240587
3241623
3243853
3245044
3245179
3246402
3246571
3246744
3247007
3249608
3251794
3252137
3252769
3253253
3257254
3260001
3264874
3268552
3268791
3271001
3272227
3272280
3273801
3274538
3278381
3278726
3278873
3279921
3280956
3281096
3282491
3282902
3283337
3285011
3285522
3285674
3286127
3286811
3286829
3287426
3292100
3293843
3294313
3295416
3295728
3296195
3297923
3299679
3299723
3302192
3304017
3305279
3305687
3307021
3307165
3311443
3311527
3312215
3313754
3314273
3314765
3315573
3317721
3318280
3321836
3324108
3325593
3325598
3325677
3325873
3326188
3327762
3328492
3329822
3331279
3332072
3332478
3334459
3335112
3335549
3336442
3338577
3338892
3339317
3340227
3343075
3343544
3344112
3344349
3347035
3347486
3347533
3347679
3349826
3350130
3350815
3351632
3355213
3356069
3358898
3360180
3361591
3362830
3364669
3364841
3366582
3368630
3368927
3371348
3372094
3372220
3373852
3374668
3375582
3376358
3376633
3376710
3378783
3379886
3380385
3381192
3381793
3382179
3385011
3385559
3386238
3387419
3387817
3388296
3389485
3392051
3392242
3392827
3393428
3394095
3395575
3395890
3396197
3396264
3396294
3397807
3399061
3400313
3400443
3400467
3401502
3402166
3403402
3404750
3405999
3406255
3406427
3407113
3407550
3409511
3409743
3410150
3410181
3410505
3410750
3411122
3412494
3412886
3413562
3414344
3415288
3417445
3417841
3418519
3418907
3419052
3419374
3421184
3421910
3421997
3423039
3424575
3425852
3428727
3429638
3429899
3431291
3431897
3432469
3432952
3433333
3435086
3435388
3437806
3439546
3441779
3442050
3444303
3444509
3445094
3445823
3446068
3446265
3447180
3447685
3447849
3448226
3448329
3451404
3452310
3453653
3453921
3454392
3454822
3454863
3455166
3455712
3455733
3456690
3458237
3458601
3458715
3459137
3459219
3459271
3460188
3460528
3464048
3464288
3464449
3465418
3466834
3469032
3469783
3470167
3470316
3470382
3470645
3471435
3471945
3473367
3474073
3476015
3477402
3478816
3478991
3479246
3480089
3481845
3481920
3482369
3483081
3484775
3484996
3486773
3487366
3488224
3489063
3489084
3490051
3490987
3491880
3492005
3492117
3492348
3492352
3492742
3494823
3494967
3495933
3496793
3498890
3500141
3501864
3503662
3503702
3504274
3504460
3506675
3506695
3506812
3508696
3509360
3509990
3512860
3513386
3513895
3514650
3515708
3515961
3516337
3517059
3519832
3520011
3520549
3522555
3522791
3523785
3523921
3525252
3525631
3530163
3531373
3532069
3534191
3535704
3537048
3538053
3538709
3539275
3539543
3540426
3540735
3541240
3542628
3542667
3545976
3551171
3551185
3551637
3553469
3553882
3554864
3555147
3555690
3556166
3556708
3559381
3559387
3560868
3564496
3564965
3565646
3565911
3566652
3566969
3567074
3567476
3567795
3569577
3569961
3570028
3571173
3571826
3572064
3574045
3576889
3577219
3578266
3578424
3581441
3581957
3582119
3582478
3582480
3582727
3583006
3584713
3584908
3585086
3585371
3586974
3591624
3592606
3595160
3596193
3598195
3600882
3600950
3601138
3601623
3602295
3603951
3604649
3605779
3605898
3606291
3606376
3607692
3609115
3609528
3609904
3610100
3610166
3610733
3611330
3612137
3612303
3613516
3615561
3617092
3617554
3619556
3623662
3624365
3625273
3629914
3632092
3633939
3634395
3634740
3635143
3635146
3635757
3638496
3638729
3640075
3644303
3644545
3645358
3645715
3646944
3647870
3648881
3650372
3653203
3653917
3655165
3656258
3657724
3660401
3663063
3663273
3664382
3664697
3665328
3665554
3666156
3666451
3666995
3667190
3667974
3669014
3672075
3672622
3672935
3673563
3673861
3674139
3674166
3674339
3674360
3675748
3676821
3676828
3678171
3679052
3679702
3681195
3681825
3682569
3682695
3683762
3684137
3684703
3685183
3687090
3687826
3688162
3688693
3691363
3691510
3692794
3693338
3695202
3696163
3696442
3696598
3698335
3699380
3700411
3700447
3701234
3701810
3702136
3702692
3704805
3707099
3709274
3709355
3711474
3712853
3713007
3714720
3714810
3714872
3715528
3716023
3717005
3719954
3721145
3721714
3722130
3722278
3723153
3724032
3725926
3726226
3727378
3727389
3727596
3728693
3729129
3730792
3732342
3732941
3733851
3734697
3735612
3736518
3738458
3738614
3742837
3743398
3744679
3745282
3745758
3746110
3747322
3748289
3749219
3752841
3752903
3754801
3757391
3759994
3761066
3761871
3762345
3762886
3763682
3764049
3764817
3765410
3765479
3768600
3769778
3770935
3771305
3774091
3776577
3776798
3776943
3777830
3778400
3778563
3779708
3780065
3780662
3780867
3783237
3783298
3786331
3787709
3788382
3788403
3788955
3792449
3792804
3792880
3793090
3796333
3797834
3798535
3799429
3800634
3801873
3804258
3804693
3805767
3806054
3806372
3806426
3806652
3807037
3807772
3807870
3808418
3808810
3809108
3809944
3810646
3810660
3810809
3812880
3813636
3813982
3814004
3814111
3815180
3816049
3816113
3817034
3818547
3819097
3820163
3821072
3821552
3822502
3822929
3825254
3827221
3828012
3828652
3828970
3830189
3831409
3831542
3834209
3835422
3838031
3839073
3839458
3840351
3842116
3842253
3842354
3842410
3842943
3843024
3843088
3845098
3845924
3850633
3852940
3853092
3854617
3855821
3857135
3857336
3857588
3859083
3860079
3860245
3860264
3860299
3860483
3860705
3862208
3863731
3863963
3867841
3868025
3868440
3869764
3869905
3872261
3873092
3873663
3876294
3877737
3877948
3878178
3879242
3879581
3881486
3881754
3882599
3884766
3885406
3887858
3889575
3891251
3891980
3894813
3895167
3895377
3899222
3900165
3900361
3900843
3902507
3903517
3904156
3904972
3907275
3908753
3908782
3909360
3909573
3910976
3911424
3911491
3912281
3912858
3914018
3914151
3914468
3914989
3915361
3916167
3916234
3916436
3917518
3919167
3920321
3921533
3921744
3922528
3923567
3923683
3925648
3926810
3928786
3930216
3930338
3930658
3932518
3932623
3933126
3933361
3933917
3934577
3934969
3935804
3936079
3936385
3939030
3940505
3940712
3941392
3941887
3942162
3942181
3942351
3943725
3944166
3946273
3947780
3948138
3950075
3950122
3950961
3950995
3952125
3954393
3955585
3956423
3956917
3957114
3957433
3959237
3962072
3962464
3963058
3963582
3965372
3965587
3965948
3971574
3973837
3974451
3974494
3976391
3977937
3978504
3978695
3980841
3980988
3981008
3981772
3984050
3984361
3984834
3985405
3985502
3987449
3988039
3988826
3990620
3991800
3992613
3993392
3993487
3996892
3997516
3997649
3997718
3997874
3998335
4000039
4001000
4001711
4006148
4007594
4007770
4008267
4008652
4009920
4010487
4013251
4014364
4015801
4017433
4019895
4020047
4020182
4020956
4021829
4025619
4026131
4026347
4026661
4027257
4027282
4030707
4031247
4035397
4036449
4036577
4037031
4037154
4037222
4038115
4038463
4039410
4042173
4044051
4044295
4048611
4049201
4049805
4050083
4051091
4051140
4053968
4054313
4054428
4054553
4055375
4055754
4055953
4056186
4056607
4057467
4058313
4059080
4059320
4059384
4060033
4060855
4061597
4062188
4062530
4062936
4064001
4064273
4064830
4066043
4066974
4067356
4068214
4068649
4070651
4071043
4071894
4072098
4081572
4081777
4082921
4082949
4083229
4084008
4084202
4084495
4085453
4086407
4086427
4086788
4089004
4089654
4090144
4090784
4090971
4091133
4092410
4094647
4094763
4094948
4095722
4096303
4096765
4097687
4098164
4098790
4098933
4099019
4099607
4100059
4101256
4103680
4103764
4104130
4104469
4106258
4108235
4109390
4109593
4109996
4110377
4113065
4114610
4114834
4114951
4116607
4116810
4117580
4117586
4118707
4119599
4120064
4120818
4121166
4121980
4122307
4123315
4125013
4125328
4125354
4125410
4125551
4125955
4126082
4126839
4127018
4127149
4127262
4128613
4129894
4132606
4132618
4133722
4133763
4134086
4134488
4134800
4135818
4136739
4138088
4138159
4138657
4138791
4139677
4140295
4141525
4143227
4146020
4146247
4149503
4149690
4149787
4150319
4151153
4151555
4152081
4152168
4152370
4153241
4158153
4159869
4159889
4160566
4160604
4163558
4165141
4166520
4167062
4167445
4170772
4171129
4173472
4173566
4173909
4174392
4174549
4174787
4176272
4178254
4178960
4183753
4184272
4185175
4185292
4185630
4187587
4188235
4188752
4189199
4193486
4193587
4193697
4194056
4194718
4195872
4198050
4199826
4205018
4205081
4205102
4206393
4210297
4212357
4213479
4213610
4214065
4215535
4217554
4217589
4218109
4218317
4220073
4220770
4222914
4224757
4226473
4227799
4227826
4228603
4229242
4229569
4229593
4229711
4231336
4231931
4231971
4232035
4233141
4234341
4235025
4235629
4235848
4236822
4238474
4239043
4239487
4239847
4240982
4241646
4241749
4242192
4243034
4244808
4245054
4246431
4252069
4252190
4254778
4256690
4257484
4257803
4257837
4258564
4260372
4260926
4261143
4261846
4263195
4263655
4266492
4267302
4268042
4268176
4269061
4270421
4271053
4271135
4275711
4275811
4278326
4278885
4279690
4280228
4280285
4281482
4282209
4282269
4282992
4283473
4284758
4285821
4287761
4288309
4290489
4290891
4291404
4291406
4291775
4292114
4292287
4292429
4294394
4294634
4296840
4299014
4299191
4303835
4304903
4308063
4308495
4310741
4312010
4316962
4317016
4317823
4319347
4320238
4321022
4322129
4322647
4322793
4323187
4324487
4324981
4325862
4326633
4328042
4328375
4330603
4330935
4331237
4331358
4332792
4334145
4334211
4335047
4335477
4335735
4336153
4336380
4336463
4339132
4339569
4343121
4344995
4345178
4345935
4346517
4346852
4346953
4347557
4348274
4349023
4351458
4351969
4352065
4353136
4353242
4353271
4355792
4357701
4358866
4361037
4362643
4363117
4364337
4367800
4372222
4372841
4379744
4380345
4381212
4381909
4382584
4382648
4384954
4385077
4386713
4386976
4388552
4389274
4389376
4389456
4389627
4389641
4390884
4390915
4391023
4392124
4392915
4393765
4395122
4395413
4398531
4399635
4399692
4401979
4403268
4404485
4405000
4405272
4405588
4406016
4406591
4407011
4407037
4407960
4408393
4408419
4408827
4409237
4409548
4409733
4411612
4413277
4413933
4415093
4415519
4416318
4417974
4419260
4419816
4420187
4421508
4426567
4427162
4430471
4431142
4432397
4432399
4433246
4433665
4433894
4434823
4435783
4438382
4438393
4438540
4440306
4441232
4443092
4443937
4444563
4445729
4447621
4449815
4450192
4450547
4450773
4451196
4451323
4451542
4456152
4457201
4457544
4459472
4460006
4461756
4462417
4463069
4463653
4463978
4465411
4465546
4465885
4466109
4466123
4466851
4467562
4472121
4472148
4473368
4474355
4474821
4475311
4475441
4475798
4476067
4476542
4477307
4477782
4478263
4478766
4479631
4480740
4481800
4481909
4482506
4483315
4483776
4485122
4489082
4489135
4489636
4490269
4496286
4497042
4498672
4499499
4502987
4504037
4504620
4505098
4507163
4507481
4507736
4508940
4509961
4510234
4510941
4513240
4513349
4513756
4515132
4515224
4515266
4517290
4520216
4521923
4522669
4527914
4528669
4528937
4529304
4530021
4531384
4532615
4533279
4534182
4534459
4535462
4535468
4535783
4538389
4538481
4539167
4540749
4541328
4541681
4541888
4543053
4543218
4543682
4544590
4546653
4546691
4548556
4548568
4549445
4550880
4552856
4554899
4555149
4559217
4560812
4560970
4561087
4563967
4564750
4564868
4565583
4565626
4565643
4568390
4568935
4569017
4569796
4569887
4571771
4572306
4572508
4573990
4574536
4575122
4575356
4575529
4576166
4576505
4576992
4578680
4579369
4581698
4582078
4582172
4582227
4582858
4584429
4585908
4586044
4586136
4586842
4587494
4590193
4591036
4593910
4593957
4593964
4594517
4596025
4597591
4597901
4598200
4598257
4603067
4604962
4607360
4607511
4607533
4609736
4611241
4611357
4613926
4614606
4616529
4616684
4617640
4617649
4618439
4619650
4620222
4621616
4622417
4622585
4622871
4623396
4623574
4625635
4626729
4628265
4628758
4629077
4629126
4629236
4631455
4632079
4632095
4632216
4633087
4633886
4635565
4635576
4635582
4636448
4637394
4637746
4638086
4638245
4639526
4646331
4648191
4648920
4650369
4650531
4650664
4650791
4650862
4653348
4654318
4655695
4657187
4659210
4659288
4659916
4660692
4661170
4662050
4662440
4663207
4663319
4664232
4665608
4667613
4667668
4670300
4670326
4671954
4672748
4673688
4673857
4674378
4676409
4678028
4678875
4679970
4680816
4683459
4685891
4686587
4686596
4688886
4690514
4691659
4693080
4693960
4695657
4695910
4697938
4697941
4700211
4700951
4702585
4703108
4703563
4703931
4704384
4705864
4706123
4706825
4707817
4707843
4709422
4713141
4719300
4719783
4720264
4720761
4722211
4723504
4724001
4725230
4729226
4729294
4730540
4730589
4730867
4731275
4731569
4732532
4733778
4734596
4736514
4736599
4736890
4738144
4740071
4741023
4741586
4741742
4742482
4743196
4743626
4744883
4747090
4747367
4747790
4747877
4748618
4749010
4749076
4749444
4750475
4751880
4752276
4754727
4756602
4757931
4758027
4758699
4759575
4759825
4761616
4763427
4763487
4764012
4766389
4768303
4771539
4773242
4773614
4775212
4776726
4778857
4779127
4779344
4780399
4781999
4782570
4782786
4783263
4783638
4783759
4785782
4788281
4789213
4789226
4790199
4790514
4791734
4793695
4796296
4796959
4798191
4798398
4800212
4803001
4803788
4804848
4808683
4809576
4812277
4815080
4817245
4818828
4820323
4820678
4820806
4822547
4823252
4823329
4824230
4825898
4826800
4826934
4828958
4831287
4832968
4835927
4836170
4836296
4842463
4843240
4843750
4843890
4844534
4845710
4846197
4847488
4847858
4848114
4848811
4852332
4852497
4852871
4853241
4853966
4855607
4858525
4858795
4860110
4861899
4864343
4866265
4867840
4868439
4869149
4869609
4869914
4870147
4873393
4876716
4876786
4876928
4877831
4878270
4879423
4879893
4879898
4882016
4882651
4883351
4884004
4884183
4885430
4885884
4889339
4890181
4890567
4891104
4891689
4893919
4894353
4894966
4895542
4898053
4898466
4899127
4899377
4900062
4902454
4903587
4903932
4906256
4906809
4907344
4907504
4910426
4913281
4914205
4915539
4916895
4920478
4921961
4925363
4925616
4925903
4926474
4928952
4929043
4929326
4930048
4930154
4931106
4931582
4932256
4932389
4932639
4933287
4934259
4935136
4935642
4935729
4935970
4936893
4937829
4938699
4938803
4939989
4941918
4942157
4942158
4942785
4944266
4944888
4946777
4947279
4947350
4947610
4948157
4949543
4950163
4950448
4952425
4953113
4953323
4955506
4956251
4956276
4957081
4959632
4960377
4962342
4964064
4964421
4964939
4965090
4966026
4967810
4969200
4969782
4970636
4971032
4971041
4971415
4973348
4974420
4975306
4975856
4977071
4978202
4980505
4980738
4981722
4981967
4982479
4983273
4985423
4985539
4986942
4986982
4987505
4990601
4991573
4992624
4994357
4995741
4995955
4996062
4997816
4998078
4998288
4998567
4999404
4999413
5000750
5001795
5001952
5003934
5004964
5006399
5007688
5007972
5008067
5008897
5011234
5011902
5012703
5013522
5015023
5015524
5016098
5017759
5018534
5019669
5019681
5022544
5023148
5024836
5026568
5027195
5029499
5031843
5031963
5033708
5035404
5035497
5037391
5038585
5040736
5041972
5042169
5043107
5045394
5047093
5047300
5047590
5048482
5049348
5049536
5051131
5051505
5051883
5052167
5052837
5054871
5056978
5058098
5058255
5060509
5061964
5062258
5062526
5068535
5070471
5070605
5071310
5073537
5073783
5074500
5075478
5076180
5076790
5077274
5078816
5078945
5079626
5080323
5082660
5083289
5084271
5086192
5087061
5087593
5088210
5088605
5089010
5090478
5091017
5091979
5092688
5093348
5093556
5093804
5093940
5095178
5096111
5098013
5098134
5099408
5102598
5106223
5108253
5109283
5114019
5114360
5122058
5123118
5123279
5125553
5126575
5126704
5127284
5128619
5129286
5130352
5131147
5131248
5131740
5132393
5133670
5133757
5136376
5137344
5137618
5137815
5138109
5139375
5140654
5143440
5144568
5144756
5144757
5146064
5147873
5150153
5151027
5157444
5159812
5160631
5160666
5161674
5163571
5164023
5164776
5166289
5167595
5168606
5169747
5170136
5172489
5174982
5175956
5176691
5179493
5181294
5181996
5183527
5184415
5185147
5187288
5188546
5189678
5190165
5190391
5191252
5191718
5194352
5195633
5196744
5198301
5198561
5201676
5202253
5202270
5202663
5203240
5204563
5204620
5205432
5206265
5209320
5209941
5210078
5211484
5212122
5214326
5214616
5215830
5216251
5217063
5217714
5218088
5219303
5219560
5220200
5220736
5221887
5222550
5224059
5226720
5227951
5228659
5229212
5229388
5229807
5230701
5232559
5232934
5234269
5234355
5235031
5235204
5235948
5236776
5238897
5239907
5241375
5242345
5243462
5247232
5249182
5251069
5251375
5252362
5252631
5252891
5255159
5255834
5257513
5258892
5260349
5260365
5261419
5261742
5262004
5265426
5266178
5268055
5268844
5270974
5272589
5273612
5274326
5275239
5275846
5276212
5276712
5280301
5281567
5286454
5288297
5288725
5291916
5293236
5293884
5295488
5295706
5295818
5297042
5297720
5299849
5300838
5301403
5301576
5301650
5301843
5301979
5305321
5305364
5307786
5308231
5310094
5313719
5313845
5315123
5316745
5317870
5319572
5320672
5321182
5321359
5321872
5324311
5324339
5324429
5324886
5325153
5326239
5327025
5329411
5330562
5330678
5331495
5333246
5333724
5334463
5335679
5336946
5337055
5338843
5340114
5344113
5344994
5345729
5347073
5347783
5348057
5348118
5350168
5350319
5350419
5350565
5350646
5351023
5351434
5351751
5353957
5354230
5354249
5354580
5354758
5355621
5355836
5359989
5361370
5361893
5364053
5364263
5364278
5364662
5365384
5366788
5367511
5367676
5368079
5368157
5368482
5371728
5372793
5372797
5375234
5375292
5375575
5376926
5378770
5378948
5379317
5382998
5383468
5383873
5384788
5385397
5387333
5387399
5387497
5388276
5390952
5391141
5392720
5392973
5393591
5393597
5394095
5395530
5396839
5398863
5398957
5399469
5399567
5404872
5405486
5405519
5405571
5405804
5409294
5409837
5410841
5411466
5412427
5413614
5414975
5415494
5415783
5416990
5417169
5418848
5418937
5419288
5419487
5421126
5421849
5424868
5424974
5425050
5427087
5427409
5427451
5427692
5428872
5430719
5431450
5431495
5433795
5433875
5433952
5434255
5436398
5438747
5439531
5441671
5442175
5442325
5442420
5444345
5444348
5445500
5445756
5445846
5445990
5448214
5448878
5451045
5452034
5452747
5453280
5453623
5454851
5455295
5455634
5456818
5459165
5460130
5460381
5461034
5461856
5462676
5465917
5467219
5467573
5468179
5468329
5469502
5470428
5470526
5471242
5472176
5472187
5474167
5475101
5475350
5476962
5478220
5480807
5481854
5482297
5484871
5486257
5487651
5488053
5488070
5488480
5488780
5488845
5491339
5491996
5492542
5493019
5494052
5494989
5496923
5497245
5497567
5498190
5498377
5501691
5501870
5502191
5502697
5503838
5504282
5504352
5505569
5506582
5507091
5507378
5507739
5509593
5509830
5509977
5510733
5512573
5514439
5517328
5518476
5521279
5522072
5523299
5523711
5524102
5524153
5524369
5525071
5525224
5526102
5527339
5528792
5530281
5530369
5530858
5531189
5531194
5533466
5533492
5533781
5534286
5534449
5535778
5535907
5537630
5538952
5539849
5540072
5540518
5540928
5541464
5541600
5542467
5542904
5544095
5544285
5544540
5545657
5548071
5548357
5550232
5551133
5553009
5553560
5553857
5554096
5555569
5556352
5557067
5558557
5559617
5561565
5562008
5562279
5562508
5562930
5565219
5566511
5567414
5569500
5569502
5569691
5569877
5572652
5573438
5575586
5576079
5576387
5577580
5579535
5579708
5580020
5583757
5584591
5585944
5586299
5589380
5590003
5590597
5591192
5592387
5593066
5593662
5593944
5593959
5594399
5594432
5595459
5597798
5598181
5598192
5598571
5599945
5601146
5601431
5603106
5604015
5605609
5605850
5606203
5606378
5608810
5609384
5609592
5609877
5610516
5611029
5612902
5613205
5613567
5613827
5615052
5615196
5615659
5616302
5616436
5616679
5616884
5619688
5621010
5622817
5622864
5623510
5624301
5624377
5626278
5626605
5630138
5631899
5632006
5634308
5635012
5635762
5636568
5636794
5638187
5640326
5641943
5642051
5642735
5644383
5649631
5649960
5650814
5651699
5652330
5652331
5652545
5653721
5654165
5655199
5657237
5657431
5658221
5658612
5658718
5659121
5659563
5659832
5659986
5660060
5660332
5662506
5662619
5663912
5664442
5665545
5665725
5667382
5669321
5670497
5671204
5671971
5674082
5674987
5675326
5675446
5675895
5677190
5678244
5678823
5680297
5681557
5683764
5683869
5683901
5684137
5686829
5687447
5689130
5690898
5691311
5691422
5691427
5693196
5693413
5696487
5697447
5697564
5698719
5700399
5701694
5701732
5702977
5703954
5707403
5708541
5708632
5709449
5710683
5710876
5711044
5713088
5713801
5718182
5718266
5718372
5718779
5719248
5719283
5721282
5723049
5723136
5727883
5728018
5729224
5729254
5730056
5730567
5731449
5733375
5733648
5736375
5736717
5739414
5740762
5741784
5743145
5744122
5744333
5745314
5746236
5749342
5750012
5750091
5750597
5751764
5753777
5753891
5754753
5754818
5758189
5759584
5760014
5761286
5762636
5762708
5763048
5763105
5763134
5767388
5767998
5768260
5768374
5771726
5772326
5772497
5774324
5774956
5777219
5777622
5777928
5778264
5779791
5780662
5781099
5781842
5783570
5783793
5784050
5784643
5785031
5786617
5788653
5788685
5788892
5790237
5794852
5795167
5795561
5796178
5797019
5797162
5797779
5798529
5799627
5800221
5800400
5803362
5803553
5806741
5807160
5808186
5812113
5812752
5812902
5813962
5814522
5817545
5817989
5819356
5821071
5821373
5822669
5822814
5823433
5823783
5825923
5827205
5828872
5829907
5831140
5831534
5832123
5832273
5834731
5836027
5836261
5836477
5837696
5839255
5839552
5839832
5840055
5841211
5842077
5842562
5843050
5846123
5847328
5848986
5849674
5850372
5850839
5852961
5856671
5857737
5858946
5860739
5861816
5862224
5864281
5865369
5870207
5870975
5874840
5875500
5875714
5875776
5876427
5878231
5878712
5880619
5881152
5881334
5882282
5883212
5883998
5885778
5886216
5887916
5888057
5888545
5888628
5890565
5892099
5893637
5894342
5895884
5896522
5897929
5898757
5899136
5903085
5903211
5903389
5904099
5905821
5906531
5906743
5907179
5908753
5909473
5910928
5911601
5912644
5913143
5914546
5915037
5916444
5918064
5920593
5921075
5921078
5921438
5925156
5925178
5925749
5927759
5928518
5929013
5929547
5929794
5929950
5930716
5931295
5932537
5932688
5934190
5936103
5936276
5937780
5938629
5940348
5940454
5941001
5941805
5941869
5942758
5943031
5943602
5945309
5946333
5950215
5951742
5952000
5953818
5955285
5955450
5955963
5958295
5959496
5959563
5959587
5959744
5959852
5964515
5965194
5967046
5968139
5969773
5970409
5971923
5974141
5975011
5975592
5977719
5977728
5978750
5979419
5981166
5981523
5982127
5986055
5987438
5989368
5989593
5990295
5991623
5992528
5993257
5993547
5994092
5994532
5995981
5996206
5997207
5999293
5999665
5999984
6000144
6001316
6006893
6008008
6008836
6009002
6012185
6014218
6014876
6019894
6019928
6020388
6021094
6022821
6023529
6023617
6024340
6024976
6025047
6025082
6027343
6028234
6028502
6028543
6029407
6029946
6030681
6030871
6030881
6032062
6032876
6033445
6033625
6034099
6034510
6035415
6035867
6036071
6036588
6037153
6038224
6038234
6040169
6042080
6044549
6045314
6045342
6045566
6045801
6046488
6047094
6047858
6048716
6049060
6049624
6049954
6050003
6054294
6054593
6055010
6055435
6058655
6058663
6059495
6060726
6062143
6062941
6063585
6065183
6065185
6069351
6070359
6070571
6070684
6071161
6072410
6072458
6074159
6074286
6074731
6074975
6076326
6077011
6078679
6079654
6079904
6080054
6081009
6081198
6081753
6082510
6083559
6084167
6084610
6087341
6087981
6088835
6089210
6089724
6089779
6091041
6091465
6091749
6092430
6092474
6092657
6093112
6093134
6093336
6093671
6094101
6094563
6094793
6095059
6095841
6096366
6096850
6099248
6099674
6100074
6100831
6100869
6101922
6102485
6105329
6105842
6106879
6107019
6107179
6107726
6108122
6109504
6109949
6113129
6114374
6116083
6116839
6116984
6117245
6117393
6117582
6117802
6118261
6118443
6118958
6119324
6119684
6120422
6120938
6121382
6122353
6122653
6122910
6124534
6124605
6125617
6127201
6127785
6128005
6129514
6129899
6131012
6131159
6131367
6132076
6132806
6133338
6134548
6138191
6138300
6139006
6141148
6143911
6145973
6146072
6147035
6148178
6151046
6151832
6157070
6158467
6158555
6158756
6159670
6159899
6160863
6162546
6162790
6163995
6164147
6165930
6166378
6169177
6169986
6171544
6171564
6172008
6176645
6180923
6181380
6182854
6183704
6183974
6185220
6185263
6187316
6187805
6188903
6192759
6194002
6196080
6197219
6197615
6197697
6200098
6200428
6203198
6203388
6203738
6204783
6206057
6206456
6207271
6210589
6210616
6210710
6211767
6212402
6212602
6213308
6213381
6213681
6214516
6215044
6217387
6218842
6219473
6220277
6221820
6222384
6222847
6223061
6223755
6225997
6226930
6227946
6228051
6229750
6230129
6232574
6233293
6235864
6235894
6236164
6238914
6240211
6243261
6244695
6246406
6253765
6254208
6254255
6254605
6254964
6255621
6256439
6257389
6260246
6260867
6262157
6262612
6263597
6264971
6265959
6266016
6266592
6267903
6270526
6271269
6271455
6273563
6273699
6275423
6276559
6280077
6280328
6280419
6281165
6282769
6284107
6287052
6289056
6289520
6289611
6289653
6290627
6290933
6291508
6300211
6300429
6301311
6301698
6302539
6303122
6304679
6304798
6305170
6305811
6306028
6306112
6306876
6307093
6307501
6307940
6310734
6310892
6311138
6312331
6312577
6312747
6314856
6317146
6317879
6318518
6321654
6321757
6322908
6323683
6323949
6326869
6327074
6328439
6329340
6329930
6330682
6330739
6330858
6330859
6331709
6333516
6334096
6334874
6335201
6335677
6336667
6339447
6339531
6340858
6340979
6344181
6344231
6345572
6345904
6346903
6347240
6347638
6347738
6348371
6348384
6349444
6350607
6352307
6353197
6353649
6354805
6355610
6355950
6356323
6356452
6358296
6359863
6360110
6360244
6365141
6366518
6367915
6369670
6370092
6371576
6371968
6372440
6373187
6374072
6375420
6375651
6379058
6379587
6379720
6380107
6381083
6383405
6383944
6386427
6386486
6386646
6387114
6388736
6388792
6388882
6388893
6388947
6389223
6390372
6390886
6391458
6391675
6392319
6393549
6393678
6394488
6397090
6398200
6399865
6400205
6400367
6400966
6401228
6402379
6407498
6408443
6408462
6408996
6409880
6410122
6410936
6414508
6415003
6417286
6420377
6421095
6423525
6424024
6424055
6424081
6424180
6425250
6425344
6425845
6426109
6426803
6427165
6428488
6430429
6431095
6431164
6431303
6431840
6432112
6432814
6432868
6434713
6435220
6435301
6436477
6436794
6437218
6439044
6439051
6439447
6440127
6442833
6443278
6443628
6444348
6445581
6445726
6446067
6446192
6447905
6448865
6448870
6448890
6449320
6449409
6450292
6450569
6451404
6452036
6452133
6453159
6453726
6453767
6454268
6456065
6456785
6457272
6457288
6457410
6459829
6461234
6462457
6462687
6463736
6465009
6465107
6466111
6466302
6466715
6466810
6467671
6467965
6468626
6470002
6470201
6471380
6474966
6475233
6476713
6477148
6477204
6477326
6477449
6478343
6478451
6478999
6479527
6479666
6481054
6482780
6483810
6485693
6489533
6490554
6492694
6493911
6494549
6495032
6495757
6497437
6498416
6499684
6499912
6500500
6503902
6504369
6505356
6506067
6506082
6507772
6507968
6508024
6508982
6509815
6510530
6510743
6511009
6512982
6514375
6514851
6515052
6515089
6518503
6518956
6519006
6519148
6520210
6522793
6524128
6524194
6524883
6525030
6525223
6526142
6526662
6527680
6528453
6529001
6529758
6529948
6530221
6532770
6534054
6537614
6537976
6538658
6539523
6541371
6541447
6542339
6542816
6542960
6543879
6544851
6545138
6546623
6546840
6548669
6550552
6550981
6551187
6551341
6551973
6552129
6553239
6553916
6557426
6557673
6557948
6560225
6564894
6565089
6566989
6567146
6567453
6569218
6569223
6569671
6569733
6570113
6573203
6574565
6574844
6574956
6575725
6577998
6578225
6579404
6579778
6580020
6581079
6583106
6587188
6590436
6590528
6591492
6595504
6595602
6595646
6596494
6598271
6600130
6600894
6601006
6603972
6604045
6606793
6607844
6608178
6608700
6609367
6609516
6611919
6612640
6613623
6614276
6615922
6616478
6617054
6617424
6617441
6618074
6618398
6618826
6619382
6621483
6621699
6623205
6623527
6624730
6627132
6627198
6628010
6628810
6628849
6629270
6629285
6630143
6631181
6631851
6632093
6633472
6637712
6638580
6638803
6640892
6640970
6641307
6641370
6642113
6643178
6643698
6644213
6644699
6646937
6647873
6648287
6648783
6649076
6650107
6651271
6651392
6653572
6653861
6655049
6657163
6658169
6658367
6659092
6659697
6660482
6661025
6661401
6665447
6665502
6665695
6667719
6667947
6668940
6669167
6669363
6669972
6670194
6670371
6672732
6673489
6674906
6676720
6677524
6678591
6681992
6682080
6682411
6684898
6687408
6687509
6691843
6691940
6692756
6693619
6693675
6693968
6694657
6694886
6698186
6699656
6700413
6701470
6701508
6703142
6703300
6703988
6704037
6706606
6707039
6709826
6711001
6711877
6712819
6715195
6715908
6716753
6718008
6720324
6720666
6723430
6726707
6726800
6727651
6729486
6729506
6729925
6731646
6736612
6736710
6736970
6737872
6738850
6739243
6744715
6745112
6745783
6748978
6751684
6751780
6752837
6752889
6753646
6755512
6757375
6758312
6758748
6760098
6760322
6760448
6760712
6761201
6761666
6763002
6763599
6765538
6765590
6768783
6770207
6770375
6771228
6771506
6772141
6772266
6773227
6773729
6774466
6776078
6776500
6776771
6778301
6780446
6780586
6781267
6781903
6784954
6786535
6787521
6788390
6789823
6791516
6791995
6791998
6792315
6793712
6794035
6794589
6796056
6796694
6796767
6796864
6799795
6803999
6804563
6806910
6809533
6810880
6812394
6812670
6812818
6813601
6814068
6814267
6817321
6817748
6819578
6819780
6821420
6823565
6823842
6823921
6824373
6824755
6827679
6828070
6829314
6829738
6830701
6833187
6833593
6834686
6836215
6836747
6837034
6837185
6838736
6838966
6839375
6840539
6841779
6842912
6843847
6846064
6846942
6847177
6850073
6850393
6850399
6850798
6850972
6853232
6854302
6856304
6856699
6857056
6857057
6857181
6857329
6858492
6859413
6859438
6859916
6860223
6863123
6864144
6864867
6865309
6865539
6865719
6866842
6868366
6870371
6870638
6870665
6871212
6871391
6871640
6874151
6874664
6874939
6876575
6878668
6878917
6879783
6880779
6881502
6882999
6883012
6883988
6884159
6885129
6886376
6886719
6889246
6889426
6889449
6890224
6891368
6893053
6893878
6894214
6895156
6895806
6896429
6896742
6896855
6897241
6898386
6900823
6901288
6903279
6904132
6905019
6905177
6905818
6907647
6908492
6909861
6910959
6912959
6914569
6919186
6919200
6920547
6922137
6925071
6925237
6925832
6926045
6926869
6927153
6927404
6927864
6930513
6932882
6934930
6936397
6937000
6937158
6940115
6940858
6941873
6942986
6943076
6943404
6943924
6944478
6945058
6945912
6949326
6951381
6951655
6953536
6954310
6954345
6955568
6955852
6957560
6958203
6958258
6959217
6960639
6960726
6962766
6964287
6965623
6966165
6967794
6968506
6968731
6970198
6972124
6972674
6972892
6974359
6975500
6975762
6975779
6975963
6976512
6976613
6979349
6979765
6980394
6980634
6981612
6982093
6982299
6984246
6986082
6986413
6987046
6987918
6988880
6990313
6990884
6992155
6993577
6993738
6994532
6994978
6995001
6995033
6995323
6996693
6996898
7001768
7004391
7006419
7006907
7007047
7010994
7011783
7012081
7012161
7013195
7013465
7016650
7018157
7018856
7020885
7022867
7023614
7023983
7026051
7026498
7028466
7029325
7030346
7030376
7031656
7032879
7033294
7033522
7034946
7036488
7037267
7038147
7038364
7041475
7041704
7042037
7042317
7042943
7043253
7044436
7044549
7045208
7045290
7045319
7045766
7046027
7046179
7047725
7049580
7051191
7051523
7051794
7052502
7053547
7054573
7055075
7056621
7056852
7058463
7059338
7059553
7060078
7062008
7062082
7062391
7063148
7063221
7065782
7065810
7066255
7066377
7066701
7067823
7068858
7069971
7070571
7073202
7073974
7075773
7075856
7078614
7080621
7080908
7081779
7082052
7082806
7083412
7084211
7085050
7085598
7087985
7088083
7088357
7090522
7090989
7092148
7092595
7093063
7093748
7095028
7095108
7096067
7096516
7097412
7102518
7102703
7103064
7104239
7104608
7104724
7108582
7109238
7109448
7115812
7117308
7119082
7122591
7124294
7125175
7127582
7128157
7131050
7134859
7135356
7138137
7138209
7139083
7139270
7139395
7141191
7141206
7141255
7141805
7143119
7143219
7144599
7144973
7144983
7149241
7149739
7150574
7150904
7150911
7151653
7152082
7153524
7155262
7155982
7156076
7157427
7159122
7159569
7160475
7160485
7161945
7163495
7164049
7164481
7165186
7166482
7166811
7168810
7169930
7170093
7170451
7171378
7171631
7175419
7176353
7177234
7177888
7178377
7179206
7180115
7180507
7180886
7181464
7181868
7182350
7183064
7183473
7184861
7186406
7186502
7187190
7187256
7187877
7188854
7190482
7190587
7191384
7193099
7193482
7194296
7196167
7197375
7198646
7198671
7199495
7199546
7199753
7199861
7200975
7201780
7202175
7203743
7204520
7205949
7209735
7210829
7212084
7213647
7218186
7220659
7221784
7222338
7223034
7224428
7224460
7224959
7226535
7227891
7228160
7228798
7229235
7229305
7229712
7231707
7231925
7232304
7234747
7234772
7235864
7236278
7236558
7237898
7238038
7240417
7240448
7243668
7246593
7246992
7247282
7251721
7251839
7253757
7254703
7258090
7258428
7258704
7258820
7262625
7262723
7265004
7265652
7265681
7266785
7269034
7270161
7270667
7274108
7275315
7275734
7276066
7279973
7282389
7282441
7283608
7283724
7284093
7285001
7285429
7285472
7285830
7285955
7287346
7287541
7292294
7292619
7293589
7294459
7296297
7297218
7297939
7298028
7298345
7299223
7301128
7301709
7304439
7306080
7308644
7309116
7312670
7313741
7314796
7315691
7320598
7321063
7321136
7321690
7321858
7322661
7322881
7322946
7323110
7323417
7323902
7325273
7325798
7327647
7329887
7330011
7330767
7331337
7333276
7335104
7336200
7337536
7337764
7339031
7340882
7341427
7341718
7342081
7342260
7343375
7343377
7343431
7344244
7344468
7345662
7345724
7348132
7348530
7349253
7353372
7353624
7354535
7355545
7355873
7355960
7356031
7358013
7358690
7359228
7359722
7359825
7360711
7361735
7361876
7362964
7364398
7366627
7370571
7370614
7370628
7371240
7371697
7372390
7373408
7378537
7379776
7380101
7381040
7381096
7383671
7383825
7384216
7385144
7385353
7385658
7386227
7387929
7388878
7390681
7391440
7391773
7392289
7392967
7395935
7396013
7397156
7397261
7398020
7400012
7400051
7400294
7400399
7401214
7402353
7403182
7403897
7406922
7407887
7408499
7411190
7411961
7412855
7413641
7414815
7414870
7415800
7416922
7416994
7417097
7418389
7418591
7419293
7419919
7420409
7420697
7421737
7422786
7422867
7423960
7426454
7427201
7427300
7428242
7428842
7428926
7429255
7429493
7430191
7434187
7435689
7436438
7438157
7438455
7438972
7439688
7440635
7441550
7441817
7442649
7443039
7443689
7444570
7446132
7447699
7449124
7453445
7453777
7455636
7456477
7456726
7459589
7460307
7462773
7463800
7465688
7466551
7467999
7468338
7468781
7469958
7470887
7471120
7471384
7471482
7471600
7471725
7472744
7473124
7473156
7474107
7474967
7476095
7476112
7476665
7477263
7478204
7484141
7484339
7484887
7485831
7486733
7487075
7487142
7487789
7488429
7491436
7493663
7493885
7495796
7496245
7497006
7497449
7497633
7497894
7498286
7498327
7498986
7499390
7499635
7499972
7502501
7503083
7503314
7503400
7504827
7506619
7507681
7507954
7509238
7510615
7511371
7511449
7511827
7512533
7512681
7512875
7515938
7516732
7517392
7517502
7518249
7518610
7518699
7519291
7519428
7519881
7520555
7520817
7521805
7523284
7523656
7525339
7529015
7530117
7532039
7532549
7532682
7534185
7534439
7534970
7535009
7535151
7537341
7537738
7538736
7540330
7540412
7542900
7543472
7543750
7546380
7548372
7550316
7553086
7553107
7553478
7553728
7554565
7554902
7555103
7556817
7557275
7557894
7560138
7560987
7561031
7561150
7564434
7566354
7566437
7566789
7566840
7568967
7569987
7573562
7574034
7574692
7574773
7576136
7576479
7579337
7581112
7583097
7583639
7583832
7584814
7585031
7588388
7589454
7591348
7593938
7594343
7595145
7595506
7596015
7596386
7597170
7597363
7597365
7597629
7601802
7602255
7603123
7603885
7605882
7606052
7607530
7607597
7608181
7608239
7609373
7612330
7614086
7614570
7617019
7617413
7617421
7618395
7621334
7622673
7623443
7624415
7624517
7624778
7625106
7626343
7626683
7627206
7627213
7627943
7629928
7633000
7633276
7634559
7637457
7638291
7638309
7640164
7640374
7640580
7642080
7643637
7643852
7645490
7646942
7646955
7647049
7647091
7647391
7647623
7648836
7650593
7652321
7653361
7653983
7654501
7655806
7656917
7657502
7658986
7659721
7660018
7661305
7661984
7663294
7663476
7664810
7665801
7666125
7667410
7668068
7673402
7674796
7674865
7676010
7676345
7678422
7678958
7679459
7681257
7681692
7682796
7682976
7683190
7683497
7683870
7684391
7685379
7685940
7687576
7688188
7690233
7691314
7691401
7693007
7693016
7694148
7695223
7695513
7696890
7702054
7702446
7703110
7703644
7704239
7704252
7704420
7706351
7707112
7707663
7707841
7708974
7709707
7709737
7712048
7713633
7713991
7714576
7715752
7715892
7716991
7717270
7717447
7717723
7718315
7718875
7718948
7720227
7720612
7720871
7722457
7723205
7725099
7726237
7729233
7730547
7730686
7731303
7732329
7734377
7737336
7739274
7739360
7739990
7741098
7743038
7746859
7748106
7749147
7750986
7751001
7751316
7752466
7753027
7753034
7753323
7754190
7754410
7755228
7757032
7758167
7758813
7760025
7760472
7762557
7762775
7763734
7764320
7764575
7764756
7767014
7767048
7767301
7768559
7769321
7769589
7770484
7771448
7773291
7773732
7774158
7776164
7779136
7783038
7783042
7783197
7783254
7783546
7783695
7784544
7785664
7786249
7786951
7788413
7789130
7790339
7791468
7791902
7793313
7793655
7795288
7795601
7795902
7795997
7797218
7797407
7800297
7800514
7802648
7802903
7805248
7805303
7806022
7806660
7806897
7807366
7807518
7809314
7809675
7809845
7812336
7813054
7817167
7822135
7823077
7825048
7825403
7825710
7826880
7827189
7829460
7831381
7832043
7832077
7832136
7832548
7833206
7834996
7836101
7837667
7837824
7839790
7841470
7842356
7845626
7845937
7845971
7846341
7847427
7848075
7848474
7852745
7852798
7853526
7855385
7859400
7859561
7863030
7863506
7863671
7865418
7869769
7869898
7871536
7872298
7873321
7873906
7874522
7874818
7875007
7877010
7878325
7880956
7881094
7881513
7881867
7882954
7883258
7884869
7885237
7889036
7889615
7889639
7892597
7893959
7894501
7894805
7895033
7895113
7896130
7896666
7898499
7900134
7900248
7903492
7903495
7904157
7904802
7905269
7905588
7907111
7908158
7912503
7913900
7914199
7914362
7914987
7915347
7917527
7918544
7923725
7925253
7926166
7927808
7928025
7928231
7929187
7929907
7930873
7930996
7931291
7932065
7933936
7934231
7934370
7935655
7936024
7936453
7937939
7938469
7938970
7940497
7940502
7940670
7941030
7941070
7944171
7945261
7945671
7946676
7946861
7947474
7948921
7949836
7950281
7951089
7952247
7953287
7955027
7956965
7957244
7957702
7957920
7958352
7958397
7958484
7960059
7960889
7961160
7961498
7961569
7965785
7965894
7966026
7966057
7968955
7970344
7970976
7974167
7974519
7975126
7975824
7976017
7979587
7980790
7981612
7982614
7984841
7985207
7985717
7987681
7987873
7989035
7989079
7990277
7992645
7993373
7993793
7994562
7994581
7996570
7997556
7998063
7998242
7998638
8002363
8002448
8004142
8004490
8006021
8006722
8008151
8009008
8009598
8011050
8012684
8016890
8017788
8018040
8019336
8020075
8020125
8023077
8026230
8026376
8028295
8028729
8028907
8029095
8029787
8031668
8031747
8031865
8032360
8032431
8032723
8033330
8033546
8033873
8034724
8034953
8035695
8036367
8037137
8037791
8038058
8038742
8039456
8039609
8040335
8041067
8041221
8047029
8047928
8051541
8055327
8056582
8057507
8057621
8057746
8057755
8058151
8058460
8059244
8060489
8062062
8062224
8062827
8063962
8064564
8066608
8068037
8069076
8070880
8071779
8072860
8073015
8073168
8073251
8073398
8075743
8076887
8077592
8078747
8079037
8079222
8079523
8080976
8084262
8084840
8085417
8085435
8086065
8086170
8087109
8087624
8087985
8088314
8088558
8088966
8089466
8091009
8091266
8092493
8094700
8096498
8097556
8099192
8101060
8102251
8103017
8103258
8103385
8107506
8109690
8110725
8110785
8110890
8111588
8112316
8114258
8114272
8114700
8115197
8115933
8116586
8117474
8117959
8117968
8118335
8118991
8119495
8119669
8120701
8121998
8123211
8123434
8124449
8124459
8124507
8126056
8127928
8128148
8128233
8128564
8129226
8131531
8132254
8133395
8134123
8136631
8137579
8138955
8139869
8141970
8145209
8145456
8147143
8148060
8148640
8148883
8149091
8149165
8150811
8152015
8153910
8154292
8154847
8158655
8161948
8162275
8162462
8164291
8164810
8165138
8169679
8170108
8171872
8172887
8173026
8175221
8178055
8178466
8182380
8182439
8182826
8184349
8184626
8185083
8185529
8188573
8188897
8190367
8191042
8192126
8192130
8193455
8193619
8194691
8196259
8196402
8197767
8202196
8202654
8202963
8203491
8206922
8207219
8209443
8209788
8210342
8211843
8215048
8216263
8216520
8216733
8219012
8219080
8219309
8219673
8220011
8223930
8224624
8224685
8225000
8225569
8226718
8226908
8226978
8228046
8228645
8228791
8229462
8230665
8231831
8234421
8234723
8235684
8236822
8238252
8238978
8240946
8240995
8241702
8242234
8242899
8243611
8243638
8243723
8245793
8246331
8246669
8248097
8249082
8249686
8250420
8251800
8252267
8252294
8252443
8254048
8254793
8255038
8257042
8258755
8258840
8259216
8260459
8261705
8261916
8262373
8263302
8264458
8267151
8268404
8268908
8270808
8271338
8271441
8273849
8274167
8274472
8275026
8276092
8277478
8277896
8277930
8278234
8278325
8278873
8280864
8281253
8281996
8283391
8285212
8285248
8287917
8288563
8288566
8289969
8291107
8292868
8293208
8293738
8294019
8294230
8295914
8296816
8297857
8299197
8299292
8299297
8299514
8302624
8303772
8303822
8304670
8304898
8305298
8305694
8308427
8309070
8310699
8311103
8311695
8314082
8315440
8318322
8319603
8320183
8320214
8322072
8322462
8323637
8323663
8323803
8324331
8325049
8325140
8325877
8327011
8328414
8330207
8333182
8334479
8334806
8336195
8336713
8337104
8338022
8340711
8343072
8345151
8347329
8348182
8349842
8350580
8351422
8354604
8357574
8358041
8358206
8359041
8360404
8361966
8362100
8362294
8365942
8366133
8369751
8369916
8370382
8372803
8373891
8374269
8377253
8377460
8378822
8381163
8382058
8382271
8383200
8383353
8384121
8384311
8385210
8386408
8386729
8388620
8388770
8390211
8394021
8394552
8394752
8395589
8396156
8399360
8401564
8402596
8402629
8402679
8403549
8403602
8404094
8406044
8407508
8407697
8408434
8409118
8409419
8409719
8411370
8411795
8411830
8412659
8412930
8413446
8413474
8413955
8415588
8418476
8421652
8421765
8422252
8422994
8423733
8423746
8425097
8427246
8428085
8429354
8430791
8431125
8431162
8431313
8431561
8432719
8435176
8435689
8436752
8436806
8436969
8437555
8437959
8438159
8438233
8438294
8439709
8439891
8441876
8443936
8444878
8445028
8446288
8448153
8448486
8448901
8449197
8449410
8450631
8451072
8451111
8451264
8451288
8453867
8454384
8454844
8455895
8456267
8456418
8458098
8460217
8461485
8462137
8462481
8462768
8462791
8465025
8465512
8465682
8466239
8466433
8468014
8469118
8470085
8471579
8472302
8474256
8474934
8474957
8476429
8478432
8482232
8482948
8483247
8483400
8484999
8485277
8487112
8487565
8488682
8488787
8491604
8491984
8492215
8492852
8496442
8496700
8497514
8498427
8500791
8500913
8504038
8504254
8504779
8505044
8507584
8507816
8508399
8510884
8511704
8513929
8514489
8514724
8517155
8517832
8524856
8524925
8525890
8527858
8528108
8528545
8531079
8532382
8533505
8535152
8536504
8536836
8539087
8540406
8541426
8542203
8546044
8548644
8549359
8550038
8552577
8559894
8560052
8561179
8561661
8562547
8564418
8565005
8566119
8567601
8568262
8568271
8569851
8570053
8570250
8571213
8571457
8571734
8571866
8572323
8573182
8573185
8575087
8575265
8577651
8577771
8578699
8580857
8581182
8581215
8581734
8582243
8582670
8582697
8587395
8592050
8594427
8594956
8598886
8599261
8601099
8601428
8601584
8601923
8602508
8602540
8605972
8607444
8608971
8612183
8612339
8612937
8614042
8614114
8614303
8615859
8616248
8617189
8618184
8619763
8620828
8621511
8623545
8624014
8624031
8624150
8624593
8627005
8632029
8632713
8633326
8634396
8635905
8639307
8639558
8639849
8641523
8643566
8643934
8645311
8645656
8645928
8646432
8646821
8648079
8650635
8653447
8653549
8653878
8653902
8654733
8655107
8655975
8656020
8656912
8657055
8658641
8658899
8659410
8660234
8661664
8662206
8663380
8665342
8669158
8669258
8669444
8672981
8673493
8673944
8674255
8674891
8677407
8677790
8679030
8680344
8681393
8683180
8683184
8683727
8686303
8689944
8690726
8693580
8693806
8694976
8695505
8697056
8698261
8698816
8700607
8701022
8702214
8702540
8703048
8704204
8704611
8704836
8704951
8705033
8705308
8706495
8707799
8707887
8710339
8710377
8711556
8711701
8712801
8715078
8716356
8717176
8718316
8719186
8719582
8720365
8721685
8722057
8722477
8723702
8724406
8725180
8725704
8726570
8727848
8728078
8728493
8731371
8731404
8732508
8732671
8732685
8732788
8733526
8734678
8735231
8735396
8736373
8737476
8739998
8740477
8740711
8742031
8742666
8743939
8744770
8745417
8745530
8745671
8745708
8746418
8746433
8746634
8749898
8750713
8751011
8751200
8752453
8752898
8754459
8757221
8757951
8761802
8764032
8764139
8764191
8765444
8765969
8766212
8766555
8766797
8767102
8769050
8769797
8770511
8771172
8771771
8771995
8773306
8773562
8773673
8774562
8774920
8775577
8777958
8778053
8778292
8778659
8779464
8779505
8779752
8779791
8782899
8784953
8785065
8785519
8785985
8788653
8789609
8790024
8791499
8793187
8796063
8799309
8799815
8802887
8803447
8804180
8804763
8804872
8807747
8810973
8812015
8812515
8812656
8813452
8815832
8816187
8817209
8817579
8817639
8821896
8822083
8825376
8826141
8826844
8827647
8830727
8831428
8832790
8835021
8835204
8836758
8837320
8837586
8838363
8838396
8839727
8840651
8842551
8842628
8842980
8844298
8845016
8845159
8845455
8847487
8848128
8848257
8849117
8850706
8852062
8852874
8853722
8853914
8854480
8854654
8854656
8856893
8857276
8857356
8857667
8860426
8860718
8864842
8865821
8865910
8865996
8866286
8866828
8868422
8868726
8869340
8870966
8871578
8873052
8873081
8873295
8873921
8874226
8875402
8875663
8875758
8876636
8877089
8879769
8881461
8881634
8881787
8883306
8884592
8885249
8885663
8886668
8886866
8887658
8888316
8890181
8890190
8890871
8891148
8892133
8894129
8894875
8895458
8896801
8900608
8900923
8901761
8902598
8903865
8903949
8904455
8906433
8908085
8908159
8911274
8912337
8913142
8914006
8916910
8917064
8917560
8919036
8919622
8921313
8922943
8924186
8924236
8924270
8925478
8925536
8926056
8926112
8926938
8928210
8928773
8929077
8929977
8931727
8931973
8932018
8933455
8934609
8937717
8938068
8938571
8939505
8940433
8941604
8943900
8944779
8944882
8947884
8949344
8949702
8953495
8954214
8957184
8957402
8957444
8957778
8957890
8958726
8959367
8959530
8960226
8960611
8960647
8961306
8962129
8962309
8962364
8962880
8962950
8963862
8964037
8965216
8965283
8965435
8965704
8965720
8966069
8966603
8969545
8971658
8973262
8973596
8975821
8976717
8976847
8976848
8980167
8980574
8983944
8984185
8985160
8985675
8986115
8989075
8989076
8990749
8991657
8993991
8994671
8996109
8998041
9000486
9000982
9001333
9002846
9002881
9003859
9004687
9005053
9005411
9007472
9008635
9009713
9010549
9011142
9011488
9011756
9013813
9014226
9014305
9014485
9014617
9014858
9015148
9017508
9017723
9017733
9018636
9019290
9019685
9020835
9021090
9022474
9022824
9023345
9023824
9024459
9024655
9024835
9028456
9028929
9034168
9034297
9034478
9034626
9035217
9038053
9038137
9038643
9040527
9041519
9041671
9042657
9042726
9044379
9046826
9048161
9048508
9049573
9050405
9051175
9052229
9054549
9054951
9055140
9055284
9055629
9055663
9056077
9056268
9056652
9057945
9058228
9058279
9060725
9061249
9064169
9064318
9066080
9066676
9069520
9070938
9073265
9075505
9076131
9076224
9076737
9077418
9080255
9082013
9082200
9085419
9085672
9087198
9087449
9087583
9087602
9088547
9089393
9089482
9089544
9090774
9091654
9093332
9095283
9095535
9095926
9096926
9097726
9098290
9098541
9100362
9100666
9101452
9102165
9102281
9102353
9102628
9103743
9104637
9105564
9106748
9107067
9107726
9108028
9110866
9110900
9111610
9111649
9113280
9113478
9114045
9114842
9114957
9116560
9116608
9116775
9116989
9117509
9118050
9118625
9120750
9121092
9121604
9121666
9122456
9122796
9123842
9124467
9125796
9126958
9129383
9131683
9133402
9133709
9134260
9135063
9135642
9136629
9138732
9139969
9140044
9141264
9145952
9146901
9147647
9148028
9148166
9149999
9150816
9151889
9152438
9152509
9154384
9154562
9156514
9156848
9157869
9160087
9160189
9164052
9164298
9165617
9167368
9167554
9168672
9169697
9171018
9171418
9178615
9180474
9183977
9186589
9188077
9188191
9188977
9189042
9189224
9190074
9190220
9190392
9194109
9195353
9195790
9196496
9196841
9196911
9199331
9199616
9200203
9202080
9202660
9202665
9203307
9203587
9204937
9205613
9205852
9206113
9206835
9206887
9207240
9207888
9208185
9208274
9208924
9210045
9210777
9211623
9211960
9212328
9213424
9214707
9216177
9216793
9216928
9216978
9218923
9219377
9220214
9221131
9221830
9222517
9223150
9223434
9224141
9224266
9224451
9224572
9226750
9227324
9227338
9228191
9232120
9232287
9234011
9234685
9235131
9235738
9236088
9237899
9238515
9239551
9239754
9240028
9242693
9243400
9243878
9248932
9249684
9250416
9250886
9251071
9253195
9253903
9255750
9258499
9258606
9259079
9259166
9259324
9261751
9261974
9262435
9263052
9266121
9267530
9267662
9267807
9269438
9270047
9270197
9270212
9270499
9270566
9271012
9271179
9272931
9274725
9274730
9277117
9279136
9279651
9280008
9281678
9283398
9283839
9284179
9285667
9287033
9287384
9288783
9290014
9290231
9290406
9290821
9291006
9291009
9291716
9292617
9293370
9293756
9294879
9296808
9297186
9297648
9299008
9299929
9301394
9303583
9305368
9305643
9305940
9308588
9308724
9309063
9311697
9312501
9313121
9313842
9314030
9315495
9316568
9317076
9326195
9327942
9328262
9329532
9330159
9330682
9331635
9332081
9334876
9338524
9338686
9338994
9339147
9339739
9341267
9342134
9342244
9345997
9347057
9348003
9348186
9350465
9350807
9351661
9353687
9353740
9354521
9354737
9355384
9356319
9356839
9357217
9357889
9358379
9359712
9360003
9361430
9362321
9362593
9363767
9363901
9364018
9364754
9365913
9366637
9367284
9369585
9372695
9378953
9379305
9382897
9382908
9383175
9383995
9385791
9386734
9386828
9389559
9389956
9390089
9390599
9391144
9391302
9393977
9396998
9398083
9398804
9399461
9400264
9401512
9401514
9402205
9403808
9404125
9404693
9407750
9409606
9409852
9411279
9411750
9412049
9413217
9413425
9419273
9419986
9420501
9424332
9425167
9427025
9428108
9429792
9430167
9430539
9432238
9433639
9434316
9435455
9436061
9436065
9436445
9439041
9440174
9442284
9443331
9443888
9445281
9446687
9448330
9449230
9449909
9452151
9452433
9452919
9452943
9459630
9460611
9461081
9461209
9461892
9461988
9462646
9464092
9464546
9465477
9466860
9467161
9467242
9469458
9470182
9470776
9471577
9471701
9471712
9475685
9477684
9481096
9481929
9482001
9485265
9485988
9486379
9486428
9490104
9491535
9492466
9493565
9495127
9497673
9497685
9500864
9501452
9504369
9504543
9504734
9507432
9508400
9509059
9509143
9509285
9511920
9514213
9514747
9516229
9518242
9518847
9520729
9522074
9522319
9522489
9522580
9522869
9523574
9524134
9525446
9526154
9527144
9528866
9529379
9530652
9531911
9532456
9532630
9533278
9537317
9540034
9541031
9541924
9542095
9542607
9542850
9545542
9551062
9551138
9551458
9551840
9551938
9553175
9553925
9554178
9555487
9555825
9556671
9557027
9557063
9559359
9561026
9563657
9563766
9565795
9566959
9568084
9568355
9568950
9569561
9570168
9571168
9571359
9571920
9572661
9574309
9574527
9576137
9578857
9579022
9581240
9581336
9581574
9585735
9588296
9589390
9591921
9592683
9593592
9593981
9594466
9595438
9596981
9597834
9598059
9598251
9599615
9600618
9603640
9604089
9604790
9604984
9605431
9605591
9605693
9605710
9606738
9607163
9607289
9609317
9610975
9612975
9614236
9615876
9615920
9616343
9616428
9617418
9617959
9622361
9623824
9624125
9624973
9626629
9627432
9628128
9629116
9631685
9632801
9633734
9633821
9634615
9636195
9637192
9638268
9641829
9642798
9646816
9646921
9647280
9649346
9651007
9651094
9653097
9653377
9655201
9658367
9659689
9660169
9660966
9661808
9662523
9664200
9664832
9666463
9669147
9670229
9670940
9672609
9675022
9675491
9676292
9678090
9678150
9681224
9681968
9682510
9684574
9684632
9685588
9685779
9686464
9686693
9687355
9689030
9689370
9689986
9690054
9691112
9693079
9695578
9695975
9696001
9696686
9697375
9698560
9698683
9699029
9699375
9700121
9702141
9704774
9704847
9705048
9705277
9706906
9710571
9710612
9714528
9715703
9716255
9716316
9716819
9717235
9717442
9717772
9718910
9719064
9720086
9720213
9722730
9723373
9723779
9724100
9724300
9724607
9724825
9726253
9727053
9727186
9728894
9729335
9729337
9729398
9734766
9735020
9735901
9737192
9741089
9742810
9744561
9745260
9745357
9745945
9747364
9748064
9748148
9748323
9749496
9749875
9750028
9750399
9752413
9752422
9752759
9753174
9753619
9753977
9754768
9755289
9755990
9756921
9757034
9759610
9759866
9759960
9760315
9763262
9765507
9765531
9768697
9768722
9769134
9770317
9770449
9771730
9773646
9776702
9777127
9777356
9777542
9778230
9778559
9778981
9779908
9780623
9781821
9782095
9783009
9783133
9783630
9784509
9784569
9784858
9785646
9786366
9788493
9788860
9789902
9790345
9792855
9794350
9794378
9794489
9795076
9796329
9796330
9797729
9798161
9798276
9798318
9798942
9799562
9802209
9802971
9803493
9805205
9805286
9805366
9806730
9807134
9809566
9810005
9810466
9810507
9811389
9811692
9812231
9813574
9814551
9815174
9815495
9815639
9816586
9817902
9819568
9820252
9820360
9821718
9823169
9824351
9824944
9825042
9826473
9828814
9829723
9831154
9831235
9831338
9831589
9831614
9831743
9831758
9832317
9835781
9837406
9837872
9838424
9838833
9839204
9839219
9839700
9842876
9843074
9846222
9847286
9847872
9848860
9849213
9850006
9851599
9854598
9855130
9855769
9855899
9858443
9860455
9860823
9860950
9862422
9862739
9867715
9867996
9868449
9869954
9869999
9870906
9874168
9874928
9875366
9875482
9875520
9877390
9879455
9880313
9881777
9886059
9887102
9887556
9888063
9889366
9891116
9893228
9893289
9894227
9894375
9894699
9896990
9897626
9898030
9898695
9899397
9900665
9900925
9901392
9902739
9903126
9903598
9905441
9905958
9906477
9907081
9909019
9909189
9909809
9911226
9911453
9912017
9913540
9917331
9918360
9920023
9920372
9922001
9922116
9922358
9922667
9923058
9925345
9926492
9927202
9927914
9928223
9930340
9930467
9930637
9930931
9931654
9932371
9932519
9932927
9936459
9937549
9937605
9938234
9938563
9939139
9940529
9941923
9943484
9945527
9946271
9946284
9946603
9947204
9947213
9947507
9948064
9948160
9948233
9948897
9948968
9951113
9951812
9952906
9952941
9953843
9954010
9954292
9955319
9956218
9956965
9958015
9958367
9960674
9963533
9963691
9963917
9965204
9965741
9965844
9966760
9968354
9969136
9969432
9969531
9971070
9971286
9971484
9972188
9972409
9973368
9973743
9975011
9976358
9979834
9984518
9986593
9988302
9989044
9990180
9990480
9993221
9993269
9993504
9995454
9996515
9997650
9997961
9998395
9999951
