1300
2007
6055
7343
7446
9662
10322
11016
11039
12216
12901
14200
14233
14237
15694
16880
16962
17249
18584
18690
19512
20242
20604
22681
23126
23307
23313
23645
24407
25099
25100
29169
30076
32499
32773
33149
34231
35249
35954
36768
37851
38503
40005
41813
42072
43009
43962
44805
45693
46440
47594
47797
48239
48587
48861
49540
51245
53217
56804
56869
56997
58696
60060
60661
60711
60777
62534
65985
66598
66662
68141
69014
69552
71289
71789
74084
76413
77022
77250
77843
79924
81490
82362
84672
85987
87212
87750
88377
89969
90270
90341
93034
94096
98041
98745
101193
102200
104509
106237
106514
106705
107026
108119
108724
108932
111458
111936
112426
112442
112768
113634
113862
113870
113995
114179
114950
115530
115656
116251
117223
119389
119627
119823
119982
120386
120557
122689
122738
123920
124207
126068
126117
126708
127836
127863
131949
132976
134506
134832
135221
135810
136972
138755
139057
139749
141095
141775
141828
142649
143328
145878
145895
147361
148331
149173
150312
151985
152716
153226
153600
153928
155507
156024
162762
163884
164378
167249
167270
168426
170499
171650
171941
172288
172837
173470
173823
174160
175107
176200
176708
181616
182755
182926
183037
183159
184802
185529
186513
186802
187507
187513
189585
189660
189775
190082
190244
190529
192347
194102
200426
201140
201788
202151
204973
208014
208101
208247
208629
209931
211059
212470
213156
213893
214515
214800
217118
219325
219717
220250
221016
221472
222003
222720
224075
224820
224866
225053
225280
225921
227334
229964
230773
233586
236562
236621
236868
237641
237968
238818
238906
238970
240339
242415
243678
244609
244650
245430
245844
246137
246913
248026
248168
249834
249987
250600
252324
254136
254803
255130
258028
258668
259001
259411
259979
260100
260455
260560
260680
260798
260956
261433
261603
261774
261838
262680
264901
265020
267285
269444
270924
271001
271750
273133
274621
278499
280926
281165
281883
283120
283205
283566
284077
284360
285362
285804
286907
287336
287731
288026
289864
291858
291984
292373
293221
293361
294269
295071
295864
297730
300070
301163
301443
302859
303540
304681
305348
307281
307596
309039
309906
311013
311999
312543
313247
314365
315783
318049
318271
319094
319464
319563
323111
324554
327138
327415
329166
331209
333445
334041
337252
337987
338181
342654
343297
343420
343627
344155
345504
345598
346286
346295
346580
347131
348545
348777
352525
352752
358169
359087
359675
363429
363610
366439
366530
366754
367121
368986
370049
371733
372788
373803
375077
377311
378111
378202
378862
379441
379741
380197
380916
381241
382422
382752
382863
384707
385338
387605
388173
388778
390844
392588
392742
393106
394073
396516
396646
397440
398958
399192
400005
400790
402168
402722
403002
403975
404917
405387
405748
405823
406769
407884
408301
410700
410752
410875
410906
411121
414746
415581
415804
416094
417560
418792
419173
419675
419803
420301
422297
423118
423741
423895
427059
427971
428167
429933
430727
431910
432431
433196
433211
434178
435647
436572
436864
438803
438877
439653
439939
443467
444322
444328
446495
447033
447318
447529
448242
449365
449947
450198
451601
452133
453024
453968
454390
454894
455676
456489
456750
456978
457582
458816
459655
460302
462151
464160
466638
467502
470325
471581
471902
472143
473183
475154
475605
476363
476574
477690
478543
478628
480004
481038
481940
482966
484447
484655
485876
486655
487319
487740
488371
488374
488397
488694
489913
490056
492096
492107
493049
493924
493944
495498
496297
499029
499715
500561
500999
501386
504413
505271
505457
505817
506478
507514
507635
508002
508051
510672
514755
515376
515672
515941
516294
516627
518151
518581
519506
520982
521402
521851
524340
524372
524625
525284
527059
527591
527747
528304
528549
528699
528704
530045
530308
530869
531256
531312
531606
532757
533264
533769
536058
536102
538462
538714
539888
541117
541291
541900
543100
543747
545360
546517
546847
547749
548146
549207
550388
552330
552363
552432
553111
555631
558468
559028
559046
559219
559978
560021
560095
564147
564217
564398
566566
568552
568730
569924
570819
571054
571864
575680
576347
577085
577267
578549
579399
581063
581148
581274
581756
582402
582632
583271
583315
584168
585071
585132
585333
585507
586646
591651
592367
592748
594027
594123
594993
595824
596218
598482
598586
599969
600133
600604
601880
604105
604795
605590
606490
606492
609343
609510
609740
609769
609922
610822
612746
613360
614548
615649
615988
617131
618651
620505
621118
621741
622851
623165
624799
628808
629295
629445
630011
630610
630868
633025
633067
633284
633295
633923
637036
637273
637621
637820
638348
638604
639684
640852
642290
644299
647953
648718
649561
650450
651827
652895
655467
657358
657816
658269
659405
659867
660768
661100
661766
667707
667823
667919
668342
670338
671216
671481
671959
672787
674432
675259
676775
679034
680050
680937
681032
681163
681481
681890
682033
682715
688112
688498
689161
689614
691073
691639
692031
692573
693300
694377
695234
695441
696247
697119
699791
700155
700196
701886
702227
702932
703578
703833
704153
704862
704919
705961
706449
707592
707634
712038
713556
716052
716202
719798
720376
720678
722384
723263
723858
725088
726636
728220
728487
728663
730219
733048
733448
733871
734993
737319
738070
740722
742087
742491
742578
742866
742882
743370
745450
746092
746833
748995
749308
751998
752446
752998
753415
753815
754467
754596
755794
758664
759141
760476
762233
762511
763288
763322
763971
764840
765068
767742
767844
768312
770879
771366
771855
772309
772965
773131
773980
775543
775595
777453
779203
780803
781678
782140
784239
787660
788259
788913
788980
789269
791490
792036
793587
795460
796653
797443
798839
799597
799829
802608
803097
803493
805000
805679
806031
806415
806541
807033
807590
807772
808243
809119
809638
811942
812134
812760
815343
817211
817253
817294
817448
817532
817631
818351
819168
821789
822546
822569
825744
826544
826883
826990
827299
827713
828263
832428
832502
832564
832721
833138
833697
834512
834616
834920
836386
836852
837671
838533
840457
841682
843113
844451
844595
845601
846232
847986
848409
848731
849666
850932
851703
854634
855818
856906
857747
858549
858976
861045
864000
865618
867133
867179
867438
868278
869379
870787
871134
871480
871615
872781
875587
878006
878508
879015
879172
880119
880718
880771
881718
882159
884036
884931
885547
885766
887467
887655
889701
889952
890680
895655
895939
896002
896159
896668
897632
898354
901578
902838
903226
903304
904989
906056
906936
907205
907646
907795
909318
910048
911547
913090
913432
914632
915494
917785
918025
920079
920900
924399
924554
926598
929224
930196
930281
930753
932241
933706
933860
933871
934023
934081
937325
937433
938726
939845
939899
940822
944789
945112
945338
945375
946272
947954
948451
951316
952538
953597
954046
954232
955082
955570
956893
959069
960983
962656
962714
963490
966254
968758
970497
971174
972968
974227
976520
976879
977336
977989
978453
979098
979193
979382
979798
981087
981743
981804
981918
982825
983535
983837
985295
985646
985854
985874
986202
986251
986420
986661
987060
988377
989676
991455
991645
993385
993713
994667
995209
995989
996736
998085
998127
1003450
1004088
1005359
1005439
1005496
1006913
1007769
1017712
1019937
1020009
1022317
1022353
1022904
1026064
1026431
1026604
1027695
1028965
1029108
1033550
1034257
1035425
1035769
1036057
1037091
1037222
1037278
1037788
1038819
1039092
1039290
1040455
1048387
1049103
1049807
1050687
1051180
1052552
1052972
1053941
1056186
1056279
1057932
1060323
1061263
1061505
1064421
1064541
1067797
1068312
1069133
1069784
1070962
1071555
1072258
1073372
1073800
1075795
1077883
1078184
1078654
1079452
1080297
1080787
1084356
1085548
1085632
1085981
1086622
1087018
1087530
1087935
1088384
1089275
1090567
1090825
1091625
1091641
1092187
1092369
1095437
1096724
1096835
1096993
1097646
1099198
1100220
1100479
1102068
1102748
1103118
1104273
1104934
1105258
1105393
1105667
1106956
1109277
1110055
1110758
1111583
1112582
1112685
1112905
1116372
1116498
1117742
1118487
1120669
1121512
1121994
1122320
1122405
1123658
1125670
1127226
1127571
1127892
1130303
1131388
1133194
1133765
1134184
1134335
1135104
1135831
1136782
1136858
1139231
1141802
1143747
1145210
1146812
1148314
1149469
1149607
1149824
1152697
1152750
1153468
1156176
1156557
1157346
1158152
1159776
1159810
1160585
1160763
1162663
1163873
1165400
1165485
1166096
1166215
1166582
1166627
1166796
1168361
1168465
1168511
1169201
1169271
1169364
1173889
1173951
1174498
1174638
1175281
1179808
1180864
1183297
1183484
1183824
1188141
1188430
1188674
1190044
1190150
1192738
1193572
1194164
1194262
1194796
1195671
1196278
1196336
1197311
1199697
1200395
1201757
1202014
1203337
1204501
1205990
1206267
1207363
1208485
1210182
1212504
1212989
1214340
1215348
1215577
1217040
1217709
1217913
1219689
1219764
1220255
1221139
1222271
1222851
1223237
1223828
1225649
1227112
1227199
1227551
1228428
1229509
1230002
1230779
1231248
1231506
1231787
1233072
1233328
1233509
1234314
1234872
1235069
1235649
1236615
1239059
1239298
1239425
1239911
1240252
1241139
1241144
1241388
1243797
1245195
1245293
1245681
1245977
1245980
1246313
1246919
1247478
1248847
1254297
1254628
1254663
1257132
1257887
1258808
1258916
1260013
1261046
1261912
1262109
1263042
1263358
1263696
1263832
1264135
1264836
1265694
1267000
1267038
1267166
1268284
1268448
1270339
1270802
1271009
1271935
1274366
1274396
1274629
1277667
1278173
1280675
1280772
1280995
1281845
1282333
1282544
1282722
1283195
1286946
1287350
1288966
1291824
1294508
1294617
1297129
1297937
1298956
1300689
1301319
1301731
1301897
1302308
1303385
1303789
1303893
1305094
1305193
1306791
1309962
1310321
1311620
1312104
1313278
1319008
1319160
1319579
1321516
1321563
1322410
1323630
1323808
1324606
1329393
1330042
1330688
1331212
1332438
1332439
1333782
1335234
1337587
1337844
1339411
1340098
1341548
1341611
1347344
1347554
1347920
1348949
1349811
1352376
1352418
1354904
1356169
1357994
1358642
1360019
1363028
1363597
1364558
1366430
1368006
1368008
1368633
1371301
1372015
1372605
1373390
1374424
1376110
1376391
1378480
1379945
1380059
1380488
1380986
1383128
1383694
1384037
1384216
1384242
1387495
1388320
1388811
1388900
1389615
1389729
1390581
1391705
1391974
1392221
1392232
1392288
1393495
1395760
1396482
1398330
1400203
1400800
1402456
1403064
1403470
1404555
1409873
1410711
1412859
1413216
1413930
1418452
1419481
1419939
1420513
1420855
1421716
1423478
1423856
1424631
1427821
1428955
1429405
1430023
1431301
1432549
1433410
1435380
1436388
1436435
1436504
1436811
1436910
1437120
1437406
1439766
1440236
1440508
1440711
1441435
1444578
1445043
1445381
1449980
1450287
1450692
1456873
1460667
1462070
1462953
1463457
1464113
1464341
1464445
1468072
1468663
1468821
1469593
1469721
1470511
1471957
1473523
1473777
1474749
1477262
1477444
1478823
1480579
1480630
1482408
1484389
1484849
1485595
1486474
1488108
1488131
1489573
1490451
1490585
1491179
1492412
1492710
1492932
1493823
1495373
1496812
1497012
1498818
1501134
1501777
1503413
1503474
1503684
1505743
1507256
1507258
1507554
1507589
1507628
1507757
1508383
1509764
1509795
1511197
1511241
1511789
1513623
1514893
1515566
1515735
1517558
1517807
1518836
1519442
1519838
1521595
1521756
1523338
1523857
1524629
1524630
1525632
1525916
1526009
1527339
1529134
1530152
1531069
1531148
1531475
1532160
1533136
1533466
1534718
1535698
1536950
1537047
1538869
1539013
1539684
1540873
1541176
1541878
1542042
1544698
1545709
1547225
1547472
1550356
1550674
1551725
1554430
1554545
1556709
1556944
1559073
1560560
1561050
1562866
1564354
1564450
1564559
1566705
1567981
1568734
1570159
1570207
1570438
1573587
1573623
1574146
1574221
1575312
1575525
1579727
1579900
1580379
1582159
1583405
1583931
1584069
1584277
1586005
1586070
1586456
1587089
1588099
1588812
1589247
1590880
1591538
1591674
1591772
1591810
1594368
1595635
1595919
1596554
1597407
1597754
1598694
1599171
1599644
1600629
1601485
1604794
1605029
1606501
1608572
1610624
1610903
1611498
1612935
1616419
1616745
1618313
1619163
1621850
1622405
1623425
1623661
1625005
1625556
1626415
1626665
1626724
1627573
1628019
1628723
1630308
1630420
1634126
1635666
1635713
1636227
1637472
1637726
1639439
1640694
1641832
1642057
1646695
1649682
1649933
1650916
1650935
1651117
1651186
1654860
1656412
1659374
1659779
1661554
1661596
1663569
1664431
1665238
1665529
1669690
1671547
1671716
1672982
1673132
1673146
1673674
1674125
1674831
1675552
1676590
1678489
1679678
1679797
1679798
1682673
1682703
1683222
1684086
1684248
1685063
1685099
1686240
1688786
1689475
1691427
1691597
1691748
1692345
1693273
1694253
1694920
1695164
1695961
1696150
1696585
1696791
1697109
1699125
1699137
1699540
1701274
1701931
1705864
1707134
1708180
1709404
1709893
1712377
1713058
1713237
1713296
1714730
1714738
1718551
1718882
1719122
1719143
1719867
1720564
1721199
1721426
1722066
1723807
1723893
1724807
1726519
1727667
1729334
1729528
1732773
1733717
1734270
1739228
1745011
1745371
1748488
1748664
1749905
1750053
1750859
1750957
1751311
1751319
1752867
1755840
1757521
1757815
1758556
1759759
1760020
1761022
1762811
1762840
1764243
1765240
1766433
1767336
1768023
1768197
1768358
1769936
1770207
1770447
1772021
1772043
1773025
1773331
1773429
1775137
1775658
1777028
1779996
1780590
1785908
1786856
1787149
1787386
1787423
1787505
1788565
1788815
1789142
1789578
1789942
1790463
1792750
1794910
1795607
1796139
1796810
1797410
1800071
1800763
1801245
1801253
1808357
1808855
1812885
1813218
1814642
1817943
1818051
1818685
1819090
1819301
1819539
1820571
1821144
1822134
1822776
1824984
1826574
1827054
1828160
1829589
1829806
1831345
1831783
1832730
1833387
1833465
1834513
1834535
1834545
1835573
1837466
1837901
1839600
1840114
1840289
1841519
1842186
1842265
1843037
1843239
1844172
1844678
1845370
1846981
1849366
1850347
1851598
1852424
1854062
1854303
1854326
1854422
1854831
1856201
1858465
1860393
1860495
1861602
1861978
1862956
1864467
1866773
1869460
1869847
1870013
1872163
1872558
1872742
1872878
1874357
1875891
1876996
1877123
1877521
1878317
1879756
1880498
1880757
1881055
1881844
1882328
1884877
1884881
1886040
1889388
1889465
1889891
1890688
1891224
1891847
1892446
1893682
1894582
1898604
1898781
1899056
1899698
1901664
1902079
1903771
1906024
1906844
1906891
1909805
1910479
1913009
1913021
1914894
1916235
1920303
1920438
1920444
1920883
1923064
1923467
1923501
1924152
1924834
1925941
1926672
1928523
1928580
1928867
1929473
1930652
1931136
1932710
1935218
1935620
1935925
1936170
1936224
1936686
1938955
1939672
1940472
1940721
1940863
1941932
1946762
1947344
1948115
1948299
1950739
1950843
1951484
1956182
1956755
1957519
1958686
1960529
1961282
1961666
1963271
1964370
1965518
1965760
1967357
1970195
1974340
1974589
1975744
1975896
1978401
1980943
1981339
1982215
1984072
1984416
1984878
1985350
1987292
1989536
1990400
1992545
1992704
1993199
1993221
1994590
1995148
1997838
1998042
1998174
1999452
2001015
2001800
2002280
2003590
2004708
2005208
2005381
2006146
2007095
2007112
2007338
2008439
2010410
2013289
2013316
2018672
2018914
2022108
2023581
2024856
2025467
2027511
2027622
2028401
2028759
2029446
2030420
2030586
2031425
2031581
2033194
2035491
2036285
2036515
2038501
2038690
2038749
2039686
2040360
2040571
2041382
2041540
2042970
2043258
2043352
2043949
2044455
2045131
2046935
2048445
2048639
2049855
2050653
2052496
2054094
2056818
2057230
2058402
2058775
2061166
2063928
2063991
2069156
2070544
2073043
2073520
2073538
2074131
2075044
2075239
2075882
2076108
2076274
2077762
2078157
2078792
2079580
2079661
2081567
2081596
2083602
2084006
2084246
2085573
2086198
2089299
2089971
2090539
2090855
2091486
2091857
2093144
2094810
2094902
2094907
2095013
2095260
2095712
2095776
2096075
2096810
2098141
2099063
2100011
2102076
2103307
2103584
2104127
2106101
2106726
2108236
2110898
2111549
2111711
2111953
2112182
2112273
2112664
2112753
2114776
2116772
2116774
2118103
2118903
2119327
2120584
2124516
2125240
2125713
2126878
2127192
2127199
2127468
2128201
2129656
2130658
2130717
2132270
2132829
2133011
2133075
2134583
2134798
2137041
2137812
2140877
2141203
2142949
2143092
2143916
2144911
2145225
2145981
2147597
2149213
2149413
2149573
2150147
2150229
2150604
2150842
2151264
2152635
2154398
2155009
2155238
2155505
2155916
2157252
2158319
2160883
2161922
2163017
2164468
2165290
2167376
2168011
2169260
2169738
2170071
2170578
2171200
2172703
2176453
2176535
2180179
2180296
2183326
2183583
2184129
2184239
2184551
2185750
2186444
2187815
2188350
2188469
2188533
2189894
2190012
2190650
2193402
2193434
2194802
2196227
2196824
2197105
2197681
2197706
2198157
2198531
2199068
2199632
2199943
2200641
2203021
2203043
2203799
2204900
2208320
2209520
2210019
2210096
2210768
2211825
2212353
2212736
2214439
2215253
2216218
2216275
2218465
2220071
2221029
2222066
2223065
2224203
2224440
2225327
2225496
2226599
2227218
2228267
2229518
2230749
2231313
2231627
2235799
2235866
2242377
2243608
2243865
2243977
2244655
2245307
2245848
2245985
2246984
2248037
2248572
2248924
2250429
2251130
2251456
2253778
2254273
2256188
2256941
2260777
2260986
2261210
2261677
2262815
2263664
2265631
2266240
2267965
2268366
2269027
2270616
2270705
2271239
2271527
2271694
2272067
2272522
2273475
2273830
2274720
2275403
2275763
2275916
2278614
2278630
2278905
2279115
2279170
2279357
2279707
2279867
2282838
2282875
2283554
2287110
2287324
2288122
2288275
2288678
2288717
2288890
2289499
2291380
2292805
2292949
2293607
2293764
2294953
2295191
2295357
2295517
2296414
2297105
2297934
2299034
2300337
2302089
2302947
2304509
2305361
2306853
2306880
2307595
2308451
2313921
2314543
2315439
2315836
2315974
2320325
2321706
2322903
2323000
2323200
2324485
2325127
2326839
2327013
2327107
2327978
2329702
2329726
2329845
2330421
2331301
2332840
2334979
2335214
2335708
2338303
2339877
2342956
2343557
2343893
2343980
2345048
2345141
2345151
2345851
2346192
2346986
2348154
2348403
2349001
2349077
2349494
2349858
2350504
2351421
2351975
2352158
2352214
2353230
2353556
2354184
2354789
2355764
2356348
2357268
2357981
2358130
2361902
2363211
2364022
2364825
2364973
2365016
2368824
2369152
2369357
2370376
2370928
2371352
2371650
2373739
2373787
2376754
2377348
2377973
2379502
2380270
2380420
2380816
2380872
2382055
2383720
2384259
2384439
2384515
2385118
2386548
2387530
2389126
2389358
2389477
2390250
2391730
2392392
2392701
2393008
2395278
2396742
2396744
2397650
2397815
2397856
2398732
2399208
2399482
2402178
2402419
2403113
2403395
2408030
2409381
2409615
2409951
2412761
2415292
2415462
2416059
2416553
2416677
2417236
2418500
2419036
2419969
2422153
2422552
2422848
2423994
2424697
2425022
2427097
2427711
2427731
2427835
2428078
2429246
2430782
2430802
2432116
2432437
2435665
2435847
2437982
2439757
2440030
2440531
2440751
2440764
2440997
2442050
2444812
2446251
2446475
2446732
2446927
2449271
2450187
2450407
2450640
2451056
2452301
2452683
2453423
2453444
2456815
2457957
2459634
2460240
2462279
2462533
2463889
2465703
2465739
2467765
2468394
2468424
2469141
2470614
2471088
2473485
2473707
2474788
2475126
2475168
2475438
2477566
2479125
2479232
2480261
2481019
2481443
2481520
2481746
2482030
2484722
2484994
2485201
2485861
2489192
2490072
2491770
2491774
2492834
2495307
2496222
2497902
2498307
2498785
2499136
2500930
2501273
2502335
2502541
2502678
2504343
2509970
2510568
2512066
2513435
2515299
2517563
2517567
2518735
2519643
2521817
2522252
2522340
2522389
2525938
2527174
2527398
2528218
2532051
2532416
2532478
2532975
2534053
2534214
2535724
2536784
2538863
2539563
2540487
2541794
2545492
2545613
2545798
2546760
2548134
2548520
2550645
2552851
2553692
2554639
2555718
2556228
2556681
2557963
2558166
2559006
2559191
2560231
2560326
2560520
2560576
2560755
2561238
2561842
2565118
2565968
2567129
2567863
2568404
2569798
2569887
2570484
2571033
2571191
2571393
2571527
2573684
2575851
2575965
2576441
2577563
2578995
2580569
2581251
2581931
2582193
2582199
2582231
2582410
2585460
2585530
2585717
2586421
2586779
2586838
2587337
2587350
2588492
2589911
2590208
2591846
2593314
2594992
2597880
2597896
2598209
2600372
2601405
2601886
2602454
2604998
2605010
2605388
2605657
2607224
2607410
2608273
2610134
2610252
2610278
2610898
2611436
2613373
2614783
2615684
2615863
2616068
2616073
2616846
2620909
2620986
2622541
2624875
2625042
2626725
2628162
2630101
2630799
2631567
2631668
2632007
2634056
2634067
2635198
2637125
2637372
2637851
2638777
2639408
2640408
2640426
2640824
2641077
2641907
2644323
2644808
2648052
2648091
2648820
2651098
2651609
2653243
2653681
2653891
2654282
2655162
2656135
2656545
2658499
2658558
2658761
2659362
2659520
2659885
2660741
2661056
2661209
2664136
2665534
2667828
2669852
2672265
2672632
2673409
2675647
2678029
2678294
2678471
2678736
2679617
2681164
2681308
2685154
2685190
2685259
2685469
2687434
2688036
2688679
2690561
2691275
2691645
2692229
2695737
2698375
2699017
2699258
2699291
2700413
2700829
2701947
2702518
2707324
2708198
2710918
2711806
2712768
2714807
2715455
2717644
2719404
2720013
2721853
2724004
2724493
2724757
2726774
2730201
2730347
2731790
2732657
2733173
2735309
2735576
2737328
2738588
2739514
2741176
2741883
2742015
2742599
2743634
2745112
2746151
2746549
2748270
2749036
2749143
2749301
2749738
2749829
2751555
2752343
2753321
2753658
2753706
2753894
2756739
2756927
2758822
2759098
2759793
2761524
2762149
2762776
2762948
2763717
2765558
2766389
2766996
2767184
2768913
2769615
2769862
2772655
2772770
2772792
2774687
2776731
2777048
2780085
2781163
2783747
2783952
2784171
2784446
2785655
2785714
2786605
2789145
2789412
2790434
2790627
2791394
2793372
2793794
2795130
2796616
2796788
2796839
2797310
2797647
2798071
2799790
2801368
2802636
2806093
2807262
2810796
2811057
2811307
2814650
2814847
2814978
2815303
2816550
2816720
2817221
2819160
2819422
2819820
2821066
2821105
2822458
2823643
2826134
2832084
2832925
2833390
2835435
2840766
2843001
2843002
2843704
2843782
2843920
2844549
2845128
2845527
2849378
2851663
2851928
2851940
2852243
2852451
2855399
2855581
2858997
2860044
2860617
2860734
2861134
2861386
2863036
2863285
2864923
2865178
2866935
2867335
2870955
2874753
2875012
2875115
2876231
2876538
2878331
2879234
2879648
2880573
2883159
2884570
2885065
2885473
2885622
2885891
2886529
2886605
2887010
2889275
2889823
2891615
2892105
2893054
2895087
2897803
2900499
2901411
2901431
2901657
2902734
2902934
2903933
2903940
2904790
2906236
2906340
2907166
2907433
2909652
2911937
2912675
2914151
2915500
2916604
2918395
2918472
2918581
2918739
2919605
2920133
2920699
2920751
2921444
2921694
2921791
2922489
2923102
2923513
2924140
2924185
2924250
2925159
2925663
2925927
2928929
2929756
2931052
2931278
2931444
2933745
2935000
2935468
2936465
2936480
2936574
2937509
2938056
2938601
2939264
2941852
2942671
2942794
2944809
2945111
2945706
2945956
2947573
2947773
2948339
2949320
2949558
2950654
2950940
2950945
2951245
2951430
2953094
2954364
2958026
2959730
2959731
2961924
2962415
2963996
2964431
2967185
2967761
2968147
2970097
2970967
2971607
2972279
2973671
2973782
2974132
2974538
2975951
2977301
2978123
2978168
2979988
2980019
2982364
2983988
2987442
2988115
2988980
2991023
2991573
2993088
2993844
2993935
2997203
2997552
2997671
2999520
3000129
3000393
3000705
3003264
3004690
3004799
3006783
3006825
3007783
3008121
3014079
3015286
3015668
3015734
3017959
3018396
3020470
3020767
3020971
3021451
3023042
3023067
3024230
3024369
3024724
3026116
3027764
3027805
3028015
3028370
3029320
3030328
3030620
3031611
3032694
3035365
3036920
3038160
3038886
3039422
3043322
3045410
3046859
3048250
3048471
3049349
3049728
3050219
3051499
3052876
3053688
3054072
3055086
3055609
3057032
3057425
3057606
3058110
3060346
3060897
3061901
3061944
3063873
3064170
3065143
3066126
3066980
3066989
3068698
3068851
3071300
3074501
3075135
3075668
3076056
3076699
3077245
3077691
3078180
3079324
3080603
3080791
3084254
3084841
3085802
3088001
3092148
3093272
3093312
3093753
3094402
3095934
3096138
3096817
3097113
3097639
3099091
3101537
3101808
3102311
3104271
3104896
3105610
3107230
3107496
3111557
3113595
3113664
3115651
3117423
3119274
3119714
3122212
3122963
3123062
3123582
3124870
3125376
3126185
3126336
3126709
3126783
3129028
3132660
3133172
3133478
3133510
3135795
3137823
3138173
3139205
3139220
3140410
3141616
3141684
3142994
3144312
3146216
3147175
3147604
3148404
3148549
3149644
3149784
3151355
3152608
3152628
3152998
3154957
3155156
3157397
3159526
3159890
3160022
3160606
3161099
3161439
3161466
3162684
3163033
3163716
3166616
3167902
3170641
3172003
3172396
3173832
3174685
3176721
3176928
3177409
3180756
3185111
3185757
3186641
3186874
3187229
3187570
3188179
3188356
3191823
3192176
3193435
3194897
3195310
3195588
3196066
3196690
3197288
3197342
3198337
3198732
3199473
3200192
3202095
3202412
3203204
3203376
3204423
3204716
3204726
3204860
3207094
3207771
3207849
3208897
3209247
3209476
3212939
3213047
3213241
3214823
3215534
3215690
3215771
3216437
3217180
3219188
3223764
3225090
3226075
3226136
3228816
3229773
3230295
3232462
3232914
3233806
3234488
3235717
3236269
3237094
3238620
3240208
3242257
3242704
3243912
3245708
3246986
3248102
3249045
3250218
3250610
3251293
3252416
3253474
3253835
3253864
3254376
3254932
3257848
3257945
3259051
3261793
3262977
3262999
3264376
3264937
3265153
3265294
3267925
3268077
3268171
3268401
3269110
3269161
3269481
3270678
3272582
3273992
3275204
3275977
3276695
3278492
3279339
3281424
3281831
3282109
3282351
3283896
3284064
3284775
3284855
3286332
3286591
3287992
3288194
3289583
3291026
3291201
3291771
3292036
3294778
3294956
3296346
3296411
3297661
3297921
3298542
3298753
3301815
3301933
3303541
3306844
3307854
3309523
3310568
3310860
3310890
3311371
3313320
3313636
3313646
3314646
3315515
3316291
3320677
3321553
3321829
3321889
3322866
3323945
3324188
3324268
3325756
3327465
3331610
3331631
3333585
3334130
3335011
3335495
3339973
3340077
3341214
3342727
3343064
3343639
3344843
3345171
3345701
3345792
3349374
3350293
3350591
3351082
3353266
3354045
3354704
3356067
3358418
3361073
3361428
3361549
3363459
3364172
3364204
3364453
3364506
3365355
3365653
3365951
3365991
3366788
3368773
3368803
3369307
3370509
3371266
3371661
3371664
3372410
3373831
3373896
3374005
3374690
3374894
3377780
3378457
3379585
3379798
3382051
3382055
3382615
3384488
3385537
3386846
3387591
3387738
3389944
3391317
3391879
3392412
3392830
3393567
3393884
3394812
3395358
3395532
3397426
3397900
3398541
3398786
3399185
3401389
3403537
3405836
3406143
3406832
3406887
3407609
3409894
3410869
3411755
3411807
3412230
3412257
3414166
3415264
3415403
3415718
3416128
3416852
3417067
3417421
3419482
3421155
3421486
3422427
3423852
3424242
3425239
3426249
3427708
3428095
3428197
3429507
3429993
3430653
3430931
3434021
3434191
3434521
3435877
3436644
3438634
3438778
3438915
3439434
3440099
3440634
3440933
3441636
3442865
3443892
3444693
3444898
3444906
3445026
3446030
3447688
3447881
3448147
3450400
3451884
3452459
3452675
3452719
3453120
3454091
3455727
3457157
3457433
3459962
3460486
3463173
3464434
3465091
3467858
3469595
3470612
3470642
3470866
3471443
3473318
3473730
3474532
3475503
3475789
3475960
3477530
3478621
3478802
3479171
3479257
3480853
3481931
3483088
3484692
3484942
3485331
3486958
3488139
3490183
3492101
3493426
3493570
3493970
3494999
3500990
3502269
3502838
3502999
3503037
3503653
3507281
3507433
3507907
3509130
3510201
3510486
3514244
3515027
3515463
3516029
3516374
3517440
3517542
3517646
3519834
3520217
3524965
3525466
3528128
3529778
3530053
3532338
3533136
3535285
3536020
3536201
3536434
3537845
3539967
3540133
3540745
3541777
3542120
3542999
3544272
3544800
3545526
3546406
3546951
3547292
3549129
3549843
3549847
3552197
3553119
3554103
3556315
3557397
3558470
3558797
3560018
3562184
3564396
3564558
3565261
3566375
3566540
3567006
3567420
3568385
3571512
3571528
3572040
3573694
3573764
3574644
3574882
3575337
3575567
3576094
3576172
3577394
3578776
3579864
3579898
3581396
3581811
3582029
3582730
3583868
3584397
3584985
3585120
3586545
3587048
3587545
3589309
3589534
3589613
3591231
3591530
3591997
3592402
3592911
3593241
3595294
3596118
3597427
3598645
3600679
3603602
3605861
3610890
3611107
3611757
3614555
3615113
3615800
3617159
3618506
3618771
3619789
3621706
3621735
3621887
3623187
3623860
3624294
3625295
3627091
3629850
3631981
3632469
3632523
3632825
3637697
3639207
3640051
3640124
3640240
3641218
3641346
3642395
3646748
3648232
3651266
3653130
3653781
3653856
3654886
3655130
3656529
3656810
3656955
3657339
3658438
3658904
3659158
3659657
3660657
3661891
3664705
3665812
3667042
3667821
3672139
3672508
3674486
3678704
3678736
3679126
3681519
3683067
3683271
3684222
3684225
3686024
3686973
3687655
3687672
3689968
3690729
3691066
3691568
3692479
3692751
3695115
3696177
3696276
3696286
3696780
3700828
3701394
3702999
3704928
3706393
3709047
3710077
3710286
3714052
3714174
3716392
3716993
3718345
3718769
3719465
3719782
3721112
3722756
3723519
3724136
3724155
3724896
3727564
3727927
3728115
3728363
3728887
3731285
3731924
3731932
3734385
3737314
3737988
3738629
3738703
3738765
3739056
3739829
3741122
3741125
3742323
3742709
3745821
3748218
3748503
3749543
3750546
3751158
3751451
3751915
3752140
3752594
3752725
3753499
3755662
3756391
3758398
3759442
3760315
3760651
3760792
3764588
3766194
3766214
3767396
3768766
3768988
3769921
3769961
3770521
3772571
3773327
3773456
3774235
3779703
3779923
3780174
3781548
3781980
3782138
3782920
3783909
3784288
3784351
3784514
3784779
3786986
3787847
3788486
3789070
3789758
3790283
3791079
3791671
3792424
3793820
3796589
3797712
3798785
3800042
3801867
3803327
3803504
3803980
3806151
3808927
3809567
3809908
3810412
3813627
3814085
3814334
3814507
3815074
3815231
3816496
3816686
3819805
3820668
3822150
3823765
3824987
3825543
3826612
3827560
3829266
3829677
3830415
3832103
3833921
3834419
3835810
3835884
3837930
3839521
3841542
3842952
3843713
3846455
3849646
3850323
3850408
3851242
3851881
3851999
3852246
3855092
3856081
3857379
3858908
3860044
3860115
3861976
3864336
3864367
3864395
3864679
3866006
3866040
3867888
3868865
3870183
3871792
3872873
3874109
3875504
3876054
3877235
3877289
3877534
3878028
3879350
3880269
3882528
3882827
3883436
3885746
3889926
3890318
3890325
3890898
3891290
3893912
3893928
3895673
3896677
3897014
3897256
3897296
3897409
3897802
3897809
3899204
3900695
3902945
3904643
3904655
3905420
3905555
3906739
3908674
3910091
3912824
3914855
3914898
3915036
3916303
3917902
3919142
3919267
3920186
3920936
3922508
3924055
3924231
3924884
3925450
3925848
3926021
3926660
3926677
3927592
3929629
3929986
3930030
3930252
3932430
3934006
3934982
3935257
3937322
3938267
3938307
3938487
3939457
3939463
3939973
3940880
3941098
3941110
3942721
3942881
3944385
3944599
3947577
3947849
3947927
3948028
3948954
3949193
3949819
3951173
3953089
3953274
3955052
3958000
3958932
3959542
3960086
3960660
3960924
3961686
3965066
3965350
3965733
3965824
3966706
3967574
3967827
3968359
3968443
3968710
3969055
3974025
3974359
3974565
3978346
3978623
3978872
3979203
3981034
3982855
3983385
3984263
3985357
3987206
3987639
3988588
3988720
3991254
3995284
3995349
3995582
3995786
3997760
3997844
3998208
3998212
3998693
3999567
4000859
4003609
4003731
4004544
4004809
4006257
4006817
4007849
4009041
4009970
4010733
4013624
4013629
4013809
4013935
4014658
4016023
4016405
4016437
4017657
4018278
4019192
4019556
4021738
4022200
4023171
4023217
4023583
4023921
4024550
4024961
4026306
4026838
4027092
4027646
4027954
4030004
4030873
4031738
4034481
4036476
4036896
4040466
4042801
4043089
4043137
4044584
4044672
4044958
4045149
4045178
4045683
4046110
4046835
4047290
4048223
4049610
4049670
4050306
4050749
4052269
4052747
4054031
4054200
4054587
4055133
4055553
4058587
4058895
4058934
4059101
4059851
4060191
4060248
4060256
4060612
4061971
4062313
4062666
4063040
4064715
4064738
4067715
4068874
4069213
4070663
4071095
4071887
4072728
4072801
4072832
4072871
4073517
4073981
4078314
4078771
4079601
4080511
4083915
4085227
4087003
4087860
4088966
4089420
4089572
4090103
4090734
4091496
4091891
4093566
4094040
4094461
4095910
4096306
4098970
4099901
4100962
4101152
4104380
4104760
4106319
4107711
4108597
4109886
4112373
4112932
4113337
4114057
4114232
4114844
4119848
4120092
4121562
4121675
4122420
4122471
4122556
4123789
4124773
4124994
4125009
4127834
4131074
4131244
4131577
4132118
4132539
4133032
4133555
4133676
4135285
4136084
4136798
4137302
4139855
4142985
4143176
4143934
4144052
4146187
4146447
4147740
4148759
4149295
4151745
4153120
4153323
4154432
4155489
4157882
4163569
4163660
4164967
4165350
4166203
4166759
4166934
4166977
4168524
4168783
4168945
4170302
4173350
4173894
4173990
4177574
4178150
4178973
4179192
4181142
4182638
4184970
4186216
4187279
4188078
4188785
4190080
4192000
4193422
4194488
4196287
4196440
4196557
4196735
4198231
4200722
4201002
4201927
4203409
4207114
4208589
4209932
4210305
4211983
4212050
4212363
4213469
4214394
4215952
4215983
4216197
4216304
4216399
4217958
4219432
4220148
4221437
4223709
4224654
4224779
4224907
4225099
4226459
4227416
4227489
4228775
4229312
4229652
4230021
4231012
4231553
4232647
4233597
4235348
4235564
4236325
4236365
4238691
4238984
4239135
4239162
4239699
4240041
4240448
4240960
4241808
4242756
4243505
4243980
4244358
4244447
4245642
4246082
4247604
4248887
4251089
4251510
4253986
4254595
4256259
4257554
4258505
4258689
4259633
4260958
4262933
4263640
4266578
4267619
4267890
4269169
4269719
4270089
4270162
4271645
4273231
4273554
4273998
4274255
4276437
4277734
4278344
4278823
4280766
4282785
4283316
4283324
4284487
4286622
4287518
4288364
4288396
4288637
4289871
4290555
4290732
4291492
4294583
4294865
4297601
4298384
4298430
4301148
4301477
4304092
4304196
4304398
4305749
4305925
4306018
4311734
4312412
4315452
4315844
4317437
4319830
4319890
4320048
4322269
4322293
4323629
4325262
4326787
4327541
4328024
4328220
4328898
4330335
4333810
4337108
4337149
4337658
4339173
4339862
4340396
4340776
4341174
4341566
4342369
4342461
4343631
4344495
4344767
4347838
4349682
4349782
4352283
4354085
4354713
4355329
4356668
4356727
4360712
4361531
4362812
4364012
4364118
4364766
4366841
4367404
4367703
4368075
4368293
4369729
4369959
4371637
4372931
4373134
4373746
4375016
4376154
4376202
4376326
4377615
4380855
4382520
4383537
4383974
4387602
4388472
4389500
4389895
4393390
4399101
4399740
4401175
4401808
4401855
4402643
4402662
4402801
4402866
4404346
4404913
4405225
4408959
4412992
4413054
4416423
4417224
4418949
4419597
4419982
4422811
4423548
4426061
4426177
4427748
4430450
4430602
4431176
4432517
4433236
4433478
4434444
4435041
4436737
4437969
4439871
4439957
4439981
4441819
4442005
4442853
4443083
4445315
4445493
4446064
4447040
4447162
4449464
4450971
4452959
4454045
4454537
4455056
4456839
4457606
4457612
4457838
4459090
4462654
4462941
4463625
4464710
4464787
4467064
4467933
4470196
4471326
4471365
4471452
4472906
4473048
4473054
4473854
4473980
4474312
4476413
4477073
4479301
4479387
4479885
4480048
4480089
4481715
4483018
4483177
4483806
4485219
4486386
4489570
4490008
4491813
4492447
4493099
4498205
4498984
4499559
4499819
4505213
4508556
4508993
4510299
4511221
4520034
4520413
4520577
4520680
4524001
4524231
4525400
4525625
4526136
4529209
4529559
4530528
4531262
4532409
4535505
4535681
4536054
4536300
4536698
4538112
4539035
4539076
4539097
4539210
4540503
4541000
4541003
4541452
4542374
4542891
4543471
4543609
4545123
4546261
4546439
4546959
4547470
4551042
4551589
4551963
4552012
4552301
4553206
4555603
4556499
4557037
4557193
4558281
4558673
4559667
4561238
4562617
4563039
4563781
4564653
4565825
4566051
4568313
4568497
4571357
4571670
4572041
4573895
4574437
4574919
4575683
4576011
4576498
4577014
4577409
4578215
4578507
4578954
4579722
4581250
4581414
4581917
4581952
4582482
4583171
4584475
4585581
4586567
4586661
4586911
4587193
4589624
4591198
4591900
4595440
4595690
4597900
4598848
4601605
4602787
4605383
4605438
4607068
4607348
4607522
4610824
4612748
4612815
4613400
4615211
4616083
4616674
4617068
4617761
4618739
4618882
4619434
4619757
4620351
4621208
4621433
4624338
4626631
4626818
4627259
4627426
4629680
4629850
4631927
4633543
4634244
4634437
4635323
4635491
4636167
4636428
4636837
4639124
4641747
4642970
4643392
4643762
4645207
4646408
4646424
4651585
4652325
4652371
4652567
4655005
4655221
4656360
4658026
4658031
4658629
4658741
4660655
4663231
4663455
4663595
4668068
4668360
4668605
4668972
4669383
4670447
4672160
4672673
4673627
4674609
4674644
4676026
4678397
4678595
4679303
4680094
4681119
4681453
4682478
4683497
4684527
4687283
4687349
4688215
4688591
4689618
4690069
4690681
4692148
4694702
4695266
4696062
4696464
4697226
4697797
4698272
4701641
4701925
4702097
4702523
4704442
4704519
4704872
4705056
4705086
4707056
4707081
4708278
4708562
4708729
4709565
4710617
4711022
4711217
4712007
4713042
4714438
4714643
4714776
4714795
4715050
4716466
4717023
4717448
4718674
4718814
4718820
4719217
4721269
4721732
4721958
4722899
4723213
4723358
4723397
4725391
4725423
4726359
4726611
4726732
4728176
4729827
4730187
4732389
4733073
4733535
4735512
4735853
4736210
4736866
4736944
4737064
4738714
4742477
4745145
4745587
4745761
4745892
4747960
4750246
4751287
4751436
4752909
4752961
4753045
4753224
4753648
4753649
4754021
4755696
4756619
4759823
4761282
4762061
4764457
4764836
4765193
4765647
4766430
4766774
4767411
4769462
4769637
4770040
4770217
4770606
4775006
4775324
4775867
4776038
4776318
4781570
4782893
4783235
4783690
4783864
4783942
4784172
4785632
4786749
4791245
4792526
4793914
4795666
4796372
4798348
4798571
4799083
4799647
4801406
4801781
4801989
4802124
4803354
4803442
4803625
4804258
4806208
4806610
4807450
4808501
4809760
4809933
4812186
4812507
4812517
4812666
4814424
4814631
4815001
4816704
4816961
4817275
4818045
4819360
4821080
4822294
4822527
4823525
4823686
4826463
4827241
4827993
4828586
4828748
4828777
4828952
4829688
4830593
4831500
4831587
4831989
4833113
4833892
4834187
4834652
4835272
4835857
4838305
4838733
4839758
4842980
4843582
4846781
4848454
4848551
4848726
4849379
4850285
4850355
4850924
4852286
4852763
4853833
4854243
4856318
4856644
4856969
4857175
4857766
4859986
4860536
4861074
4863403
4863954
4866044
4866092
4869030
4869777
4870565
4870901
4871664
4873487
4873519
4873727
4874599
4875245
4877157
4877167
4879905
4881158
4881616
4882411
4882902
4883057
4884294
4884336
4884937
4887468
4888797
4890445
4890832
4892795
4892953
4894091
4894626
4896159
4897235
4898094
4898326
4898592
4898652
4899162
4899983
4900272
4901627
4902607
4903088
4903454
4903683
4904738
4907631
4907757
4908416
4908879
4909150
4912391
4912873
4913773
4913958
4914560
4914689
4916905
4917231
4917394
4918774
4918939
4919152
4919282
4921478
4921907
4921978
4922397
4923575
4924193
4924567
4927233
4928468
4928503
4928997
4932403
4932479
4932709
4933075
4934287
4934982
4935005
4936016
4938609
4939506
4941184
4942104
4943525
4944001
4944567
4944866
4945088
4948407
4951357
4952052
4952276
4952282
4952552
4954938
4958492
4961264
4964451
4966056
4966598
4966913
4967480
4968814
4969634
4972609
4974086
4975278
4976063
4976462
4977096
4977105
4977972
4979533
4979848
4981273
4981835
4982567
4984134
4986046
4989197
4991439
4992078
4992302
4992354
4993288
4993634
4994784
4997475
4998126
4998580
4999921
5002186
5002759
5004179
5005874
5006014
5007297
5009058
5009917
5010435
5012435
5013978
5014817
5014964
5016129
5019229
5021219
5021305
5021646
5023233
5023615
5024204
5024752
5024791
5025320
5026738
5028693
5028961
5029299
5031292
5032910
5034211
5034551
5034626
5035522
5038703
5040416
5040417
5040582
5042267
5045059
5045161
5045260
5045479
5047427
5047839
5047959
5048554
5050541
5052974
5053916
5055635
5056586
5057691
5057843
5058338
5059048
5059931
5060188
5060527
5061404
5061445
5061813
5062294
5064837
5065401
5066160
5066782
5067318
5067922
5068980
5069047
5070444
5071722
5074289
5074710
5075113
5076240
5076291
5078863
5081518
5081713
5082785
5084976
5085689
5085690
5086102
5086738
5087970
5089087
5089875
5091782
5091987
5093599
5093819
5094205
5094486
5095412
5098518
5098782
5098929
5099207
5099824
5104079
5104276
5106506
5109906
5110172
5113992
5114501
5114648
5114769
5115595
5116148
5117975
5119735
5123059
5123144
5124663
5124903
5125454
5126698
5126850
5129364
5130056
5130684
5131544
5131797
5132078
5132970
5136082
5136281
5137152
5139799
5139942
5140690
5142738
5143553
5144703
5147327
5147383
5147846
5148378
5149945
5150330
5152354
5152718
5152807
5153281
5153621
5153664
5153684
5154489
5154572
5155925
5158530
5159524
5162926
5165072
5165295
5166328
5167211
5167673
5167786
5168226
5169664
5170831
5170958
5171219
5171479
5171655
5172062
5172169
5172740
5175172
5175211
5176039
5177659
5179217
5180308
5182607
5182675
5183090
5183245
5183623
5184008
5184667
5184788
5185408
5186110
5186112
5186161
5186483
5189029
5191393
5194519
5195564
5196650
5197195
5198178
5198214
5198519
5199510
5201924
5202195
5203652
5206041
5206061
5209907
5211463
5211469
5213831
5215090
5216898
5216962
5217198
5217617
5220024
5220420
5220856
5220880
5221681
5221955
5227295
5227572
5227784
5228777
5230100
5230424
5231811
5232189
5232786
5233146
5233694
5234837
5234926
5235290
5236882
5237292
5238470
5239129
5240020
5242545
5242844
5243375
5243615
5244265
5244891
5245186
5245606
5247327
5247388
5247783
5248183
5250414
5250576
5251432
5251437
5251762
5251952
5252351
5252859
5254427
5254758
5256649
5257127
5258531
5259175
5259367
5259800
5260021
5261014
5261185
5263634
5264831
5265085
5265983
5266606
5267697
5269481
5270106
5270506
5272532
5273232
5273345
5273532
5274780
5275770
5276314
5276484
5276750
5277813
5278155
5279019
5280138
5280820
5281287
5282344
5282655
5285485
5286239
5286436
5289716
5290205
5291058
5292274
5293960
5296401
5296711
5297441
5298432
5299036
5299252
5300129
5302007
5302628
5302963
5303701
5305930
5306144
5306261
5306345
5307737
5309652
5310105
5310875
5312749
5313455
5315367
5316144
5316341
5318645
5320350
5320926
5321110
5322008
5323116
5325622
5325646
5327783
5328224
5328638
5330232
5331293
5332154
5333460
5335452
5335613
5335846
5336084
5336432
5337602
5340547
5340935
5342891
5344428
5345147
5348426
5349043
5349379
5350751
5352482
5354757
5355339
5355522
5357468
5357658
5358114
5358751
5358998
5359378
5360370
5361041
5361378
5361464
5361698
5364112
5364351
5364518
5364578
5364704
5365776
5366391
5366624
5368296
5369154
5370351
5371346
5371965
5372599
5374213
5374343
5374810
5376127
5377255
5378675
5379883
5380385
5382714
5382876
5383320
5384428
5384675
5387563
5388456
5389400
5390144
5390471
5390507
5391160
5392274
5393314
5394178
5394627
5395393
5398036
5400113
5403012
5403191
5403867
5406101
5406580
5407465
5407471
5407958
5412944
5415184
5416213
5416898
5418019
5418272
5418449
5418788
5421877
5423220
5426491
5426688
5427566
5429727
5430574
5431042
5432217
5434060
5434192
5435512
5436522
5437636
5437941
5438346
5438787
5439779
5440618
5442040
5442173
5442721
5444429
5445933
5446014
5446226
5448449
5448883
5448922
5449899
5450600
5451382
5452292
5453295
5453670
5454472
5456749
5462693
5462696
5462898
5463276
5463283
5465266
5465617
5465849
5468354
5468358
5468434
5468631
5469913
5470390
5471097
5471897
5473261
5475587
5475931
5476250
5476360
5476472
5477647
5477825
5478690
5479719
5480285
5480556
5481850
5486839
5489001
5489228
5490424
5492151
5492454
5493951
5497062
5497976
5498988
5499678
5500034
5501758
5502903
5503234
5503704
5504983
5505566
5508070
5508758
5508838
5509740
5510074
5510160
5510490
5510602
5510846
5511218
5511399
5513252
5515143
5515399
5516872
5517264
5518740
5519329
5520027
5520811
5520936
5521525
5521598
5521817
5521889
5522561
5523724
5524702
5525053
5527937
5528273
5531724
5532344
5532679
5532911
5535270
5536441
5537119
5537803
5538000
5538207
5538238
5538370
5540308
5540470
5541036
5541176
5542775
5543186
5543875
5544182
5545833
5546674
5547493
5548036
5549830
5551764
5552041
5553903
5557376
5559011
5560090
5562074
5562242
5562693
5563484
5563908
5563994
5564136
5565056
5565071
5565301
5565337
5565907
5566895
5570171
5570266
5570555
5570592
5572553
5572574
5573066
5573284
5575194
5575448
5576007
5576111
5580972
5582938
5583328
5583788
5584188
5584714
5585557
5585872
5586123
5586808
5589196
5590594
5591838
5592749
5592994
5595843
5596492
5599097
5601005
5601055
5601331
5602294
5603613
5603616
5610689
5610768
5612136
5612504
5613691
5616203
5616368
5617659
5619890
5621539
5622104
5626246
5629699
5629852
5630308
5631673
5632261
5632275
5632409
5633389
5635822
5635856
5636087
5638639
5639744
5640827
5642921
5644148
5644373
5644882
5645389
5650330
5651400
5652303
5653235
5654569
5655718
5656317
5656412
5656724
5659878
5660069
5660853
5661022
5661135
5661315
5661483
5662898
5663582
5663644
5665974
5667813
5668740
5669498
5669734
5670356
5670415
5671248
5671452
5674999
5677762
5679644
5680165
5680341
5680544
5680731
5681240
5682036
5682150
5682187
5682310
5682953
5685440
5685731
5686248
5686533
5690066
5690414
5690721
5690820
5690832
5691111
5691356
5691698
5692757
5692964
5693136
5693737
5693900
5696386
5697559
5697678
5698871
5700509
5702303
5702387
5702848
5704110
5704483
5706157
5706883
5706935
5707522
5707785
5709593
5709778
5710436
5711008
5712431
5714485
5715001
5716721
5717500
5719060
5720780
5721164
5721636
5725702
5725992
5726373
5728383
5728548
5729398
5731237
5733337
5734531
5734583
5737187
5737621
5738128
5739509
5740385
5741476
5741801
5742378
5742536
5742976
5743221
5743386
5743879
5744139
5750196
5750359
5753572
5753981
5754220
5759890
5759893
5762219
5762871
5763213
5763306
5763696
5763859
5764163
5764567
5768044
5768093
5769609
5770324
5772384
5775916
5776439
5776580
5776952
5776963
5778469
5779665
5780515
5780804
5782022
5783641
5785086
5786369
5786724
5787502
5792052
5792135
5793369
5793572
5794051
5795309
5795963
5795985
5796790
5797209
5797229
5799862
5800194
5801288
5801516
5802022
5802847
5803066
5803183
5805979
5807162
5809487
5810080
5812553
5813319
5813555
5815301
5817538
5818163
5818975
5819688
5819768
5820358
5822195
5822804
5822950
5823019
5823138
5824746
5825056
5826196
5826849
5827973
5828526
5828965
5829404
5829761
5833461
5834451
5835124
5835285
5836518
5837179
5837194
5838198
5839488
5841200
5842367
5843281
5843779
5844308
5847477
5848816
5850167
5850431
5851349
5853061
5853128
5853373
5853879
5854497
5854555
5854822
5856984
5859131
5859601
5860141
5860413
5860926
5861112
5862596
5862957
5863659
5864216
5864459
5864816
5865615
5865877
5868704
5870320
5870550
5872099
5874008
5874237
5876036
5880751
5881567
5884457
5885532
5886188
5887374
5887490
5887597
5890117
5891328
5891797
5893317
5893340
5896406
5898263
5898747
5902090
5904870
5905336
5905431
5906021
5906671
5907235
5907364
5907872
5908061
5908945
5909198
5910776
5911994
5912118
5912265
5912331
5913121
5914609
5914699
5917599
5918446
5918920
5919346
5920898
5921526
5922022
5923178
5923576
5924601
5926337
5926930
5927950
5927999
5928199
5928896
5929698
5929978
5930222
5930832
5931312
5931977
5932003
5933583
5933761
5934362
5934967
5935181
5937133
5937837
5939498
5939694
5940209
5940694
5941600
5942395
5942956
5949645
5949963
5952307
5953597
5954302
5954466
5954773
5956007
5956587
5956775
5959052
5959172
5959999
5960680
5961237
5962771
5966716
5967395
5968378
5969209
5970502
5970633
5971125
5973408
5975718
5976169
5977612
5977615
5978459
5979655
5980730
5980740
5981014
5981019
5982349
5985315
5985779
5987096
5987185
5987364
5987770
5987960
5988649
5990131
5990401
5991092
5992689
5993632
5994100
5994607
5995040
5995050
5996186
5997157
5997469
6000591
6000617
6001172
6001699
6006129
6007020
6007473
6008642
6008839
6009256
6010024
6010302
6010582
6011404
6013100
6019623
6020163
6020772
6025513
6027955
6028236
6028747
6029134
6029989
6030707
6031827
6032302
6032924
6033283
6033753
6034000
6035812
6035888
6036166
6036517
6036598
6037033
6040763
6041548
6042174
6042240
6043869
6044514
6047267
6048402
6048499
6049202
6052122
6052614
6053992
6054930
6056871
6058150
6058447
6059044
6060006
6065158
6065844
6067714
6070881
6072310
6074186
6076387
6076778
6077480
6077925
6078462
6078519
6079893
6080094
6080325
6080436
6080884
6083744
6084317
6086723
6087688
6089042
6089634
6090229
6092379
6093757
6097394
6098411
6099588
6100501
6102355
6102815
6103968
6104343
6104866
6105505
6110203
6110451
6110454
6110594
6111091
6113711
6115302
6115313
6115508
6115938
6116133
6116134
6116680
6118238
6120151
6120447
6120490
6123845
6127165
6128126
6128214
6129766
6130166
6131459
6131724
6132119
6133665
6136501
6136655
6136782
6136904
6137640
6140086
6141143
6141355
6141854
6142028
6145501
6146784
6147989
6148366
6149008
6150137
6151674
6154192
6155662
6155945
6157220
6158766
6158961
6159596
6161285
6162166
6162652
6162975
6163872
6164127
6164463
6166717
6167619
6169303
6169702
6171202
6172545
6172899
6175186
6176569
6177368
6177511
6178481
6178705
6178832
6179830
6180179
6180284
6180399
6181931
6184837
6185048
6185909
6186076
6186307
6187629
6191236
6192303
6192369
6193975
6194778
6196751
6197111
6197491
6198755
6199564
6200194
6201614
6202253
6202417
6202440
6203225
6204065
6207007
6207577
6208203
6209846
6211794
6211805
6212683
6214752
6215750
6218159
6219004
6220580
6221360
6223187
6224425
6227108
6229237
6229280
6229501
6234442
6235207
6236110
6236515
6236551
6239501
6241777
6243377
6245596
6245994
6248423
6249210
6251709
6252858
6253857
6255968
6257164
6257421
6259348
6259742
6260251
6260497
6261018
6262368
6262842
6262905
6263241
6264175
6264826
6265634
6265888
6266188
6268129
6269258
6272198
6272312
6272723
6273174
6274539
6275206
6276057
6277776
6279334
6279459
6279846
6281581
6281608
6282913
6284034
6286195
6287079
6287390
6287446
6289493
6291828
6291887
6294212
6296352
6296730
6296871
6297251
6301018
6303055
6303506
6305625
6306015
6307974
6308094
6310002
6310918
6311100
6311814
6313292
6313477
6313714
6315899
6317288
6317954
6318107
6319593
6319879
6320572
6321546
6324528
6324609
6324789
6324858
6325666
6325756
6327883
6329051
6329128
6330247
6330520
6331285
6332699
6333709
6334036
6334653
6334807
6336117
6336290
6337647
6344130
6344239
6344524
6345082
6345147
6345225
6345685
6346596
6347669
6347780
6347956
6348523
6348874
6350110
6350458
6350917
6351080
6352545
6353564
6354430
6354972
6355068
6355678
6355730
6356650
6357124
6357625
6358026
6358120
6358755
6359121
6363156
6364771
6366889
6369582
6369704
6370381
6370667
6371474
6371514
6372240
6372895
6373374
6375455
6376245
6376447
6376767
6376909
6377593
6377676
6380703
6380966
6382169
6383415
6384362
6384859
6387476
6390811
6391630
6392829
6394069
6394139
6394165
6394457
6394676
6394699
6395322
6396261
6398404
6399846
6400351
6400884
6401126
6402553
6402857
6403682
6409123
6410306
6412367
6412899
6413966
6414947
6415728
6415975
6416039
6418323
6421509
6421756
6427264
6428128
6428848
6429288
6431586
6431904
6432048
6432233
6433741
6433919
6434421
6434443
6437522
6437617
6437664
6438635
6438827
6441887
6442042
6443292
6443750
6443767
6445416
6447092
6448255
6448573
6450425
6452238
6452382
6452484
6453841
6454046
6455446
6456764
6457199
6457405
6457678
6458498
6459017
6459079
6459276
6459717
6460736
6460902
6461162
6461964
6462151
6462777
6463854
6464270
6465276
6465423
6468569
6468766
6469205
6469360
6469478
6469491
6470655
6472629
6475032
6475344
6476450
6476965
6477340
6477642
6477808
6478983
6479335
6480219
6480596
6480787
6481307
6481356
6481785
6482681
6482788
6484081
6485956
6486166
6487575
6487630
6489669
6490434
6490467
6492062
6492412
6492622
6493019
6493214
6493354
6493719
6493733
6498103
6498897
6499484
6501452
6501486
6501619
6501960
6502623
6503422
6506224
6508199
6508508
6508777
6510480
6511489
6512211
6512703
6514289
6514734
6518599
6518950
6519717
6520027
6521509
6525382
6525666
6527889
6528065
6528125
6529577
6530930
6531303
6531829
6532529
6533102
6533121
6534134
6534321
6537915
6538330
6539201
6539556
6541033
6545034
6545885
6546436
6546527
6546775
6548659
6549435
6549991
6550143
6550302
6551118
6551697
6554114
6554197
6554425
6555177
6555517
6557600
6557940
6558505
6559204
6560378
6561886
6562936
6563173
6564732
6565482
6566843
6567050
6567899
6567948
6567954
6570559
6570755
6573435
6574320
6574954
6576033
6576720
6578315
6579830
6580612
6581131
6582218
6583985
6584544
6587796
6588129
6590703
6591155
6592766
6593862
6594383
6594898
6595593
6595956
6596596
6598387
6599684
6599871
6602023
6603033
6603459
6603795
6604125
6604274
6605418
6606510
6606860
6608263
6609722
6610737
6612310
6612497
6612744
6614390
6614667
6615120
6615898
6617245
6617401
6618784
6619663
6620060
6620339
6620623
6623031
6623874
6624419
6624447
6624879
6626530
6630146
6630417
6630466
6631852
6632013
6634253
6635761
6636053
6636055
6638505
6639510
6639856
6640075
6640812
6641082
6641967
6644040
6644220
6647990
6648412
6649392
6650580
6651071
6651182
6651634
6651974
6652266
6653411
6653755
6656249
6657909
6658832
6659009
6659107
6660954
6663204
6663529
6666344
6666718
6668294
6669671
6671504
6671545
6671864
6673682
6674680
6675410
6676791
6677980
6678679
6679155
6680275
6681923
6682528
6683279
6683577
6687481
6688531
6688906
6689586
6691112
6691546
6692439
6693439
6694128
6695629
6696008
6697595
6698923
6699099
6699321
6700342
6701805
6702143
6702243
6704278
6704668
6705396
6705653
6705754
6706876
6706951
6708307
6708716
6708905
6711769
6712207
6712818
6712993
6715304
6715693
6716409
6716457
6717168
6718476
6719559
6720059
6720326
6720658
6723528
6724159
6726114
6727545
6729192
6730730
6731610
6732270
6732446
6732803
6733302
6734069
6735256
6735608
6737556
6737622
6738785
6739728
6740164
6741981
6743406
6744381
6744408
6745900
6747314
6747575
6748869
6749220
6749326
6750222
6750417
6751871
6753436
6753569
6754024
6757046
6757577
6757687
6757900
6759168
6759520
6760558
6761203
6761405
6761553
6761684
6762483
6762486
6763402
6764119
6764407
6764944
6765169
6766112
6766547
6766683
6767686
6768279
6769498
6772357
6772616
6773645
6774295
6774308
6774986
6775232
6777311
6777863
6778148
6778999
6779581
6780432
6781744
6781772
6782478
6784921
6785251
6787523
6788303
6788664
6790107
6791039
6791278
6793975
6795475
6796233
6796336
6798040
6799562
6803638
6803853
6804056
6805050
6805216
6806493
6806671
6807214
6807379
6808973
6809291
6809939
6812863
6814237
6815404
6817707
6818067
6818475
6819136
6819376
6819846
6820791
6822275
6822660
6822678
6823529
6825966
6826149
6826464
6826563
6826639
6826848
6829034
6829558
6830834
6832115
6832153
6832963
6834121
6835585
6838395
6838516
6840117
6841477
6843034
6843277
6843564
6847594
6847996
6848025
6848285
6848618
6850217
6852403
6853851
6855275
6856194
6856333
6858091
6862923
6864836
6865868
6866262
6867865
6869589
6871669
6872642
6873191
6874675
6874956
6875535
6877218
6878454
6879007
6879138
6880312
6880425
6880858
6880991
6881614
6882250
6885537
6886000
6886293
6886301
6886599
6887902
6888872
6888968
6890959
6893739
6896173
6899650
6900550
6901619
6902609
6902736
6903079
6906142
6906463
6909328
6910269
6910606
6911052
6911801
6913149
6913157
6914399
6914819
6915024
6915824
6918608
6919302
6919507
6921553
6923666
6926505
6927330
6928125
6928401
6928604
6928859
6928943
6930217
6930291
6931418
6932057
6932143
6933589
6933833
6935390
6935430
6935794
6936816
6937253
6938890
6940442
6941367
6941494
6943557
6943702
6946540
6946917
6947683
6947868
6947973
6949718
6951049
6953653
6954348
6954352
6955078
6955386
6956110
6956454
6956818
6957839
6959487
6961949
6962913
6970669
6972846
6973686
6974061
6976960
6977232
6978200
6978202
6978730
6979976
6981289
6985255
6986316
6988967
6989742
6991274
6995242
6995492
6995775
6996159
6997042
6997148
7000327
7000883
7000974
7003332
7003744
7003854
7006125
7006199
7006248
7008111
7008465
7008979
7009139
7009476
7010902
7011829
7012547
7014542
7017309
7017951
7018210
7023639
7024569
7027250
7029399
7029743
7030319
7030791
7032058
7033473
7033489
7033523
7033766
7034451
7034810
7035269
7035484
7036690
7037468
7039445
7040501
7043428
7043444
7043452
7046610
7049441
7049684
7049826
7050732
7050965
7053492
7054034
7054354
7054439
7054543
7056495
7057541
7058983
7060550
7060760
7062428
7063082
7063734
7063814
7064824
7064928
7064955
7065463
7065559
7066933
7067434
7069463
7070812
7070993
7072724
7072803
7072892
7072928
7073853
7074536
7074812
7077377
7077803
7080193
7081240
7081724
7082468
7084797
7086914
7087073
7087961
7088275
7088900
7090492
7090525
7090566
7090694
7090924
7091126
7091431
7091790
7094410
7094858
7095900
7096183
7096982
7099682
7100038
7100071
7100164
7102419
7102907
7104713
7105757
7106782
7107205
7108729
7110612
7110621
7111285
7111687
7111960
7113989
7114927
7116249
7116364
7117416
7118542
7120081
7121274
7122337
7124083
7125619
7125988
7126239
7126626
7128751
7129807
7131184
7131271
7131788
7132138
7132962
7132994
7133984
7136714
7137988
7138408
7138952
7139666
7143025
7143256
7143826
7144072
7144576
7144836
7144864
7145360
7146230
7146418
7147785
7148012
7148658
7148750
7149782
7151063
7151144
7154294
7154529
7154637
7155483
7156161
7156449
7156551
7157449
7158174
7158635
7160911
7164065
7164718
7165416
7167103
7167868
7169499
7169679
7170347
7171217
7173214
7174223
7174863
7177765
7181357
7182449
7183175
7183493
7185910
7190763
7191648
7192947
7194845
7196613
7196638
7197505
7198862
7199884
7200123
7201895
7202707
7203647
7206786
7206992
7207055
7207156
7207665
7210142
7212100
7212272
7212997
7213655
7213689
7214173
7215949
7216157
7216439
7216560
7216833
7217987
7218195
7218502
7218953
7219171
7219761
7219792
7220237
7221753
7223545
7225455
7229265
7229418
7230483
7230738
7231536
7231601
7232647
7233718
7234195
7234738
7236527
7236781
7239725
7240578
7240764
7242133
7243000
7245467
7245675
7247719
7249545
7250996
7251114
7251328
7252755
7254577
7255638
7255893
7256736
7257176
7257709
7257978
7258109
7258654
7258736
7259492
7260123
7260427
7260468
7260490
7261772
7262402
7264720
7264775
7265811
7267143
7268546
7270659
7274256
7274970
7275007
7275093
7275691
7276448
7277264
7277864
7279086
7279122
7284304
7284312
7286601
7286975
7287675
7290858
7292006
7296459
7297394
7301381
7301541
7302326
7302556
7302969
7303623
7306323
7307737
7308634
7309183
7312443
7314089
7314590
7316538
7317628
7317850
7318303
7319159
7319290
7322093
7324233
7325872
7325937
7326238
7327535
7329282
7329523
7329564
7330901
7332293
7332981
7333161
7339169
7340985
7341414
7341685
7341926
7342738
7343869
7345026
7348461
7348510
7349525
7349557
7350538
7352291
7354915
7357716
7357904
7358550
7359766
7359908
7364206
7364799
7366577
7366784
7368801
7370774
7371414
7372105
7372318
7374668
7375506
7379203
7380180
7382202
7383256
7383778
7383986
7386075
7387037
7389299
7389428
7390232
7392811
7393184
7393201
7393978
7394270
7394897
7395755
7398857
7400462
7400868
7402551
7403649
7403829
7403879
7404288
7405200
7405238
7405290
7406298
7406452
7406942
7406995
7408041
7408382
7409798
7410761
7411166
7411567
7411691
7411999
7412547
7413785
7416048
7416231
7416299
7417260
7418501
7418595
7418680
7418805
7419869
7422762
7425643
7426483
7426820
7428307
7429869
7430383
7433623
7435988
7436402
7436864
7437531
7437703
7438599
7438610
7439709
7440193
7440467
7442376
7445563
7446118
7449664
7451144
7451846
7452710
7453078
7453285
7453340
7454221
7454915
7455422
7456030
7456541
7458335
7458556
7460012
7460101
7461011
7461674
7461892
7463645
7464008
7464494
7464988
7465587
7468166
7470419
7470619
7470881
7472293
7473167
7473667
7476042
7478216
7479330
7481417
7483196
7483424
7485012
7485400
7486425
7487921
7488436
7492504
7492971
7494812
7496240
7496451
7497731
7498400
7500447
7501336
7503762
7505269
7506804
7506965
7507313
7507473
7507490
7508507
7509774
7511949
7512314
7512706
7512789
7513413
7513420
7514352
7514681
7515072
7516012
7516440
7516457
7516773
7516923
7519195
7519617
7519962
7522129
7522130
7522273
7522356
7522769
7523787
7526683
7530153
7531200
7531507
7531800
7531803
7532263
7532670
7534498
7535368
7536350
7536761
7538888
7540210
7540370
7541010
7541283
7541548
7541684
7542121
7542670
7542809
7542855
7544003
7544868
7545355
7547867
7549666
7550642
7550781
7551030
7554655
7555179
7555356
7555440
7555917
7556697
7557868
7557936
7559383
7559696
7560520
7560578
7561213
7561215
7562108
7562189
7563084
7566511
7568906
7569415
7569988
7572582
7574104
7574810
7576565
7577628
7578138
7579769
7581002
7582848
7584330
7584545
7584877
7585267
7586572
7587194
7588607
7590627
7591600
7593109
7593932
7593947
7594487
7595538
7596428
7596604
7598752
7603567
7607204
7607999
7608144
7608436
7609128
7609771
7611344
7611776
7611991
7613500
7615114
7615384
7616433
7617073
7617603
7618584
7618664
7619232
7619713
7620949
7621320
7622014
7622432
7622562
7622641
7624004
7624576
7625684
7626695
7627301
7627960
7628475
7628735
7629122
7629819
7630573
7631769
7633036
7633170
7633305
7636051
7636994
7637043
7639423
7640444
7641420
7641837
7642549
7643080
7643539
7644532
7645733
7645920
7646651
7646947
7647453
7649467
7649576
7650253
7650496
7650928
7651375
7651398
7651528
7653182
7655336
7657900
7659751
7660383
7660697
7661211
7663022
7663303
7668484
7669102
7669523
7672813
7673331
7673429
7673806
7674178
7674345
7674841
7675423
7675559
7678071
7678404
7679491
7682917
7687267
7687653
7688760
7689375
7690210
7690927
7690988
7692082
7692367
7693402
7695615
7697043
7697567
7699057
7700327
7703845
7705404
7705584
7707851
7708012
7708393
7708556
7709573
7709799
7710658
7711483
7711601
7715052
7716904
7717515
7719378
7723848
7724204
7726516
7730345
7730422
7731259
7731906
7731919
7734488
7739648
7740081
7740256
7740441
7745723
7745861
7748717
7749100
7750591
7751156
7751193
7751670
7753179
7755221
7755550
7756904
7757548
7758504
7759312
7763513
7765982
7768056
7768196
7769721
7770184
7771413
7771835
7772760
7773665
7774701
7775834
7776720
7779742
7781038
7782380
7782968
7783034
7783439
7783817
7783973
7784692
7785517
7785884
7785993
7786529
7787290
7788313
7791462
7792288
7793821
7794244
7794317
7795635
7797224
7798416
7802122
7802738
7804691
7806096
7806159
7806944
7808113
7811667
7812965
7813190
7814254
7814493
7815963
7818242
7818252
7819070
7819798
7822093
7822660
7822999
7824799
7824953
7825488
7825990
7826470
7826989
7827121
7827494
7829582
7831579
7832985
7836227
7836722
7836748
7837423
7838353
7838858
7840169
7840679
7840857
7841197
7842364
7842449
7842462
7844083
7844907
7846115
7846499
7846545
7847995
7848141
7848830
7849997
7850463
7851226
7851845
7853561
7853865
7853868
7855652
7856308
7857822
7858201
7858911
7860613
7861291
7861849
7863594
7864965
7865379
7865442
7865502
7866253
7868996
7871411
7871993
7872675
7872900
7877522
7880304
7882103
7887102
7887648
7887893
7889546
7890134
7890764
7891085
7893609
7894378
7894520
7895960
7897093
7898197
7900712
7901062
7901756
7902470
7906057
7907746
7908062
7910708
7910863
7911381
7911764
7911832
7913369
7914110
7914644
7915172
7915193
7916208
7917759
7917959
7918105
7919315
7920159
7921398
7921636
7922475
7922799
7923393
7924079
7924189
7924734
7924992
7928125
7928876
7929607
7932037
7932236
7933125
7935765
7936206
7936834
7937408
7937763
7938510
7939707
7940053
7941102
7944435
7945060
7947236
7949017
7949279
7950588
7951400
7953510
7954246
7955998
7957088
7960696
7960923
7962305
7962883
7963288
7964144
7965985
7966305
7966393
7966404
7966695
7969523
7970204
7971223
7972731
7972800
7972923
7973393
7974375
7975898
7978532
7978534
7980263
7980958
7981439
7981480
7981507
7981943
7982038
7982369
7982403
7987150
7988255
7988760
7989494
7989887
7991850
7993450
7993857
7995207
7998438
7999840
7999891
7999942
8000327
8002093
8002380
8002612
8002658
8003508
8003854
8004641
8004723
8005512
8006390
8006551
8006747
8007760
8008258
8008382
8008816
8009056
8012235
8013298
8013394
8013878
8014369
8015812
8016312
8018208
8018453
8018626
8019314
8020545
8020630
8020717
8021276
8022969
8023079
8023978
8026949
8027268
8027853
8027885
8027988
8029370
8032414
8032954
8034857
8035968
8035998
8036994
8037837
8038420
8038751
8039293
8040136
8040598
8044236
8045396
8046394
8046624
8046770
8050345
8052737
8053050
8053797
8056494
8058537
8058694
8059134
8064555
8064658
8066411
8066774
8068359
8069118
8069945
8070021
8070029
8074187
8076817
8080014
8080531
8082177
8082894
8084320
8085258
8086778
8087134
8087242
8087529
8088048
8088312
8088529
8090026
8090121
8091091
8091303
8092010
8094826
8096788
8098823
8099479
8102150
8102803
8103808
8104119
8105208
8107564
8107706
8108314
8108710
8109412
8119302
8122596
8122960
8122967
8123551
8124319
8125076
8126247
8126603
8130991
8132478
8133130
8135247
8135355
8137622
8138572
8140751
8141107
8142191
8142828
8147110
8148344
8149052
8149557
8150337
8151250
8152374
8153335
8153820
8154844
8155911
8157162
8158383
8158502
8160839
8161525
8161911
8162204
8162513
8164227
8164572
8165171
8165301
8166444
8166902
8166967
8167350
8167974
8169426
8170135
8170770
8170861
8171153
8173428
8174026
8174710
8174728
8176044
8176406
8176731
8178276
8178897
8179439
8179641
8181555
8181871
8184174
8186780
8187012
8187359
8189549
8189972
8192083
8194135
8194912
8197070
8198758
8202294
8203721
8207645
8208776
8208982
8210778
8211422
8211847
8212060
8213519
8214722
8215873
8216484
8216690
8219006
8219347
8219422
8219578
8221282
8224457
8225501
8225961
8227977
8231263
8231544
8233092
8234903
8237449
8237618
8238018
8239175
8240142
8241579
8242606
8243065
8243545
8248757
8253096
8253254
8253576
8253768
8255057
8255219
8255752
8256713
8256934
8258876
8259000
8259761
8260003
8261030
8262083
8263039
8263714
8264173
8264625
8264643
8265644
8266158
8266435
8269081
8269785
8271281
8272799
8273014
8275880
8276825
8277754
8278341
8278433
8278841
8279120
8280105
8281631
8284135
8284316
8284814
8285231
8285865
8287664
8289041
8289847
8289863
8292519
8292948
8293201
8294142
8295452
8296236
8296375
8297242
8299422
8301182
8302814
8302960
8302961
8303672
8306128
8308413
8310955
8311472
8312727
8313393
8317100
8319070
8319084
8322958
8324415
8325444
8329341
8334170
8334890
8335245
8335480
8338508
8339531
8340120
8341401
8341581
8344352
8344782
8346006
8347048
8347587
8348298
8352329
8353882
8354968
8358927
8361383
8361712
8362368
8362433
8363595
8364596
8364645
8365437
8365440
8365623
8367218
8367649
8370226
8371004
8372241
8372881
8372959
8373527
8374320
8374336
8377312
8378978
8379444
8381836
8384305
8385246
8385411
8386803
8387436
8388196
8388534
8389704
8391514
8395595
8395931
8396512
8396633
8397347
8397806
8399434
8399987
8401262
8402347
8403688
8405133
8405943
8406043
8406969
8407096
8407248
8407338
8407382
8407406
8407775
8408085
8408168
8409804
8410455
8414048
8415324
8417515
8419663
8423673
8423920
8424203
8425665
8425710
8426369
8428221
8428613
8430280
8431472
8435305
8435530
8436191
8437305
8438834
8438872
8440839
8441743
8441756
8442016
8442231
8444661
8445242
8447660
8447894
8447974
8449131
8450058
8452448
8453332
8454290
8455004
8456026
8456678
8458942
8461490
8461887
8462234
8462461
8462802
8463332
8463398
8463629
8464326
8464926
8464989
8465141
8466527
8467273
8467721
8468071
8468602
8469255
8472338
8472459
8473380
8474052
8474490
8474518
8474878
8476570
8476622
8477473
8478500
8480652
8481338
8483682
8485631
8489664
8489929
8491771
8492473
8493634
8493829
8496848
8497697
8498438
8498772
8499381
8500790
8501257
8501418
8502804
8503033
8504177
8504366
8505566
8507959
8508906
8509230
8509246
8510065
8512720
8514339
8515309
8515865
8516386
8518503
8518765
8519330
8519821
8520908
8521459
8521544
8522099
8522706
8525363
8527924
8527984
8528019
8528568
8529762
8530121
8533165
8533941
8536455
8536616
8536683
8539376
8540416
8541412
8544909
8546661
8547784
8548500
8549949
8549967
8551668
8551992
8552216
8554328
8556127
8558359
8560980
8562884
8563658
8564712
8567135
8567292
8567605
8569533
8570062
8570275
8570630
8571653
8571754
8572351
8573093
8574292
8575508
8577292
8578478
8581585
8584462
8585282
8590999
8593672
8594286
8595337
8596526
8598103
8598185
8599304
8599409
8601973
8604423
8604460
8605092
8606182
8606265
8607859
8607886
8608649
8608685
8609534
8610539
8611020
8613575
8613815
8614304
8615419
8617232
8617584
8617963
8618749
8619207
8619791
8620954
8622579
8625312
8625542
8626414
8628675
8632841
8633209
8633547
8633801
8636020
8637589
8637889
8639725
8642443
8644072
8644303
8645424
8645574
8646952
8647829
8648222
8648820
8649262
8649552
8649940
8650256
8651017
8653206
8655527
8655688
8656428
8656467
8659227
8661169
8661480
8661534
8662569
8662667
8663062
8663963
8664320
8666148
8666233
8667037
8667330
8668216
8668500
8669333
8669893
8670644
8671603
8673089
8673137
8678307
8680037
8680380
8681297
8684706
8686639
8687581
8689847
8689877
8690049
8690109
8690793
8691493
8693566
8694096
8694594
8694834
8694872
8695139
8696898
8698711
8699131
8700754
8702094
8703199
8703862
8704098
8704226
8705999
8706257
8706528
8707317
8708593
8710092
8711021
8711053
8712147
8713430
8713467
8714073
8714374
8720807
8720864
8725088
8725459
8727408
8728208
8728547
8730215
8732173
8733990
8735867
8737915
8738288
8738372
8738415
8738486
8738952
8741148
8742271
8744871
8744969
8745404
8751060
8752240
8752833
8755197
8756012
8757069
8757468
8758978
8760882
8763673
8764522
8764662
8765578
8766152
8766240
8768628
8768957
8770613
8771474
8771885
8774248
8774600
8775081
8775108
8775925
8776880
8780443
8780495
8780796
8781151
8781687
8782711
8782977
8785012
8785467
8785717
8786372
8787732
8788677
8789092
8790152
8794848
8796946
8797111
8797679
8797720
8798704
8799658
8801507
8802549
8804482
8804810
8805147
8805674
8806903
8807300
8807725
8808754
8809155
8810646
8811098
8811419
8811635
8811670
8812686
8814363
8814590
8817665
8818451
8818892
8819952
8820143
8820666
8822848
8823683
8823724
8823819
8824093
8824960
8825884
8831312
8833386
8833825
8834380
8835841
8836005
8836551
8836693
8836863
8837094
8837946
8839508
8841553
8842143
8843157
8843485
8843634
8843733
8843764
8845370
8847514
8848150
8848291
8848715
8849411
8851379
8851676
8852360
8853833
8855831
8856776
8858016
8858348
8858536
8860804
8863386
8864012
8864701
8865105
8865144
8865896
8865901
8866239
8867136
8867679
8867754
8868675
8871176
8871898
8872542
8872968
8873516
8874529
8875280
8875955
8877964
8878712
8879618
8880915
8881487
8881679
8881983
8883818
8884388
8884960
8887609
8888161
8888382
8889860
8890268
8890687
8892367
8895377
8898875
8898903
8899261
8900599
8901075
8901613
8901626
8903142
8904172
8905956
8907284
8909629
8910980
8911184
8911206
8911270
8911949
8912275
8912302
8912370
8912773
8913217
8913483
8915883
8917549
8917613
8918653
8919092
8919128
8920916
8921315
8922841
8923326
8926776
8927076
8927459
8929262
8929449
8930493
8931528
8932171
8935761
8936019
8936959
8937636
8939376
8940349
8941049
8942335
8944842
8946447
8947171
8949306
8950371
8951842
8952612
8952736
8953869
8954025
8954161
8955284
8955312
8955739
8956299
8956422
8956557
8958089
8959252
8959525
8966636
8967234
8968108
8968847
8969744
8970871
8972346
8972727
8974224
8975573
8975997
8978545
8979091
8979638
8982615
8985865
8985976
8989839
8990639
8991448
8994568
8997321
8997492
8999898
8999937
9000825
9002817
9003047
9003197
9004829
9006161
9006371
9006654
9006969
9007246
9007974
9008377
9008496
9009582
9011051
9011786
9012668
9013491
9014283
9015849
9017362
9017804
9018279
9018906
9020864
9022798
9022838
9023257
9024336
9024668
9024909
9025192
9025234
9026518
9026818
9027883
9028006
9029741
9030973
9031471
9033194
9033269
9033298
9033315
9034321
9034468
9035633
9036115
9039938
9040535
9040543
9041170
9041471
9041699
9042825
9043010
9044085
9044356
9046425
9048222
9048285
9049564
9050477
9051132
9052392
9055987
9059457
9061137
9063195
9063268
9064062
9064977
9065448
9067082
9067979
9068624
9069994
9070246
9070802
9071325
9073074
9073274
9074208
9075447
9076138
9076234
9076883
9077769
9078061
9080156
9080376
9081608
9082070
9083501
9085674
9085735
9086763
9086960
9087938
9087960
9087965
9088828
9088905
9088972
9089695
9090137
9090360
9090489
9091612
9092618
9092639
9094555
9095408
9095915
9096421
9098733
9099856
9100026
9102389
9105651
9105662
9107646
9107954
9108068
9109668
9111532
9112785
9113492
9113712
9114427
9114432
9114743
9115403
9116393
9117884
9118042
9118754
9120503
9122442
9122855
9125391
9125940
9126224
9127989
9128707
9129586
9130493
9131370
9131648
9133718
9134042
9135811
9136920
9138710
9139435
9140337
9140632
9141314
9143192
9148724
9150485
9151731
9152350
9152727
9154091
9154820
9154915
9156254
9156577
9158280
9158290
9159000
9162195
9162994
9163115
9164046
9164085
9170482
9171278
9172766
9173446
9174142
9174145
9174822
9174886
9175825
9176445
9176558
9177346
9179903
9180056
9180061
9180644
9181077
9183588
9185047
9186696
9187270
9189772
9189946
9191395
9193441
9193970
9194947
9195789
9199791
9201057
9201602
9202641
9203346
9203448
9205092
9205890
9206380
9207158
9210502
9212872
9214042
9215958
9216136
9216980
9217268
9217462
9220388
9221371
9221869
9221982
9222128
9222262
9223216
9224195
9224545
9224698
9225609
9225947
9227013
9227281
9228071
9228618
9229598
9230794
9231168
9231452
9231836
9232586
9235428
9235868
9235897
9236904
9236946
9239162
9240805
9241071
9241483
9241973
9242231
9242384
9243384
9244717
9245317
9245400
9247821
9249417
9250682
9251822
9253795
9254003
9255097
9257268
9258930
9260046
9261767
9262559
9264024
9264866
9264868
9265023
9265632
9268015
9268632
9269500
9273966
9274533
9275749
9276350
9277197
9277851
9279155
9279420
9281639
9282117
9283035
9284692
9286099
9286169
9290892
9291030
9292082
9292549
9294214
9295955
9299086
9301104
9302053
9302772
9305057
9307116
9308489
9308739
9308876
9308961
9309565
9310534
9312041
9312070
9312225
9312322
9312556
9312783
9314029
9314353
9315321
9315456
9315984
9316700
9318357
9318737
9319557
9321025
9321622
9323052
9324703
9324747
9324845
9327065
9328463
9329735
9329950
9330645
9332400
9333152
9333190
9333669
9334299
9335753
9337411
9337503
9337599
9338193
9339541
9343060
9343859
9344062
9344576
9344835
9345880
9346364
9346765
9347629
9348061
9349263
9349279
9349518
9349805
9350178
9351604
9357678
9358568
9359399
9360107
9360468
9360591
9360692
9360945
9361574
9362908
9366278
9367134
9368047
9369712
9370097
9370294
9370324
9370387
9371171
9371982
9373985
9374017
9374749
9375631
9375881
9378394
9378580
9378827
9379140
9379404
9379431
9380781
9383440
9383649
9384629
9387496
9389737
9389742
9391257
9391351
9392180
9392369
9395300
9395793
9396189
9397824
9397997
9398217
9398965
9400507
9400751
9401216
9401241
9402003
9403042
9403305
9404494
9405266
9406022
9406139
9407124
9407996
9408222
9408306
9409109
9409450
9409634
9412235
9412431
9412973
9414539
9414755
9414763
9415315
9416859
9419513
9419649
9420020
9421760
9421980
9422582
9422895
9422906
9423141
9424338
9424817
9425287
9427352
9427482
9427914
9428890
9429126
9429547
9430530
9430659
9431278
9433401
9436820
9436880
9436981
9437234
9437379
9439057
9439462
9441026
9441875
9441954
9444152
9447195
9451669
9451866
9451945
9452040
9452430
9453240
9453557
9457305
9460263
9460527
9461093
9461364
9463001
9463113
9463525
9465684
9465738
9466119
9466592
9469014
9471131
9472154
9472214
9472800
9473934
9474215
9474575
9474853
9477289
9479240
9479579
9480015
9481458
9482720
9483085
9485205
9485268
9488164
9488828
9489163
9489754
9490031
9491995
9493920
9496125
9496377
9498313
9498988
9499882
9500372
9501129
9504132
9504554
9505017
9506949
9507743
9509155
9509758
9510464
9512048
9512305
9512581
9512652
9513260
9514873
9517510
9517791
9518033
9518656
9518827
9521006
9521532
9523185
9524761
9527056
9527112
9527335
9527764
9528217
9529115
9529451
9529744
9529880
9530188
9530889
9531756
9532209
9534029
9537962
9538316
9538677
9538956
9541244
9541774
9544495
9544908
9545717
9547670
9550398
9552652
9555411
9555623
9556522
9556780
9559993
9560145
9560751
9562569
9562626
9562750
9562889
9562980
9563019
9563959
9565752
9566692
9569324
9569404
9569463
9569777
9571964
9572062
9573712
9576779
9577059
9577184
9577560
9577774
9578180
9578908
9579812
9581487
9581638
9585188
9586793
9587226
9587423
9587940
9588390
9589335
9592368
9592390
9594681
9595295
9596050
9596573
9596712
9597677
9597768
9598323
9598657
9600540
9600635
9600761
9601760
9603179
9604643
9605983
9606427
9608535
9609125
9609143
9610209
9612961
9613327
9614467
9616237
9617648
9619264
9620103
9621323
9622030
9622054
9623206
9624762
9625032
9625982
9628995
9632173
9632534
9632851
9634309
9635332
9635633
9637418
9637774
9640174
9640210
9640646
9641106
9641914
9642269
9643272
9643580
9644540
9644745
9645220
9645701
9646735
9647698
9649360
9649526
9651468
9651640
9651758
9652507
9654580
9654847
9656645
9659977
9660340
9660895
9662656
9663465
9663571
9663881
9664695
9666053
9666465
9668031
9668977
9669285
9669549
9672521
9672747
9673545
9676369
9682289
9682600
9683721
9684400
9685637
9685793
9687580
9691590
9692154
9693668
9696806
9697634
9699225
9699537
9700153
9701036
9701910
9702043
9703695
9703757
9704727
9705060
9705442
9705543
9707176
9708049
9709950
9710557
9711001
9711624
9715353
9718302
9718481
9721991
9724302
9725217
9726970
9729306
9733054
9733718
9734358
9734926
9737645
9738216
9738495
9738887
9739226
9740417
9740682
9742205
9742690
9743100
9745274
9745583
9747386
9750076
9750569
9750704
9750806
9751130
9752983
9754179
9754355
9754587
9756183
9757022
9757773
9758852
9759705
9760630
9761169
9763950
9764258
9765800
9765830
9768036
9769935
9770800
9772581
9773219
9775102
9776502
9777838
9778371
9779937
9782587
9785427
9785676
9786646
9786907
9786940
9787920
9788969
9790962
9791017
9791436
9791521
9792094
9795064
9795403
9796116
9796419
9798290
9799048
9799870
9800574
9801299
9803278
9804502
9805972
9806798
9807088
9807253
9809623
9810392
9810680
9810855
9811497
9812527
9813175
9813355
9816827
9816904
9817758
9818122
9818530
9819750
9820191
9823209
9823803
9826382
9829399
9830058
9830291
9830634
9830928
9831293
9831733
9832639
9833682
9835019
9837705
9838529
9838695
9840104
9840752
9841347
9841707
9842066
9842119
9842582
9844636
9845535
9846727
9846867
9847046
9848120
9849651
9850654
9854289
9857266
9859033
9861086
9862758
9863751
9864673
9865088
9865130
9865994
9868549
9869393
9871949
9872195
9872879
9872887
9872916
9874089
9874607
9874874
9875729
9876206
9877755
9879203
9880207
9881363
9882013
9882061
9883084
9883163
9885536
9886033
9886339
9886426
9886469
9886647
9888554
9888795
9890478
9890602
9894294
9895025
9895492
9895582
9895645
9897061
9897664
9900603
9900658
9901409
9901472
9902055
9902584
9903848
9904195
9904423
9905405
9905467
9907502
9908778
9910986
9911383
9911913
9912323
9912948
9913959
9915363
9916033
9916642
9920016
9921860
9922218
9922597
9924850
9925875
9926345
9926716
9926786
9926809
9927727
9928170
9928301
9928768
9929527
9930280
9931630
9932058
9932103
9932456
9932708
9933498
9933983
9934770
9935353
9935693
9937008
9937312
9937487
9938267
9938669
9944126
9945148
9945219
9945684
9947506
9948019
9949493
9949880
9951927
9954401
9954998
9955223
9956300
9958695
9959516
9959753
9960759
9962041
9962694
9964010
9965140
9965147
9965983
9967004
9967512
9968116
9968515
9969198
9969536
9969796
9970063
9970096
9971271
9974194
9976848
9977343
9977361
9977433
9978908
9980610
9981027
9981512
9983287
9985702
9985879
9986201
9986326
9986367
9986815
9990143
9990170
9992131
9992160
9994485
9995280
9996464
9996892
9997503
9998952
9999415
