606
5619
6479
6484
6674
6759
7041
8164
8424
8456
9099
10513
12048
13072
13248
13375
17644
17812
18367
18375
19804
20131
21151
22009
22869
23629
23814
23831
23984
25161
25576
25652
25985
27767
28841
30927
31119
31776
31968
32225
32535
32686
32856
33131
33312
35605
36590
37241
39716
41123
41164
42698
44438
44707
44903
45295
45848
47700
48692
49099
49773
51447
51877
52051
52205
55057
55572
56309
56398
56500
56704
57440
58327
60133
60377
61202
61706
62461
62900
67386
68140
68303
69236
69327
69618
69804
69956
70531
76887
81531
83514
83824
85464
85496
86178
87103
87227
87722
89444
89487
89961
90703
91262
91269
92338
94982
95180
95778
96782
97845
98636
99760
100366
101584
102267
103501
106052
107666
108969
110138
110288
110677
111179
112453
112495
113574
114406
115824
115977
116297
116539
117055
118294
118353
118548
119979
120704
120889
121551
122240
122412
122905
123267
125468
126296
126315
128532
129027
130030
130100
130896
133473
135076
135371
135501
136378
136455
136460
137956
138265
138337
139999
140157
140213
141119
143545
145019
145404
146631
148820
149026
149094
150436
151639
152252
152408
153204
154910
157905
158174
158387
158811
158831
160289
160496
161985
162484
163194
164342
164904
167130
168085
168816
168850
170085
172671
173194
173556
175198
175646
178006
179531
180554
181893
182335
182835
185084
186356
186525
187278
190204
190570
192412
192618
192735
195081
195303
196722
197044
199013
200509
200872
200949
201237
202950
203438
206037
206043
206231
207669
208341
210522
213213
213936
217020
219340
219489
220016
220211
220919
221654
221661
222240
223207
224808
224930
225167
226904
231025
231128
231431
233823
235199
237360
237659
238287
239881
241049
241383
242278
242592
243732
244896
245996
246252
246607
250140
250227
250259
250488
250605
252306
254949
256034
256982
257450
258054
258780
259335
259700
263335
263397
263442
266246
266708
266723
267949
268483
268608
270907
271132
272834
272996
273428
275362
276753
278332
279075
280983
281981
284080
285365
286417
286791
289561
289792
290335
290601
291855
291937
292020
293654
295166
300083
300338
300569
300601
303139
303578
303707
305636
307033
307903
308821
309414
310254
312637
313927
314326
314737
315503
318867
321011
321475
321553
322339
322616
323277
324944
326958
326974
327328
327719
330738
333385
334291
334865
336247
336390
336440
336640
336872
337310
337522
338598
339740
342486
342683
342697
346024
346641
349784
351127
352229
353432
354421
354754
354778
354813
355008
356962
358561
358848
359785
360947
361775
361954
363613
363837
366228
367227
367553
368277
371274
373958
374113
374707
375138
377189
377440
377713
377967
378329
378564
379153
380747
382524
383871
384105
384346
385285
385416
386715
387061
389066
389666
390055
391865
392037
392427
394156
394369
394776
395694
399470
399941
401681
402575
405910
406601
406909
407212
408655
411938
412674
413720
414241
415765
416171
417858
418284
418856
420792
420909
421005
421120
423814
423912
424467
424544
425219
425790
426389
426612
428061
429602
429760
431596
433091
433138
433521
434757
435097
435582
436231
437822
437999
438509
439955
440303
440920
441547
442191
442579
442719
443011
444067
444920
445363
447338
447385
448714
449695
452612
456905
457577
457694
459608
459713
460287
461481
463261
463815
464007
465296
465685
466179
467001
467462
468156
468232
470556
472112
472352
473916
474257
474418
475808
477669
477763
478313
482302
482654
483574
484185
484584
484895
485005
486645
486897
486940
490959
491412
492115
492831
494050
495171
495542
495801
497996
498413
500644
501273
501853
502298
502376
503340
504592
507350
508036
508126
508152
508502
510508
510534
511088
512169
512371
514608
514700
515170
516021
516065
516581
519903
520825
523715
524459
524531
526085
526450
528867
529473
529987
530888
531322
532512
532546
532858
533687
534012
534086
536327
536603
536869
537215
537270
537736
537830
537880
538062
538697
543855
544209
545209
545533
545734
545751
546315
546966
547961
548073
548967
548989
551201
552287
552695
553673
555161
555662
558180
558883
559546
560246
561892
564902
565917
566684
567346
567622
568167
568334
569057
570123
570840
573342
574998
575061
575944
577526
577556
577732
578613
578707
581588
581956
582994
583425
583496
583983
584763
584959
585530
586850
587234
592862
595434
595962
596076
597399
597672
597956
601450
603381
603998
604612
605339
606237
606326
606375
606785
606831
607720
608188
608511
609250
609839
611616
612611
613920
615809
617210
617560
618633
619675
620259
624516
626278
626419
626604
626643
626991
627237
627458
628045
628239
630223
632105
634939
635452
635877
636649
640555
641446
642291
643763
645533
645684
645902
646229
648701
648743
648802
650069
651133
651700
652067
655314
657853
657873
659460
661453
661872
664138
666224
668388
669779
669789
670797
673747
674185
675956
675975
676360
677091
677390
677507
679790
680543
681020
681517
682155
684531
686056
689830
690099
690260
690899
695108
695653
695742
696386
697507
698150
699073
699139
700408
701988
702190
704409
704754
705720
706337
707978
709058
710004
710662
711473
712707
712762
715140
715681
716749
716950
717006
717993
719847
721646
722485
723186
724307
726035
726232
728532
728738
728805
729900
732500
734868
735828
735961
736892
736981
737517
737931
738443
738472
739683
741248
742205
742401
742547
742634
743180
743182
743672
744293
744875
745068
745604
745703
746427
748277
748810
749752
750058
751759
753978
754442
755935
760124
760311
760520
761139
761150
762571
762757
763017
764594
765423
766235
766967
767400
767863
767939
769160
769641
770301
771229
771708
773439
774747
775349
776207
777136
778296
779648
780061
780265
781325
781398
783906
786219
786869
787005
787980
789643
789986
790567
791019
791116
791144
791270
793142
793877
794347
794833
804933
807803
808683
808842
810266
810274
810469
811192
812945
813828
815628
815745
816042
816443
816623
816645
816670
818113
818459
818775
821427
823561
825257
827962
829714
832156
833844
833938
834929
836846
837066
840558
841548
841726
842072
842598
843060
843095
844208
847103
848791
850343
850500
851047
851216
852058
852464
854363
855199
859522
860860
862138
862435
862867
864136
864846
865467
867132
867428
867573
867837
868255
869580
870437
870537
871490
872823
873189
873194
873237
873263
876938
877162
877286
878146
878931
879418
882955
883353
883394
883595
886138
887601
889561
890016
891055
892868
893181
894260
895700
897752
898913
899651
899847
899929
900582
902309
902855
904095
904319
904627
906168
906461
906938
908605
911107
912010
912433
913055
913741
914620
914671
914927
914999
915483
917136
917192
923085
923523
923652
923912
925748
926535
927304
928138
932228
933915
934299
934411
934683
935300
935681
936234
937142
938807
941705
943394
943662
943852
944146
945284
946352
948448
948928
949283
949921
950643
953177
953317
954063
957242
958917
958927
959607
960859
961320
963737
964040
965494
966105
966490
967428
967539
967856
968230
968611
969208
969420
970631
971038
971175
972423
973976
974449
975038
975644
976327
977366
979330
981777
983601
984681
985169
987518
989848
991981
993760
993981
994064
996427
997192
997354
998162
999266
999386
1000162
1002099
1002581
1002654
1006795
1011437
1013326
1013675
1014039
1014867
1014950
1017177
1018193
1018915
1019941
1020403
1020856
1021007
1022013
1022854
1023274
1024538
1025175
1027862
1027908
1028354
1029128
1029248
1030197
1030245
1030642
1030924
1031885
1033783
1034420
1034466
1036303
1036695
1038743
1040390
1041727
1042006
1042872
1043799
1044861
1046048
1046139
1046429
1049485
1050903
1051958
1052139
1054447
1056511
1057129
1057284
1060986
1061154
1062587
1065038
1065783
1065809
1066389
1066805
1066868
1067386
1067997
1068325
1068729
1069735
1071572
1072037
1072786
1073615
1074636
1075492
1076351
1078293
1078923
1080667
1080716
1081944
1083583
1083649
1083774
1083829
1085345
1085379
1085438
1085637
1086159
1086229
1086940
1087042
1087173
1088375
1089415
1090086
1092547
1093385
1093394
1095260
1095550
1096350
1100039
1101031
1101783
1102632
1105636
1105737
1106559
1107076
1107871
1108546
1108554
1108734
1108875
1110248
1112779
1113959
1114179
1114497
1115763
1115993
1116973
1118514
1118560
1118654
1120099
1121066
1121433
1121658
1123405
1123949
1124344
1125608
1125975
1126003
1126229
1126788
1127072
1128470
1129007
1129087
1130020
1130286
1133495
1135466
1135895
1135937
1139353
1139404
1140039
1140823
1142174
1142315
1142877
1143896
1144432
1146730
1147167
1147658
1148231
1149454
1149716
1150246
1152109
1154152
1154849
1154948
1157479
1157676
1157979
1158893
1159640
1160068
1161149
1162152
1162802
1164758
1166380
1166484
1167587
1172011
1173216
1173448
1174359
1174780
1176157
1177487
1179609
1180433
1180575
1180802
1180995
1181494
1182179
1183623
1183853
1185737
1188074
1188118
1189309
1190656
1190792
1191349
1191486
1193191
1193202
1193406
1195107
1195981
1196268
1197588
1197792
1198306
1199097
1200063
1200751
1201127
1201721
1203025
1203108
1204112
1205809
1206451
1207016
1207174
1208419
1208503
1209609
1209921
1210020
1210632
1211271
1211302
1213667
1216059
1216064
1216069
1216376
1216910
1218398
1223314
1223672
1224712
1224717
1225784
1225922
1225959
1227751
1229276
1229456
1229746
1232430
1233498
1236734
1237957
1238338
1241703
1242521
1243848
1244226
1244399
1244724
1244813
1244881
1246352
1246411
1247181
1247426
1247842
1248486
1248760
1252441
1252781
1253804
1254089
1254717
1255951
1256242
1256992
1257736
1260036
1261792
1262043
1262080
1262713
1264060
1265795
1265874
1266888
1268459
1268621
1269216
1270288
1271458
1272089
1274323
1274723
1276201
1281401
1282029
1282340
1286639
1289280
1289638
1290011
1292424
1293068
1293885
1294706
1294854
1294935
1294957
1295530
1295870
1296962
1297817
1299062
1301768
1302428
1302555
1302815
1303166
1306244
1306777
1306899
1307104
1307844
1309779
1309978
1310339
1313079
1313846
1313977
1314501
1315521
1315797
1317554
1317763
1319127
1319496
1320139
1320228
1321396
1322717
1323113
1323664
1325247
1325601
1327109
1328425
1329319
1332300
1332339
1333536
1334871
1335851
1336146
1337842
1341477
1343255
1344159
1344307
1347833
1349370
1349648
1350559
1352569
1353190
1353881
1354961
1356363
1357342
1358340
1359281
1359302
1360108
1360901
1362042
1363432
1363731
1364045
1364065
1365241
1365720
1368681
1369756
1370858
1371072
1372240
1373503
1373563
1374022
1376193
1376390
1376428
1376963
1378161
1378340
1378635
1379268
1379445
1379699
1380378
1380844
1381741
1382222
1383571
1386507
1386628
1389107
1389355
1390044
1390596
1391697
1391992
1392862
1393222
1393954
1395245
1395606
1397729
1398354
1398969
1399283
1400309
1401635
1402144
1402940
1403168
1403977
1405408
1405441
1406137
1408513
1408638
1408655
1411341
1411784
1412364
1413193
1413338
1413885
1415143
1416054
1416450
1416565
1416869
1417488
1418244
1419360
1420458
1421371
1422647
1423325
1425939
1427077
1428707
1429748
1431870
1432642
1433804
1436160
1436876
1437223
1437487
1438078
1438361
1439159
1439956
1440242
1441941
1442683
1444462
1445294
1446584
1447349
1449331
1449550
1449744
1450617
1452602
1452843
1452942
1454565
1454903
1455253
1456562
1457466
1458847
1459147
1460329
1460558
1461047
1461760
1463927
1464151
1464403
1466168
1466327
1466431
1466649
1470851
1471896
1472957
1475644
1477003
1477089
1477412
1477827
1477875
1477919
1478505
1478639
1479408
1483544
1483576
1484986
1485918
1486489
1487314
1488767
1490432
1490756
1491705
1492139
1494194
1495814
1495932
1496433
1498145
1500257
1502008
1502083
1502127
1502540
1503193
1504176
1504636
1506596
1507313
1507993
1508034
1508991
1509832
1510767
1510913
1514505
1515416
1515912
1516004
1517455
1518235
1522491
1523237
1523321
1524431
1525177
1525799
1528612
1529451
1531336
1531640
1532728
1534976
1535100
1535201
1538530
1538730
1539123
1539978
1541708
1544502
1546068
1546459
1547906
1547928
1549841
1553914
1554985
1558607
1558904
1561281
1562647
1563127
1563315
1565672
1567727
1568539
1569142
1572946
1573245
1574020
1574326
1574886
1575951
1577030
1577335
1585247
1586483
1587517
1588663
1591454
1591709
1592507
1592958
1595456
1597592
1597699
1598526
1598574
1603348
1604356
1605612
1609346
1609373
1611836
1613265
1613744
1614006
1614341
1614691
1615027
1617066
1617326
1618042
1618134
1618408
1619121
1622015
1624634
1625579
1627143
1627362
1627858
1629453
1633174
1633367
1633567
1634864
1635336
1636967
1637262
1638905
1640261
1641895
1642817
1645986
1647237
1648128
1648471
1648673
1648754
1649364
1649501
1649904
1650162
1650919
1652368
1652774
1652920
1653277
1653882
1653890
1654547
1655632
1657096
1658499
1658538
1658921
1659082
1660018
1660312
1660623
1660694
1660889
1662568
1662764
1663752
1663764
1664023
1664922
1666965
1668884
1669719
1670922
1672023
1672905
1673303
1675202
1675359
1675999
1676135
1676543
1678375
1679304
1679892
1681761
1682989
1683272
1683691
1685431
1685442
1686230
1686370
1688218
1688434
1689386
1690788
1691004
1691881
1692334
1692489
1693378
1693675
1695625
1696183
1696518
1696717
1697481
1699390
1700404
1701195
1701350
1702265
1702340
1702912
1703484
1707874
1708196
1709958
1710756
1711349
1711600
1711856
1712794
1713496
1714435
1714854
1715062
1717041
1717756
1718086
1718223
1718420
1719405
1719469
1719665
1720201
1720773
1721763
1722822
1723749
1723764
1724319
1724837
1726699
1727428
1728156
1728854
1729154
1729405
1730901
1732656
1732911
1732918
1734191
1737065
1737535
1738333
1738478
1739089
1739986
1741074
1742402
1744026
1744866
1745760
1746394
1747555
1749346
1751111
1751475
1753934
1754346
1754775
1755681
1757524
1760556
1760994
1761082
1761955
1762642
1763436
1765672
1765744
1765818
1766266
1766535
1767039
1767333
1768229
1768797
1769628
1773516
1773710
1773799
1775417
1775915
1776985
1777011
1777304
1778547
1780470
1783299
1783749
1785623
1786779
1786967
1787101
1789285
1789466
1792328
1792445
1792631
1794144
1794486
1794520
1794664
1794938
1795672
1796336
1796827
1798122
1799858
1802179
1802678
1807428
1807782
1807880
1809520
1809968
1811836
1812437
1813729
1814451
1816144
1816675
1816984
1817886
1818177
1821963
1822338
1822849
1823084
1830302
1830499
1830518
1831546
1833439
1834905
1835728
1836085
1836360
1837477
1837536
1838112
1839473
1840296
1841437
1841460
1841744
1841985
1842757
1843284
1843356
1845821
1847621
1849428
1852069
1852819
1853880
1855115
1855396
1855887
1856006
1856674
1856944
1857901
1858578
1858970
1859633
1860782
1861106
1861666
1862295
1862612
1863252
1863748
1864778
1866090
1866247
1866565
1866718
1867230
1867616
1868896
1869157
1870230
1870608
1873507
1873712
1875930
1877679
1877874
1881342
1881560
1882192
1883397
1884262
1885512
1886270
1888737
1891046
1891443
1891556
1892133
1892138
1894275
1894487
1894812
1895487
1896803
1896865
1898930
1899563
1900657
1900859
1901034
1901651
1903176
1903779
1904240
1904357
1904773
1906200
1906204
1906552
1907185
1907202
1907541
1907621
1908624
1908811
1909370
1909755
1910753
1910884
1917686
1918547
1919855
1919946
1922085
1922539
1924415
1926671
1928266
1928694
1928957
1931620
1932663
1933333
1933567
1935194
1936441
1936911
1939357
1940103
1940953
1943172
1943562
1945141
1945321
1946879
1947317
1947862
1948089
1948549
1948752
1949145
1949676
1949679
1949858
1951025
1952636
1952752
1953176
1953278
1953365
1953673
1954314
1960917
1962662
1964094
1965169
1968102
1970886
1971074
1974612
1975204
1979423
1985066
1985414
1985558
1985669
1986562
1986858
1991854
1994270
1994907
1994974
1995025
1995591
1996248
1998340
1998400
1999394
1999534
1999696
2000112
2001871
2002513
2003361
2003905
2004013
2007947
2010423
2011680
2014506
2015637
2017108
2018040
2020962
2021375
2024177
2024322
2025890
2025945
2026237
2028219
2029338
2031489
2032220
2032745
2033592
2037182
2037578
2037639
2037679
2039403
2040220
2041416
2041729
2043913
2045159
2045537
2046233
2047452
2051981
2052271
2053047
2053608
2054584
2055343
2055389
2058626
2059650
2060272
2061037
2062583
2063080
2064342
2064597
2065041
2068135
2069511
2070398
2072073
2072749
2075308
2076376
2076733
2077291
2081007
2081801
2082428
2082499
2083284
2084080
2084627
2087473
2090441
2092562
2094234
2097082
2097675
2100584
2103108
2103547
2104581
2106130
2106370
2107875
2109749
2110573
2110757
2112418
2113917
2114052
2115061
2115170
2118559
2118577
2119495
2120217
2120256
2121080
2121995
2122284
2124064
2124488
2125292
2126105
2127515
2128446
2129281
2129655
2131063
2131902
2133999
2135332
2136194
2136543
2137005
2137316
2138379
2140102
2140620
2141018
2141432
2143024
2143450
2147777
2147910
2148216
2148362
2151090
2151323
2151355
2152321
2152552
2152889
2155186
2155400
2157585
2157991
2158839
2158887
2159084
2159196
2159246
2159421
2159572
2159897
2160488
2160926
2161541
2162022
2163574
2166210
2167087
2171645
2172112
2173866
2175096
2175425
2176434
2177323
2177639
2178112
2178347
2178685
2178964
2179251
2179891
2180095
2180977
2181188
2181303
2182456
2182757
2184552
2184715
2184865
2186688
2187775
2189115
2189145
2189310
2190109
2190640
2191387
2193084
2195492
2195711
2196087
2196244
2196265
2196770
2198771
2201799
2202177
2202469
2203431
2205105
2205336
2206912
2208964
2209938
2210396
2211064
2211580
2212597
2213120
2214119
2214419
2214432
2215396
2216487
2216631
2216998
2217672
2217990
2218343
2219932
2220559
2221002
2221059
2222319
2224472
2225825
2226709
2228686
2229017
2230965
2231290
2233364
2234571
2234657
2234791
2234856
2237061
2239779
2242705
2244299
2244578
2244740
2246372
2246680
2246995
2248996
2249487
2250089
2253425
2253864
2255252
2255912
2256617
2256873
2257634
2258588
2259085
2259437
2261417
2261825
2261964
2262663
2263460
2263868
2265595
2266599
2268393
2270951
2271102
2272158
2272257
2273541
2273798
2273840
2275107
2275200
2275465
2276192
2279351
2279456
2280008
2282220
2282692
2283385
2284153
2284829
2285547
2285859
2285930
2286125
2290979
2291381
2291409
2291566
2292295
2292440
2293536
2294416
2294549
2294689
2296705
2296957
2298001
2299114
2299708
2299972
2300138
2301409
2301474
2305000
2307508
2309292
2310542
2310941
2311113
2311694
2311843
2311882
2312557
2313566
2314035
2314223
2315125
2315916
2316038
2319318
2319909
2320141
2320499
2323932
2328426
2329011
2329310
2329459
2330934
2330949
2331022
2332068
2332594
2333308
2335141
2336324
2337308
2339446
2339575
2342119
2344379
2344681
2344708
2346067
2346179
2347304
2347725
2348048
2348087
2348120
2349094
2349572
2350607
2351366
2351770
2355685
2355747
2357036
2357246
2357467
2358072
2358485
2359080
2359503
2360162
2361087
2365468
2365700
2367765
2368639
2371729
2374990
2375607
2377024
2377974
2379185
2380841
2382104
2382156
2382475
2383551
2384964
2386625
2387997
2388616
2389070
2389859
2391596
2392004
2392782
2393094
2393645
2395443
2396717
2397166
2397330
2398634
2400151
2400325
2400361
2401219
2402839
2405455
2409462
2410838
2411381
2413660
2414124
2414671
2414995
2415066
2416766
2417555
2418922
2419604
2419982
2420921
2422258
2422622
2424568
2424644
2426664
2426914
2428015
2428040
2428787
2431039
2431093
2431564
2431943
2432266
2432342
2433273
2435914
2436455
2436565
2436957
2437697
2437826
2438048
2442004
2443780
2446590
2446859
2447057
2448649
2451185
2452212
2454091
2455480
2456556
2457936
2458660
2459844
2460306
2461333
2461728
2462640
2463952
2466780
2469825
2469902
2470421
2470453
2470852
2471658
2474135
2475476
2476138
2477856
2479146
2479662
2480747
2483511
2483928
2484090
2484923
2485127
2485222
2485725
2487676
2488416
2489960
2494652
2498875
2500032
2500858
2501309
2503423
2504892
2505471
2506717
2507213
2509454
2510750
2510943
2512617
2512955
2514531
2514533
2515889
2516703
2519063
2521382
2522262
2522999
2526100
2526245
2526381
2527642
2528710
2529125
2531025
2531643
2532394
2532951
2535020
2535346
2536159
2537521
2540034
2541302
2542526
2543973
2544600
2545758
2547209
2548037
2548861
2549057
2549438
2550780
2551603
2551656
2551927
2552418
2553021
2554595
2555445
2555983
2556684
2557454
2560663
2563990
2565250
2565783
2566194
2567908
2568756
2569047
2571596
2571946
2573057
2573147
2573547
2573555
2574835
2574873
2576246
2576779
2577588
2578325
2578545
2578693
2579425
2580273
2582951
2584816
2586656
2587201
2587580
2587597
2588976
2589352
2590314
2591157
2591842
2591865
2591930
2593616
2594321
2597674
2597988
2598287
2600012
2600551
2602230
2602880
2603579
2604617
2605897
2606402
2608710
2609069
2611043
2611954
2612130
2613397
2613492
2616606
2617940
2618305
2620950
2621980
2622395
2622854
2622966
2623235
2623522
2624085
2626063
2626446
2626680
2628668
2630297
2630809
2633595
2634212
2634506
2635426
2636394
2636493
2637792
2637898
2639520
2643066
2643624
2644281
2646908
2647741
2650869
2652535
2652719
2653149
2655382
2655438
2656002
2656723
2656975
2657358
2657835
2658067
2659873
2660093
2660347
2660380
2660648
2662630
2662823
2662993
2663136
2664096
2664710
2664713
2665087
2665323
2666706
2667024
2668122
2669339
2673047
2674238
2675800
2676363
2676595
2677376
2677378
2678167
2678599
2679888
2680158
2681667
2682610
2683441
2684123
2684977
2685682
2686569
2687547
2687924
2687970
2688582
2693421
2694463
2694631
2694638
2694977
2694997
2696399
2697843
2698600
2699643
2699775
2700062
2700234
2701208
2703087
2703801
2704741
2705077
2705104
2705382
2705705
2710658
2710858
2712169
2712592
2712745
2713638
2714313
2714354
2714815
2717947
2718006
2718236
2718795
2722192
2723082
2723088
2723549
2723672
2724487
2725129
2725334
2726185
2726339
2726913
2727338
2728366
2731319
2732224
2732481
2733753
2738788
2738914
2741049
2742272
2742424
2743589
2744542
2746954
2748564
2749239
2749320
2749392
2750846
2751244
2751870
2752138
2752658
2755434
2756079
2756759
2757705
2757931
2759096
2760240
2761255
2761410
2762651
2763132
2764425
2766524
2767208
2767412
2768046
2769207
2769474
2771032
2773837
2774340
2774667
2775447
2775520
2775786
2775875
2776824
2777651
2778513
2779479
2782969
2783222
2783386
2784078
2784175
2785165
2788106
2788543
2789758
2793354
2795890
2797391
2797392
2797678
2797740
2799062
2804168
2805209
2807999
2809349
2813773
2813859
2814141
2815697
2816454
2817507
2817907
2818023
2818134
2818554
2819092
2819386
2821561
2822634
2823282
2824519
2825226
2826099
2826303
2827002
2827701
2828293
2828675
2830625
2830681
2831486
2833316
2834375
2835151
2836388
2841314
2841490
2842100
2842176
2842805
2845437
2847070
2850167
2851022
2853941
2856736
2857113
2857803
2858475
2859472
2859514
2860718
2861751
2863468
2863900
2866179
2866798
2868378
2868472
2868806
2869142
2869968
2870118
2871377
2873056
2873772
2874340
2875618
2876092
2877377
2882302
2883101
2884603
2884940
2885085
2885946
2887926
2888413
2888673
2889321
2890344
2890530
2890605
2891117
2891372
2891932
2893537
2893718
2894456
2895501
2895845
2897108
2897398
2898171
2898688
2901759
2903800
2905813
2906333
2906979
2907045
2908009
2910223
2911775
2912277
2914075
2915677
2916155
2917013
2919737
2920059
2923134
2924287
2925669
2926296
2926467
2927642
2928028
2928239
2928538
2929381
2929395
2930215
2933004
2933040
2934961
2935224
2936241
2937974
2938223
2939487
2940481
2942525
2942983
2943531
2945713
2947722
2947785
2948645
2948939
2950204
2950398
2953502
2954361
2954435
2954835
2955630
2956583
2957931
2959925
2960027
2961371
2962043
2963707
2963813
2965552
2965648
2965948
2966831
2967241
2969782
2970186
2971192
2973439
2974590
2974736
2974778
2975404
2975800
2977420
2977744
2977811
2979614
2979955
2984253
2984644
2985252
2985420
2989419
2989646
2990794
2991214
2991448
2991858
2993399
2994148
2994203
2994675
2995309
2995554
2995833
2996433
2996768
2997269
2997947
2998226
2998693
2999340
2999748
3001177
3001339
3001992
3003298
3004194
3004207
3004260
3004315
3004570
3005076
3005934
3006019
3006655
3006838
3008801
3009133
3009391
3011493
3012690
3013390
3013673
3014885
3015917
3016314
3016755
3017691
3018386
3019183
3022071
3022423
3023819
3024191
3025804
3026346
3026821
3027876
3028933
3029400
3029488
3030653
3031137
3031604
3033471
3034126
3035359
3036142
3037082
3037623
3038609
3041274
3041312
3043317
3043481
3043816
3043853
3044859
3045236
3045434
3045878
3046389
3046806
3048777
3049231
3049427
3049916
3050026
3051761
3052350
3052732
3053516
3054126
3054237
3054557
3055456
3055531
3055997
3057547
3058407
3059323
3059546
3060765
3062684
3063922
3064521
3065824
3067906
3068436
3068798
3069910
3070285
3072804
3073125
3073219
3073886
3074509
3076000
3076253
3076645
3077111
3077546
3078317
3079037
3079865
3081054
3083517
3083649
3083893
3084295
3085972
3088590
3090932
3093316
3094459
3096081
3096458
3096673
3096747
3099444
3099447
3100152
3100733
3102689
3103283
3103339
3103735
3105180
3105353
3105852
3108574
3108971
3110734
3110760
3112146
3112411
3114907
3115207
3115495
3116950
3117134
3118209
3118567
3118718
3121947
3122183
3123009
3123379
3126343
3126918
3127220
3127275
3128352
3130111
3130951
3131632
3134905
3134970
3135653
3136017
3137141
3137467
3137616
3137905
3138615
3140210
3140426
3142056
3142067
3144106
3145992
3146849
3147352
3149909
3149922
3151762
3152221
3153223
3154220
3157645
3157939
3158010
3159614
3159617
3160188
3161070
3161110
3162823
3164227
3164808
3165343
3166679
3166967
3167344
3167358
3168354
3170065
3170301
3170423
3172080
3174478
3174524
3176710
3179867
3180922
3181290
3184828
3184968
3184976
3185406
3186836
3188332
3188743
3190652
3190717
3191699
3192253
3193331
3194268
3194429
3195721
3195729
3197509
3199651
3199920
3200380
3201480
3202347
3205126
3205371
3206528
3208202
3209919
3211897
3213985
3218074
3219284
3219361
3219702
3220228
3220426
3221460
3221550
3221636
3222838
3222937
3223148
3225712
3226204
3227215
3231178
3233324
3234326
3236393
3237400
3237564
3240607
3241238
3241509
3241593
3242597
3244083
3244117
3244154
3244284
3245674
3245770
3249773
3249828
3250876
3252200
3253226
3255904
3255991
3256254
3257054
3258139
3258874
3259282
3259686
3259928
3260051
3260165
3261198
3262418
3263945
3264441
3265504
3265918
3266843
3267399
3269012
3270218
3270253
3270258
3270487
3270585
3271587
3271799
3273331
3273399
3274132
3275009
3277038
3277735
3277786
3279371
3280090
3280168
3280855
3283820
3283844
3286145
3287668
3288904
3289114
3289189
3289867
3291482
3292134
3293514
3293682
3293823
3298051
3299031
3300836
3301553
3301954
3302699
3302754
3303344
3303678
3304016
3304390
3304562
3304959
3305400
3306262
3306658
3308498
3308745
3309303
3311192
3314947
3315087
3316875
3317623
3317795
3317995
3318025
3319118
3319826
3320356
3320477
3323939
3325591
3326072
3328007
3329163
3329364
3329586
3330502
3330944
3332257
3332331
3333942
3334125
3335283
3335508
3335651
3336974
3337779
3339166
3339238
3340087
3342234
3342410
3342592
3344244
3344443
3344954
3347942
3349264
3349577
3349668
3349883
3351091
3351508
3351924
3354872
3356826
3356827
3359116
3359406
3359624
3360726
3362194
3364258
3364473
3364599
3366313
3367786
3367809
3367908
3368075
3369122
3373265
3373906
3373975
3375172
3376200
3379497
3381667
3383813
3385150
3386059
3386540
3386963
3387546
3389168
3390053
3391198
3392820
3392851
3395481
3395841
3396566
3397992
3399734
3400840
3401681
3402061
3402784
3403731
3403806
3403810
3409077
3410717
3411953
3411996
3413790
3414236
3421912
3423485
3423530
3425167
3425404
3426691
3427260
3427858
3428470
3429297
3431471
3431940
3433440
3435193
3437155
3437438
3440037
3441678
3442191
3443242
3444147
3445999
3446284
3448806
3448976
3449234
3449390
3451386
3453269
3454319
3454607
3454668
3455509
3458747
3459603
3459813
3460356
3462016
3463328
3463475
3464812
3465866
3466318
3467870
3467890
3468701
3469470
3470083
3470267
3472616
3473910
3474722
3476712
3477467
3477982
3478601
3478764
3479592
3480860
3482190
3483343
3483494
3483641
3484877
3485892
3487873
3488154
3489090
3489365
3491447
3493981
3494180
3500374
3501697
3503322
3504847
3505750
3506145
3506885
3507123
3507351
3508669
3509556
3509874
3510938
3511750
3515553
3516016
3517714
3520680
3521546
3521621
3521770
3522620
3523006
3525589
3526489
3526748
3529121
3529624
3530066
3530912
3531357
3533068
3534301
3535131
3536299
3536317
3537435
3537783
3539040
3541149
3543518
3544217
3544398
3545409
3546071
3547585
3549885
3551575
3552822
3552945
3552963
3554592
3557119
3557277
3557362
3559911
3561706
3562613
3563248
3564374
3565411
3566703
3569412
3569872
3571158
3571865
3571898
3572726
3573766
3574052
3574434
3576714
3578387
3581135
3584147
3585231
3585344
3586811
3588000
3588515
3590376
3590736
3591120
3591452
3591961
3592920
3593792
3596028
3597332
3599432
3601700
3602088
3602830
3602977
3603628
3605857
3605962
3606232
3606431
3611268
3611367
3614549
3615874
3616674
3616905
3618349
3623167
3623995
3624004
3626414
3626675
3627078
3627477
3628052
3630036
3630246
3630353
3630375
3633479
3633847
3634046
3634237
3634738
3634752
3637197
3638808
3639653
3639900
3641074
3642548
3642828
3642894
3643606
3644962
3645525
3646987
3647296
3647567
3648690
3649794
3650107
3650734
3651461
3652028
3652156
3652193
3652315
3653071
3654280
3654736
3660197
3663860
3664235
3664302
3667263
3668738
3670398
3670629
3671635
3671991
3672033
3672044
3674012
3675181
3675873
3677642
3678335
3679410
3679655
3680042
3680712
3680856
3682464
3683505
3683685
3683867
3683886
3684000
3691403
3692507
3694055
3695701
3695908
3696320
3701245
3701865
3702017
3702532
3702639
3703049
3704062
3704289
3706231
3706396
3707977
3708086
3712727
3713869
3714294
3714446
3714868
3717055
3719039
3719499
3720163
3721011
3721365
3721624
3722143
3722403
3722855
3723033
3724208
3724718
3726057
3727453
3727938
3729861
3730105
3731059
3731136
3733569
3733810
3736083
3736524
3737497
3737659
3739205
3739640
3744194
3749056
3749109
3749227
3749984
3750291
3750854
3752857
3753914
3755147
3755737
3756597
3756933
3757640
3758186
3759148
3760353
3761183
3762247
3762581
3763952
3765397
3766160
3766293
3767212
3768041
3768327
3768389
3770777
3770779
3771990
3772954
3773745
3776239
3777760
3777802
3780695
3781585
3784510
3784930
3789332
3789724
3790767
3790830
3790858
3791214
3792073
3793195
3796857
3798627
3798831
3800216
3801079
3801676
3801724
3802026
3804297
3806335
3806410
3806794
3807560
3811344
3811743
3812445
3814932
3815894
3816460
3816533
3817244
3817586
3818493
3823156
3824094
3824771
3826232
3828612
3828650
3830648
3830928
3830973
3831548
3833453
3836974
3837529
3838568
3843784
3844330
3844337
3846033
3847270
3847331
3847389
3847412
3848707
3849326
3850977
3852417
3852503
3852544
3852592
3852988
3854673
3856301
3857741
3858144
3858876
3859932
3860144
3860288
3860573
3861028
3861108
3863037
3865522
3866474
3868115
3872631
3873266
3873746
3874204
3876762
3877210
3877754
3878256
3878445
3878885
3880264
3881203
3883269
3883548
3883580
3886495
3887048
3887598
3890147
3891443
3892621
3894567
3894774
3895704
3896177
3896745
3897512
3897668
3898750
3898922
3900291
3901759
3901833
3902815
3903009
3903917
3904000
3906580
3907005
3907120
3907778
3907976
3909006
3909713
3909958
3910335
3911495
3912901
3913821
3914131
3914727
3915722
3916514
3917737
3918110
3920740
3921013
3922254
3922565
3929735
3931566
3931605
3933755
3934097
3936263
3937648
3939162
3940118
3941290
3941682
3942207
3943537
3943801
3945913
3948227
3948839
3951312
3952375
3953689
3953886
3954829
3955874
3956345
3956911
3958194
3958198
3958300
3958916
3959190
3961131
3962157
3963841
3964410
3967740
3970773
3971639
3971662
3971707
3972473
3972693
3972818
3973975
3976856
3979905
3981472
3983299
3985478
3985627
3986429
3987733
3988397
3988652
3990945
3991236
3992409
3992593
3993045
3993059
3993997
3995444
3996655
3997099
3997606
3998791
3998989
3999333
3999658
4001638
4002584
4002941
4003041
4003289
4004546
4004699
4005947
4010417
4011012
4011188
4013905
4015309
4016429
4016659
4017951
4018556
4019421
4020814
4021166
4021639
4022455
4024248
4024897
4025471
4027396
4027551
4027774
4031492
4031795
4032335
4032436
4035632
4036341
4037984
4038233
4039433
4042441
4043444
4043600
4046883
4050486
4051357
4052361
4052958
4054626
4055662
4056206
4056901
4057248
4061137
4061194
4062442
4063008
4063725
4063845
4065183
4066092
4067677
4068241
4073418
4075693
4076714
4077930
4077980
4078028
4078132
4080322
4080719
4080950
4082649
4082988
4083031
4083144
4085694
4086028
4086095
4087100
4090187
4091661
4091858
4093056
4093918
4097970
4099561
4100014
4101559
4102169
4103387
4105908
4106088
4106263
4107438
4107832
4110465
4113897
4114757
4115984
4117844
4118008
4118182
4120822
4123199
4123616
4124101
4124281
4125179
4125920
4126876
4127928
4129310
4130893
4131339
4132438
4134613
4135071
4137357
4138047
4139966
4140362
4141452
4141951
4142519
4143405
4143655
4144111
4144122
4144779
4145539
4146877
4148394
4150640
4152420
4153435
4154228
4154412
4155712
4156243
4156555
4159774
4161793
4164530
4164667
4164763
4165128
4165843
4166123
4167584
4169504
4169605
4169774
4171291
4171501
4172434
4172677
4173611
4173645
4175262
4180824
4180947
4181002
4181652
4182194
4183829
4184264
4185761
4189889
4192816
4193684
4195111
4196102
4196748
4196791
4198068
4198277
4199551
4200094
4200663
4200929
4201524
4202602
4204471
4205167
4206680
4206973
4208679
4208725
4210579
4211558
4212468
4213003
4214313
4215322
4215861
4216091
4217490
4217647
4217832
4218322
4220876
4221815
4221862
4223455
4224185
4226401
4226675
4227275
4229766
4230207
4230283
4238165
4238298
4238689
4238975
4240047
4240155
4242443
4242683
4243162
4244608
4245470
4245869
4249552
4251052
4252353
4254911
4256560
4257224
4260414
4260513
4260697
4265124
4265924
4267638
4267753
4268197
4268233
4268443
4268618
4269079
4270730
4270757
4274762
4274894
4275377
4276516
4276988
4279024
4280192
4281895
4283271
4290975
4291980
4292229
4292609
4297895
4298881
4298944
4300253
4302675
4303717
4304979
4305295
4305628
4306299
4306534
4307467
4308753
4310178
4311128
4311424
4311546
4312723
4312730
4313703
4316178
4317004
4317838
4319457
4319756
4319931
4320463
4321410
4322010
4324441
4324676
4325056
4325723
4326148
4327675
4331112
4331978
4331992
4333930
4334080
4334835
4335685
4335759
4339844
4340162
4340973
4341741
4342846
4346025
4349442
4349867
4349977
4350092
4350278
4352069
4353503
4354654
4355471
4356548
4357762
4359160
4360275
4361209
4361704
4362479
4362671
4362918
4363699
4365256
4365419
4366570
4368024
4368250
4368905
4369414
4370898
4371116
4371516
4371683
4373321
4373596
4373650
4374743
4375700
4377329
4378902
4379976
4380049
4382784
4383383
4383733
4383918
4384893
4386139
4387338
4387384
4387682
4388175
4388359
4390236
4390704
4391792
4393225
4394594
4396247
4396790
4397361
4397739
4398845
4400498
4400530
4407232
4407247
4407527
4409699
4411144
4411906
4412850
4413665
4413720
4413895
4414159
4415301
4416400
4417097
4418122
4419153
4422014
4422062
4422347
4423409
4423961
4425374
4425550
4425665
4425923
4426058
4428141
4428433
4428591
4428825
4429806
4430105
4431007
4431015
4431815
4433125
4433759
4435164
4436824
4438671
4439461
4442040
4443253
4444087
4444688
4445047
4446751
4449075
4449773
4451121
4452225
4454374
4455605
4456239
4457373
4458697
4459369
4460405
4461063
4463201
4464099
4465495
4465638
4467040
4468012
4468702
4469673
4470036
4471874
4471887
4471936
4475384
4476745
4477151
4477698
4478177
4478276
4478441
4478933
4479588
4480319
4480431
4480522
4480628
4480845
4483403
4483435
4484230
4484672
4484684
4485042
4487948
4489176
4490247
4490655
4490899
4492673
4492970
4494276
4497057
4497437
4497613
4498058
4498921
4499688
4500121
4501294
4502337
4503288
4503351
4504123
4505569
4508023
4510295
4510465
4513522
4515680
4515881
4516865
4523775
4525932
4526179
4526341
4527878
4529238
4531141
4531177
4531390
4531745
4531944
4532789
4532960
4534106
4536077
4536086
4536596
4537354
4537770
4538334
4538370
4539367
4539511
4540545
4540562
4542071
4544340
4544828
4547477
4548125
4548142
4548903
4549212
4549379
4550044
4552588
4552670
4557824
4559364
4559381
4560313
4561416
4563379
4563735
4566927
4567769
4570906
4571163
4572473
4574101
4575138
4575740
4575880
4576265
4576647
4577529
4577658
4577929
4579380
4583188
4584026
4585787
4586361
4587963
4588665
4588709
4589670
4591575
4591984
4592297
4592631
4593382
4594032
4594257
4594474
4594805
4595609
4596189
4596428
4598156
4599258
4599409
4600129
4600640
4600831
4601680
4602382
4602444
4602542
4602864
4606188
4606240
4606430
4606791
4607015
4607505
4607792
4608983
4609480
4609521
4612562
4613974
4614800
4617012
4617742
4618127
4620889
4621123
4622103
4623328
4623416
4623506
4623860
4625227
4625640
4626006
4628206
4628317
4629230
4630721
4630765
4633338
4634978
4636869
4639477
4641623
4642340
4643287
4644831
4645169
4647247
4647401
4647900
4648020
4649722
4653819
4653959
4654775
4655267
4655400
4657820
4658366
4658597
4658909
4659125
4661063
4661094
4662284
4664022
4665164
4665463
4665743
4669058
4669361
4670856
4671083
4671119
4672815
4673062
4673299
4675490
4676286
4677289
4678913
4678972
4679549
4681834
4682115
4683506
4684925
4685651
4686536
4686639
4688285
4688820
4688821
4689714
4691303
4691448
4693152
4693378
4694022
4694140
4694331
4695151
4695496
4696538
4698471
4698544
4698957
4699453
4699649
4702118
4702983
4704821
4705475
4707016
4707469
4707672
4708561
4709413
4710626
4710809
4711609
4712006
4713792
4716662
4718830
4719723
4721803
4722257
4722686
4723606
4723930
4724260
4724666
4726632
4729201
4731917
4732121
4733334
4733788
4733815
4734165
4734642
4735300
4735659
4735831
4737265
4737667
4738387
4738825
4738837
4739213
4739226
4741278
4742437
4744416
4745907
4746653
4748694
4748860
4750183
4750528
4750696
4751063
4751080
4751767
4751981
4752065
4753370
4753552
4755831
4757382
4758527
4758821
4758996
4759647
4767364
4768149
4770295
4770323
4771888
4772531
4773424
4773817
4774291
4774893
4775305
4775380
4776093
4778920
4779672
4779784
4781238
4781470
4785002
4786847
4788145
4789137
4790923
4791039
4792492
4793263
4793921
4793922
4795015
4795906
4797486
4798499
4799019
4799968
4800765
4800866
4801604
4801788
4802298
4802363
4802514
4804584
4805310
4806110
4807506
4807615
4808342
4809084
4809980
4810048
4812168
4812322
4812927
4813183
4816344
4816872
4818695
4819333
4820105
4820519
4820836
4820989
4821172
4821346
4821965
4822048
4822828
4823039
4823180
4824089
4825552
4825969
4826641
4826881
4828504
4829066
4829366
4830136
4830344
4830650
4831090
4831213
4833771
4835610
4835660
4836112
4837732
4838292
4838615
4838966
4839381
4839385
4839503
4839642
4840359
4842031
4842083
4843664
4849075
4849635
4849791
4851330
4852754
4852840
4853382
4854342
4856214
4856356
4857292
4860387
4861199
4863424
4864204
4864929
4865856
4866106
4867108
4867845
4869093
4870203
4870346
4870600
4872598
4873086
4875559
4876660
4876947
4877137
4878074
4878971
4879694
4880842
4881530
4884006
4884076
4884170
4885999
4886243
4887190
4887429
4887914
4887963
4888476
4888817
4889010
4889020
4889860
4890470
4890825
4890908
4891869
4892463
4895606
4895909
4897321
4897393
4897454
4899511
4906013
4906439
4909059
4909145
4911938
4912747
4913501
4914346
4916044
4916595
4917979
4918349
4918578
4918613
4921815
4921892
4924501
4924825
4925302
4927362
4928161
4928237
4928604
4930031
4930363
4930795
4931565
4932339
4932835
4933357
4934576
4934584
4934944
4935532
4935623
4936691
4940417
4940698
4941038
4941053
4941056
4942501
4944185
4945832
4947280
4948001
4948604
4949620
4950859
4951760
4952542
4954918
4957070
4958515
4958879
4961542
4962070
4963898
4965260
4966137
4966956
4968020
4968242
4969251
4969734
4969753
4970036
4970556
4971194
4972041
4972833
4973883
4974287
4974628
4976545
4977850
4979203
4980446
4980881
4982043
4982996
4983256
4984386
4984761
4985204
4985233
4985290
4986170
4987990
4988222
4988512
4991746
4991974
4992560
4992617
4992862
4993889
4994112
4994114
4994943
4995827
4996925
4997888
4997971
4998125
4998171
5000051
5000860
5001041
5001593
5002001
5003276
5003646
5005364
5008037
5009580
5009848
5010654
5011121
5012750
5015354
5015885
5016663
5017905
5018175
5018563
5020364
5020418
5023060
5026400
5027328
5027855
5029036
5029322
5032250
5033563
5034699
5034748
5035109
5035945
5038108
5038976
5040677
5041354
5042723
5043303
5043559
5044134
5046007
5046482
5046789
5048316
5049229
5049448
5050216
5052630
5054888
5054943
5055101
5055121
5055693
5055860
5056214
5056355
5059442
5059517
5059872
5060033
5060672
5060766
5061121
5061842
5062255
5062478
5063972
5065954
5068419
5068453
5069828
5073117
5073776
5076155
5077431
5078800
5079134
5080577
5080883
5080885
5082625
5083464
5083745
5084106
5084914
5086391
5089097
5089253
5090395
5090486
5090566
5090994
5091994
5092282
5092925
5093157
5093841
5094350
5094662
5095041
5095218
5096100
5097971
5098695
5100860
5101625
5102077
5102622
5102825
5104624
5106075
5106087
5106169
5106890
5107286
5107495
5108877
5110399
5110617
5110772
5113584
5114404
5115326
5115342
5115482
5118449
5120108
5120239
5120501
5120748
5121828
5122078
5123106
5124212
5124681
5125898
5126051
5126131
5126496
5128223
5128992
5130025
5130342
5130349
5131456
5131627
5131824
5131923
5132398
5134079
5135401
5135593
5136289
5136681
5138207
5140377
5140505
5140843
5143590
5144579
5145427
5145528
5147932
5150517
5150895
5152157
5152265
5152335
5153613
5154547
5156157
5156237
5156890
5158599
5158670
5160866
5161011
5161164
5162923
5162962
5163531
5164304
5168122
5168561
5169123
5169367
5169614
5170129
5170806
5172183
5172320
5174935
5176498
5177665
5178076
5179094
5179716
5180886
5183053
5184919
5184993
5188073
5188777
5189913
5192785
5193610
5193622
5195016
5195881
5195999
5197961
5199986
5201642
5201792
5203404
5204527
5205180
5207307
5207672
5209675
5210458
5211843
5213100
5213539
5213825
5214936
5216030
5216379
5218161
5221086
5223138
5223957
5224137
5225122
5225197
5228114
5228672
5228841
5229210
5230209
5230346
5230995
5232101
5233588
5234333
5238449
5238530
5238540
5240162
5240873
5240976
5243245
5244582
5245228
5246740
5247473
5250453
5252785
5253382
5255682
5255946
5256439
5256491
5256918
5257480
5257514
5260466
5261035
5263173
5265217
5265279
5265372
5265966
5267123
5267539
5268800
5269785
5271353
5272841
5274231
5274862
5278651
5279778
5279903
5280168
5280318
5282568
5285734
5286238
5286931
5287339
5289303
5289949
5290195
5292957
5293200
5293721
5296921
5297165
5297536
5298747
5299870
5300426
5303423
5304069
5304454
5304598
5305852
5306024
5307444
5308278
5310173
5311303
5314028
5315873
5316365
5317178
5317706
5318813
5318931
5319159
5320448
5321203
5322826
5325427
5327637
5329131
5329659
5330598
5331661
5332962
5333441
5333849
5335696
5336005
5336354
5337187
5337931
5338238
5338258
5338266
5340361
5341594
5341785
5341822
5343665
5345276
5346027
5347296
5350440
5352256
5352925
5356875
5357509
5357874
5361263
5364849
5365051
5365910
5365990
5366105
5367996
5368554
5369722
5370190
5371266
5373840
5376564
5376714
5377037
5377079
5377839
5377868
5380429
5381046
5383545
5383992
5387507
5387766
5388279
5392461
5392582
5392735
5392805
5393420
5394535
5396264
5398194
5398298
5398392
5398649
5398877
5399962
5400117
5402429
5402746
5407271
5407825
5408199
5410207
5412835
5413052
5413489
5414042
5414109
5415547
5416963
5417252
5417426
5419517
5420289
5420779
5421289
5421520
5422370
5423466
5424213
5424268
5426732
5427776
5427996
5429954
5430228
5430909
5432330
5433669
5434024
5435202
5435266
5436614
5441524
5441567
5442590
5443218
5443627
5445053
5445632
5445738
5446037
5451268
5451791
5452004
5452823
5454145
5455686
5457564
5458184
5459299
5459756
5459962
5461877
5463878
5464499
5464980
5466375
5466598
5467724
5469629
5472133
5474028
5477622
5477874
5478666
5479167
5481068
5481420
5485549
5485561
5486910
5487228
5488201
5488279
5490884
5490954
5491040
5491547
5492967
5494209
5495104
5496051
5496625
5496826
5497540
5501893
5502307
5502580
5503563
5505620
5506253
5506344
5506659
5506847
5507575
5507839
5510048
5511367
5512139
5513777
5514749
5517388
5517779
5520224
5520490
5522457
5524262
5525954
5526413
5529585
5531515
5531708
5531936
5533243
5533835
5534713
5535078
5535275
5536538
5537343
5537555
5539343
5539773
5540099
5540637
5542521
5542743
5545344
5547614
5549047
5549281
5549831
5551488
5552036
5552929
5553149
5553174
5555107
5556693
5556723
5556967
5559567
5559875
5559894
5560668
5561504
5561702
5561763
5562896
5562990
5563465
5565627
5566556
5567154
5567394
5568041
5568123
5569909
5571586
5571759
5572004
5573000
5573288
5574691
5576239
5576413
5577713
5578699
5578871
5578964
5579589
5580432
5580541
5580601
5581111
5581181
5581402
5583023
5584186
5584266
5584496
5586874
5586934
5588595
5588856
5591114
5592282
5593708
5596500
5596569
5596609
5597482
5598497
5599096
5600239
5602939
5603777
5608804
5612654
5613213
5613850
5614825
5616320
5618034
5619344
5620220
5620749
5621873
5622122
5625814
5626363
5626413
5626683
5627022
5627244
5632725
5634610
5634958
5635414
5637212
5637238
5638198
5638864
5639308
5639812
5640723
5640779
5640845
5641112
5641273
5642187
5642678
5643617
5643844
5645101
5646688
5648844
5649234
5649555
5650178
5650518
5650553
5651608
5655698
5657028
5657609
5658674
5658928
5660795
5660919
5663139
5664191
5664580
5664691
5667625
5668844
5668917
5669338
5671805
5672541
5673907
5673966
5674673
5678862
5679192
5680010
5682291
5683090
5686506
5687030
5687077
5687352
5688267
5688535
5697265
5699377
5701245
5702403
5702749
5702759
5704835
5705072
5705268
5706023
5706070
5706507
5707189
5707796
5708019
5708266
5708444
5715529
5716157
5718558
5719343
5722024
5722673
5723079
5724226
5724415
5724509
5726926
5727869
5729075
5730720
5731220
5731841
5734084
5734093
5734206
5734436
5734988
5736473
5736593
5739411
5740391
5744666
5744819
5748019
5749653
5749657
5749812
5750781
5756800
5756817
5757509
5758168
5758326
5762910
5763155
5764908
5765182
5765239
5765406
5766080
5770924
5773027
5773900
5773963
5774200
5776093
5776428
5776546
5779951
5780343
5781132
5781370
5781810
5782472
5783630
5784381
5785865
5788223
5788424
5789664
5789876
5790892
5791654
5791812
5792969
5793377
5793699
5800465
5802464
5802740
5804605
5805012
5806493
5806854
5807916
5809286
5811786
5811918
5812193
5812376
5813461
5815219
5815394
5815454
5816292
5817341
5818319
5820861
5821211
5821297
5822574
5822624
5823566
5824298
5828684
5828847
5829210
5830724
5831133
5832545
5834087
5834730
5835496
5838589
5839290
5839772
5842064
5844266
5845066
5845944
5846535
5846693
5848518
5848852
5848891
5849328
5850069
5850643
5851391
5851612
5851746
5851818
5851826
5853448
5853628
5853962
5854216
5855839
5856037
5856662
5857055
5857827
5858453
5860190
5861655
5864104
5864426
5865272
5865884
5866287
5867455
5867966
5869842
5870250
5870553
5870994
5872689
5874402
5876417
5876560
5878105
5878279
5879821
5880056
5881050
5881378
5881635
5881824
5884345
5884552
5885927
5888926
5889051
5889133
5889580
5890624
5891145
5891617
5893308
5896303
5896830
5897543
5898311
5902635
5905288
5906734
5909344
5909487
5912977
5913085
5913229
5913671
5913933
5914035
5914055
5914275
5915345
5916394
5916499
5917028
5923436
5924284
5926878
5928007
5931862
5933389
5933657
5934567
5936267
5936520
5938312
5939092
5940615
5942884
5943021
5943292
5943497
5943548
5945579
5946699
5949975
5950126
5950334
5951484
5952050
5952085
5952129
5952316
5952441
5954304
5956836
5957567
5958238
5961326
5961597
5964495
5964832
5965532
5966452
5966621
5966655
5967556
5969168
5969246
5969280
5970352
5971919
5972397
5973592
5973599
5973795
5973881
5974618
5974796
5975418
5975520
5978315
5978470
5978622
5981142
5982324
5982491
5983476
5983485
5984088
5986125
5987116
5987469
5988630
5989247
5990675
5992024
5992249
5992685
5994438
5996589
5997522
5998181
5998222
5998996
5999125
5999323
5999450
6004826
6007159
6009575
6014502
6015081
6018152
6018592
6018594
6018745
6019521
6020401
6024306
6024686
6027981
6028861
6030076
6030408
6031658
6031773
6032416
6036302
6036845
6043828
6044602
6044632
6045360
6045962
6047460
6049880
6051026
6052743
6053015
6053675
6053698
6054359
6054713
6056088
6056632
6057603
6057761
6057785
6058299
6059366
6060636
6061329
6061982
6063602
6063688
6064426
6064671
6065088
6067132
6067746
6068508
6069615
6070249
6073292
6074855
6077163
6077238
6078883
6082425
6083790
6086041
6086110
6087852
6091246
6092848
6097629
6098190
6098826
6098881
6099255
6099659
6102584
6103586
6106141
6107331
6107954
6108748
6110376
6110484
6110885
6113348
6116748
6117161
6118229
6118523
6119287
6120075
6121315
6121882
6122468
6123189
6124391
6127434
6128114
6130024
6130616
6131006
6132443
6132721
6132763
6132797
6132856
6133131
6133189
6133310
6134598
6135495
6135579
6135835
6136745
6136850
6140859
6141700
6142705
6143121
6143123
6143358
6144102
6146430
6146994
6147115
6147524
6147553
6148520
6150913
6152705
6153269
6154863
6155113
6156025
6156544
6157042
6157237
6157654
6158767
6158968
6159900
6160116
6161119
6162233
6162290
6163464
6164486
6164747
6167022
6169879
6172074
6172106
6173077
6177178
6177666
6178517
6179720
6180112
6180400
6181139
6181957
6187008
6188423
6188441
6189235
6190093
6190527
6190604
6190944
6191028
6191849
6192133
6192316
6192788
6193129
6195370
6196072
6196841
6199104
6199362
6203831
6204923
6205660
6205999
6207159
6208282
6210744
6212006
6214495
6215124
6216689
6216717
6218329
6219954
6220013
6220816
6220957
6221881
6221997
6222580
6222691
6222926
6223144
6225058
6228994
6229521
6230276
6231939
6232594
6235095
6236091
6236778
6237082
6237419
6238323
6238450
6238569
6239086
6239887
6241218
6241409
6242248
6242838
6242876
6243462
6245490
6246783
6247434
6247495
6248971
6249666
6251719
6253497
6253685
6255552
6256666
6257258
6257517
6257620
6257802
6258766
6258877
6259606
6259930
6260552
6262174
6262457
6263986
6263990
6264461
6264732
6264855
6265422
6266828
6267192
6267574
6269425
6269709
6270999
6271010
6271875
6272841
6273168
6273263
6274953
6276076
6278359
6279058
6281850
6282755
6283000
6283328
6284697
6286021
6286889
6287366
6290884
6291932
6293350
6295133
6295507
6295801
6296735
6298046
6298527
6298594
6298683
6298975
6299897
6302942
6303115
6303415
6303568
6303993
6304639
6305659
6306041
6306757
6307664
6310582
6310782
6311558
6312129
6312405
6314651
6315175
6315265
6318265
6320358
6320402
6320792
6323612
6323690
6328549
6328749
6331965
6332466
6333125
6333185
6333674
6334190
6334555
6335229
6337161
6338582
6338967
6339370
6340250
6340536
6341232
6341321
6342219
6346541
6348516
6348794
6350517
6351242
6351759
6354693
6354852
6354960
6355351
6355361
6356608
6357226
6358980
6359179
6359487
6359532
6359547
6361004
6361355
6362491
6364443
6365808
6366040
6367231
6367429
6367516
6368241
6371062
6373578
6377504
6377786
6377908
6377947
6379218
6379680
6381284
6381910
6382314
6383051
6385302
6388733
6389340
6389588
6390328
6391021
6393341
6395362
6396334
6396602
6397245
6397254
6397728
6398409
6400146
6401274
6401325
6402874
6403361
6406237
6406401
6406449
6408376
6408646
6410333
6410425
6411043
6411113
6412018
6412582
6412609
6414372
6414927
6415031
6415539
6415823
6419565
6422806
6422808
6423152
6423384
6423554
6428226
6428738
6430530
6431386
6431843
6432114
6432396
6432742
6434430
6434919
6437381
6439468
6441801
6441942
6443006
6443804
6444269
6445376
6445799
6446588
6448703
6449963
6451747
6452001
6452433
6453119
6453701
6454636
6455190
6455862
6458609
6462431
6462440
6462703
6466360
6467342
6467859
6468303
6468897
6470417
6470761
6471541
6471606
6473970
6474363
6475017
6476498
6477015
6477183
6478522
6478728
6479422
6480195
6480651
6482384
6483186
6485085
6485641
6485734
6486033
6488531
6488974
6489167
6489718
6492510
6493150
6494451
6495598
6495760
6497076
6497672
6498962
6499351
6501048
6501946
6502686
6502927
6504543
6505347
6507797
6509119
6509164
6512133
6513657
6513853
6514704
6515636
6516245
6517300
6521027
6523672
6524504
6525007
6532216
6534263
6534515
6534847
6535736
6537818
6537993
6538305
6539189
6540293
6541431
6541643
6543944
6546584
6548619
6549172
6549310
6551889
6552723
6553717
6555009
6556620
6557114
6557395
6558463
6558649
6562169
6564708
6564781
6565070
6565275
6565524
6566322
6569926
6571523
6571650
6574636
6575076
6575540
6578556
6582094
6582432
6583563
6584316
6585297
6586506
6586595
6588247
6588390
6590414
6591631
6592400
6592544
6594277
6596423
6597122
6598764
6599171
6599208
6599639
6599905
6601226
6604113
6605367
6607897
6609736
6611993
6612365
6613727
6615070
6615558
6617279
6617610
6618509
6618768
6621100
6621870
6622200
6622209
6623264
6623610
6623932
6624174
6626634
6626811
6627861
6627923
6628432
6628588
6628904
6629119
6629324
6631667
6633331
6633581
6634635
6635075
6635882
6636152
6636330
6637671
6637828
6638993
6639097
6641816
6641895
6642835
6643040
6645384
6645819
6647139
6647821
6648595
6649685
6650718
6651602
6652514
6652685
6652748
6653430
6653690
6653900
6654138
6656503
6657071
6657822
6659702
6659809
6660152
6661078
6661128
6661202
6661756
6662371
6662538
6664236
6664246
6665033
6665105
6666766
6669755
6669998
6670506
6670904
6671699
6671840
6672743
6672956
6673212
6673778
6673803
6674341
6675018
6676029
6676467
6677617
6677991
6680562
6680795
6681906
6683282
6683887
6684616
6685521
6686165
6686258
6689634
6689716
6690725
6691156
6694534
6694626
6695003
6696182
6698262
6699688
6700173
6700642
6702588
6703332
6703730
6703858
6703888
6706883
6707201
6707546
6707575
6710144
6713840
6714253
6715373
6715892
6716578
6718112
6721346
6721463
6725528
6725551
6725718
6728379
6730278
6730785
6731197
6732054
6732439
6732515
6733262
6733892
6735438
6736562
6736955
6737083
6737181
6737241
6741270
6743855
6746751
6747124
6747341
6747933
6749662
6751501
6752057
6752253
6752521
6753139
6754188
6756674
6758193
6758710
6759995
6760150
6761118
6761340
6764621
6766876
6770888
6771007
6772240
6775458
6778649
6779734
6780132
6780565
6782561
6782594
6782748
6782936
6783186
6783449
6783588
6783784
6784397
6784970
6785413
6786292
6786551
6786656
6787562
6787731
6788820
6789706
6790390
6790530
6790766
6791468
6791754
6792005
6792160
6792227
6794792
6795069
6796609
6798905
6799229
6800796
6802690
6803533
6803952
6804481
6805804
6808742
6809805
6810115
6810130
6810148
6810215
6810325
6810476
6811044
6811523
6813144
6817544
6818202
6819666
6820464
6820953
6821666
6822464
6823313
6826430
6826692
6830409
6830525
6830866
6835841
6836004
6836527
6836715
6839249
6840058
6840379
6840775
6841806
6842047
6842693
6843946
6845623
6846665
6846857
6848786
6849651
6850047
6850652
6852278
6853153
6853194
6853473
6855627
6855687
6857529
6859676
6859867
6862275
6862970
6863401
6864325
6864833
6865507
6866562
6866591
6866804
6867709
6868427
6868475
6870570
6870573
6871117
6871554
6875069
6875402
6875820
6876178
6876242
6876766
6878279
6878830
6879813
6881624
6881736
6881780
6882904
6886348
6886495
6888351
6888645
6889127
6891299
6892050
6894453
6897100
6897144
6897842
6898425
6898946
6898952
6900453
6901232
6902026
6902829
6903191
6904076
6904135
6907352
6907480
6908009
6908499
6909748
6910195
6910279
6911142
6912318
6913048
6914604
6914849
6915990
6916038
6918101
6919130
6919228
6921038
6921095
6921308
6926981
6929396
6929428
6929838
6930734
6931580
6933436
6933545
6933641
6934090
6938083
6939525
6940592
6940936
6943827
6943883
6943899
6944089
6946135
6946768
6948480
6949794
6950048
6951000
6952051
6952172
6953372
6953948
6954381
6954430
6954522
6954531
6954810
6955291
6955518
6955566
6957205
6959456
6961392
6962997
6963886
6963988
6964235
6964261
6964731
6965748
6966796
6967470
6968071
6968632
6968658
6970264
6970372
6971232
6972321
6973350
6973864
6974474
6976253
6978398
6978540
6980943
6981235
6982254
6982776
6984476
6991115
6992876
6993368
6994619
6996448
6996517
6998567
6998942
6999933
7000041
7000488
7001405
7002430
7002920
7006567
7006865
7007018
7011648
7012451
7012461
7012942
7013250
7013654
7014672
7015677
7016177
7017272
7017345
7017505
7018423
7018815
7020300
7021476
7021622
7022173
7023886
7023993
7025072
7026881
7028950
7029497
7030322
7030414
7032701
7035665
7037091
7039703
7040731
7041202
7041416
7041510
7042164
7042530
7045330
7047429
7049639
7049986
7050393
7050782
7051615
7052130
7052325
7052530
7053667
7054458
7054761
7054798
7054910
7058075
7059079
7059329
7059963
7060401
7060615
7061440
7062110
7062896
7063718
7067571
7069196
7069229
7070892
7070901
7071048
7071056
7071242
7072064
7072138
7073781
7074386
7075792
7075991
7076595
7077118
7078384
7079392
7079616
7079780
7079950
7080399
7080832
7082768
7082793
7085291
7085632
7087000
7087791
7087892
7088230
7089137
7090113
7090474
7091088
7091463
7093097
7093790
7096077
7097234
7098960
7098966
7099562
7099672
7100464
7101140
7103558
7106215
7107113
7107711
7108865
7116354
7118321
7120053
7121557
7121798
7122158
7122232
7122287
7122407
7123022
7123881
7124682
7125388
7125640
7126201
7126755
7127092
7128577
7130083
7130085
7131097
7131110
7131999
7132121
7132981
7133120
7133164
7134901
7138697
7139643
7141732
7142942
7143060
7144016
7144609
7145055
7145733
7148323
7148581
7149535
7150192
7150645
7152302
7152334
7152876
7154295
7154413
7154964
7154985
7155246
7156638
7157139
7159182
7160923
7162234
7163574
7164044
7164430
7165660
7166187
7170696
7171598
7171725
7172848
7173003
7173998
7175676
7175679
7177137
7177449
7178346
7178362
7179642
7179757
7180890
7184469
7185581
7189496
7189517
7189627
7190140
7191076
7191960
7192172
7196186
7196562
7198035
7198232
7200862
7202041
7204431
7205665
7209476
7210981
7211173
7211304
7211331
7212370
7213234
7213400
7215097
7216431
7218368
7218426
7220252
7221100
7222118
7223076
7226306
7226592
7227661
7228016
7228020
7228816
7228971
7229577
7230182
7230604
7231712
7235387
7235752
7236125
7236578
7237649
7237754
7237907
7239127
7240360
7240925
7241256
7241427
7241686
7241688
7243188
7245762
7245766
7246075
7247231
7247629
7248429
7249158
7250527
7251220
7251508
7253075
7253197
7254236
7254311
7256100
7256150
7257301
7258240
7258255
7258777
7259214
7262220
7262417
7262595
7263814
7264004
7264797
7265696
7266083
7266367
7267725
7270498
7272163
7272285
7275060
7275967
7277954
7279172
7281338
7283983
7284129
7285922
7286186
7286929
7287263
7287929
7287950
7288472
7290295
7290372
7290771
7290955
7291094
7291810
7292418
7293843
7294796
7295073
7295375
7296337
7297624
7302225
7302771
7303262
7303506
7303708
7303914
7304340
7305069
7305594
7306842
7307856
7307972
7308749
7311603
7313512
7313984
7314034
7315616
7317082
7318427
7319445
7320179
7321741
7323659
7323737
7323741
7323984
7328360
7328512
7330525
7331217
7331312
7332592
7333136
7334202
7335945
7336163
7337187
7339603
7339658
7339857
7340483
7342894
7342919
7343689
7348074
7348492
7349566
7350009
7351792
7351855
7352298
7352628
7352767
7352910
7353524
7354224
7354849
7356047
7356086
7357572
7357740
7359007
7359014
7360579
7362284
7362387
7362627
7363246
7363468
7363954
7364472
7364943
7365438
7367738
7370546
7372785
7373488
7373802
7373960
7374883
7376449
7377039
7379099
7379381
7379616
7379894
7381034
7382322
7382416
7383806
7385969
7386222
7386967
7391296
7391419
7393994
7395163
7395262
7395671
7396802
7397469
7397628
7397865
7399080
7400746
7401941
7406543
7409341
7411756
7414381
7414465
7414876
7415907
7416085
7417246
7417717
7419312
7419375
7421395
7423947
7425672
7425890
7427652
7435958
7437126
7437196
7439593
7439702
7441080
7442554
7445994
7447500
7448102
7448390
7448974
7454258
7456864
7457140
7457847
7458846
7459002
7459073
7459868
7460018
7460397
7460415
7461903
7461922
7463481
7463981
7464166
7465325
7466109
7468131
7468150
7468540
7468669
7468996
7469128
7469168
7469389
7469464
7471824
7471915
7472731
7473168
7474644
7475776
7476163
7477106
7478533
7479891
7480209
7480371
7480938
7484147
7484744
7484960
7488087
7489740
7490103
7493375
7493951
7495137
7496382
7496435
7500053
7503263
7506002
7506117
7507627
7508585
7510317
7511694
7512232
7512292
7515847
7515896
7516156
7516408
7516504
7516993
7519139
7519343
7520241
7520258
7520442
7520556
7521198
7521762
7522367
7523571
7524095
7524321
7525659
7525918
7525978
7527075
7527127
7527661
7528149
7530422
7530503
7531313
7532486
7534070
7534447
7535983
7536772
7537114
7538335
7540084
7542205
7543699
7545785
7547061
7548464
7551243
7551275
7552055
7552334
7553675
7554627
7554677
7555208
7555323
7556097
7558417
7558797
7559110
7560115
7560501
7561209
7562249
7562567
7564992
7565351
7565646
7565856
7565952
7566729
7568919
7569113
7570871
7573021
7574465
7575381
7575453
7575599
7575722
7576439
7578307
7578336
7578475
7580070
7581634
7582265
7584865
7585282
7586479
7586895
7590336
7590619
7590834
7591362
7598501
7598862
7599066
7600506
7600814
7601130
7601397
7601403
7601647
7603808
7604899
7605732
7605736
7605830
7606114
7607334
7607520
7609458
7610557
7610829
7613599
7613962
7615142
7616871
7617098
7617343
7617625
7618526
7619026
7619476
7621780
7622972
7625000
7630647
7631492
7631746
7632019
7632734
7633193
7633412
7633559
7633909
7636345
7636586
7636774
7636991
7637331
7638028
7638486
7639621
7642535
7642972
7644062
7645267
7646248
7646814
7648643
7649759
7650695
7651264
7653935
7654166
7655917
7656182
7656257
7659707
7660982
7661112
7661480
7661884
7663981
7664183
7665727
7668391
7671081
7671929
7674925
7675142
7675371
7676635
7677727
7678182
7678543
7678851
7678930
7679436
7680830
7681358
7684771
7685191
7685352
7685839
7686060
7687149
7687585
7688905
7689128
7692694
7692825
7693619
7695159
7705506
7707387
7707566
7708014
7708322
7708987
7709352
7710559
7711543
7712261
7712460
7713355
7713916
7714169
7714625
7715304
7715741
7716817
7717195
7718153
7718553
7719030
7719099
7722384
7722890
7723267
7723378
7723714
7724476
7725142
7726031
7729745
7730911
7730973
7731154
7733470
7733625
7733950
7734030
7735098
7736209
7736863
7738756
7739258
7739822
7743015
7744254
7744500
7746289
7746396
7746686
7747671
7748356
7749881
7750044
7750045
7750770
7751181
7751525
7751667
7752353
7752858
7756395
7760286
7760327
7762036
7762203
7763001
7763062
7763583
7764678
7765136
7765299
7766473
7766756
7768372
7771003
7772580
7772715
7774468
7774672
7774717
7775055
7775460
7775497
7777111
7777369
7778264
7778908
7779366
7779909
7780857
7782927
7784176
7785992
7785995
7786248
7786908
7787761
7790278
7790685
7790854
7790973
7793302
7793516
7794675
7794826
7795856
7795944
7796105
7796728
7796774
7797849
7799216
7799565
7802570
7803790
7804656
7805659
7805763
7806101
7808444
7808456
7809883
7810010
7810420
7813605
7815401
7815406
7816255
7816603
7817479
7817878
7818251
7818559
7818975
7819164
7820528
7822411
7826390
7827822
7829062
7829563
7831093
7832520
7834130
7834820
7834938
7835339
7836628
7836742
7837796
7838044
7838376
7838877
7840967
7842508
7842615
7842855
7843479
7844317
7844654
7845025
7845800
7847005
7847132
7847203
7848935
7849378
7850842
7851766
7852929
7853862
7855060
7858136
7858502
7859221
7859268
7859763
7861054
7861598
7862001
7864445
7865455
7868956
7869039
7869819
7869957
7870400
7871204
7871281
7875044
7875358
7876373
7876626
7877216
7878571
7878602
7878783
7880487
7881358
7882596
7883027
7885864
7886689
7887703
7888297
7891315
7891795
7891854
7892284
7895243
7895905
7895970
7896168
7898235
7898791
7899198
7900250
7904390
7904737
7905439
7905735
7908346
7908484
7908983
7909230
7909343
7910329
7912403
7912562
7913205
7914827
7915009
7915383
7915806
7917678
7919214
7919462
7919482
7921390
7922943
7922954
7923698
7924247
7924333
7925456
7926659
7927885
7928717
7929788
7930867
7930940
7931945
7935902
7937173
7938935
7939431
7940042
7940759
7940774
7940866
7942288
7942831
7943106
7944030
7945516
7945585
7947338
7948489
7948837
7949062
7949701
7950188
7950759
7952866
7953409
7955343
7955938
7956379
7962183
7962777
7963265
7963727
7965229
7966302
7966333
7966782
7968013
7969292
7971892
7972379
7972784
7972813
7975149
7975569
7976178
7976352
7976459
7978389
7978777
7979801
7981812
7981988
7984783
7985241
7985594
7985745
7987532
7988410
7988494
7988971
7989772
7991361
7991813
7992466
7992937
7993554
7994365
7994740
7996446
7997760
7998562
7999358
7999952
8000490
8002083
8002483
8002878
8003617
8003621
8004435
8004495
8005185
8007610
8007841
8008807
8010884
8011012
8011242
8011672
8011859
8012270
8012561
8013182
8013442
8013554
8013635
8014912
8015630
8015872
8016643
8018146
8019785
8020548
8020972
8022167
8023140
8023558
8023721
8024466
8025916
8028364
8030844
8031101
8032148
8032258
8032347
8032400
8033263
8036285
8038759
8039448
8040026
8044460
8046754
8047005
8047320
8047628
8049020
8050988
8051078
8052178
8055450
8055778
8056569
8059059
8059733
8061244
8061787
8062499
8063336
8064584
8064662
8064958
8064985
8065466
8067700
8068393
8069518
8069916
8070014
8070648
8071477
8071734
8075509
8076369
8076943
8078086
8079078
8080055
8080268
8080610
8081447
8082325
8083070
8083132
8086324
8086350
8089991
8090214
8090833
8093752
8094442
8094771
8095527
8096887
8097680
8098229
8098793
8103673
8104532
8105147
8105413
8105456
8105763
8106069
8106144
8106388
8108910
8109242
8109747
8111954
8112075
8112911
8115457
8115594
8115744
8116076
8116368
8117322
8117704
8118393
8120102
8120439
8121132
8122045
8125146
8126032
8126915
8126995
8127828
8129184
8130732
8130863
8132407
8135062
8135109
8139209
8141949
8144093
8145351
8147822
8148837
8150476
8150775
8153023
8155076
8157191
8158299
8158554
8160183
8160801
8161035
8162226
8163742
8168637
8168685
8170715
8172750
8176189
8177295
8179026
8179034
8179204
8180604
8181208
8181280
8182352
8182364
8182747
8183130
8183254
8186756
8187013
8187447
8188281
8188525
8189274
8191027
8192616
8192909
8192996
8193043
8194899
8194981
8195164
8197211
8199033
8199953
8200671
8201611
8202062
8203909
8205718
8209540
8209726
8209887
8210304
8210794
8211126
8212617
8214867
8216542
8217066
8217524
8217571
8217830
8218454
8220841
8221716
8221741
8224304
8224459
8225007
8225140
8225650
8225831
8226042
8226320
8226479
8229418
8231185
8232017
8234001
8238398
8242295
8242770
8243260
8245517
8246083
8251260
8251355
8251710
8253558
8254847
8255285
8255450
8255511
8255814
8255974
8256461
8258530
8259040
8259131
8259815
8260164
8260387
8264385
8265189
8265319
8266299
8266416
8266718
8267152
8267212
8267390
8268710
8269070
8269544
8269980
8270098
8271564
8275740
8277003
8277740
8277791
8277797
8278113
8278922
8279661
8284628
8284701
8286128
8287257
8287840
8288897
8289136
8289897
8289953
8290947
8291754
8294057
8294435
8295197
8295483
8295653
8299763
8304870
8305974
8306699
8306834
8306960
8307254
8308665
8308998
8310284
8311025
8311529
8314100
8314787
8314872
8318550
8320118
8320827
8321171
8322215
8323934
8324301
8325580
8325602
8326418
8326945
8326993
8327196
8327295
8327468
8327568
8327847
8330420
8331239
8333183
8333349
8333554
8333975
8334830
8335591
8335731
8337298
8338563
8341142
8341893
8342346
8342362
8345107
8346090
8346827
8347534
8348642
8349165
8350672
8352643
8354052
8354393
8354395
8357474
8358021
8358859
8358936
8361922
8362974
8363336
8364664
8365634
8367288
8367386
8367715
8368225
8370924
8371444
8371490
8372227
8373281
8373848
8373923
8373971
8374017
8375218
8375843
8376118
8376201
8376534
8377609
8378168
8379420
8379482
8380593
8382710
8383334
8384077
8384420
8384650
8386471
8387089
8387512
8388512
8389191
8390431
8391340
8399507
8400079
8400775
8401318
8402273
8402283
8402610
8403134
8404152
8406944
8409593
8412740
8413238
8414183
8415054
8417831
8418045
8418833
8420557
8421102
8422612
8422817
8423104
8423330
8426501
8428564
8428587
8428615
8429242
8430167
8430565
8431478
8434931
8435349
8437434
8438026
8438801
8439555
8439871
8440194
8443024
8444354
8444608
8444929
8445687
8445831
8446047
8446082
8447088
8447117
8448323
8448524
8449063
8449794
8450090
8450194
8450222
8450406
8451481
8451983
8452126
8452646
8453391
8454194
8455064
8455562
8456692
8457030
8457888
8458250
8459363
8459972
8461167
8461683
8462487
8463315
8463984
8464582
8465437
8465795
8467580
8467662
8468920
8471098
8471417
8472085
8473222
8473275
8473396
8475707
8475967
8476326
8476960
8478404
8479438
8480041
8480848
8483898
8485234
8485997
8486552
8489208
8489267
8489956
8492026
8492507
8492626
8493207
8495343
8495895
8497901
8498422
8500543
8501923
8502441
8502593
8503683
8507768
8508373
8508537
8511329
8511697
8512233
8512277
8512436
8513579
8513983
8514905
8515642
8515764
8516716
8516898
8517749
8517808
8517931
8518963
8519029
8519571
8520487
8520995
8522071
8522234
8522505
8522939
8522964
8523055
8523324
8523482
8525430
8525617
8526574
8526902
8527285
8528143
8529890
8531606
8532292
8532513
8533091
8533706
8536212
8536348
8536916
8537658
8537716
8537815
8539530
8539619
8539682
8540464
8541182
8541248
8542367
8542566
8545757
8545864
8546583
8547227
8548013
8551268
8551767
8552419
8553141
8553484
8554098
8555217
8555220
8556246
8557788
8559498
8563416
8564723
8564876
8565977
8566569
8567096
8568388
8568400
8569214
8572099
8572287
8574442
8575053
8575261
8576200
8578514
8578577
8579191
8579309
8582764
8583733
8586323
8588192
8589277
8590744
8591621
8592241
8593883
8595027
8595397
8595817
8597351
8598528
8598865
8598938
8599002
8600027
8600172
8603032
8604563
8604726
8604919
8605618
8606457
8606856
8606886
8607813
8608589
8609064
8609345
8609441
8609967
8610940
8611854
8612978
8613941
8614817
8615443
8617286
8618869
8619407
8620533
8623721
8624433
8624924
8626630
8626881
8627237
8627401
8629391
8629473
8630838
8632058
8637225
8637850
8638403
8638892
8640474
8642888
8643174
8644684
8644782
8644826
8645363
8645379
8648503
8649027
8649194
8649792
8650945
8654309
8654714
8654997
8655080
8655845
8655989
8659914
8660593
8664404
8665336
8666029
8667118
8667360
8668607
8669127
8670099
8671489
8672240
8672604
8674628
8675404
8676314
8678012
8678434
8679923
8680620
8685066
8686365
8686548
8689494
8690143
8690775
8691029
8691497
8692665
8693326
8694005
8695661
8698362
8698978
8699599
8700332
8701459
8702009
8702774
8703594
8703610
8703825
8704494
8705809
8707029
8708419
8709556
8710031
8710354
8713307
8713727
8714856
8716326
8717448
8718169
8719187
8719568
8723674
8725031
8725609
8728068
8728511
8728600
8729691
8730221
8730511
8732253
8732696
8733060
8733066
8733743
8734186
8734375
8734646
8735679
8736194
8737284
8737376
8737389
8738715
8739444
8740152
8744314
8745078
8745735
8746089
8746739
8751566
8752364
8753257
8756030
8756427
8758894
8759114
8761777
8763942
8764904
8765180
8765598
8765975
8766216
8766530
8767261
8768871
8769010
8769380
8772303
8772316
8772666
8773135
8774927
8776534
8776763
8777239
8778171
8779096
8782169
8782184
8782276
8782302
8782931
8784138
8784742
8785410
8786428
8786697
8788017
8788070
8788131
8789059
8789780
8790889
8791135
8791623
8791961
8792218
8797420
8797468
8797471
8800465
8803317
8804599
8806106
8808913
8808975
8814597
8815405
8817155
8817585
8818178
8818659
8819425
8820209
8820268
8821871
8822694
8823469
8823934
8824507
8825694
8825843
8830532
8831059
8833652
8834845
8835271
8837533
8838523
8839667
8841363
8843460
8844354
8844440
8845602
8846465
8846753
8847019
8847041
8848253
8848592
8848637
8849020
8849867
8850533
8851596
8853074
8854204
8856071
8856399
8859184
8860897
8862800
8864321
8864892
8868650
8871647
8874577
8874601
8875604
8876367
8876407
8876413
8877185
8878445
8878867
8879940
8880422
8881333
8882103
8882245
8884094
8888950
8888964
8889842
8889909
8890650
8891047
8891410
8892074
8892549
8892847
8896041
8896823
8896852
8897038
8901093
8902390
8905315
8905986
8906644
8907865
8908117
8910392
8911520
8912612
8914394
8918630
8919367
8921906
8922298
8922789
8924239
8926394
8931332
8934451
8935101
8935184
8936423
8936438
8936735
8937651
8938431
8938966
8939857
8942154
8944245
8944765
8946169
8946475
8947829
8948532
8948832
8951859
8953441
8954617
8955593
8956288
8956954
8957026
8959290
8959980
8961439
8963107
8964463
8966086
8968632
8969387
8969620
8971998
8973789
8974149
8974379
8974877
8975187
8975564
8975799
8975903
8976013
8976028
8976628
8976708
8976728
8978216
8978643
8979820
8981887
8982127
8984155
8987425
8987713
8987879
8988941
8988998
8991415
8992471
8992967
8995838
8996726
8997916
9000219
9000420
9000636
9000935
9002294
9002583
9004265
9005200
9005569
9005844
9005948
9007513
9008570
9008772
9009934
9009995
9010674
9010776
9012014
9012592
9013281
9013463
9015570
9016695
9016912
9017470
9019305
9020019
9020082
9021660
9021869
9023869
9024665
9025497
9026810
9027265
9029187
9029856
9030228
9030877
9031098
9031745
9034903
9035274
9035565
9035726
9039371
9041432
9041610
9042075
9042096
9043891
9044094
9045062
9046141
9047386
9049380
9051194
9051548
9052693
9052746
9053817
9054281
9054586
9055345
9055447
9055590
9055773
9055939
9056023
9057019
9058743
9058773
9058906
9059476
9059697
9063395
9065938
9066344
9067460
9068236
9068300
9069677
9073311
9074215
9074487
9074864
9076253
9077774
9078607
9079484
9081108
9081412
9081537
9082482
9083170
9084124
9084444
9085443
9086744
9087067
9087200
9087676
9089762
9092146
9094051
9094930
9096206
9098824
9100042
9101030
9101143
9104050
9107280
9107988
9109709
9111499
9114334
9114724
9115258
9115366
9119440
9121301
9122200
9122439
9122894
9122906
9122926
9122964
9123423
9123438
9123677
9126535
9126848
9127778
9128285
9128332
9128393
9129815
9130418
9130891
9134983
9135383
9135974
9137409
9140198
9140517
9141268
9142402
9143211
9144657
9144868
9145496
9145751
9147295
9147943
9150156
9151131
9151690
9151834
9152880
9153628
9153670
9153827
9154302
9155151
9155527
9156123
9156988
9157080
9157149
9158184
9158194
9159617
9161677
9162029
9162407
9162730
9163528
9165284
9166085
9172154
9172433
9174409
9174854
9177168
9177566
9177939
9178702
9179624
9179974
9180752
9181314
9182635
9183599
9187087
9188165
9188554
9190529
9191975
9192760
9193685
9194251
9194813
9196077
9196596
9196861
9199433
9201364
9202337
9203538
9203845
9205620
9206350
9207668
9208057
9208426
9208845
9208857
9209436
9209902
9210199
9211099
9211444
9212243
9214476
9215439
9216205
9217039
9221124
9222136
9222325
9224074
9224915
9224952
9227750
9227759
9227857
9228473
9229349
9229707
9229810
9230281
9230880
9231911
9232109
9233374
9234241
9234486
9234563
9236515
9237396
9238570
9239501
9247134
9248889
9249108
9249949
9253628
9254317
9254444
9256873
9258362
9259127
9261325
9261685
9262044
9262561
9262651
9265461
9265908
9266981
9267247
9267538
9268641
9269308
9272341
9273425
9273576
9273845
9274039
9274082
9275445
9277080
9278510
9278691
9278931
9281899
9282449
9283041
9285770
9285829
9286329
9287262
9287361
9287471
9287733
9288593
9289414
9290138
9290601
9291523
9291847
9292770
9293969
9294058
9294699
9296834
9297570
9298044
9298749
9300706
9301249
9301257
9302650
9304664
9305631
9308548
9310447
9310545
9311499
9312311
9312357
9312375
9312438
9312522
9312596
9314427
9316784
9318234
9318508
9318731
9319449
9319717
9319741
9320403
9321346
9322867
9323601
9323709
9324310
9325987
9329656
9329684
9329941
9332163
9332254
9333008
9333258
9333728
9333766
9336172
9337096
9337342
9337583
9337763
9338736
9343595
9343670
9344784
9346379
9346551
9348128
9349578
9351056
9352263
9353292
9354684
9354722
9354860
9356037
9356449
9357101
9357195
9361237
9361702
9361859
9361989
9363250
9363880
9365133
9367885
9368204
9368448
9368731
9369769
9371803
9371871
9374180
9374341
9374943
9375239
9376060
9378277
9378484
9379313
9379997
9381223
9381621
9381952
9382167
9383686
9383744
9383761
9385323
9385925
9386618
9386676
9389330
9389641
9390306
9393499
9396249
9396657
9397953
9398362
9399633
9400055
9402617
9403017
9405407
9406477
9406791
9408527
9409355
9411715
9413117
9416378
9417004
9417529
9417818
9417924
9418419
9419069
9419255
9419414
9421492
9422646
9423969
9426396
9428816
9429609
9429729
9429864
9431090
9431764
9432751
9433290
9433572
9433866
9433961
9436375
9436410
9437961
9440970
9446340
9447645
9448621
9451218
9451675
9456263
9456710
9458996
9460420
9460648
9462093
9464229
9465733
9466459
9466496
9466969
9467028
9467284
9467297
9467654
9467735
9467898
9469208
9469372
9469694
9470109
9471585
9472985
9473189
9473270
9475194
9476882
9477764
9478239
9480371
9480588
9481935
9482765
9484951
9488081
9489018
9489058
9489735
9489900
9490718
9491624
9492253
9492783
9495509
9497287
9501071
9501662
9503709
9503741
9503910
9505574
9506047
9507608
9508064
9508248
9509664
9511656
9512061
9512204
9513695
9514616
9515661
9517590
9518141
9518316
9518573
9521228
9522568
9524575
9525599
9526681
9527878
9530836
9532117
9535057
9538078
9538609
9539384
9540413
9541861
9543092
9543936
9544092
9547512
9549512
9551760
9551949
9553226
9554952
9555931
9556710
9557325
9557761
9558255
9558927
9559103
9560612
9560631
9563118
9563706
9564975
9565713
9566508
9568017
9568356
9568626
9568749
9569372
9571928
9572585
9575798
9576152
9577153
9579573
9579665
9583725
9585325
9585473
9587625
9588115
9588468
9588769
9589155
9589474
9589622
9590766
9590772
9591380
9591976
9593064
9593732
9594638
9596205
9597646
9598302
9598694
9599189
9600159
9600866
9601028
9602081
9602897
9603688
9604438
9604539
9604691
9605631
9606502
9606710
9607725
9607772
9608019
9609318
9609545
9610258
9611962
9612336
9612437
9612497
9614265
9617671
9618270
9621702
9621774
9622261
9622466
9623285
9624682
9624915
9624988
9625333
9627601
9627671
9629387
9630168
9630511
9634072
9634450
9634541
9637795
9637879
9638985
9639604
9640628
9641431
9643293
9643757
9646901
9648495
9653057
9653096
9654757
9654845
9656091
9656391
9658529
9659607
9661041
9662260
9662864
9664478
9665898
9667279
9667299
9669713
9669812
9670688
9672339
9673214
9673936
9677922
9678745
9679674
9680508
9681172
9682028
9682112
9682220
9684790
9686945
9689284
9689968
9690261
9690320
9690375
9690477
9692602
9693909
9695724
9695957
9697055
9697469
9697979
9699483
9700461
9700535
9700865
9701640
9704672
9705417
9705780
9706891
9708098
9708618
9708640
9709092
9709424
9709968
9710281
9711534
9711789
9713192
9714873
9715399
9715985
9717577
9718099
9719362
9719665
9719684
9720363
9722231
9723891
9724416
9724764
9726110
9726469
9731862
9732118
9732708
9732951
9733890
9735062
9735182
9735284
9736834
9738588
9738607
9740505
9740644
9740956
9741978
9743236
9743345
9743740
9744025
9745913
9749547
9751903
9752507
9752749
9753189
9753973
9754216
9754721
9759959
9760301
9760789
9761031
9761495
9761674
9768237
9771916
9772993
9774710
9778062
9778505
9779196
9780432
9780860
9781217
9781253
9782830
9783468
9783582
9783601
9785690
9786421
9789578
9789598
9789691
9789767
9790151
9792044
9793697
9794236
9795683
9796405
9798834
9801108
9801261
9802221
9805127
9807155
9807760
9811126
9812252
9813156
9813178
9813217
9813445
9814326
9815593
9816053
9816600
9816876
9816905
9817963
9820102
9822996
9823024
9826732
9827573
9829492
9832011
9832344
9833213
9835308
9836218
9837749
9838960
9839037
9841619
9843017
9843204
9843266
9843986
9844884
9845499
9847557
9847945
9848673
9849108
9850291
9851262
9851559
9852194
9855287
9857788
9860487
9860886
9861923
9862877
9864913
9865355
9866136
9866450
9866980
9867193
9867690
9867871
9867970
9868127
9869937
9872361
9872694
9872807
9873396
9874309
9875727
9876155
9876839
9877887
9878537
9879902
9880835
9881097
9881259
9881847
9883675
9884493
9885326
9886156
9886989
9887315
9890883
9891559
9893166
9896547
9897521
9898704
9899070
9900395
9901277
9901319
9902082
9903237
9903616
9905204
9905881
9906548
9907296
9908012
9909359
9910499
9912402
9913083
9918216
9918386
9918679
9920742
9921012
9921734
9922149
9924152
9925249
9925888
9926623
9926847
9927750
9927821
9928014
9929939
9930397
9930773
9931099
9933155
9933906
9933931
9934822
9935252
9935316
9936651
9938183
9938914
9939950
9941097
9941541
9943057
9943963
9944165
9945178
9945742
9946574
9947139
9947175
9947253
9949423
9949796
9950569
9952691
9953081
9957666
9957688
9960797
9961096
9962288
9963187
9964095
9964892
9965371
9966871
9970252
9971823
9972390
9972951
9974749
9975750
9976264
9976780
9977987
9979971
9980126
9982134
9982263
9983736
9984010
9986768
9987697
9987805
9988805
9991088
9991372
9992169
9992534
9994189
9994303
9994325
9994727
9996389
9997584
9999273
9999695
