1749
3504
4411
5563
5609
5829
5867
5969
5976
6981
8287
8550
8984
9377
10866
11125
12962
13293
14345
14815
17001
18011
18588
19045
19361
19596
21564
22448
24927
25649
26048
27220
27372
29849
30684
30751
31018
31144
31893
33036
33769
34121
34585
34797
36086
36277
37037
38202
38241
39738
41678
42822
44459
45119
45294
45753
45810
48673
48991
49715
50658
51742
51950
57480
57686
58082
58213
58470
59648
61529
62602
66429
67374
68729
68957
71208
75743
81266
81889
82530
82761
84738
85676
88620
89522
89607
90473
90550
90776
91960
92590
93082
94062
94081
94201
94249
95344
99761
100287
100535
103398
104321
105172
105380
107366
107550
108476
108920
109741
114350
114415
114915
115330
115661
115759
118918
119567
120359
121432
123973
123995
124418
124615
125930
126321
126947
127304
128949
129114
130548
131052
133044
133229
133864
133978
133984
134319
135225
138903
139219
139368
139379
139966
140026
140753
143796
146418
149241
152935
153774
153785
155126
155694
156329
157065
158421
159542
162274
162803
164921
165928
166267
167489
167719
168361
172357
172586
173963
174272
174482
176034
176250
176549
177834
178383
178696
181082
181564
183238
183432
184213
184507
185659
185952
186047
188825
190144
190164
190901
191380
191793
192600
193378
193844
194187
195776
196933
196971
197462
197743
198548
198870
199311
199376
199835
199993
201257
202703
203668
204998
205483
206034
206084
208054
210570
211195
213079
213679
214545
216847
217060
217189
217341
217616
218988
219620
220208
221531
221560
221800
222916
223242
224156
228359
230112
230613
231366
231432
231471
231671
233012
234614
234944
238026
241401
245915
246747
246802
247553
248681
249376
249387
249750
249863
251998
253406
253721
254565
254896
255074
257868
258496
258617
258815
260458
260470
260553
261942
263132
264921
265601
269525
271228
272578
274401
275036
275064
275736
275869
277424
278766
280025
280510
281487
281546
281674
282472
282965
284497
284625
285736
286098
287196
287861
288542
288575
289520
290679
290723
291123
291505
292087
296692
297921
298328
298462
299264
299540
300594
301909
301968
304139
305991
306218
310326
311856
311935
318215
319051
320085
321253
321479
321713
321908
323304
323877
324775
326364
326817
326867
327988
328907
328962
329304
330016
330058
330105
330338
331926
332378
332760
334495
335506
337546
339547
342762
342778
343342
344112
345785
346344
347196
347625
351138
351444
352057
352092
354612
355238
355788
355887
356739
358352
359389
359882
360584
360912
361780
361806
362202
362336
362651
363397
363656
363916
365081
365131
366422
366582
367788
367870
369675
371349
372412
372616
372939
375373
375590
379444
380262
381341
382368
384918
385473
385515
387481
388974
389324
390065
391016
391962
392923
393834
396616
397370
398866
402670
403344
403664
405269
405426
405914
406008
407210
407927
408401
410327
412310
412883
413900
415596
419358
421281
421365
421506
422136
423450
423652
424046
424560
425530
425671
427305
427553
429023
429167
429874
430654
437252
438050
439899
440523
443608
443611
443774
444040
444468
444931
445215
448621
449668
450185
450402
450945
451042
453409
455091
455404
455750
457210
457458
457795
457882
459520
460618
462231
462501
463637
464684
464723
465803
466668
466923
467348
472077
473142
474836
475282
478825
479212
479467
480035
482670
483843
483925
484572
484739
486082
487852
488045
488444
488769
489663
489826
490744
490954
491174
491554
493019
493772
494584
495074
498014
499193
499693
499794
501341
503544
503994
504585
506128
508783
509422
512675
514841
515764
516579
516796
517129
517317
523078
524949
525979
526773
528373
528685
529567
529637
529842
529991
530009
530993
531009
531349
531463
531486
532180
534023
534978
535233
535402
535588
536098
536244
537737
538108
538355
539306
541996
543139
543951
546111
547376
549372
551821
551832
552207
552698
553227
555960
558048
558560
560461
560835
561147
562464
564489
565998
567229
568930
570926
573136
575436
575513
575622
576487
576740
577772
578082
578216
579194
579364
580372
581076
582059
582520
582542
583446
584028
584830
585905
587527
588305
588483
589307
589422
589667
590106
591069
591774
591822
592002
594146
595053
597158
597349
597536
597584
600759
601503
601552
601594
601798
602006
602342
603122
603426
604497
605251
605426
605917
606563
607550
607680
607842
608346
608857
609283
611372
611659
611945
612140
615150
615976
616756
618008
621485
622013
622666
622995
623571
624222
627753
629511
629961
631850
639115
641841
641910
642157
642216
642552
642897
643014
643389
645393
646686
646920
648260
650925
651252
651790
654410
655233
655340
655628
655926
656240
656348
658330
658583
658776
658914
659132
659407
659616
661297
662483
663171
663911
666604
669044
670402
670605
670965
671214
671359
671739
672471
673088
673316
674462
676732
676757
677954
678317
678735
680599
681123
681143
681867
682082
682246
683285
684798
686420
686981
691592
692349
693125
693705
693736
694517
694943
698268
698716
698776
700031
700983
702279
702444
702706
707456
708346
709143
709399
712352
712706
712716
714631
715144
716070
717537
717739
717962
718829
719336
720562
721019
721142
721167
723952
724086
724422
724656
726079
726391
727028
727801
728849
729723
731259
732679
733414
734072
734538
734972
737996
738143
740145
741840
742593
747141
747235
747311
747355
747627
750418
751591
752288
755705
758795
758966
761502
763190
763387
763803
764488
768670
768885
768965
770071
770161
771442
772478
772988
774556
774659
774797
775186
777290
780360
781361
781729
782228
783725
785365
785980
786333
789194
789515
793130
793540
793667
793693
793879
794779
798352
798689
799841
799975
800318
800958
803269
805438
805476
806329
809091
809159
813378
813966
815920
816599
816989
818031
818694
819103
819818
820979
821532
821535
821938
824518
827138
827439
831431
831446
833099
833917
834631
835432
835675
836612
836742
837204
837914
837949
838952
839743
840418
840612
840693
840815
841579
841671
841978
842625
844040
844408
844991
846627
846675
846819
846870
846942
847643
848582
848829
849310
851473
851563
851885
852726
853739
854742
856969
858222
859639
859876
860095
860976
862793
863823
863878
865212
865722
865964
868296
869210
870107
870198
870365
871500
872958
873383
873527
875625
876067
876752
878906
879594
880127
880200
880890
881642
881786
881816
882542
885250
887062
887989
888146
889453
889776
890839
891436
893651
893866
895033
895142
898062
900126
900811
902104
902239
902429
903889
905631
907492
909265
910686
911279
913505
916416
916767
916803
919673
921425
922207
922999
924015
924398
924688
927120
927889
928392
928782
929910
930536
931437
933216
933906
934038
934227
934653
936048
936094
938391
938905
940226
942260
942377
945120
945725
945813
946569
947253
948325
948774
950136
950171
950899
951018
951777
953795
954194
954501
954782
955084
955905
956048
957303
958066
959168
962602
962603
962747
963043
964347
965550
966540
968189
968254
969660
970153
970248
972002
972137
973225
973507
973810
974136
978131
978508
982926
983337
984595
988757
989916
990571
991048
991543
991973
998491
998720
999435
999797
999862
1000339
1001322
1001327
1002881
1004359
1005240
1009517
1012257
1012301
1013662
1014368
1014885
1018746
1019317
1019633
1021241
1022677
1023767
1024289
1024877
1025967
1026185
1026619
1027328
1027449
1029233
1029671
1031428
1032755
1033136
1034392
1040803
1041741
1042275
1044521
1047980
1048655
1050217
1051543
1053232
1054135
1054315
1056470
1057014
1057296
1057974
1058281
1058637
1059640
1059665
1059740
1061254
1061299
1064001
1064479
1065643
1066360
1066417
1067095
1067502
1067524
1068678
1068791
1071053
1071303
1071358
1071413
1072104
1072255
1074774
1075465
1078546
1080030
1080524
1081292
1081615
1082304
1082325
1082788
1084173
1086293
1086583
1086759
1087445
1088048
1089123
1091929
1091984
1094324
1094868
1095092
1095161
1095702
1096239
1097118
1100310
1103734
1103904
1104187
1104838
1105209
1105933
1106950
1107077
1109870
1110496
1110818
1111953
1112094
1112369
1112682
1113874
1114135
1114244
1114665
1115421
1116077
1116248
1117752
1117811
1119839
1121221
1121578
1123312
1125343
1125405
1125573
1125705
1126301
1126612
1127960
1128273
1128450
1128672
1130067
1130722
1133170
1133669
1134467
1134847
1136273
1140475
1145145
1145643
1148103
1148199
1148472
1149830
1150922
1152147
1152208
1156646
1156715
1157017
1157852
1159763
1159851
1160289
1161435
1161762
1162012
1163520
1165893
1166189
1167047
1167446
1169229
1171530
1171566
1172958
1173011
1173286
1173463
1175404
1175976
1176202
1177828
1182032
1183457
1184214
1184945
1186229
1188063
1189579
1192730
1193628
1193635
1197866
1198181
1198273
1198716
1200303
1200624
1201662
1203062
1203693
1204525
1205095
1207105
1207331
1207485
1208065
1209366
1211200
1211390
1211476
1211924
1212822
1212899
1214964
1217421
1217531
1218762
1223624
1228345
1229753
1230118
1230276
1230363
1230829
1232293
1233100
1234015
1234425
1235651
1236155
1238908
1238982
1239433
1239780
1240872
1241510
1243609
1244459
1245359
1247658
1248161
1248521
1250609
1251365
1252111
1252770
1252979
1255173
1255679
1256281
1259530
1261318
1261458
1261926
1263301
1263542
1263944
1265128
1265388
1265893
1267597
1268293
1268359
1269272
1270100
1270843
1270876
1270923
1271167
1271453
1273985
1274656
1274821
1275137
1275646
1275989
1276639
1277196
1280203
1280718
1280808
1284030
1284046
1284427
1285075
1287789
1287851
1291059
1291323
1293520
1293765
1294007
1294696
1294884
1295681
1298171
1298859
1299855
1300815
1301540
1302219
1305932
1306174
1306259
1308358
1308691
1310432
1310750
1310763
1312440
1312483
1317113
1319045
1320694
1321561
1322881
1323502
1324590
1324760
1325228
1325272
1325876
1326484
1327605
1328275
1329216
1330142
1331245
1331391
1334212
1334284
1334364
1336004
1337551
1337611
1340381
1340917
1341397
1342458
1342816
1343988
1345199
1345801
1346613
1346655
1347898
1347922
1347923
1348100
1348329
1348608
1349536
1352035
1352820
1356562
1358568
1359921
1360995
1361308
1361402
1362142
1363763
1364713
1367074
1367168
1368395
1368894
1369207
1370118
1370808
1371380
1373576
1376087
1377611
1378906
1380218
1380377
1380692
1381046
1382616
1383925
1384713
1385851
1386157
1386722
1386818
1387274
1388206
1389215
1390830
1390973
1391518
1393888
1394902
1397875
1397914
1398688
1398903
1402053
1403061
1403336
1403473
1404084
1404460
1404931
1406288
1407793
1407875
1408242
1408567
1410637
1410759
1410912
1412312
1413428
1416009
1417537
1418684
1420397
1421671
1421812
1422994
1427285
1428072
1430749
1430992
1431797
1432313
1432341
1433460
1434283
1434951
1434977
1436735
1438354
1440042
1440357
1440417
1440426
1441397
1442113
1443138
1443682
1444774
1446105
1447721
1448851
1449857
1450219
1450707
1451512
1452609
1453213
1453969
1454432
1455971
1457233
1457521
1457694
1459008
1461376
1462332
1463472
1463835
1464927
1466171
1467624
1468080
1468459
1469457
1469957
1470323
1470361
1470666
1472349
1472518
1472663
1473641
1474482
1475413
1479136
1479226
1481312
1481501
1483313
1483917
1486295
1486863
1487022
1488022
1488145
1489255
1489736
1489983
1490624
1490857
1492410
1493931
1496008
1496070
1496728
1496773
1497615
1497662
1497726
1499101
1500235
1501165
1502673
1504197
1504888
1509247
1509983
1510562
1510972
1511287
1511389
1512262
1512482
1513471
1516089
1518927
1520671
1522422
1522743
1523188
1523215
1524343
1524921
1524991
1525654
1525764
1527185
1529729
1530369
1531066
1531589
1532767
1533270
1535537
1535891
1536305
1536728
1537386
1539259
1540972
1541165
1541248
1541705
1543918
1544002
1544210
1545907
1546465
1547258
1548524
1548611
1550501
1550855
1550938
1551184
1552598
1552683
1552916
1553420
1554894
1556073
1557218
1557808
1559086
1559247
1560355
1560386
1560945
1562534
1562559
1563153
1563412
1563774
1563826
1563841
1564030
1565376
1567067
1567574
1571080
1573139
1573188
1573204
1573800
1575193
1575575
1580310
1580615
1580911
1581176
1582522
1583978
1584003
1584151
1585075
1585343
1585628
1588267
1590795
1590991
1591012
1591290
1592419
1594841
1595034
1597233
1597527
1597774
1597798
1597960
1599534
1600230
1600719
1601251
1602364
1604672
1607404
1609248
1610161
1617766
1618871
1619265
1620761
1622077
1622808
1622955
1623554
1624498
1624539
1624651
1625277
1625800
1626470
1626866
1627035
1628434
1628569
1628736
1629481
1630098
1630221
1630417
1630895
1636214
1637464
1638450
1639320
1639924
1640541
1640961
1641033
1641682
1643046
1643079
1644017
1644138
1647808
1648013
1648548
1648628
1648920
1650475
1650862
1651480
1653620
1654355
1657086
1657265
1657271
1657320
1657701
1658756
1658875
1659442
1660376
1660389
1660514
1661425
1663462
1664200
1665394
1665908
1666050
1669169
1671394
1674269
1674371
1675479
1675564
1676346
1676799
1684533
1685875
1686854
1687273
1687315
1688069
1688075
1688514
1689909
1690116
1690664
1691365
1691611
1701044
1701944
1702297
1704811
1708706
1709816
1711540
1713254
1713549
1714376
1716701
1717050
1719454
1722579
1722684
1723172
1723788
1723853
1723979
1724133
1724937
1724950
1725097
1725736
1726468
1727557
1730119
1730611
1731569
1732193
1732702
1732930
1733625
1733871
1734512
1734579
1735227
1735273
1743157
1743381
1743517
1743622
1744549
1744861
1745170
1745413
1746055
1746238
1747439
1747842
1750517
1750781
1750845
1753730
1754851
1761645
1762515
1764869
1765295
1766805
1767037
1768298
1768710
1768747
1769828
1772266
1773398
1773774
1774399
1775511
1775812
1776030
1777806
1778440
1778877
1780661
1781938
1782744
1782809
1784904
1786554
1786567
1788391
1788615
1790451
1790488
1790711
1791679
1792176
1792241
1792540
1792820
1793727
1795948
1796027
1797671
1798776
1798897
1799361
1801665
1802272
1803889
1803922
1804475
1805634
1806561
1807407
1807932
1810024
1810078
1810295
1810987
1812279
1812515
1812853
1814688
1814992
1816441
1816939
1817108
1817492
1818712
1819049
1819629
1820854
1821028
1822280
1822586
1822666
1825786
1827068
1827466
1827720
1827951
1828777
1828795
1829159
1830414
1830743
1832984
1834030
1834373
1834700
1834786
1835124
1836742
1836923
1837884
1838515
1838636
1839131
1839919
1840210
1840971
1842094
1844544
1845385
1848443
1849561
1850687
1850845
1852809
1853452
1854732
1854958
1855009
1855106
1855841
1856279
1857850
1858853
1862262
1865331
1867719
1868652
1871129
1871271
1872264
1874973
1875591
1876670
1876960
1877368
1878341
1879672
1879838
1880496
1881396
1881594
1883080
1883281
1883473
1886887
1888046
1890499
1891775
1892431
1892945
1893148
1893482
1893928
1894887
1895391
1896078
1898767
1898927
1899338
1899729
1901652
1903251
1903431
1904056
1904839
1906234
1906544
1907629
1908051
1912522
1913603
1914295
1915619
1916181
1916271
1916878
1917949
1918310
1918720
1918737
1918799
1922194
1922307
1922540
1924153
1924221
1925385
1926013
1926192
1926267
1928686
1930535
1930823
1931959
1932227
1932769
1934381
1934824
1936897
1937135
1937356
1937708
1937764
1940438
1941771
1942923
1943817
1945060
1946227
1946671
1947040
1948691
1949281
1952120
1952255
1953484
1954222
1956278
1957015
1957064
1958261
1964270
1966213
1967025
1967599
1969294
1970237
1972785
1973747
1974016
1975463
1975860
1976636
1978172
1978600
1978672
1978994
1979924
1981868
1982366
1983124
1983817
1985796
1985875
1986264
1986782
1987200
1987323
1987813
1989773
1993114
1994356
1994787
1995687
1996971
1997665
1998130
2001368
2003950
2005954
2006427
2007535
2007636
2008272
2009991
2011113
2012007
2012675
2012932
2013202
2015717
2016463
2016724
2018366
2019881
2020932
2021889
2023714
2023793
2024444
2025212
2026012
2028682
2031019
2031264
2032044
2035479
2036764
2036801
2037021
2037316
2037603
2039571
2040259
2042322
2042499
2042823
2043094
2043208
2043329
2043852
2044549
2044641
2045895
2046523
2048283
2048497
2048972
2049273
2049294
2051059
2051616
2052402
2053111
2053504
2053507
2053583
2058781
2060824
2061176
2061187
2062576
2062871
2063308
2064012
2065053
2065675
2066504
2068476
2069846
2070812
2071200
2071304
2071735
2071946
2072746
2072794
2073604
2074023
2074610
2074835
2077610
2077822
2077934
2079999
2080268
2080416
2082260
2082337
2082527
2083337
2083436
2084183
2086222
2089297
2089360
2091228
2093425
2093673
2097110
2099104
2099593
2100088
2103128
2104190
2105259
2106380
2108403
2108552
2111179
2113510
2113710
2118886
2120678
2120787
2123347
2124118
2124602
2125087
2126512
2127278
2127582
2129255
2131420
2135403
2136762
2137460
2137586
2139889
2141197
2141622
2142289
2142845
2143776
2144041
2144871
2146741
2146850
2147031
2147483
2147762
2149119
2149352
2150909
2150942
2151103
2151128
2153485
2153814
2154151
2155049
2155508
2155842
2156042
2159802
2160008
2161027
2161334
2161650
2162475
2162561
2163991
2164324
2164698
2165226
2170864
2171443
2173460
2174529
2175084
2175549
2175692
2178580
2178615
2180427
2181772
2181986
2182001
2182761
2183250
2184469
2189627
2189717
2190070
2191476
2192808
2193759
2193923
2194248
2197230
2197519
2198629
2199721
2200262
2202314
2203014
2204650
2204876
2205369
2206078
2206207
2206576
2207585
2209390
2210612
2213506
2214592
2214929
2215623
2217752
2219122
2220151
2222584
2223159
2223928
2224037
2224662
2227457
2227509
2228994
2229757
2230117
2231771
2234304
2235069
2235374
2236111
2236799
2237633
2237657
2237731
2238940
2239932
2240639
2247284
2247659
2247719
2250997
2251037
2251098
2253650
2253740
2254261
2255060
2256335
2256789
2257572
2257881
2258507
2258955
2259474
2259918
2261214
2261356
2262840
2264192
2266430
2266557
2268951
2270709
2272885
2273416
2275380
2276231
2276377
2277640
2278963
2280493
2281062
2281700
2282066
2282762
2286032
2286159
2286625
2287250
2289115
2289315
2290232
2291963
2294214
2294490
2295805
2297040
2297469
2299579
2299989
2303095
2303366
2304232
2305917
2306676
2306736
2309649
2313452
2313738
2313818
2314177
2314872
2316816
2319493
2321156
2324036
2325216
2325382
2328554
2329136
2330377
2330416
2332907
2334667
2336212
2336650
2338571
2341807
2342152
2343168
2345064
2346245
2347344
2348501
2348567
2350306
2350731
2352573
2352792
2352896
2353326
2353517
2354134
2355295
2355645
2357024
2357457
2357671
2358809
2362580
2364319
2364415
2364874
2365693
2366722
2367358
2367435
2368529
2370436
2371704
2372441
2373406
2375069
2375273
2375534
2377581
2380286
2381092
2381792
2382479
2383380
2384241
2385577
2386874
2389034
2389801
2390649
2391669
2395020
2396299
2397540
2398662
2398716
2399521
2401058
2401250
2405558
2405914
2406171
2406387
2407516
2409170
2411170
2411771
2412252
2413149
2413331
2413662
2413960
2415144
2415950
2418822
2420216
2422518
2422535
2423219
2423453
2424054
2424354
2427190
2427715
2427953
2428583
2430559
2430579
2430742
2433321
2433626
2433911
2434405
2435465
2438576
2439039
2439202
2439914
2441552
2443067
2443685
2445376
2445657
2445764
2446422
2447587
2448695
2449073
2451841
2453211
2453546
2454630
2457080
2457216
2457488
2460597
2460946
2461852
2462744
2464007
2468060
2468578
2469431
2469528
2472118
2472252
2472680
2473696
2474242
2474658
2476391
2477023
2477586
2479164
2479660
2481007
2481059
2481178
2481965
2482875
2485126
2486830
2488181
2489556
2492261
2492265
2492542
2493991
2494609
2495448
2496362
2499381
2499593
2501502
2501636
2503728
2504344
2505267
2505915
2506089
2507544
2508443
2512502
2512962
2513413
2513700
2513752
2514575
2515359
2518408
2519874
2522566
2523509
2523831
2524399
2525250
2525335
2526544
2528037
2528692
2528876
2529384
2529431
2529588
2529787
2531135
2531428
2531924
2532378
2532591
2533246
2533592
2536873
2536996
2537515
2538678
2540114
2540686
2541737
2541856
2541882
2543408
2545055
2545427
2545443
2547362
2547827
2547991
2548621
2549036
2549128
2549882
2550149
2550973
2551636
2552128
2552772
2552811
2553814
2555561
2555690
2556810
2558363
2558524
2560744
2561070
2561599
2562374
2564468
2565693
2566430
2566858
2567212
2567530
2569174
2569650
2574256
2574864
2575226
2575834
2576000
2578271
2578297
2578668
2579186
2580689
2581577
2581588
2583927
2584041
2584650
2584938
2585254
2585792
2585850
2587488
2587511
2587614
2589442
2589953
2593196
2593297
2593994
2594209
2595675
2596382
2596479
2597140
2597492
2597642
2599657
2600420
2600699
2602545
2604272
2604696
2605074
2607590
2610020
2610033
2611908
2612314
2614282
2617521
2617764
2620254
2620562
2621715
2623253
2623657
2623883
2625876
2626421
2627115
2629200
2631478
2632573
2632636
2633285
2633350
2634192
2636156
2636201
2636696
2639242
2640741
2641438
2643082
2643181
2643679
2643840
2644887
2645245
2646057
2646514
2646763
2647671
2649423
2650450
2651066
2651558
2651928
2658136
2658919
2661188
2661736
2662168
2662930
2665887
2666018
2667384
2671174
2671669
2672740
2672864
2673431
2673798
2674989
2675979
2676983
2676985
2677879
2679639
2681080
2682635
2685203
2685270
2686516
2686530
2689694
2689998
2691611
2693212
2698192
2699186
2699692
2699713
2700458
2700841
2700925
2701470
2701649
2702002
2702604
2702807
2702881
2704393
2704980
2705297
2706020
2706837
2707277
2709232
2709684
2711475
2711715
2711755
2714774
2714861
2715478
2715767
2716089
2716349
2717471
2717667
2717958
2718852
2718946
2719059
2719191
2719534
2719938
2720472
2720979
2721119
2723070
2723206
2726354
2726541
2727083
2727187
2728035
2728824
2729786
2729901
2730568
2733740
2736109
2737720
2738065
2740481
2740574
2742395
2742859
2743192
2744961
2746753
2748337
2748971
2748980
2749263
2750449
2750516
2751592
2752256
2758590
2759452
2762978
2765940
2765948
2766370
2767988
2769243
2769550
2769853
2770405
2773275
2774486
2774830
2775451
2775459
2777551
2778200
2781439
2781573
2782340
2784047
2786565
2787193
2787225
2787456
2789152
2789270
2792370
2792774
2798084
2798784
2798959
2800780
2800857
2800948
2802118
2802124
2802950
2803100
2806336
2807690
2808200
2808404
2808589
2809207
2811435
2813497
2813560
2814534
2814600
2815221
2815584
2816606
2817839
2818249
2818996
2819197
2819570
2820699
2822018
2822103
2822396
2823365
2823439
2824452
2825115
2825853
2827660
2827908
2828561
2829095
2829298
2829516
2829850
2830739
2831082
2834081
2835424
2835467
2836331
2837682
2838002
2838174
2838943
2840431
2841262
2841570
2841974
2842396
2844397
2845040
2846806
2846921
2847013
2847682
2849657
2851379
2853330
2853915
2854547
2855372
2857278
2857809
2858922
2861340
2861886
2863859
2864138
2864427
2865239
2865397
2865668
2866260
2866587
2868121
2868859
2869623
2869932
2870469
2871271
2871494
2871793
2874167
2874522
2876437
2876954
2877799
2878219
2878779
2879021
2879943
2880153
2881081
2881729
2883373
2885024
2886055
2886920
2887032
2887787
2889301
2889794
2891101
2891167
2891302
2895736
2898552
2900231
2900388
2901421
2901479
2901610
2901616
2901771
2902039
2903918
2906067
2907343
2908828
2909839
2910085
2911715
2912304
2913360
2916468
2916539
2916723
2917807
2917990
2918238
2921282
2921909
2924484
2924741
2927324
2927441
2928699
2929389
2930926
2932043
2934767
2934827
2936021
2936285
2936528
2936612
2936763
2938701
2939222
2939750
2940600
2944275
2944550
2945602
2947715
2952227
2956503
2958790
2959230
2959622
2960449
2963031
2963076
2964525
2964595
2966383
2966853
2968071
2969084
2970240
2970472
2971183
2971715
2972230
2972476
2973239
2975573
2976735
2977071
2977339
2979273
2979533
2979548
2980953
2981065
2982462
2983615
2985058
2985433
2986697
2986817
2986904
2986913
2987549
2988156
2988625
2989808
2990289
2991683
2992298
2992857
2996769
2997354
2997769
2999172
3000581
3001473
3002333
3003413
3003710
3005233
3006439
3007215
3007656
3008227
3009266
3011792
3014184
3014738
3015662
3016735
3017434
3018807
3018992
3020860
3021272
3022937
3023977
3027113
3028564
3031312
3032444
3032600
3033089
3033955
3034418
3034723
3035677
3035853
3036123
3037290
3040737
3041640
3044147
3045071
3045343
3045427
3045839
3045850
3047432
3049712
3052545
3052765
3053346
3053371
3058388
3059033
3059583
3060207
3062047
3062211
3065311
3066866
3067089
3067271
3069944
3070340
3070405
3073468
3078238
3082542
3083154
3083224
3083255
3084823
3085434
3085557
3085706
3085747
3086180
3088564
3090482
3091240
3092158
3092865
3094092
3094428
3094942
3095458
3097451
3098153
3099350
3099646
3100719
3101918
3102685
3102739
3103254
3103720
3103843
3104749
3104837
3105281
3105522
3105706
3106377
3107650
3109056
3109809
3110088
3110206
3110434
3111322
3111406
3112540
3112756
3114224
3114869
3114948
3115989
3116049
3116697
3117557
3118029
3120573
3122608
3123717
3124560
3124805
3124850
3125102
3125949
3126382
3126794
3127078
3127118
3127823
3128156
3129315
3130365
3130508
3130646
3132673
3133156
3137343
3138971
3139911
3141063
3141106
3142512
3144411
3145564
3146704
3148179
3148956
3151101
3151312
3151851
3152538
3153309
3153356
3155298
3157038
3157430
3157626
3157751
3157948
3158291
3160501
3161196
3161967
3162317
3163103
3164094
3164280
3164350
3164961
3165436
3166613
3168062
3171020
3171378
3172653
3174947
3175800
3177355
3180045
3180334
3180594
3180699
3181091
3182299
3182538
3183111
3183229
3184495
3188168
3189316
3191616
3192276
3193301
3193540
3196011
3196116
3196375
3196758
3197876
3199482
3200930
3200966
3201554
3201713
3204101
3204221
3206927
3207182
3207436
3209895
3211220
3213702
3215526
3215824
3216711
3217075
3217222
3217967
3218297
3219609
3219670
3220479
3220930
3221649
3221664
3222241
3222750
3225507
3226356
3227438
3228372
3229806
3231104
3232634
3233109
3234228
3236252
3237968
3238238
3238319
3238655
3238984
3239009
3241478
3241930
3243207
3245569
3246390
3246475
3247522
3249473
3251099
3251329
3251906
3252179
3253237
3253965
3256894
3257424
3258606
3258773
3258880
3259743
3259884
3260696
3262786
3263760
3265124
3265382
3266996
3268654
3268773
3269503
3269998
3270796
3272760
3272779
3272978
3274141
3274459
3274537
3274964
3275011
3277759
3277802
3278388
3278752
3279199
3281161
3281762
3282189
3283721
3283908
3284217
3285130
3288546
3289230
3289785
3289854
3290237
3290623
3291274
3293675
3298645
3298814
3299726
3300840
3302435
3303875
3304256
3305237
3305975
3306049
3307399
3307466
3307666
3312159
3312719
3315747
3318418
3320384
3322858
3323161
3324602
3325168
3325181
3326195
3328793
3331067
3331229
3333563
3334523
3335055
3335701
3335979
3336966
3338170
3340213
3341090
3341620
3341728
3342955
3344821
3345010
3345418
3346621
3347530
3348050
3348654
3348965
3351519
3353671
3356025
3357029
3357132
3357349
3360286
3361706
3362193
3362890
3363766
3363792
3364484
3364737
3364794
3365034
3365333
3367690
3370113
3372941
3375555
3375863
3375969
3376345
3379073
3380055
3380288
3380380
3380520
3381065
3382473
3382733
3382900
3383506
3384053
3384269
3384585
3385060
3385624
3385625
3385692
3387110
3387339
3387415
3387887
3388152
3388650
3389079
3389621
3390173
3390393
3392749
3394908
3395253
3396328
3397306
3397690
3398933
3399139
3399545
3400815
3402565
3403074
3404824
3406702
3408022
3409654
3409676
3410280
3410986
3411090
3411650
3413421
3415214
3417457
3418628
3421614
3422118
3423281
3424307
3425230
3425238
3426153
3428128
3428830
3429416
3429934
3431215
3431506
3432035
3432892
3433504
3434304
3436307
3437752
3440033
3441137
3441583
3442908
3444473
3444611
3444805
3445006
3445985
3446981
3447900
3448620
3448861
3451259
3455931
3455943
3457263
3459073
3460107
3460407
3460823
3461561
3463241
3463396
3463725
3463942
3464568
3465138
3465619
3466630
3467691
3469775
3470199
3471811
3473165
3473781
3474344
3475452
3476283
3476409
3477754
3478189
3478917
3479463
3482142
3483018
3483183
3485083
3485644
3486042
3486366
3486586
3487039
3487243
3487655
3490023
3490488
3493243
3493467
3493786
3495671
3495773
3497315
3500299
3500476
3501381
3501736
3501914
3505279
3509450
3510937
3511295
3513576
3514897
3518010
3519396
3520911
3521289
3521846
3523566
3524826
3526421
3527193
3527331
3528149
3528272
3529725
3530064
3530635
3532052
3533703
3538500
3542302
3542780
3542871
3543083
3544537
3545999
3546308
3546477
3546605
3547965
3551656
3552072
3553909
3553939
3554023
3555002
3557592
3560159
3561581
3561813
3561924
3563072
3563357
3563757
3563966
3565132
3566595
3567181
3569302
3569812
3573412
3573469
3574414
3575279
3575766
3578431
3580678
3580680
3581405
3582885
3583056
3584748
3585122
3588124
3588415
3588521
3589487
3590486
3591362
3591966
3592823
3593211
3596065
3598851
3600178
3601407
3602234
3602706
3603720
3606568
3608146
3608726
3608970
3609692
3610072
3610095
3610784
3611006
3611109
3611153
3611485
3611798
3613048
3614627
3616356
3617674
3619007
3622484
3623143
3623262
3624202
3624712
3626424
3627327
3629365
3631572
3632130
3632200
3632966
3633415
3633765
3634573
3634974
3638782
3638919
3638929
3639912
3642428
3642545
3642578
3643163
3643507
3645748
3646179
3648593
3649673
3650942
3651238
3652428
3652954
3653140
3653737
3654379
3655682
3655836
3656681
3658127
3658254
3659870
3660287
3660661
3661082
3662427
3663876
3664939
3664984
3665284
3666453
3666621
3667009
3667895
3668219
3668337
3668499
3669193
3670063
3673155
3674009
3674415
3676558
3676609
3677736
3678247
3678597
3681623
3683544
3684611
3685184
3686970
3687075
3687212
3687666
3688690
3689709
3690552
3690865
3692366
3693519
3693827
3695094
3696130
3697313
3699832
3699921
3701335
3706025
3708802
3709829
3712837
3713235
3713278
3713658
3714640
3714685
3717493
3718731
3718991
3719409
3721718
3721765
3723459
3723851
3724231
3725300
3725911
3726167
3726401
3726444
3726923
3728760
3729937
3730378
3730961
3731211
3732007
3733427
3734865
3737745
3738231
3738258
3742484
3744462
3745266
3745791
3746689
3748757
3748854
3748908
3751489
3751529
3751540
3751545
3752885
3753320
3753737
3755059
3755324
3757250
3758327
3760845
3762262
3762998
3766987
3768941
3769945
3770371
3770939
3772220
3772953
3773264
3774191
3775137
3777933
3778682
3778739
3779252
3782424
3782662
3782741
3782766
3782916
3784530
3785994
3788628
3789195
3789865
3789876
3791897
3792241
3792729
3795655
3795682
3800112
3800187
3801951
3809291
3811375
3812599
3813217
3813519
3814077
3814756
3815760
3817263
3819065
3819469
3820727
3821956
3823205
3824365
3825201
3829115
3829137
3833111
3834909
3836034
3836991
3838222
3838616
3839425
3840743
3842840
3843044
3843636
3844532
3845867
3848709
3848971
3849731
3849817
3851479
3854411
3854706
3855505
3856379
3856999
3857585
3863212
3864467
3864732
3866065
3866437
3869270
3870218
3870323
3870541
3870615
3872349
3872911
3873473
3873934
3875327
3876006
3877221
3877450
3878046
3878270
3879557
3880167
3880181
3882310
3883729
3886534
3886562
3887128
3887499
3892476
3893029
3893567
3894312
3895103
3895839
3896622
3898218
3899784
3899993
3901885
3902516
3902999
3903121
3903138
3903399
3903927
3907086
3907710
3908600
3909376
3909550
3909605
3909942
3910019
3910496
3911824
3912127
3912526
3913729
3913876
3914094
3914244
3914499
3914648
3914878
3915519
3915924
3916202
3917752
3918100
3918501
3919353
3919907
3920407
3920696
3921209
3922232
3922561
3924118
3926162
3926322
3926501
3926863
3928030
3928370
3928856
3930876
3932285
3934195
3934345
3935534
3935664
3936667
3936878
3936959
3937113
3939350
3941096
3941726
3942469
3942518
3943856
3944821
3945630
3946099
3946479
3947159
3948999
3949364
3949618
3950540
3951342
3952417
3954864
3956718
3957475
3957485
3958333
3958471
3958931
3959232
3960508
3961180
3961790
3962059
3962282
3962407
3962772
3963973
3965057
3965375
3967180
3969156
3970081
3972628
3973165
3973861
3974180
3974966
3976587
3976782
3977180
3978914
3979161
3979484
3980150
3980310
3980997
3982930
3983380
3983543
3984339
3988308
3991739
3993291
3993845
3995638
3996020
3998702
3999307
3999514
4001589
4005540
4005614
4005771
4005819
4006398
4007018
4008818
4009812
4010647
4012431
4014839
4014865
4015892
4017222
4018940
4020192
4023705
4024875
4025281
4025610
4026234
4026599
4026962
4027334
4027369
4028181
4028286
4030305
4030710
4031928
4033440
4033592
4033820
4033904
4035232
4036194
4037216
4039205
4040370
4041150
4041677
4042865
4044416
4044735
4045242
4046476
4047358
4047699
4047998
4049682
4050680
4051620
4051672
4052447
4052536
4052852
4054445
4054795
4055765
4057218
4057349
4058221
4058332
4059348
4059466
4060945
4061824
4062801
4063378
4064117
4064578
4065663
4067124
4068950
4069605
4069735
4069937
4071190
4073075
4074118
4075172
4075764
4076491
4076607
4080291
4082201
4082814
4084288
4084615
4084645
4085658
4087188
4088841
4088890
4089365
4090500
4090680
4091255
4091872
4092767
4093123
4093387
4095244
4096504
4096914
4097356
4098014
4099144
4100813
4101308
4101357
4104618
4105527
4105821
4106767
4107061
4109988
4110730
4110804
4114118
4114688
4116130
4116475
4118070
4118495
4119380
4119745
4120025
4121992
4122282
4122645
4123686
4124044
4127486
4128400
4130778
4135117
4135743
4138348
4139735
4139922
4143328
4143808
4144005
4144231
4144311
4145629
4146281
4146333
4146353
4146541
4146968
4148214
4148274
4151058
4151071
4152470
4152637
4152773
4153658
4153660
4154661
4155183
4158139
4158752
4160312
4160669
4162244
4162911
4163612
4167089
4167508
4169677
4171053
4172068
4173607
4174438
4174688
4174794
4175650
4178230
4178893
4181495
4183078
4185925
4186249
4186400
4187191
4187476
4187744
4189564
4190074
4191279
4191369
4192232
4193364
4193786
4195116
4195687
4196024
4197359
4197383
4198132
4199483
4201250
4201419
4204266
4206337
4208513
4209118
4209724
4213974
4215147
4215176
4215313
4216209
4218067
4218084
4218945
4219180
4219597
4219964
4221261
4221555
4222059
4223406
4224782
4226067
4226286
4227449
4227538
4228240
4229175
4229874
4230830
4231504
4232864
4233198
4234935
4235062
4235614
4235670
4236190
4240035
4240413
4241272
4241621
4243217
4243377
4245376
4248275
4254085
4254197
4254283
4254374
4254577
4255586
4257270
4257992
4259818
4260229
4260308
4260608
4263132
4266166
4266193
4267314
4271972
4272016
4273926
4274297
4278011
4281084
4281475
4284032
4284440
4285513
4286454
4287711
4288172
4289772
4290117
4290587
4290875
4291619
4293548
4294591
4295997
4297657
4297774
4299359
4299506
4300445
4301290
4301610
4304828
4305439
4306073
4308387
4309213
4309697
4309759
4311462
4311479
4312693
4312793
4316880
4318255
4319167
4319548
4321168
4321823
4322073
4323230
4323572
4323847
4325636
4325799
4325978
4326315
4326594
4326595
4326943
4327027
4327085
4329429
4329479
4330171
4332452
4335515
4336207
4336705
4337876
4338079
4338942
4341195
4341200
4341511
4341560
4345167
4345833
4348887
4350185
4350798
4351038
4352766
4352899
4354965
4355772
4356134
4357577
4358257
4360386
4362949
4364084
4364510
4364752
4365484
4365933
4365977
4367811
4368469
4369262
4371549
4371797
4373919
4374709
4375025
4375343
4376477
4377620
4378545
4378560
4380607
4380802
4381584
4381755
4383163
4383586
4383760
4384235
4385433
4385857
4387425
4388184
4389163
4389499
4389678
4390866
4391362
4394636
4395263
4396056
4396287
4396795
4396989
4397618
4397989
4399180
4401015
4402944
4403262
4403551
4403733
4403908
4404362
4405971
4406758
4407263
4408548
4411046
4411137
4413403
4413548
4414551
4415511
4415513
4415993
4418749
4419073
4419992
4420840
4421039
4421323
4421402
4421710
4422123
4422782
4423078
4425266
4426531
4428696
4431001
4431864
4432708
4433100
4435187
4435255
4435332
4435578
4435766
4436372
4437083
4437395
4439763
4443109
4445460
4445639
4447449
4448339
4451382
4451820
4453561
4454598
4456107
4456328
4456899
4457901
4458453
4459716
4461522
4461685
4463020
4463565
4464319
4465658
4466131
4466224
4466404
4467666
4467961
4468430
4471389
4471538
4472187
4472195
4473506
4475354
4475655
4475704
4475857
4475888
4475921
4476076
4477410
4477550
4479549
4480033
4481150
4481668
4481819
4489020
4489330
4490436
4491358
4493635
4493721
4495805
4497279
4497364
4499216
4499497
4500677
4503149
4503467
4504046
4505126
4505236
4506475
4507959
4508443
4508948
4509002
4510015
4510880
4515064
4515368
4515640
4515983
4521227
4521555
4523431
4524350
4526317
4526644
4526697
4529540
4529641
4530107
4532257
4532637
4533072
4533490
4533642
4534984
4535342
4536925
4537763
4537914
4538250
4538871
4539415
4539774
4539874
4540032
4540835
4541118
4541417
4541806
4545043
4545054
4545531
4546428
4546576
4548075
4548828
4549069
4549520
4549723
4549809
4550034
4552051
4552448
4553726
4554345
4555049
4555206
4556213
4557237
4558425
4559601
4559829
4560002
4561791
4561810
4562298
4568222
4568328
4568354
4568857
4568863
4569373
4569689
4570935
4571279
4572118
4573519
4573780
4575040
4575829
4576167
4576546
4576906
4577527
4577623
4577948
4578470
4579667
4580287
4582427
4583638
4584409
4586393
4587625
4588447
4588543
4589155
4589269
4589291
4589715
4589740
4590065
4590147
4591623
4596017
4596380
4597333
4599802
4600433
4601400
4601969
4602421
4602453
4603068
4605511
4608969
4610515
4612476
4613786
4616670
4616679
4622432
4624135
4627020
4627640
4628139
4628209
4628905
4629614
4629813
4629855
4629937
4633391
4633900
4635631
4637639
4639589
4642943
4644870
4648634
4648788
4649443
4649767
4650123
4651478
4652867
4652912
4655636
4655737
4656330
4658533
4659228
4662816
4663159
4663539
4663618
4663660
4664362
4664417
4666448
4667983
4669277
4672628
4672682
4672753
4673644
4674050
4674120
4674779
4677390
4677457
4678151
4679525
4683668
4688263
4688808
4690120
4694402
4695712
4697574
4697977
4698014
4698054
4698411
4698733
4699884
4701462
4701550
4701906
4702489
4702524
4704058
4704151
4704489
4704848
4704971
4706342
4707653
4707688
4709226
4709515
4711401
4712761
4713661
4714272
4714463
4717108
4718402
4721477
4721863
4722053
4728300
4729620
4731106
4736819
4736873
4736929
4738295
4738550
4739070
4739120
4739190
4742004
4742467
4742480
4743142
4743277
4743436
4744073
4747327
4747856
4748752
4749261
4749526
4750770
4750811
4753887
4754100
4755138
4755356
4755522
4757408
4757866
4758373
4759105
4759822
4760577
4763031
4763319
4763996
4764360
4764465
4766034
4766647
4767504
4767934
4768060
4769699
4770279
4771101
4771757
4772250
4772262
4772829
4773769
4774619
4776866
4777642
4777667
4780140
4780392
4781211
4783828
4784205
4784653
4784659
4787396
4789396
4791472
4791622
4792427
4792593
4795793
4795893
4797839
4798040
4798939
4799749
4800273
4800700
4801041
4801436
4804316
4804785
4805801
4806024
4806747
4807375
4807913
4807919
4809780
4810988
4813623
4816772
4817835
4817943
4818001
4820342
4820698
4823181
4823254
4823850
4824545
4828889
4829258
4830385
4832989
4834658
4834940
4835419
4835564
4835732
4838042
4838780
4839799
4840009
4840189
4840584
4841140
4843990
4844116
4846594
4847080
4847968
4848404
4856055
4856426
4856733
4857955
4858080
4858103
4860313
4860370
4865819
4865862
4870055
4870152
4872119
4872685
4873505
4873769
4874538
4876583
4877396
4879296
4881202
4881502
4881815
4881884
4881952
4883078
4883588
4884729
4884773
4884960
4886049
4887581
4889299
4889998
4890378
4891451
4893164
4894328
4894951
4896896
4898142
4900842
4901070
4902310
4903635
4904397
4904605
4904975
4905312
4905875
4906248
4909367
4910260
4910913
4911531
4913636
4914662
4915333
4916270
4916903
4916919
4919412
4919845
4919934
4920057
4921386
4922405
4922750
4923942
4926113
4927562
4928894
4929823
4930603
4932611
4935096
4936207
4936323
4936753
4936773
4937352
4937826
4938280
4938697
4938955
4939139
4939741
4940857
4941661
4942059
4943171
4943705
4944039
4944546
4945500
4946412
4946618
4954578
4955088
4955112
4955326
4955397
4958151
4960457
4961157
4961234
4961766
4962308
4963354
4965369
4965552
4966328
4966403
4966885
4967558
4968992
4969715
4969931
4973691
4974543
4974952
4975336
4975503
4979085
4979971
4982225
4982284
4984291
4985368
4985754
4988201
4989434
4989533
4990680
4990922
4990994
4991293
4991547
4992097
4993393
4994019
4994139
4997696
4999639
5001261
5001922
5005517
5005610
5005705
5005960
5006276
5007489
5008958
5008964
5010630
5010776
5011329
5012356
5014285
5016151
5017034
5017916
5018295
5018892
5019448
5019868
5020070
5020903
5023072
5023945
5024134
5025218
5025516
5025937
5026501
5028369
5028983
5030238
5031042
5032552
5034044
5034965
5035447
5035532
5035584
5035877
5037767
5038157
5039609
5041321
5042115
5045000
5045043
5045681
5046032
5052284
5054023
5055052
5055759
5055970
5056614
5058661
5058873
5060183
5061140
5062193
5064036
5064045
5065213
5066331
5067434
5072400
5074149
5074375
5075336
5075415
5075659
5076020
5076519
5076886
5079832
5080322
5080673
5080704
5080958
5080966
5082970
5083216
5084630
5084657
5086050
5086201
5086764
5087063
5087157
5088966
5090916
5092267
5095141
5095996
5099098
5099230
5099658
5100103
5100126
5101388
5101959
5103067
5105326
5109095
5109416
5109503
5110135
5111161
5112037
5112274
5113333
5114696
5115126
5115756
5116355
5120329
5120458
5120933
5120976
5122591
5125362
5126274
5127122
5128019
5128262
5128669
5130051
5130543
5131509
5131609
5131835
5132978
5133549
5133765
5133821
5134258
5134931
5135903
5138777
5139102
5139409
5139455
5144083
5145656
5146251
5148200
5148410
5149016
5149018
5150838
5152671
5153615
5153661
5154183
5155003
5156669
5157921
5158282
5160042
5160508
5162087
5162104
5162531
5162537
5164310
5165769
5166565
5166977
5167589
5167694
5167926
5168362
5171322
5171900
5172282
5172805
5173108
5174897
5175006
5175096
5175259
5175520
5176580
5177975
5178211
5179001
5179317
5179403
5181390
5183653
5183727
5184878
5185304
5185306
5187361
5187903
5190643
5192020
5192370
5194105
5194496
5194692
5194986
5199348
5200525
5201315
5201939
5201943
5202764
5203029
5203912
5205829
5206053
5206227
5209491
5211502
5214549
5214676
5216621
5216625
5220141
5220610
5222218
5223105
5223182
5223283
5223322
5223756
5224144
5225512
5227810
5228530
5228916
5229909
5230372
5231424
5232861
5232976
5233224
5237782
5237798
5240288
5240499
5243620
5243831
5244047
5244800
5244887
5245026
5245360
5246121
5246241
5246959
5247188
5248288
5248688
5249336
5250612
5251043
5252801
5256002
5256291
5256556
5256824
5256973
5257227
5257477
5258923
5259607
5259865
5259903
5259919
5260300
5260490
5261312
5262668
5263141
5264773
5265591
5266303
5267223
5269088
5269207
5269323
5270211
5271234
5272544
5272946
5273485
5276539
5276662
5276842
5276942
5279590
5279596
5280067
5280295
5280825
5281274
5281309
5281452
5281713
5283497
5284134
5287242
5287515
5288255
5288838
5290383
5290664
5291144
5292305
5292446
5292939
5293428
5293589
5294481
5294981
5295894
5301722
5301786
5302097
5302398
5305108
5305986
5306173
5307225
5308583
5309532
5309600
5309752
5311164
5311515
5313586
5314969
5315791
5316439
5317745
5317911
5318576
5319130
5321242
5321510
5322251
5322369
5323858
5324433
5325465
5325930
5327890
5332336
5334397
5338118
5339030
5340553
5341770
5342670
5343109
5343533
5345817
5347228
5347474
5348169
5348694
5348814
5349728
5349824
5350154
5350178
5350956
5351032
5351619
5354283
5354565
5355894
5357231
5358440
5363178
5365061
5365785
5367909
5368373
5368376
5369995
5370181
5371534
5372634
5374901
5375362
5376699
5376960
5377178
5377942
5378446
5379151
5379926
5380937
5382497
5385077
5385309
5388905
5389530
5389625
5390997
5391963
5393754
5395420
5396176
5399082
5399116
5400106
5401733
5402056
5402167
5403401
5403447
5403774
5404012
5404066
5404340
5404973
5406863
5407298
5407458
5410763
5410896
5410922
5411105
5413003
5414397
5414757
5415440
5415922
5418361
5419624
5420267
5420392
5422061
5422403
5422469
5423044
5423551
5426707
5427224
5427721
5428227
5428496
5428962
5429149
5430289
5432158
5434904
5437549
5437995
5440195
5440297
5440432
5442391
5443104
5444002
5444883
5444951
5445758
5446850
5447713
5449451
5449848
5451533
5456065
5456219
5457197
5459693
5462432
5463518
5466222
5466664
5468031
5468408
5469388
5473571
5475006
5475746
5475777
5476107
5476329
5476772
5476924
5477171
5477936
5478107
5479367
5479471
5481447
5481714
5483315
5483592
5483648
5485361
5486976
5487287
5490060
5490282
5491830
5492103
5493652
5493935
5495782
5497060
5497774
5498283
5498595
5500476
5501890
5502649
5503044
5503533
5503972
5509798
5510901
5514056
5514177
5514755
5515748
5518547
5521430
5522397
5523634
5525317
5526630
5528282
5532757
5533904
5534518
5536070
5537096
5538202
5538862
5539212
5539455
5540951
5541439
5543442
5543722
5544956
5545186
5545542
5545976
5546058
5547009
5547402
5548065
5548788
5549091
5550591
5551359
5552704
5553128
5553383
5553702
5554253
5556458
5556812
5556982
5557508
5559722
5560160
5560442
5560568
5560900
5561150
5561525
5563159
5565434
5565636
5565853
5565927
5566457
5567321
5567518
5567925
5570069
5570640
5571536
5573727
5575182
5577387
5577630
5578970
5580802
5580865
5581679
5582357
5582704
5584708
5585107
5586094
5586192
5586309
5587642
5588927
5589064
5590422
5591270
5594041
5595896
5596633
5597044
5597731
5597861
5598135
5598482
5599000
5599869
5600114
5600434
5600490
5601893
5603327
5603582
5605979
5606506
5608192
5609613
5610783
5611323
5611902
5614256
5615918
5616657
5618367
5618807
5619227
5619625
5619686
5619760
5619863
5620007
5620447
5620699
5622093
5623110
5623123
5624525
5624936
5625140
5625877
5625878
5626161
5626361
5626653
5626719
5629522
5629655
5630557
5631542
5632549
5632771
5632872
5633347
5633989
5635077
5635794
5635851
5635979
5637133
5638292
5638690
5639706
5639983
5640202
5640689
5641881
5642064
5642597
5643257
5645947
5646608
5647219
5647300
5647363
5648913
5652258
5652531
5652920
5653340
5653797
5656649
5656870
5657128
5659686
5662238
5662974
5666496
5668355
5670947
5671450
5671540
5671679
5672735
5673686
5673991
5674143
5674654
5675794
5676261
5676775
5677115
5677722
5679467
5680957
5681564
5683856
5684326
5684382
5685486
5685662
5686769
5687724
5687783
5687800
5689417
5690789
5691635
5692743
5693083
5694564
5694952
5696112
5696706
5701472
5702942
5703123
5703127
5703928
5704863
5705021
5705544
5706086
5706468
5708188
5708399
5711970
5713817
5718115
5719212
5719714
5719808
5720409
5722821
5724355
5725161
5725682
5727357
5727825
5728869
5730074
5731477
5735559
5736047
5736648
5737756
5738120
5739370
5739575
5743568
5744286
5744380
5745843
5748668
5749988
5751096
5751716
5752703
5754882
5754891
5755300
5757573
5757665
5757880
5759115
5760256
5765563
5765751
5766111
5767671
5768528
5769098
5769411
5770711
5773097
5774168
5774697
5775003
5775473
5775883
5777652
5779441
5780463
5781054
5781931
5782749
5783163
5783300
5783947
5788732
5790622
5792476
5792951
5794957
5795748
5797656
5797918
5798354
5798668
5799127
5800418
5800622
5800865
5803455
5806699
5807419
5807627
5807780
5811581
5812428
5813442
5814243
5814684
5817298
5817722
5818603
5818837
5819130
5819396
5819675
5820680
5820850
5821546
5821557
5822503
5823118
5824121
5825292
5828045
5828541
5830439
5831234
5831466
5834308
5835967
5840503
5840613
5842677
5843185
5843590
5843855
5846451
5847127
5847936
5851035
5853003
5853268
5853569
5854067
5854172
5855131
5857888
5858351
5858393
5859094
5860148
5860329
5860956
5861359
5863155
5863822
5864388
5866088
5866189
5866425
5866448
5867670
5868027
5868727
5871307
5872117
5873281
5873551
5873899
5876296
5876722
5877483
5878675
5879015
5879429
5879440
5881466
5882036
5882145
5882671
5882735
5883047
5885471
5885543
5886071
5886259
5887327
5887745
5889407
5891349
5892424
5893214
5893446
5894766
5895817
5896959
5897000
5897284
5897480
5898077
5899195
5899568
5899698
5900037
5901208
5902189
5902411
5903388
5903870
5904083
5904287
5904750
5905067
5905203
5906189
5906427
5906968
5910307
5912281
5913518
5915616
5916116
5917378
5917755
5918293
5919116
5919394
5919538
5920011
5921421
5922551
5922931
5926662
5927498
5930152
5930431
5930460
5931984
5935707
5936655
5936720
5937024
5937154
5937193
5937639
5939027
5939925
5942259
5942426
5943596
5944720
5945321
5946998
5948646
5949246
5949278
5951118
5954359
5955659
5955726
5957900
5957974
5958224
5959991
5960395
5960475
5962800
5962960
5964533
5964620
5964825
5965318
5967126
5969797
5973009
5973540
5974324
5974457
5975752
5977787
5978126
5978284
5979132
5979441
5980268
5981342
5982447
5985596
5991206
5991257
5991379
5991777
5991986
5993282
5995379
5996791
5999471
6000215
6000567
6000693
6001261
6001263
6002496
6002843
6003549
6003756
6003910
6004760
6005046
6007140
6007602
6008391
6008412
6009302
6009825
6010952
6011148
6011755
6014174
6014270
6015040
6015937
6015971
6016354
6016932
6017799
6017927
6018171
6018753
6019064
6019572
6019854
6019936
6020149
6020337
6020385
6022102
6022600
6023434
6023735
6025358
6026588
6026718
6026949
6027806
6028753
6029569
6031470
6032424
6032698
6035592
6035852
6036240
6037362
6038402
6039388
6040462
6040979
6041513
6041883
6042384
6043927
6044380
6045795
6045972
6046010
6046603
6047774
6048531
6049532
6053825
6053957
6054807
6056168
6057029
6060246
6062354
6064415
6065873
6067537
6067538
6067832
6068973
6069987
6070269
6073486
6074138
6077432
6078005
6079107
6079846
6081061
6084293
6084947
6085007
6086444
6087099
6087628
6090330
6090539
6090558
6090639
6091844
6094065
6094977
6095274
6096571
6097832
6098050
6098209
6099667
6101537
6101858
6101887
6102402
6104959
6105670
6105713
6106209
6106625
6108841
6109319
6109708
6111500
6112492
6117094
6117307
6119153
6119794
6120810
6121653
6121980
6124404
6126593
6127019
6127890
6128159
6128203
6128536
6128638
6129012
6130662
6133623
6134364
6137297
6137587
6140784
6141153
6142072
6143315
6143701
6146274
6147014
6147468
6148307
6148724
6149255
6150115
6150923
6154271
6154300
6154397
6154475
6154523
6156537
6157114
6157302
6157756
6159534
6160581
6160967
6161280
6161729
6162291
6163726
6166747
6168829
6171708
6178071
6178180
6178398
6178454
6179667
6180602
6181395
6182457
6184085
6185680
6186628
6187401
6187693
6188214
6189976
6191954
6194944
6195786
6195869
6196371
6197216
6198957
6198970
6199561
6200639
6201248
6202770
6203407
6206052
6206539
6206908
6208452
6208701
6212779
6213675
6214186
6216763
6217561
6219548
6221371
6224192
6226261
6227074
6228137
6229781
6229980
6230233
6231432
6232573
6232782
6234529
6239359
6239932
6240036
6242168
6246138
6246474
6248001
6248254
6248487
6248527
6248883
6249791
6251435
6251456
6252816
6252824
6253118
6253279
6253416
6253763
6253905
6254698
6256087
6256252
6256389
6256409
6257938
6257943
6258100
6258376
6258529
6259382
6259443
6260077
6260538
6260617
6260717
6262924
6263681
6264199
6265096
6265942
6266400
6268198
6268403
6270920
6271104
6272012
6275149
6275327
6275532
6275707
6276196
6276267
6277090
6279006
6280701
6281246
6283078
6284415
6284417
6284617
6284698
6285676
6286174
6288839
6292392
6292602
6294431
6294537
6294688
6295729
6296207
6296757
6297433
6297467
6297776
6298885
6300352
6301476
6304496
6305156
6305845
6306314
6309211
6309502
6309917
6310164
6310464
6310735
6311356
6312652
6314117
6315087
6317649
6318570
6318740
6320673
6321998
6322951
6323174
6323867
6325538
6326640
6326815
6326970
6327652
6328406
6328657
6328686
6328910
6329563
6331592
6333912
6334900
6338085
6339119
6341813
6342645
6342996
6344226
6346000
6346498
6348457
6349115
6351502
6351737
6351900
6352518
6353499
6353516
6354487
6355368
6358199
6358637
6359616
6359855
6360789
6361847
6362565
6362809
6363098
6368729
6369009
6369843
6371911
6371918
6371947
6372182
6372599
6373235
6375051
6375627
6376403
6376465
6377040
6378784
6378996
6380213
6381669
6381721
6382082
6383465
6386005
6386314
6388278
6388529
6388537
6390457
6391427
6393164
6394246
6394673
6395870
6395940
6396035
6396454
6396696
6397709
6398432
6399971
6400843
6400998
6401112
6402094
6402258
6402916
6403347
6405474
6406098
6406189
6407168
6407755
6409171
6410458
6412643
6415067
6415444
6416054
6416486
6417994
6418252
6418967
6419067
6419205
6420254
6421122
6421790
6422283
6422511
6422625
6422886
6423042
6424349
6426933
6427129
6428282
6428915
6430005
6430078
6430170
6431343
6432450
6433451
6433492
6436496
6437779
6437956
6438001
6438789
6438813
6439216
6440052
6440596
6440722
6442038
6442930
6443061
6443400
6445255
6445821
6445926
6446156
6449371
6449478
6454904
6455573
6456408
6456458
6456543
6456550
6456670
6457377
6457847
6458796
6459189
6460684
6461138
6462529
6463874
6464710
6464760
6465058
6465206
6465452
6467033
6468389
6468410
6468616
6468782
6469424
6469960
6470482
6471049
6475736
6475843
6480238
6481112
6485003
6485291
6485684
6485914
6487230
6488158
6488210
6488600
6489301
6489733
6489896
6491436
6493563
6493644
6496290
6496407
6496720
6497464
6497473
6498062
6499215
6504269
6504474
6507251
6507717
6508222
6508673
6510531
6511495
6512717
6516991
6517120
6518608
6518936
6521003
6522142
6524599
6526306
6528620
6529320
6529562
6530273
6531824
6531839
6531976
6532546
6532636
6533301
6533889
6534791
6534899
6535705
6536006
6537864
6538787
6539282
6539378
6541523
6541528
6541631
6542128
6543689
6546923
6546938
6549288
6550592
6556555
6556710
6557979
6558130
6558630
6559082
6559285
6559327
6559336
6559702
6561496
6561584
6561611
6561661
6562541
6562782
6562951
6563083
6565171
6565199
6565521
6565912
6566684
6567304
6569031
6570385
6571505
6572547
6573192
6574494
6574717
6576442
6576814
6576916
6578381
6579274
6580030
6580477
6580691
6584011
6585808
6587300
6587470
6587735
6588057
6588299
6589755
6591782
6591921
6592331
6593197
6593224
6594243
6594771
6594934
6595821
6596709
6598316
6598634
6598655
6599273
6601754
6603873
6604714
6604950
6606614
6606773
6606779
6609904
6610101
6610777
6611121
6611695
6613011
6613073
6614943
6616162
6617413
6618267
6619197
6619369
6624975
6625332
6626122
6626619
6626871
6628265
6629415
6629825
6634493
6636040
6636458
6638015
6638273
6640244
6641637
6641859
6642391
6643011
6643237
6644720
6648276
6649787
6655358
6656688
6656838
6658775
6660351
6660406
6660631
6662936
6664778
6664982
6665190
6665765
6666466
6668182
6668394
6670232
6670304
6670537
6671103
6671806
6672032
6674070
6677823
6679147
6679392
6680523
6680633
6682423
6682498
6682506
6683086
6683883
6685215
6686018
6686032
6686344
6689083
6693444
6694407
6695976
6698684
6699663
6700691
6700718
6700906
6701254
6701776
6701797
6702516
6703529
6703820
6704852
6705851
6707666
6710038
6710206
6712749
6712788
6712812
6712822
6713311
6713677
6714171
6714604
6714660
6714861
6716337
6716898
6719876
6720899
6720935
6721068
6721507
6721982
6721998
6722315
6723014
6725014
6725177
6725569
6726632
6727484
6728863
6729466
6729844
6730200
6731848
6731906
6732188
6733546
6735832
6736704
6736972
6738405
6738961
6740448
6743650
6743819
6746390
6746649
6746913
6748493
6748777
6748828
6752241
6754146
6754420
6754537
6756356
6759269
6761307
6762011
6763031
6764446
6765796
6767261
6767640
6769149
6769304
6769937
6770234
6774436
6774951
6774965
6775937
6777073
6777914
6779626
6782736
6782864
6783995
6784180
6784204
6786115
6787248
6787979
6788715
6789086
6789508
6789877
6791379
6792156
6792171
6792695
6793150
6793434
6793971
6797637
6799176
6799694
6800588
6802403
6803655
6806627
6809151
6809599
6810542
6810849
6812454
6813229
6813469
6814670
6816652
6817971
6818387
6819758
6820006
6821413
6823359
6823541
6824498
6824749
6825825
6828759
6829554
6829892
6830721
6830831
6831406
6834273
6836490
6836735
6837104
6837862
6838042
6841885
6842517
6842811
6845333
6845938
6846831
6847223
6848091
6849226
6849434
6849565
6849801
6849811
6850219
6850237
6850978
6851273
6853831
6853837
6854796
6856340
6856857
6858480
6861169
6861607
6861859
6862404
6863188
6864202
6864218
6864402
6865326
6865853
6866733
6866834
6869037
6869126
6871172
6871405
6871427
6872256
6873495
6874250
6876301
6876877
6877418
6880000
6880383
6880469
6881704
6882046
6883045
6883458
6884495
6884767
6886673
6888261
6888322
6888613
6889685
6890282
6890373
6892037
6892404
6894220
6896928
6897641
6898670
6899929
6900650
6901968
6901986
6903600
6904002
6904309
6904508
6905791
6907889
6908158
6908804
6909097
6910398
6911686
6911930
6912598
6913055
6915247
6915889
6915954
6916831
6917197
6917381
6917846
6919792
6920182
6922295
6922824
6923989
6925207
6925370
6926375
6927454
6928340
6932546
6932687
6933787
6935731
6936462
6937309
6937542
6939674
6941656
6942474
6942594
6942896
6943602
6943932
6944070
6944169
6946096
6947109
6950400
6950723
6952304
6954709
6955658
6955685
6956173
6956984
6957781
6957795
6958221
6959305
6961766
6961883
6962735
6964909
6964987
6965130
6966078
6970906
6972164
6972586
6973184
6974500
6974891
6978230
6981313
6983273
6983469
6984485
6985596
6986107
6986289
6987078
6987897
6988865
6991292
6991537
6994066
6994653
6996522
6997074
6998243
7001190
7003585
7003764
7008160
7008312
7009285
7009320
7010799
7011431
7011818
7013883
7015201
7017999
7018243
7019855
7021979
7024623
7026395
7026602
7026609
7026961
7027633
7028157
7029423
7029439
7030005
7034201
7034999
7036787
7038264
7039252
7040185
7041817
7041955
7043230
7047729
7048428
7049171
7051732
7051827
7052891
7053524
7053993
7059726
7061012
7062956
7064123
7065129
7068695
7069101
7069942
7070866
7071986
7073493
7073831
7074279
7075096
7075485
7075521
7076414
7076764
7079852
7080476
7080703
7080992
7081001
7082224
7082356
7082436
7084551
7084586
7086229
7086341
7086412
7086546
7087300
7089031
7089262
7089831
7090977
7091276
7091782
7092558
7092961
7093766
7094814
7095730
7098043
7098570
7100344
7100570
7104914
7106097
7108461
7113572
7115703
7120294
7121318
7122539
7123573
7123754
7127610
7131293
7132852
7133501
7136437
7137118
7139159
7139300
7141519
7141792
7141967
7143654
7147137
7147443
7147920
7148817
7148978
7150130
7150988
7151774
7154563
7157850
7157925
7158689
7159314
7159651
7160715
7161715
7166733
7168241
7168329
7168880
7169980
7171102
7171522
7174052
7175214
7175247
7175385
7177722
7177893
7181518
7183561
7186815
7186932
7187389
7188173
7190388
7190986
7191474
7195394
7195697
7196814
7197155
7198765
7201165
7202154
7202198
7204364
7207365
7207755
7208753
7208761
7211125
7211223
7212136
7212173
7212380
7213140
7215237
7216972
7217413
7221115
7221876
7222213
7225835
7226006
7228889
7231309
7231570
7232455
7232699
7235299
7235514
7236157
7238249
7238630
7240839
7241252
7242161
7242168
7242274
7242620
7243182
7245134
7245456
7246757
7247206
7247792
7249176
7249750
7249914
7250567
7251175
7255295
7255324
7255939
7256119
7257036
7257198
7260056
7260267
7261293
7261895
7262947
7265021
7265070
7268164
7268475
7268544
7269419
7269676
7270988
7271583
7272042
7273197
7273949
7274377
7274768
7275772
7275946
7276100
7278534
7280551
7281464
7282477
7284407
7284845
7286364
7286523
7287219
7288399
7288655
7289115
7289204
7290028
7290430
7290743
7290904
7291045
7292471
7293235
7293999
7294243
7294755
7296344
7297145
7297238
7298839
7298892
7301184
7301261
7302375
7303343
7303923
7305244
7307539
7307544
7310053
7310130
7311385
7311839
7312126
7314454
7315577
7315703
7315968
7317111
7317709
7317799
7318645
7319597
7321110
7321795
7323049
7325172
7325323
7326132
7326540
7326726
7326757
7327802
7330092
7334855
7335322
7335379
7335748
7336290
7336964
7337179
7338028
7338030
7338612
7339655
7340099
7341339
7341916
7343096
7343510
7343691
7344246
7344553
7346589
7346902
7347323
7349611
7349691
7352935
7355365
7356926
7357700
7358451
7358724
7358855
7359486
7359852
7360055
7363365
7363697
7364981
7365024
7366222
7367891
7368514
7368719
7369369
7369389
7369606
7369691
7370975
7371945
7372341
7373266
7373590
7374583
7374801
7374889
7376817
7377164
7377355
7377503
7377714
7379688
7380453
7380506
7383802
7384184
7387420
7388300
7390922
7392250
7393444
7393741
7393766
7394698
7400638
7400850
7402197
7404021
7404248
7406166
7407000
7407755
7408648
7409851
7412021
7412844
7413000
7414864
7415074
7417697
7417716
7418047
7420013
7420289
7420678
7420944
7422173
7425041
7428434
7428949
7433118
7433289
7433524
7433797
7434395
7435011
7435789
7435817
7436467
7438354
7438935
7439324
7439734
7440303
7442223
7442808
7442812
7444152
7445844
7447807
7448425
7449024
7450393
7452032
7453325
7453385
7453824
7454142
7455516
7456566
7456594
7457669
7458137
7458181
7459309
7462565
7462949
7463518
7465985
7468211
7470163
7470212
7471258
7471896
7472258
7472687
7473126
7473813
7475390
7475499
7475951
7476517
7476801
7477102
7477745
7478535
7479771
7480042
7480318
7481397
7481557
7482553
7483829
7484416
7484581
7484876
7485368
7485381
7485729
7487783
7492836
7492843
7494035
7494382
7496079
7497650
7498416
7498522
7499512
7499886
7499945
7500270
7501098
7503399
7503481
7505095
7505096
7505936
7506782
7507042
7507093
7507358
7507647
7508685
7509178
7512360
7514647
7515367
7515909
7516034
7517716
7519051
7523107
7524350
7524742
7525038
7526229
7527238
7530480
7530710
7533410
7534697
7534728
7538268
7540234
7541805
7542410
7545093
7546940
7547691
7550452
7550767
7552433
7553074
7553252
7553979
7554055
7554795
7555715
7556101
7556188
7559878
7559908
7561223
7561679
7562056
7562157
7564526
7566253
7566293
7566351
7566886
7567454
7568041
7568117
7568336
7569314
7569639
7569648
7569885
7571371
7571859
7572489
7573541
7574340
7574408
7574584
7577345
7580869
7581069
7583538
7584455
7585256
7585589
7586076
7586364
7586787
7588884
7590771
7590898
7591147
7593034
7593661
7593999
7594767
7596997
7598661
7598954
7602076
7603972
7604280
7604539
7606590
7606720
7606799
7606874
7609466
7609902
7610351
7610396
7610559
7612361
7612755
7614056
7615701
7619019
7620043
7620551
7620959
7621996
7622654
7624153
7624552
7624998
7627038
7628291
7628485
7629253
7629892
7630623
7631616
7631990
7632400
7632666
7635878
7635909
7636424
7636993
7637553
7640924
7641093
7642141
7642238
7646262
7647499
7648985
7651467
7651997
7654308
7654690
7657078
7658926
7660534
7660989
7662055
7662611
7663529
7664508
7665639
7666325
7668025
7669807
7670105
7672355
7673202
7673523
7675582
7676507
7678094
7680768
7681845
7684398
7685179
7685462
7685617
7686743
7689496
7690723
7691248
7691586
7691832
7698130
7702541
7707924
7707989
7708017
7708148
7708604
7709877
7712319
7713219
7714629
7715620
7715817
7717524
7717561
7718105
7719089
7720376
7720606
7720751
7721414
7723934
7724663
7724873
7725720
7726173
7726751
7727883
7728222
7728449
7729306
7731881
7733106
7733852
7735825
7736377
7737465
7738313
7738884
7739988
7740899
7742569
7743376
7743923
7745143
7745697
7746954
7748030
7748164
7748462
7749700
7750937
7751444
7751798
7753240
7753256
7753605
7755739
7755848
7757918
7758821
7759372
7759512
7760157
7760345
7760383
7765343
7765862
7765905
7767357
7768495
7769433
7773129
7773300
7773548
7774267
7774587
7775466
7776374
7776416
7780018
7781910
7782392
7784077
7784143
7784732
7785422
7785707
7786146
7786720
7787982
7788795
7788979
7789309
7790150
7794294
7796278
7797468
7800114
7801708
7802244
7803333
7803684
7803738
7806613
7806694
7807734
7808099
7808529
7808629
7810997
7811024
7811225
7813204
7813227
7813239
7813876
7814046
7815126
7815695
7816250
7816272
7816407
7816953
7817329
7819146
7820617
7820952
7822081
7822516
7823313
7825122
7825232
7826401
7826888
7827807
7828459
7828469
7830078
7830526
7831086
7831228
7831753
7831923
7832875
7833337
7835203
7835216
7836063
7836692
7837639
7838058
7838237
7840078
7840832
7842076
7843795
7844758
7844772
7845620
7847537
7848576
7849088
7849578
7850723
7851790
7852114
7852481
7853985
7854758
7855647
7856107
7856725
7857883
7859041
7859597
7861915
7861934
7863282
7863745
7868189
7868394
7868904
7868939
7869267
7870355
7872434
7872804
7873246
7874407
7876306
7877458
7877631
7880269
7882851
7883699
7885774
7888505
7888779
7888898
7889391
7889667
7890188
7890635
7891499
7891879
7891889
7891893
7895932
7896227
7896801
7896925
7897192
7900559
7900811
7901989
7905080
7906902
7907086
7908321
7909170
7909298
7910274
7910735
7911306
7911702
7912960
7913306
7913660
7913936
7915186
7915464
7919339
7920034
7920209
7920929
7921321
7924221
7925028
7926171
7926711
7927342
7927403
7928208
7928392
7928533
7928835
7929356
7930025
7930914
7931000
7932458
7935390
7938409
7938421
7939546
7939650
7939904
7941255
7943741
7943756
7947971
7950448
7950571
7951852
7956254
7956393
7958113
7959623
7960007
7960061
7961389
7961652
7962076
7962292
7963335
7964650
7964705
7965422
7966438
7966457
7966591
7969090
7969526
7970055
7970215
7970808
7972109
7972976
7973429
7974652
7974687
7975518
7975604
7977081
7978197
7978675
7979031
7979438
7985878
7986974
7988837
7989012
7989070
7990670
7991082
7991685
7992769
7992772
7993422
7993605
7994042
7997438
7998723
7998806
7998933
7999574
7999719
8000245
8000877
8001331
8002138
8003309
8005116
8005662
8006659
8008298
8009304
8009375
8009467
8010253
8011581
8013020
8013246
8013694
8014089
8014199
8017122
8020893
8021729
8022226
8022958
8023849
8024052
8024274
8024760
8024963
8025304
8025543
8025897
8026027
8026862
8031049
8033827
8034882
8037466
8039761
8040294
8040753
8043512
8043917
8047468
8047611
8048266
8049663
8050465
8051152
8051915
8052441
8055234
8056282
8056958
8058117
8059559
8059849
8060331
8060462
8061075
8062642
8063582
8064261
8067214
8067567
8068125
8068575
8068684
8069318
8071187
8071859
8072540
8072990
8073437
8074099
8074167
8075918
8077391
8077407
8079226
8079985
8081440
8082582
8083509
8084758
8085873
8086412
8088003
8089170
8089216
8090225
8090739
8092473
8092520
8094971
8096293
8096371
8096484
8096892
8096896
8097574
8098819
8099729
8100026
8100164
8104605
8105056
8105781
8108439
8108818
8108861
8109685
8112164
8112282
8115422
8116190
8118164
8119089
8119130
8119284
8120076
8120103
8121211
8121698
8121773
8122489
8123057
8123384
8123878
8124133
8124505
8124927
8125862
8126470
8126504
8126655
8127882
8130226
8133421
8134379
8134422
8134836
8135117
8136283
8136373
8136855
8137122
8137901
8140030
8140641
8140666
8143190
8143391
8144749
8145846
8146248
8147451
8149720
8150974
8156749
8156892
8157723
8160783
8161046
8161652
8163356
8163682
8164283
8164341
8166140
8167087
8167797
8168669
8168812
8169184
8169194
8169479
8170938
8171299
8171693
8173920
8174243
8174854
8174932
8175688
8177603
8178991
8179171
8180010
8185772
8185966
8187563
8188867
8189903
8193257
8193282
8193325
8195507
8195965
8196657
8196807
8197410
8198950
8199344
8199985
8202343
8204149
8204448
8206562
8207850
8208055
8209685
8211099
8211735
8212136
8213658
8214576
8216592
8218340
8218724
8219181
8219894
8223262
8223777
8224325
8224442
8225227
8225640
8228698
8228727
8228923
8229110
8231401
8232831
8234167
8235403
8236329
8237602
8238779
8239266
8239545
8240172
8240289
8244199
8245175
8246703
8247126
8247575
8248352
8248419
8248746
8249559
8249592
8249692
8252257
8252856
8253239
8253351
8254778
8255327
8255478
8255795
8256508
8257142
8257196
8257538
8258355
8259195
8261200
8261258
8261899
8262561
8262613
8264967
8265312
8267301
8270253
8271506
8271793
8272661
8273940
8274374
8274842
8275838
8276192
8277678
8278169
8279404
8280644
8280880
8281595
8281642
8282021
8283974
8284613
8285095
8287331
8289205
8289665
8290770
8290908
8291141
8291250
8292051
8292125
8294044
8294515
8294644
8295447
8295876
8297117
8298074
8298571
8301349
8302584
8304491
8304944
8305219
8305504
8307158
8307431
8307724
8312579
8314982
8315904
8316803
8317113
8317732
8318018
8319046
8322282
8324774
8325133
8325463
8325573
8328154
8330201
8330425
8331446
8331476
8331557
8333003
8333039
8333917
8333919
8335843
8336834
8337190
8340065
8340313
8340324
8340759
8340775
8341484
8341735
8343813
8345357
8346063
8346243
8346619
8348951
8349313
8349721
8350546
8352013
8353071
8353196
8354332
8354850
8358896
8360147
8361260
8362168
8363030
8365135
8365211
8365283
8366037
8370072
8372410
8373451
8374618
8375319
8375469
8377308
8380921
8381611
8383860
8384072
8384267
8384308
8384523
8388811
8389077
8389259
8389395
8390887
8391235
8392297
8392330
8392533
8392690
8394366
8396254
8398044
8400068
8403345
8403561
8403628
8404283
8405732
8406360
8407214
8409893
8411289
8415275
8417683
8417814
8418101
8418866
8419194
8423472
8424871
8426782
8426892
8427919
8428538
8428685
8428755
8429739
8432095
8432657
8433747
8436184
8436266
8437337
8439371
8439437
8440584
8441969
8442283
8442857
8443483
8443517
8445571
8447314
8447401
8447456
8449391
8451077
8451497
8452239
8453706
8455041
8456538
8456751
8457906
8459430
8460028
8460858
8462455
8463663
8463807
8463952
8464098
8464322
8465585
8465939
8466124
8467112
8468272
8468467
8468935
8472148
8473255
8474383
8476540
8477228
8478558
8479121
8479304
8479470
8480841
8481087
8482006
8483502
8484236
8485591
8489321
8490577
8493723
8493737
8494375
8497176
8497207
8499598
8500146
8500987
8501318
8502623
8502888
8504193
8505260
8507245
8509084
8509437
8511768
8512538
8513277
8515910
8516756
8518507
8518880
8518969
8519402
8521912
8522507
8522570
8524557
8527091
8527156
8527940
8529073
8529369
8532288
8532467
8537411
8538147
8543467
8543845
8544131
8544917
8545573
8548571
8552010
8553447
8554399
8554502
8557311
8557392
8558005
8558247
8558329
8559470
8559898
8560005
8565465
8565663
8565769
8565783
8567139
8567351
8567524
8569073
8570037
8570376
8571026
8571094
8572458
8573542
8573553
8573628
8574812
8579525
8579843
8580183
8580968
8581339
8581543
8582749
8584038
8586576
8586710
8586975
8587482
8587930
8587932
8588570
8589323
8590118
8590710
8592165
8592258
8593953
8595683
8596389
8598062
8598943
8599073
8599932
8600933
8601725
8601731
8602414
8603291
8603910
8605770
8606194
8607157
8607186
8607425
8607739
8607849
8610356
8610612
8610950
8611248
8613571
8613604
8613828
8614854
8614876
8616762
8617836
8619250
8619817
8622558
8622765
8623897
8625022
8626321
8626369
8626387
8626729
8626867
8628666
8628733
8628899
8629796
8629941
8631679
8631977
8632412
8633620
8633645
8634701
8635910
8636827
8638095
8638667
8641222
8641371
8641720
8642374
8643781
8644838
8645290
8646064
8648326
8650312
8653147
8653223
8654168
8657680
8659510
8660437
8661255
8662230
8662649
8666100
8668487
8668934
8671347
8671351
8674136
8674470
8675444
8675499
8676116
8679765
8681236
8682166
8682616
8682867
8682986
8684470
8684894
8685648
8686794
8688043
8688437
8688536
8689287
8689359
8689483
8689913
8690453
8693581
8695581
8695646
8695784
8696483
8696849
8698650
8699988
8700935
8701437
8701989
8702527
8703423
8704071
8705185
8705662
8707573
8708678
8709173
8711291
8711553
8713805
8714736
8714969
8715260
8715781
8716686
8716729
8716997
8717009
8717385
8719211
8723003
8724577
8725018
8725299
8725413
8725904
8726312
8726749
8727487
8727530
8729831
8730980
8733755
8734724
8735299
8737702
8737854
8739068
8742048
8742190
8743235
8744017
8744345
8744697
8745914
8746947
8748180
8749585
8749754
8750932
8751305
8753287
8753298
8754055
8755008
8755330
8757799
8758990
8759728
8761458
8762254
8762935
8763594
8769100
8769550
8770010
8770518
8770588
8771060
8771497
8772048
8772498
8773196
8773761
8774025
8774757
8775901
8778090
8778977
8779320
8779427
8780150
8783428
8784513
8785078
8786642
8787075
8791662
8792791
8794536
8795249
8795700
8795945
8796528
8796708
8796733
8797229
8798691
8799238
8800802
8800887
8801098
8801709
8802280
8803404
8803782
8804607
8805769
8805915
8806926
8808896
8811197
8811800
8812716
8813102
8813113
8813644
8813982
8814936
8816293
8816577
8816587
8817499
8818717
8820916
8822046
8822293
8822746
8824273
8824683
8826773
8826862
8827047
8827479
8827636
8829516
8830111
8830181
8830529
8830747
8831581
8831905
8832084
8832454
8832510
8833274
8834567
8836310
8836657
8837618
8839043
8839522
8842744
8843543
8848442
8849697
8849973
8851885
8853938
8854697
8856083
8857881
8858081
8860951
8861760
8861810
8862248
8862283
8862850
8864723
8865360
8865546
8867612
8869538
8870488
8871038
8873237
8873581
8873709
8874278
8874890
8877179
8878034
8878983
8879701
8880238
8881796
8884378
8884995
8885555
8886034
8886562
8887656
8889184
8889960
8890045
8891333
8891913
8893187
8893456
8895322
8896157
8896941
8901424
8906399
8906778
8906996
8907912
8910931
8911501
8912571
8912812
8912905
8914702
8914847
8916195
8916700
8917368
8918230
8918540
8919111
8919286
8920689
8924588
8925313
8926449
8926717
8927553
8930312
8931097
8931350
8931567
8932045
8933513
8933780
8934210
8934266
8935003
8936650
8936976
8939279
8940074
8940666
8941780
8942560
8943201
8943755
8944580
8946271
8946295
8946541
8948028
8953143
8953913
8954790
8954838
8955149
8955253
8955663
8956157
8957876
8958964
8960073
8962409
8962510
8964596
8965383
8966145
8967846
8968260
8969743
8972380
8975124
8975904
8978514
8979541
8980153
8980362
8980548
8980985
8981210
8981808
8983138
8983948
8984573
8984752
8986636
8987131
8987168
8988068
8989156
8989411
8992873
8992974
8993199
8995670
8996465
8997631
8998033
8999409
9000451
9000847
9001070
9001113
9004153
9004562
9005875
9005964
9007093
9007175
9008184
9010166
9010573
9012719
9014403
9017806
9019108
9020542
9021977
9023133
9024218
9024761
9025693
9025714
9025892
9026195
9026283
9026627
9026811
9030314
9031138
9031264
9031575
9032102
9032332
9035108
9035416
9035765
9040614
9041365
9045817
9046858
9047074
9048586
9051195
9053237
9054547
9055119
9055830
9056422
9057501
9057969
9059857
9060169
9061110
9061283
9061992
9062157
9062683
9062916
9063774
9064299
9065967
9066051
9066104
9066636
9069287
9069347
9071274
9071702
9072708
9073379
9074226
9075939
9077827
9078535
9079857
9079881
9082174
9084025
9087926
9088730
9090014
9092606
9092865
9093106
9093271
9095020
9095122
9095328
9097387
9099923
9100648
9100800
9103685
9104899
9104938
9109548
9111534
9112038
9112114
9112828
9113710
9114861
9117818
9119919
9121440
9121535
9121918
9123392
9123576
9123845
9124201
9125310
9125973
9129215
9129399
9129438
9131335
9132258
9133031
9133431
9135540
9136684
9137808
9139041
9140028
9140149
9140543
9140943
9141749
9141792
9143642
9144707
9145791
9147037
9147189
9149068
9149449
9151263
9151653
9151711
9152864
9153344
9154411
9155652
9156045
9157698
9157786
9158644
9158663
9159080
9160399
9160420
9161749
9162269
9164354
9165393
9167578
9167601
9167909
9169555
9170361
9170478
9171374
9171752
9172353
9173045
9174285
9175974
9176016
9177361
9178529
9179598
9180602
9183351
9185522
9186613
9186915
9187226
9188223
9188576
9188983
9189796
9193034
9194196
9195201
9197403
9197465
9200181
9201040
9201408
9202445
9203205
9205125
9205853
9207772
9208247
9208612
9208989
9208998
9209783
9210029
9210525
9211344
9213678
9215533
9215720
9218340
9218884
9219216
9219720
9221064
9222339
9223082
9224108
9224567
9226295
9227291
9229079
9230867
9233645
9234478
9235576
9235613
9237572
9237775
9238524
9238669
9239307
9241643
9241810
9242281
9242311
9242812
9244177
9245147
9245558
9245811
9247617
9247769
9249881
9250521
9250808
9252174
9252863
9254423
9255836
9256790
9257057
9257344
9257412
9258924
9259655
9260064
9260212
9262427
9262933
9263005
9263982
9264418
9265425
9268014
9270310
9273073
9273335
9273677
9275614
9276687
9277160
9278363
9279350
9281174
9281917
9282064
9284386
9284976
9287175
9288590
9289899
9290076
9297556
9298572
9304197
9305309
9305789
9307697
9308024
9309004
9309268
9311494
9312130
9315396
9315742
9316005
9316274
9316881
9317038
9318169
9319791
9322574
9323986
9325811
9325900
9328643
9328682
9329411
9330704
9333722
9335096
9335101
9335105
9336213
9336621
9337380
9337719
9339051
9339308
9339505
9339700
9339953
9340172
9340215
9340373
9341599
9342457
9343007
9343262
9343470
9347025
9348596
9348936
9349989
9350771
9351891
9352091
9354796
9354841
9355176
9356965
9358591
9358958
9359123
9359959
9360672
9360963
9364400
9365651
9366759
9367166
9368889
9369008
9370209
9372474
9373528
9375085
9376384
9376829
9377298
9379299
9380068
9381352
9381547
9381684
9382811
9386862
9388254
9389815
9392272
9393136
9393209
9393320
9393486
9394403
9395340
9396580
9397217
9398725
9398753
9401671
9402814
9404906
9405236
9406275
9406706
9407287
9408481
9408485
9408510
9409767
9410545
9410796
9411742
9412420
9412467
9413344
9413892
9415040
9415071
9415848
9416856
9420208
9420515
9420519
9420964
9421661
9422938
9423747
9424247
9424556
9424716
9425194
9426724
9429236
9433219
9436698
9436811
9438548
9440671
9442565
9443275
9443494
9444117
9444162
9444977
9446868
9448761
9451125
9454427
9455312
9459306
9459877
9460061
9460711
9460956
9462163
9462190
9462564
9462775
9465011
9465290
9465449
9465455
9465922
9466302
9468656
9468998
9469215
9470186
9471373
9471957
9473126
9475293
9476140
9476339
9476641
9478208
9478443
9478556
9479399
9479553
9481563
9481960
9482744
9483149
9484031
9484075
9484142
9484714
9484942
9485305
9486248
9488001
9490009
9492105
9492551
9492774
9492939
9493694
9496535
9498134
9498428
9498989
9499179
9499435
9500732
9500978
9501647
9502427
9502599
9503637
9504569
9505993
9506324
9507372
9508117
9509367
9510163
9511203
9511900
9511944
9512097
9512597
9514247
9516488
9518103
9518518
9519421
9521506
9523152
9523554
9523742
9527338
9527712
9527930
9529440
9531606
9532825
9532912
9533572
9534749
9535219
9536497
9536908
9537172
9537691
9537808
9547261
9548515
9550196
9550699
9552742
9552897
9553017
9554037
9554764
9554912
9556050
9556850
9557039
9559514
9560374
9561010
9561960
9562067
9563853
9564954
9564958
9565161
9565762
9566356
9566373
9567140
9569795
9571117
9571144
9572592
9573791
9575708
9575780
9576198
9577671
9577768
9579925
9580314
9580382
9581206
9586226
9586315
9586689
9588037
9589408
9590030
9590238
9590375
9590727
9591038
9592322
9592428
9593101
9593665
9594641
9594811
9595569
9596692
9597935
9598557
9599139
9600268
9600725
9600849
9601618
9605281
9605721
9607606
9607923
9607977
9611260
9611276
9615616
9616472
9616568
9616753
9617781
9618080
9618276
9618444
9618705
9619200
9619705
9620351
9620795
9621735
9622540
9622790
9624035
9624654
9627136
9627250
9633127
9633893
9634962
9635779
9636152
9636745
9637536
9638154
9641131
9641361
9643143
9643417
9644825
9644925
9646485
9646798
9647033
9647671
9648172
9648511
9649686
9650239
9650448
9650757
9650921
9651081
9651764
9652941
9653438
9653505
9653904
9654754
9655829
9656921
9657012
9657789
9657881
9659628
9659672
9660683
9661220
9661332
9662164
9662181
9662917
9665292
9666007
9667160
9668024
9670163
9671456
9672206
9672402
9672860
9673479
9673617
9674041
9674254
9674560
9675186
9675334
9676264
9678571
9681506
9682122
9682282
9682974
9682987
9683131
9683982
9685236
9686671
9688865
9689568
9689715
9689805
9689824
9689970
9690502
9691349
9695629
9695941
9697416
9699945
9702942
9703694
9704493
9706852
9708759
9711918
9713032
9714447
9715625
9715809
9719392
9722198
9723146
9723194
9725017
9725173
9726833
9727838
9728152
9728367
9729218
9729879
9731721
9735542
9736280
9736588
9738417
9738943
9738987
9740360
9740794
9743008
9745106
9746924
9749113
9749742
9751778
9753828
9754902
9754975
9755785
9756109
9756230
9757327
9757832
9758198
9758308
9758473
9758570
9763335
9763658
9764317
9764695
9765988
9766179
9770375
9770428
9770489
9771994
9772432
9773947
9775868
9776703
9777118
9778790
9779353
9780698
9783597
9784333
9784377
9786707
9787862
9788771
9789927
9790253
9790307
9790762
9792842
9796543
9797291
9800791
9800870
9801150
9801619
9804497
9807089
9807562
9809354
9813270
9813274
9813588
9813758
9814162
9815899
9817695
9818297
9821290
9821380
9821962
9822272
9822396
9822922
9824036
9824234
9825007
9827877
9828105
9828393
9828726
9829010
9829579
9831371
9831739
9833431
9835625
9837339
9838266
9838894
9839333
9840198
9841746
9841781
9842516
9846400
9846739
9848331
9848384
9848512
9848649
9848849
9849229
9849365
9850248
9851082
9853735
9854339
9854496
9856547
9857525
9857735
9858618
9860714
9861680
9868827
9870066
9870437
9871055
9871070
9871923
9872861
9873717
9873856
9875128
9877425
9878659
9882158
9882961
9883821
9884626
9884898
9884925
9885533
9886163
9887815
9887938
9888088
9888817
9893413
9897836
9899933
9901050
9901186
9902831
9902929
9904833
9907197
9907357
9907629
9909631
9910068
9910194
9910584
9911582
9912676
9913331
9914485
9915109
9916237
9916635
9917677
9917768
9920617
9922145
9923530
9926131
9926360
9926678
9926877
9933390
9934289
9934666
9934904
9936006
9937584
9939809
9939848
9941141
9941838
9942758
9942857
9944065
9944449
9945294
9945326
9945614
9946213
9946900
9947169
9948750
9949147
9951422
9952578
9952752
9955486
9955528
9955678
9955914
9956039
9956074
9957817
9959949
9960214
9960240
9960245
9960586
9961738
9961758
9962205
9962395
9962428
9963604
9963752
9964077
9964710
9965099
9966376
9968233
9968326
9969290
9969686
9970090
9970546
9971461
9971884
9972096
9973814
9974529
9976993
9979225
9980130
9984963
9985019
9987665
9988033
9988467
9991016
9992242
9993199
9993432
9993976
9994391
9994901
9995574
9997164
9998591
9999432
