958
2105
3344
4743
4850
6557
6693
7433
8515
9681
10055
10463
13049
16000
16342
18661
18881
21422
21636
23015
23245
23451
25780
27967
29845
32974
33890
35200
35248
35284
35746
36883
38387
39254
39351
39486
41208
41268
44264
48040
50757
52777
53840
54863
56026
56274
58421
58428
59288
59460
60519
60687
61935
62841
62849
64132
65472
66780
67107
68232
69330
71406
71564
71591
72220
72440
72721
72952
74117
75174
75653
78281
78657
80006
82263
82301
83505
83561
83640
87665
88447
88556
91474
92001
92148
93090
93702
95690
95856
96265
97579
100671
100818
101017
102413
102558
104535
104889
105532
107432
108821
109865
109990
110584
111987
112159
114579
115009
115420
116764
117473
117999
118013
120846
122301
122694
125823
127493
127496
128926
130604
130928
132665
132934
132948
133042
133065
134132
136011
136097
139212
139241
140615
142170
142986
143621
144105
144517
145167
145192
145244
145441
148547
149394
149519
151180
152460
153690
153740
154645
155042
156206
157049
157233
157393
158282
158852
160554
161087
164398
166349
168377
168834
170318
170462
170492
171651
171981
172047
172598
172704
175486
175794
178502
179155
179853
180396
180886
182084
182985
183997
184151
190483
190884
191403
193113
193411
195837
195981
196673
198956
200237
204063
204418
205418
206457
206664
207621
209763
212330
213254
214316
214847
215897
216610
217759
217947
219261
219749
220391
220482
222318
222896
225168
225350
225628
226152
226345
227293
228529
229280
230200
230634
230922
232011
232298
232349
232482
233641
233660
233809
234387
236217
239867
240087
240300
240872
241256
242934
243609
244674
247405
247520
248277
254263
254481
254696
256187
256240
256652
261959
262093
262624
262870
264172
265982
266331
267622
269097
269146
269686
271390
271564
272739
273234
273419
273901
275104
276072
276173
277961
278036
281071
282516
282772
283680
284359
286972
288728
289455
290775
291230
291658
293156
295649
295702
296055
296558
298367
299517
301072
301309
301477
301857
306531
306736
311194
312272
313787
313962
314483
314567
315807
316011
316348
316750
316767
316929
317424
317487
317606
320245
321792
322300
322634
326378
326473
326483
328048
328134
332140
332539
332613
332871
333210
333480
335342
337067
338815
341610
342837
343321
346245
346642
347112
347262
348086
348775
350066
350071
351287
352197
352984
353348
354369
355113
356797
356946
357364
357822
360074
361262
361543
361796
364318
368320
369171
371063
371340
371406
372482
373337
373654
376500
377632
378805
379320
379415
380179
380184
380329
381441
387460
389197
390230
390464
392583
393374
393527
393573
393657
394925
396156
397322
397343
397752
397949
398623
399092
400181
400824
400971
402284
402640
406456
408272
408445
409200
409320
410232
413031
415215
416076
416375
418413
420002
420851
422668
424498
424663
425833
426616
427042
428319
429506
429944
430813
431066
432415
433801
434549
435964
437715
438407
439443
439496
441537
441599
441974
442514
444593
444605
445010
445081
445518
447422
447726
448017
449443
450862
451679
451872
453707
454419
454864
455281
457472
457685
459110
459267
461457
462481
463302
463386
464096
466006
466251
466264
466307
466992
467308
469574
471169
472141
472726
473957
475731
476240
477369
477852
478439
478499
478577
479048
479691
479926
479960
480465
481974
481979
482090
482680
482851
483090
485618
486232
486477
487689
488724
489916
489939
489978
490278
490622
493508
494276
494971
495255
498084
499778
502556
504060
506870
508212
509132
512636
513158
513699
514819
516146
517198
519781
519819
520061
520320
520812
521938
522462
523279
525646
526584
526724
527250
527293
527876
528807
528983
529096
530519
531508
531686
532156
532273
533750
535395
538377
538525
538948
540901
541623
542154
544152
546065
546596
546598
547438
547588
548615
548971
549539
552783
553921
554044
554607
554725
556478
560181
560209
562234
562721
563898
564772
565172
565544
566851
567127
567740
569554
571056
571832
572983
573094
573945
574082
575462
575836
576290
576395
576444
576526
577290
578123
579318
579620
581870
581962
584109
584662
586194
588836
589778
591508
592196
592667
595497
596415
596784
597086
597385
598085
604671
605270
605515
606381
606509
606817
607054
607751
612824
612881
613426
613815
615094
617127
618599
618718
620422
621386
622771
623135
624474
626608
626873
626931
627137
627958
628197
628884
629100
629111
632661
633061
634739
635005
638523
638811
640190
640712
640948
641683
643846
644711
645298
646539
647729
647945
649172
650672
652892
653644
653660
654082
654122
656328
657969
658723
658747
659374
660020
660961
661770
663761
664559
664736
664862
666678
667062
671115
671215
671988
673212
674250
676932
678936
679283
680346
681322
681471
682960
683291
683850
684042
684093
687009
687476
688467
690295
691167
693270
694028
694772
699170
699592
699802
700339
700994
703993
704565
704646
707362
708693
711647
712409
716481
717483
718866
719686
721924
724923
725809
730024
730466
731907
732028
732185
733125
733647
736375
737438
738429
739559
740274
740351
740539
740616
742114
744123
745319
746681
746987
747102
747174
747568
748366
750135
753218
753342
753718
754731
754954
757477
757951
758022
758280
758461
758914
761492
763743
764051
764394
764623
765140
765405
765448
765507
765982
767010
769422
771574
775314
775704
775757
777320
777445
779056
779134
779219
779872
781395
781732
782150
782904
783532
784174
785559
787481
787817
788630
789443
789553
791334
792295
792816
795159
795680
796548
797363
801649
802195
803012
803934
805491
806606
806928
808151
811043
811190
811519
812508
812525
813978
815975
817084
817565
820510
820615
822037
823956
824101
825138
827042
827121
827858
829255
830507
830508
830659
832581
833964
834146
836116
836734
837380
838530
840900
841360
842880
843317
845172
845616
846491
847728
847991
848316
849227
849974
850143
850256
851860
852171
852177
853089
856522
858761
859088
860933
861606
864210
864342
865317
865953
866771
867041
867653
869449
870254
871098
871737
873076
873655
873952
874430
875662
875828
877411
878946
879799
880575
882008
882737
884733
886779
887326
888030
890658
892445
893659
893918
894438
894953
895663
895806
896051
896504
896686
897193
898263
899208
904328
904776
905389
906511
908069
911612
911705
912058
912212
912348
912476
912766
914021
914141
914157
914301
916011
916350
917844
918907
919295
920194
920401
920972
923563
924089
924914
925707
927663
930014
930557
931765
932750
933028
936358
938029
938289
940346
941790
946090
946431
946562
946776
946983
948152
951264
954363
954848
956506
956954
957183
957494
957890
957962
958088
958426
959465
959831
959835
960220
960421
960571
961660
962159
962829
963858
963883
964603
964932
967486
968182
969243
969477
969668
972425
973303
976449
976611
977642
979900
980544
980834
981077
981805
984245
984605
985216
986350
989422
989463
989715
990095
990625
991109
992057
992573
994564
995654
996103
996625
997718
998280
998622
998937
999737
1001247
1001618
1003239
1003757
1004011
1006981
1007375
1007460
1007689
1009122
1013667
1013714
1013802
1014255
1014326
1015481
1015700
1017421
1017797
1023408
1024088
1024369
1025703
1025756
1026677
1026892
1027225
1029547
1030002
1031443
1031864
1031992
1032158
1033199
1035762
1035767
1038637
1038738
1038892
1040740
1042828
1044598
1045121
1045932
1046244
1046374
1046611
1048586
1048776
1049002
1050513
1050915
1051797
1052125
1052694
1060499
1061037
1061332
1061360
1061478
1061960
1062223
1063854
1064313
1065316
1065829
1066394
1067657
1067723
1067746
1069342
1069381
1069484
1069585
1069601
1070799
1071046
1071593
1072066
1072563
1072716
1073352
1074029
1076140
1076802
1079921
1081415
1085598
1086304
1086305
1086309
1086498
1088056
1088081
1088688
1089810
1090756
1090852
1093240
1093458
1093629
1095093
1096243
1097749
1098112
1098341
1098770
1099676
1101230
1101716
1102086
1103880
1104223
1104326
1107222
1107396
1108016
1108343
1108715
1109337
1111406
1111938
1114416
1114425
1115281
1117150
1121754
1122144
1122768
1123501
1124207
1126160
1127024
1128306
1131004
1131276
1131595
1131623
1132278
1133094
1133804
1134914
1135313
1135710
1136184
1136613
1137591
1138369
1138656
1140002
1141342
1142638
1143192
1143207
1145242
1145401
1147467
1147873
1150968
1151773
1152970
1153040
1154513
1155931
1155947
1157210
1157558
1158299
1160886
1161913
1162040
1165484
1167821
1168350
1169143
1170172
1170493
1172168
1172693
1172725
1173202
1173475
1173775
1174854
1174980
1176561
1178864
1179015
1179430
1180106
1180493
1184588
1185451
1185847
1186722
1187057
1188376
1189704
1189820
1193937
1194011
1194031
1194506
1197121
1197786
1200664
1201813
1203116
1204432
1205384
1206710
1209533
1212024
1215430
1215686
1217403
1217493
1218329
1218841
1219742
1223494
1224075
1226190
1227829
1228282
1230453
1230952
1231264
1231305
1232010
1232223
1232824
1234614
1235083
1235953
1237997
1238827
1239519
1240562
1241405
1243444
1243580
1244088
1244117
1247321
1248195
1248546
1248676
1248688
1248998
1251336
1251955
1257515
1260068
1265231
1267037
1269366
1269550
1270065
1270244
1271258
1272120
1273279
1276199
1277354
1277852
1279533
1282491
1282972
1283756
1284266
1284385
1286850
1287121
1289148
1289300
1290569
1291276
1292902
1293298
1296706
1297768
1298814
1299687
1299992
1300025
1301816
1302268
1302291
1302299
1302324
1303446
1303670
1304501
1304696
1304844
1305577
1306180
1306311
1306480
1306920
1309883
1309974
1311897
1313375
1314502
1314661
1314989
1315139
1316440
1317860
1318516
1318646
1319999
1320039
1320422
1320863
1323080
1326551
1331057
1331577
1331700
1332115
1332679
1332762
1333504
1333858
1334228
1335990
1336416
1336683
1338408
1339791
1340387
1341195
1341539
1342402
1342445
1343912
1344217
1344838
1345454
1345710
1346051
1347077
1347156
1347469
1348430
1348633
1348638
1351772
1351890
1352205
1352217
1354641
1359557
1360835
1360984
1361591
1363514
1363733
1364231
1365707
1366138
1371532
1372192
1372500
1372898
1374206
1374222
1374525
1376408
1378386
1378686
1380642
1382066
1383800
1385757
1387489
1387545
1387921
1389201
1391672
1391773
1395357
1398189
1398896
1399326
1400292
1401105
1401443
1405096
1405389
1405711
1406869
1407135
1407729
1410341
1411488
1411988
1411992
1412085
1416082
1416394
1417214
1418214
1418515
1420003
1420414
1422045
1422090
1422266
1422423
1423770
1424188
1424581
1424747
1425699
1426145
1426384
1426748
1427480
1429283
1429775
1433167
1434514
1437441
1439623
1440844
1443893
1445882
1446957
1447943
1448016
1448744
1450150
1450960
1451455
1453987
1454247
1455521
1457388
1458154
1458381
1458876
1459201
1459621
1460069
1461199
1461415
1461526
1463130
1463162
1464282
1464440
1465901
1467401
1468841
1469303
1469307
1470095
1471313
1472243
1472568
1472602
1472695
1473034
1474143
1474178
1475519
1475656
1475934
1479457
1480048
1480201
1480411
1480534
1480838
1484154
1484534
1485693
1485729
1486042
1486516
1487133
1490761
1490897
1494410
1494893
1495233
1496997
1498637
1498689
1499447
1499501
1499532
1500781
1501126
1501603
1501823
1501942
1503517
1504210
1505476
1505698
1508094
1512013
1512450
1512530
1512821
1513318
1513446
1513470
1514506
1515050
1516784
1517086
1517762
1517945
1518092
1519837
1521601
1521692
1523449
1528017
1528935
1529942
1530139
1531166
1532023
1532175
1533295
1534634
1536180
1536413
1539804
1540859
1541359
1541458
1541745
1541816
1542365
1543847
1544720
1546720
1549076
1549275
1549721
1551790
1552407
1552746
1554450
1555153
1555577
1556998
1557257
1558189
1559390
1560476
1560910
1562055
1562709
1565026
1565258
1566420
1568664
1569099
1569795
1570762
1570972
1571368
1571828
1572617
1573058
1578283
1578879
1580608
1581095
1581974
1582086
1583846
1583885
1586531
1588811
1588853
1589403
1592464
1593587
1593973
1595306
1595622
1597013
1599049
1599353
1600754
1601436
1601725
1603058
1603586
1604205
1605323
1605561
1606141
1607647
1610043
1610116
1610639
1613384
1614445
1615386
1616104
1617858
1618021
1618063
1618497
1621038
1621098
1623121
1623709
1624465
1624703
1628205
1629324
1629348
1630238
1630354
1630790
1632080
1632281
1632744
1633234
1633683
1635983
1636910
1636973
1637622
1637900
1637981
1638522
1640335
1640894
1641633
1642225
1642445
1643856
1644393
1646310
1646922
1647692
1648096
1650470
1650908
1651381
1652621
1655162
1657023
1661252
1662290
1662306
1664756
1664820
1664889
1671321
1672471
1673062
1673113
1673853
1674577
1674786
1678329
1678809
1679780
1680534
1680646
1681846
1681893
1683552
1684828
1686113
1686792
1687438
1688172
1688292
1689042
1690142
1690719
1692405
1694316
1694692
1695675
1696440
1697595
1698043
1698984
1699073
1699093
1699630
1702034
1703948
1704563
1704742
1705211
1705664
1707041
1710319
1710689
1711425
1713696
1717321
1718622
1719455
1719780
1720338
1722327
1725468
1725479
1727603
1728529
1728844
1728967
1730194
1730766
1732623
1732878
1735506
1735859
1735873
1736360
1736488
1737027
1737237
1738562
1741843
1742937
1743302
1743766
1745121
1746601
1749498
1749839
1750363
1751198
1751587
1753704
1753837
1753954
1754174
1754314
1755302
1755607
1758931
1759430
1760248
1761894
1762219
1762308
1762568
1763058
1765697
1766003
1766455
1766633
1767119
1767575
1768078
1768613
1769411
1771510
1772436
1772636
1776356
1776726
1776790
1776911
1777494
1777710
1779019
1779563
1779950
1781333
1782614
1782863
1783090
1785819
1787103
1787390
1788316
1788399
1788721
1789418
1790346
1792552
1793868
1794377
1794807
1795129
1796855
1799340
1799812
1800377
1802460
1803223
1803949
1804322
1805440
1806903
1807269
1808254
1810318
1810682
1810989
1811228
1811558
1812093
1812310
1812611
1812626
1814031
1815171
1815464
1815839
1816256
1819627
1821278
1821543
1822357
1824384
1824608
1825768
1825835
1825870
1826001
1826714
1828105
1828648
1829355
1829537
1831524
1832621
1832837
1834937
1835291
1835438
1837384
1839983
1840762
1841716
1842801
1842848
1843410
1844076
1844991
1846686
1847904
1848819
1849269
1850286
1850525
1851497
1852906
1854040
1854168
1859091
1860214
1862186
1862328
1863129
1864337
1865247
1865403
1866350
1868075
1868761
1869427
1869951
1871585
1871593
1872148
1872374
1873400
1874682
1876157
1877063
1877412
1878220
1878466
1878806
1879741
1880296
1882571
1885222
1887492
1888858
1888996
1889696
1891320
1892260
1892619
1893147
1893449
1893547
1894470
1895443
1895898
1896497
1897841
1899727
1900088
1900756
1901769
1902773
1903557
1903621
1904510
1904521
1905827
1906859
1911964
1912712
1913764
1914920
1916378
1916521
1917473
1920236
1921242
1921559
1922009
1922224
1927708
1928065
1928485
1930451
1930709
1932309
1933403
1933946
1935696
1937054
1937252
1938588
1939032
1941033
1942813
1942822
1943717
1943812
1944171
1947913
1948138
1950039
1950251
1952868
1953758
1954462
1956845
1958797
1960740
1961697
1962029
1963053
1964569
1965954
1967005
1968142
1968405
1970404
1971034
1971437
1971738
1973129
1973868
1974511
1976427
1977091
1977376
1978832
1979741
1981100
1982231
1982504
1982642
1984257
1985200
1985860
1985900
1986121
1986144
1989487
1990167
1996157
1996704
1997595
2000380
2004781
2006316
2007482
2007732
2007913
2008052
2009969
2011477
2011730
2013059
2013184
2015352
2016496
2017548
2018059
2018284
2019294
2020157
2025213
2027099
2027252
2027272
2027332
2028596
2029495
2029759
2029853
2031929
2031968
2032306
2032515
2032856
2033284
2037784
2039631
2042337
2042469
2042553
2043736
2044339
2046508
2047435
2047592
2047699
2047751
2048034
2048274
2048644
2048735
2049423
2050562
2051041
2052260
2054711
2057130
2058173
2058520
2059776
2062431
2062492
2065437
2066310
2066401
2066412
2069405
2071197
2072026
2072942
2073942
2073959
2074595
2076508
2077182
2078242
2080270
2080590
2080937
2082345
2083607
2086675
2087147
2087227
2094529
2094726
2094851
2095466
2095859
2096199
2097457
2098572
2098683
2098920
2100063
2100294
2100727
2100891
2101292
2101462
2101619
2102365
2102843
2103995
2106442
2106814
2116879
2117137
2118652
2119104
2122207
2122420
2122787
2126180
2126313
2128293
2130059
2131526
2132447
2134818
2134933
2135059
2135700
2137245
2137923
2139819
2140562
2141488
2141731
2142322
2142657
2143231
2144286
2144739
2146570
2147642
2148598
2149906
2153397
2153500
2153527
2153892
2153953
2155432
2156488
2157469
2159381
2160174
2160290
2160349
2163205
2163682
2163725
2164713
2166785
2167158
2167333
2168221
2168415
2169464
2170704
2171893
2172509
2173617
2173850
2173858
2174049
2175697
2176258
2177612
2180057
2180252
2180476
2180848
2181931
2183667
2186062
2186752
2189857
2189948
2190108
2190166
2191992
2192229
2192453
2192717
2193021
2194800
2197220
2201026
2201184
2201220
2201747
2202473
2203146
2203558
2204035
2208110
2208263
2211366
2211555
2211745
2212058
2212492
2213900
2214222
2216107
2216410
2219406
2219618
2220146
2221667
2222910
2223456
2223907
2224808
2225340
2225767
2225962
2226058
2226453
2227054
2227730
2227795
2229244
2230149
2231066
2231181
2233077
2233550
2233657
2235402
2236071
2236597
2237366
2237659
2239011
2239269
2239401
2239727
2240981
2241094
2242373
2242665
2245335
2245713
2246826
2247910
2248751
2249837
2250268
2251183
2251185
2251686
2252815
2253820
2256014
2258334
2259858
2261083
2262117
2262804
2263163
2264113
2264720
2265288
2268808
2268844
2269219
2269552
2271073
2273645
2274019
2274658
2274828
2274919
2276331
2277153
2277424
2278941
2282163
2282197
2283016
2283721
2283908
2283985
2284773
2285483
2286395
2287054
2287178
2289898
2290845
2292286
2292730
2292919
2293888
2295463
2296251
2296548
2297297
2299023
2300059
2300475
2300601
2301429
2304529
2304731
2304818
2305999
2306459
2306671
2307339
2308355
2308703
2311185
2312772
2313287
2318185
2319655
2319804
2319920
2320142
2320954
2324136
2324625
2325825
2326549
2327588
2327860
2327963
2328924
2330691
2330741
2332172
2332208
2333575
2334364
2334449
2334574
2335400
2336041
2336741
2338138
2338356
2338453
2338746
2339790
2339897
2339902
2340424
2343992
2345009
2346272
2347916
2348845
2348849
2350364
2351272
2351283
2352430
2357197
2357748
2358119
2358172
2360901
2360964
2361348
2361892
2364303
2367238
2368037
2369171
2370543
2371205
2372146
2372794
2372813
2375369
2376744
2377446
2379735
2380989
2381085
2381139
2381500
2381961
2383963
2385315
2386405
2386420
2386664
2388420
2389210
2392410
2393832
2394563
2396697
2396922
2398140
2399301
2399710
2401139
2401467
2401565
2403416
2405639
2407817
2408337
2408483
2410033
2410459
2411341
2413505
2414730
2415309
2415892
2416184
2416750
2417270
2417790
2420955
2421193
2422257
2424546
2424958
2426361
2427817
2428115
2428257
2429402
2429899
2429932
2430320
2430627
2430735
2431574
2433042
2435280
2436148
2436838
2436865
2437084
2437138
2437236
2437262
2437537
2438243
2438255
2439310
2439334
2439512
2440769
2441201
2442385
2443058
2443326
2444080
2444985
2445434
2447225
2448346
2449280
2449324
2451050
2453270
2454633
2457668
2459149
2459537
2462674
2462760
2462945
2463240
2463676
2464602
2465692
2465925
2468217
2468864
2471864
2471926
2472124
2473037
2474288
2474458
2475832
2476058
2477744
2478758
2479109
2479312
2483339
2483460
2484652
2485041
2485586
2487073
2488676
2490293
2492042
2494059
2494184
2494474
2494736
2495075
2495856
2498253
2498267
2499671
2500279
2503729
2507171
2509632
2511527
2512978
2515838
2519255
2520659
2523385
2523496
2524770
2528460
2529474
2530151
2530248
2530268
2530715
2531611
2534741
2535303
2536401
2539647
2543774
2548721
2549461
2549501
2550440
2550523
2552187
2552770
2553333
2558220
2559277
2560671
2562186
2562729
2563211
2564178
2564255
2566066
2566718
2568499
2569243
2570508
2571545
2571699
2572510
2573798
2574352
2575073
2576212
2576251
2576611
2578910
2579248
2580231
2580660
2581489
2583597
2583599
2584950
2585576
2585930
2586593
2587688
2588721
2591492
2591571
2592927
2593323
2594922
2595331
2595967
2597295
2597614
2597995
2599234
2601791
2602423
2602964
2605594
2606300
2607469
2607525
2608527
2610386
2610441
2610900
2613601
2613884
2613933
2614108
2615290
2616333
2616940
2617295
2617339
2618114
2619284
2621384
2621574
2622261
2622948
2624292
2624307
2624856
2625750
2627431
2628396
2628466
2630216
2631083
2631741
2632557
2634728
2635746
2636286
2636342
2637281
2637799
2639270
2639565
2640190
2640420
2643807
2644267
2644905
2647571
2650533
2653766
2653832
2653923
2654119
2655100
2659046
2659624
2659634
2659823
2660438
2661102
2662534
2663688
2663861
2663873
2663962
2664783
2667279
2669734
2669893
2671882
2674963
2675894
2676026
2677159
2678292
2679450
2682215
2683297
2686760
2687236
2687710
2687819
2688326
2688548
2689031
2689404
2690502
2690542
2691243
2691295
2691669
2692218
2694486
2699167
2699682
2699830
2703871
2704165
2704432
2704764
2708872
2709438
2710908
2712294
2713978
2715082
2716874
2719366
2719419
2719686
2719904
2720394
2720902
2722651
2722701
2726160
2726172
2727127
2728564
2729647
2731561
2732122
2734362
2735201
2736216
2736236
2738524
2739107
2739171
2741038
2741188
2742932
2743008
2744095
2744968
2745013
2746363
2747755
2748230
2748292
2749899
2750323
2751292
2752075
2752796
2756600
2758945
2758998
2759993
2760793
2761664
2763424
2765191
2765751
2766723
2769633
2770046
2770498
2770985
2771635
2774494
2775504
2775996
2776020
2777847
2777954
2778610
2779541
2780338
2782753
2782955
2784339
2786743
2789083
2789280
2790526
2790630
2790796
2791065
2791636
2791763
2791883
2792089
2792647
2793196
2794065
2794863
2796016
2800258
2801364
2801671
2804857
2804882
2807061
2807365
2807635
2808588
2808951
2811659
2811961
2812906
2813896
2814410
2815705
2816303
2816384
2818492
2819323
2819457
2820670
2822158
2827012
2827134
2827313
2828480
2828587
2828854
2830641
2830972
2833293
2834002
2834151
2834276
2834331
2834720
2834823
2834929
2836263
2836599
2836704
2837357
2837359
2838179
2839354
2839610
2840099
2840640
2843449
2844847
2846968
2848234
2849770
2849955
2850149
2851459
2851925
2852534
2852732
2852760
2854288
2855637
2861186
2863824
2863874
2864509
2864756
2866248
2870180
2871215
2872159
2872558
2872649
2873524
2874807
2875313
2875414
2876360
2876513
2877229
2877313
2879805
2880136
2880680
2880681
2880901
2880976
2881917
2882308
2883240
2883867
2883884
2884103
2884505
2885257
2885557
2886609
2887205
2889421
2889954
2890426
2890646
2890965
2890997
2891125
2891633
2892236
2894238
2894661
2895908
2896295
2896865
2899248
2899670
2900372
2901296
2903327
2903991
2905565
2905695
2906758
2908772
2909188
2911223
2911653
2912543
2913097
2915670
2916060
2918735
2919041
2919704
2925474
2928917
2929473
2930199
2931222
2931728
2932968
2933462
2933627
2933690
2933885
2935535
2936678
2936726
2938961
2939875
2939977
2940207
2940402
2941240
2945088
2945102
2946644
2946674
2947328
2947334
2947945
2948049
2948474
2948846
2949374
2950745
2951594
2952244
2952393
2953131
2953389
2953759
2953846
2955811
2955964
2957720
2959344
2960376
2960591
2961028
2961308
2962345
2965210
2966120
2966147
2966839
2967791
2968029
2968891
2970262
2970439
2971237
2972446
2973010
2973095
2977547
2977662
2977970
2979020
2979242
2979669
2982598
2983022
2983140
2986295
2986487
2989080
2989887
2990330
2990575
2992728
2992772
2993220
2994060
2995434
2996134
2996563
2997160
2997168
2997764
2998309
2998846
2999047
3000136
3002415
3003065
3003806
3005387
3005596
3006322
3006935
3008266
3009354
3010445
3011126
3011717
3011747
3012698
3013290
3013547
3014456
3015988
3016057
3016548
3017230
3020292
3020442
3020456
3023074
3024556
3026372
3027192
3028611
3028879
3030728
3030759
3032165
3034717
3035767
3036440
3036570
3037210
3039560
3040201
3040707
3042605
3042865
3044758
3044890
3048029
3050207
3051004
3052364
3054069
3054784
3055036
3055130
3055707
3057412
3058439
3058977
3059828
3060651
3061594
3062087
3063016
3064434
3064661
3066028
3067903
3067952
3068861
3069242
3070220
3070381
3070550
3070629
3071181
3071649
3072913
3073141
3073870
3074830
3075926
3076209
3077424
3077437
3077517
3079403
3079497
3080087
3082841
3083093
3083384
3083822
3084488
3086553
3086908
3087335
3087732
3089569
3093432
3094215
3094701
3094914
3095347
3095412
3096506
3096746
3096876
3097129
3097779
3098109
3099561
3099594
3101409
3101542
3102460
3103649
3104493
3105413
3106879
3109779
3112996
3113160
3113425
3113742
3114655
3114684
3115704
3115715
3116280
3117348
3117652
3118372
3119719
3120072
3120360
3122339
3122582
3123340
3124546
3124841
3124895
3125907
3126809
3127793
3128155
3130384
3130744
3130772
3133579
3133927
3135863
3136687
3138245
3138360
3139352
3139595
3142065
3142786
3144398
3145420
3145588
3148202
3148425
3149759
3151916
3152552
3154375
3155530
3156960
3157164
3158733
3162375
3162525
3163742
3163976
3164403
3167035
3167058
3168739
3168946
3169776
3169915
3170010
3170298
3170952
3171077
3171143
3172088
3172294
3173528
3174291
3176656
3180423
3180592
3181159
3182017
3182080
3182895
3184488
3184560
3184594
3186883
3186960
3187692
3189253
3190294
3190783
3190836
3192479
3194106
3195596
3195668
3197401
3197785
3198113
3198752
3200042
3200228
3200319
3202566
3202691
3204099
3204934
3208058
3208517
3210427
3211563
3212389
3212709
3213154
3214049
3215129
3217312
3217443
3218328
3221157
3224062
3224734
3225589
3225734
3229098
3229778
3229821
3229909
3232003
3232822
3234083
3237285
3237295
3238077
3238336
3240276
3242515
3242715
3245488
3245591
3247084
3247423
3248461
3249198
3250331
3251502
3253207
3256016
3257332
3258525
3258944
3259248
3260100
3262635
3262828
3263456
3268967
3269499
3270208
3271203
3273902
3273916
3273990
3274441
3274536
3276797
3277233
3277267
3277687
3279356
3279357
3282819
3283473
3283788
3283852
3284233
3285224
3285328
3286790
3288005
3290516
3290992
3291540
3292527
3295249
3296874
3299936
3300416
3300654
3302612
3304504
3304556
3304604
3305946
3307152
3307521
3308215
3308381
3310124
3310690
3310937
3311457
3311990
3312256
3312984
3314295
3314388
3314625
3317163
3320280
3321465
3322115
3324488
3326081
3326182
3326371
3328657
3329042
3329177
3329493
3330120
3330245
3330771
3331090
3332108
3332547
3333795
3333814
3334379
3334723
3339010
3339448
3340748
3340771
3343033
3346383
3347783
3347786
3349059
3349137
3349810
3349878
3349919
3350427
3351245
3352667
3352925
3353585
3354605
3354693
3355415
3355956
3358292
3358306
3359177
3359247
3359281
3359434
3360222
3360739
3363150
3363184
3363259
3365105
3367542
3367548
3367606
3368613
3369648
3371187
3371573
3372400
3372852
3376378
3377911
3378538
3379941
3380053
3381631
3381731
3383861
3384226
3384412
3385168
3391066
3391333
3391676
3391851
3392164
3393369
3394823
3395369
3396918
3398876
3399244
3400125
3400485
3402304
3402536
3407093
3407238
3407724
3409099
3409170
3409354
3415758
3415919
3417356
3418208
3418960
3419913
3420634
3424874
3425692
3425760
3425829
3426079
3426425
3427374
3427969
3429120
3430209
3430329
3430524
3430704
3431309
3432058
3433880
3435633
3438377
3439244
3439794
3440408
3440959
3441226
3442401
3442573
3442806
3443291
3444470
3445346
3445495
3446341
3447259
3447469
3448470
3448476
3449292
3450817
3450902
3451634
3452810
3454352
3455341
3456034
3456140
3456594
3457706
3458454
3458998
3459728
3460431
3462699
3463628
3469525
3470287
3470548
3471159
3472116
3472391
3474562
3474984
3475263
3475383
3476603
3478398
3479925
3481750
3482290
3483814
3484074
3485148
3485202
3486373
3488886
3489465
3491811
3492300
3492613
3492751
3493735
3494680
3494966
3496759
3496805
3496812
3497361
3497540
3498685
3501927
3503389
3505461
3506016
3506061
3506204
3506211
3506415
3508214
3510258
3510686
3512969
3513573
3513861
3515273
3515488
3516318
3516707
3518617
3519623
3519903
3521313
3522993
3523426
3523559
3524105
3527214
3529186
3533575
3534604
3536144
3538030
3538047
3538587
3539548
3540102
3540698
3541160
3542218
3544278
3545937
3546272
3547069
3548393
3552224
3553024
3553582
3554388
3554500
3555398
3556193
3556698
3559995
3560622
3561517
3561566
3561656
3562091
3563661
3564817
3566096
3566588
3566665
3566896
3568147
3568926
3569550
3569672
3570638
3572013
3573368
3574493
3575201
3575810
3576447
3578047
3578141
3578785
3578835
3580218
3580487
3580679
3582380
3582805
3583306
3585353
3587642
3589646
3590086
3590141
3590600
3591221
3591528
3593680
3594010
3594443
3594835
3595711
3596073
3596362
3597573
3597578
3597970
3598746
3600222
3601197
3602382
3604034
3605154
3605795
3606642
3606938
3607292
3607385
3607925
3608844
3609560
3610256
3610398
3614010
3614538
3616391
3617085
3618215
3618396
3618892
3619074
3619485
3620361
3620594
3621190
3623101
3629723
3629828
3630082
3632286
3632955
3635044
3635699
3635893
3636269
3638247
3638566
3638832
3639375
3641143
3641434
3641934
3642949
3644318
3644475
3645022
3645046
3645313
3646309
3646894
3646959
3647277
3648718
3649276
3649627
3649770
3649994
3650185
3650227
3650539
3653084
3653284
3654075
3654996
3655150
3656463
3657901
3658161
3658560
3658721
3659821
3661099
3661663
3661666
3662188
3662531
3662555
3664055
3664342
3664467
3667592
3669331
3670034
3670656
3673605
3674793
3675556
3677417
3677512
3677824
3678650
3679546
3680927
3683149
3683336
3683699
3684827
3685442
3685913
3685984
3689580
3689751
3690464
3691298
3692133
3694440
3695438
3695985
3696716
3696721
3698517
3699357
3701996
3704306
3704797
3705206
3706109
3706672
3706751
3707139
3707894
3708784
3709168
3709610
3709706
3710326
3710777
3711164
3711964
3712220
3712302
3712518
3712598
3713113
3715822
3718905
3722187
3722922
3723379
3723555
3724010
3725235
3725940
3726335
3727184
3728815
3729057
3729456
3729956
3730762
3731109
3731485
3731584
3732134
3734175
3735081
3738045
3740788
3741389
3741724
3741856
3742144
3742454
3742850
3743761
3743988
3744321
3745344
3748735
3749027
3749723
3749956
3750087
3752236
3753103
3753742
3754204
3754398
3754553
3755404
3755436
3756187
3756753
3756999
3757540
3760868
3761764
3762556
3762855
3763422
3763933
3763948
3764228
3766509
3769669
3770957
3771601
3772829
3772859
3773148
3773526
3773662
3773820
3774493
3775010
3775485
3776743
3777606
3777912
3778725
3778839
3779724
3780896
3781128
3781318
3782743
3782821
3783623
3783858
3784014
3784518
3786276
3786716
3787610
3788578
3789134
3790273
3791700
3792596
3793548
3795875
3796581
3797106
3798265
3799360
3801590
3802144
3803192
3803261
3803985
3807502
3810350
3810605
3810949
3811097
3812321
3812561
3812937
3813245
3813355
3813770
3814273
3815574
3817619
3817639
3818614
3818777
3818846
3818857
3820040
3820302
3822163
3822288
3825000
3826206
3826777
3826889
3828328
3829052
3829988
3830373
3830477
3831223
3831296
3833925
3836599
3837680
3837698
3838238
3838689
3838863
3839369
3839424
3839849
3840043
3840108
3840154
3840612
3842785
3844311
3845488
3845562
3846843
3847551
3848316
3849011
3849095
3851576
3851708
3852021
3853922
3854305
3855122
3855321
3855680
3856306
3857342
3857573
3857802
3858070
3858145
3858341
3858966
3859189
3860699
3867865
3869928
3870553
3871272
3873589
3875445
3875457
3876153
3876545
3877851
3879154
3880016
3880876
3882060
3882105
3882835
3883136
3883778
3883849
3884167
3884271
3884452
3884469
3884564
3884850
3886072
3886257
3886691
3887826
3888258
3888408
3889210
3889846
3890154
3890285
3890712
3891165
3892349
3893126
3893561
3893635
3895356
3895711
3899155
3899242
3899272
3899275
3899731
3899958
3900654
3901573
3902235
3903594
3904609
3905213
3905596
3906198
3908066
3908198
3908877
3910902
3911244
3911433
3911727
3911736
3914383
3914716
3917059
3917545
3919987
3920868
3921847
3922122
3923263
3923310
3923505
3924204
3925169
3925217
3928496
3928892
3929264
3929462
3929660
3930059
3930137
3931141
3931149
3934376
3935330
3940545
3940637
3940781
3945624
3946278
3950061
3950222
3952129
3952553
3953659
3954309
3954697
3955258
3956172
3956474
3956859
3958240
3959411
3959689
3960585
3960838
3963405
3963948
3969674
3970920
3973601
3974897
3975048
3975598
3977225
3977503
3978909
3980413
3980811
3980874
3982834
3984670
3984692
3986673
3987506
3988544
3989509
3989944
3990192
3994445
3994642
3999269
3999371
4000301
4000838
4001267
4001620
4004102
4005701
4006445
4009504
4009728
4010494
4010766
4010921
4011085
4012178
4013326
4015263
4015300
4016725
4017337
4018571
4018983
4019030
4020243
4020641
4020722
4021050
4024034
4025355
4026949
4028690
4029283
4029888
4032397
4032596
4035319
4035631
4036232
4036536
4037828
4038175
4038632
4038904
4039123
4039694
4039836
4040703
4044347
4046969
4049152
4051073
4052623
4054625
4056605
4057035
4057229
4057347
4057966
4058076
4060664
4061146
4062529
4062647
4063808
4064067
4068594
4068999
4072743
4073036
4073464
4075929
4076431
4076642
4076952
4080594
4081929
4082093
4083495
4085026
4085523
4089169
4089816
4091116
4091277
4091618
4092519
4093263
4095004
4095213
4095477
4095748
4095977
4096195
4096674
4096870
4097933
4099760
4102656
4102958
4102975
4104340
4104548
4104674
4104836
4108339
4108528
4109727
4109780
4110160
4111033
4111451
4111841
4113956
4114348
4114890
4115461
4115939
4118056
4119823
4120363
4123743
4124302
4125239
4126403
4126667
4127204
4127448
4127862
4131510
4131911
4132042
4132277
4134075
4134429
4134473
4135580
4136255
4139725
4139961
4141107
4141932
4143454
4145271
4146490
4147389
4148835
4149160
4149271
4149328
4150264
4151354
4152064
4152290
4157318
4158834
4159056
4160699
4161727
4163115
4163755
4163865
4165697
4167545
4169394
4170778
4172461
4172479
4172678
4173732
4173735
4175451
4176154
4176762
4177295
4179524
4180881
4181125
4183769
4185098
4185103
4185583
4185878
4186078
4189000
4192316
4193560
4194148
4194337
4194586
4194907
4195910
4197344
4197356
4198178
4198232
4199814
4200216
4201247
4201702
4202733
4206218
4207471
4208069
4209070
4211134
4211906
4215397
4216602
4217072
4217622
4219121
4219533
4220153
4221531
4222535
4225235
4226467
4226588
4227858
4228500
4228624
4229699
4230660
4230813
4231215
4232019
4232666
4232874
4234904
4235162
4235434
4237014
4238198
4239576
4240755
4242829
4244272
4245386
4246395
4248268
4248948
4249198
4250126
4250645
4251549
4251688
4252098
4255594
4256515
4257428
4258732
4259687
4259956
4261740
4262001
4262126
4264132
4265135
4266519
4268155
4270078
4274719
4275229
4277509
4279001
4281044
4283117
4283384
4283964
4284573
4286508
4287824
4289018
4290240
4292006
4292438
4294510
4296184
4297420
4302072
4302853
4303017
4304474
4305195
4305490
4305630
4305741
4306658
4307051
4308755
4309421
4309445
4309526
4311472
4311605
4312061
4312296
4312673
4313807
4315993
4318993
4319112
4319444
4320952
4325522
4326580
4327888
4328842
4329326
4329382
4331348
4331514
4332308
4333200
4335554
4336557
4339458
4340964
4341325
4344037
4347162
4347232
4347235
4348432
4348741
4349485
4350672
4352024
4352731
4353523
4353698
4354645
4357653
4358531
4361266
4361401
4361882
4362473
4364291
4365006
4366673
4367384
4367662
4370552
4371410
4373607
4374627
4375228
4376537
4378688
4380374
4380896
4380992
4381186
4382046
4383158
4383223
4384924
4385457
4385781
4386001
4387723
4387730
4388599
4388832
4388922
4389145
4391179
4392199
4392440
4392494
4392758
4395287
4396088
4396416
4396533
4397186
4398960
4399111
4399656
4400361
4400841
4405395
4405980
4407912
4408359
4410315
4410510
4410671
4411221
4411701
4412067
4414055
4416459
4418147
4418431
4419196
4421101
4421225
4421648
4422526
4422554
4422881
4423343
4423496
4424146
4426722
4426785
4426947
4428791
4429772
4430181
4430971
4431146
4432142
4432365
4432544
4433364
4434434
4436306
4436430
4438920
4439807
4440426
4441747
4442030
4442216
4442824
4444520
4446615
4446641
4447661
4450653
4453997
4454553
4455778
4456600
4456746
4457871
4457974
4460479
4460645
4462547
4463382
4463591
4465943
4467848
4468327
4471003
4471789
4473971
4474857
4475640
4478570
4478706
4479955
4481135
4482403
4483368
4489774
4490003
4496705
4497103
4499456
4500222
4502627
4502787
4506032
4506103
4506766
4506808
4507437
4507579
4511442
4511852
4513280
4513767
4515474
4515961
4516858
4517235
4517484
4517715
4518154
4518300
4519274
4519712
4519726
4519927
4520177
4520705
4521904
4521985
4522634
4523427
4524408
4524992
4525274
4525965
4526047
4526466
4526958
4527734
4528247
4529442
4530630
4530825
4532403
4534129
4534343
4537027
4537792
4540141
4543190
4543310
4544160
4545872
4549541
4551620
4551811
4551854
4555786
4556749
4559491
4560316
4560513
4561009
4561336
4562693
4562896
4566003
4566842
4567515
4568033
4569212
4569997
4570396
4570838
4571130
4571633
4572236
4572240
4573535
4573623
4574288
4575500
4576688
4577368
4577726
4579610
4580608
4581825
4584833
4585697
4586994
4588627
4588759
4589918
4590066
4590119
4591422
4592985
4594777
4595480
4598642
4599763
4600858
4601703
4603892
4605497
4607209
4607216
4607398
4607865
4610292
4610974
4611216
4611594
4611649
4611693
4612680
4616155
4616809
4617045
4617729
4618123
4618399
4618961
4621717
4622264
4622587
4624777
4625012
4627139
4627323
4628385
4629267
4629897
4629975
4632306
4635996
4637241
4638718
4638949
4639623
4640743
4641418
4642637
4643317
4644818
4646929
4647012
4648369
4648775
4650470
4650473
4651891
4653241
4655115
4655131
4656003
4656066
4656255
4657118
4658004
4660333
4660531
4661014
4661294
4661861
4663442
4664679
4664913
4665626
4668621
4668863
4671128
4673140
4673366
4673579
4673789
4675416
4675627
4676194
4676905
4677399
4677752
4679813
4681462
4681529
4682167
4683046
4685489
4686235
4687556
4688325
4688648
4689620
4691963
4692262
4692578
4693627
4694066
4694841
4695194
4695354
4696183
4696448
4697256
4698378
4699279
4699352
4701017
4701270
4702129
4702517
4703363
4703699
4706208
4706662
4707506
4709624
4711103
4711897
4712397
4712479
4712703
4713116
4713943
4714586
4715133
4716809
4717772
4718395
4718851
4719140
4720151
4723704
4725245
4725446
4727315
4727550
4728474
4729079
4731826
4732062
4732496
4733111
4734501
4734649
4735405
4737950
4739105
4741158
4741210
4741713
4741957
4742046
4742552
4742724
4742725
4742762
4743201
4743309
4743542
4744278
4745943
4746917
4747507
4747717
4748014
4750376
4753471
4754579
4755234
4756725
4758696
4758879
4759590
4759831
4761199
4761590
4762394
4767327
4767982
4770702
4770746
4771002
4772666
4774076
4776232
4776390
4776614
4777994
4781035
4781750
4782176
4782431
4783661
4784448
4784676
4785266
4785376
4785519
4788207
4788667
4791528
4793930
4796060
4796212
4797468
4797842
4801162
4803515
4804442
4806051
4806356
4806526
4808352
4809043
4809970
4811159
4811244
4811679
4814538
4815022
4815213
4815579
4815627
4815707
4816289
4816670
4817592
4818033
4818952
4822734
4824534
4825817
4825862
4826290
4827606
4828884
4829952
4830883
4831694
4832342
4833445
4836889
4838376
4839239
4839840
4840581
4841238
4842410
4843944
4846847
4847906
4850498
4850633
4851461
4851479
4856259
4857309
4857422
4857868
4858041
4858056
4861454
4863187
4864438
4867886
4868793
4868843
4869201
4871293
4871419
4873008
4873225
4873587
4874610
4875868
4878040
4878619
4878711
4878940
4879794
4880922
4881843
4884494
4884892
4885582
4885973
4886438
4886722
4887065
4888122
4888194
4888562
4890086
4890451
4891007
4892495
4892793
4894268
4894530
4894676
4895367
4897370
4899624
4902027
4903259
4904064
4906164
4910141
4910580
4911398
4912367
4914285
4914895
4915473
4916495
4916666
4917310
4917360
4918139
4918697
4919122
4920372
4921590
4923235
4924672
4925379
4925526
4926291
4927012
4928393
4928516
4928666
4928998
4929141
4929525
4930232
4930385
4931282
4934282
4936964
4937275
4937493
4942712
4946788
4946824
4947557
4948091
4949185
4949361
4950260
4950559
4950853
4951338
4951836
4954266
4956347
4958078
4958987
4961137
4961863
4964105
4964423
4964635
4965159
4965555
4968584
4969746
4973551
4974386
4974903
4976208
4976539
4977022
4977216
4978432
4979215
4979663
4979943
4980379
4981745
4982640
4987053
4987229
4988363
4988602
4989437
4990840
4991228
4991273
4991834
4994843
4995038
4995312
4995652
4995801
4996518
4997425
4998261
4998263
4998413
4999083
4999649
5000638
5001833
5002121
5002283
5003007
5005204
5005910
5008441
5008563
5008811
5009091
5009257
5010822
5010913
5011765
5012768
5014524
5016208
5016799
5017613
5019131
5019140
5024023
5024046
5024975
5025811
5026494
5026822
5027664
5029030
5030980
5031073
5031763
5033134
5033575
5035732
5035862
5036858
5037153
5038416
5038800
5042311
5043213
5046472
5051010
5051962
5052542
5052789
5053027
5054189
5056258
5057318
5058046
5060044
5060088
5060945
5061856
5064633
5065734
5065972
5066630
5069906
5070774
5075426
5076565
5077489
5077837
5078066
5078633
5079906
5080075
5080973
5081280
5081432
5085334
5088257
5089035
5089759
5089913
5090323
5093280
5095418
5095760
5096939
5097519
5099563
5102578
5102625
5103071
5103943
5103971
5104522
5104629
5106857
5107875
5108011
5108470
5108774
5108844
5109196
5110071
5110672
5110919
5116184
5116688
5117107
5118092
5118351
5118949
5120323
5121053
5122164
5123027
5123084
5126143
5126551
5127192
5127565
5127729
5128301
5129640
5130962
5131426
5132579
5133405
5134772
5136118
5137357
5137644
5138528
5139504
5141319
5143465
5145744
5145903
5146077
5148790
5148793
5149483
5149569
5150099
5151033
5152818
5152980
5153450
5153798
5160161
5160955
5162699
5162913
5163374
5165055
5165963
5167177
5168317
5169710
5169716
5170813
5171306
5171483
5172838
5173614
5174089
5174156
5174362
5175817
5178974
5179090
5180953
5181078
5181977
5183095
5183310
5183754
5183872
5184562
5184747
5186578
5187960
5188284
5189749
5190891
5190951
5193087
5193533
5194257
5194452
5194619
5195624
5196009
5196580
5197379
5197582
5197598
5197831
5200168
5202729
5203261
5203844
5203848
5203864
5204111
5205665
5206415
5207626
5208367
5210472
5215513
5216602
5217696
5220257
5221016
5222149
5222563
5223751
5225245
5226135
5228419
5228601
5231233
5233013
5234566
5235459
5235488
5236161
5236377
5236725
5238583
5239041
5241921
5243535
5243555
5246408
5247142
5247164
5247525
5250463
5251951
5252921
5253743
5254041
5254201
5255158
5255935
5255954
5256787
5256900
5258109
5258212
5258865
5258876
5260194
5261857
5261945
5262336
5264370
5265854
5267897
5268128
5268184
5269900
5273979
5274271
5274985
5276349
5276650
5276873
5276997
5278249
5278969
5279092
5281326
5281920
5282252
5282275
5284797
5287170
5289013
5291739
5292620
5294642
5294712
5296135
5297150
5298500
5300377
5300483
5301543
5302043
5304179
5304430
5308296
5308443
5309948
5310261
5310705
5313002
5313037
5313765
5316708
5317708
5318745
5319281
5321593
5323495
5323609
5324522
5328820
5329840
5330286
5330603
5330776
5332507
5332995
5335667
5335825
5338279
5342210
5342302
5342688
5343574
5345016
5345212
5345434
5347312
5347356
5348614
5349006
5349797
5350165
5351548
5351641
5354540
5354933
5355105
5356456
5357115
5357534
5357663
5358145
5358316
5359694
5360092
5360343
5361113
5363039
5363478
5364110
5365098
5365139
5365599
5366072
5366307
5369176
5369194
5369942
5372353
5372398
5372412
5373031
5373728
5374642
5374848
5375572
5375754
5377276
5378259
5378412
5379590
5379861
5379893
5380029
5381507
5381815
5382882
5386950
5387504
5387916
5388036
5389335
5393002
5394848
5395283
5398422
5401324
5401587
5401713
5402747
5405350
5405499
5406069
5406198
5406717
5407635
5407767
5410658
5410833
5414136
5414998
5415704
5416358
5416364
5416608
5417530
5418291
5421366
5423583
5424324
5424760
5425375
5425484
5425711
5425820
5427611
5429267
5430329
5430624
5433129
5433342
5433890
5438792
5439050
5439214
5440348
5444441
5444743
5445071
5446218
5447871
5448371
5448785
5450720
5454616
5455590
5456883
5456982
5459161
5459408
5460599
5461138
5462020
5462086
5462195
5462748
5464438
5469661
5472667
5475337
5476756
5478137
5479413
5479961
5480901
5481245
5482322
5483478
5484206
5485026
5485648
5486627
5487398
5487924
5489676
5490555
5491117
5491666
5491861
5492910
5493008
5493253
5493459
5494476
5495223
5495405
5497146
5498299
5499024
5500974
5504966
5504977
5507879
5507912
5508676
5509063
5510375
5511899
5512991
5513362
5514324
5514925
5515668
5518341
5518538
5519525
5520149
5523467
5523744
5524243
5525604
5525609
5527993
5529833
5530492
5531791
5532235
5532338
5532579
5533184
5534406
5534467
5535777
5537509
5538270
5538946
5544504
5544861
5544958
5545194
5546883
5547037
5548156
5548492
5548986
5549371
5549589
5551521
5551929
5554580
5555275
5557252
5557666
5558304
5561950
5562523
5564289
5564688
5564696
5566259
5566928
5567681
5568027
5569898
5571939
5572690
5573215
5573984
5574702
5576941
5577189
5578994
5579496
5579566
5581398
5581937
5583686
5583914
5587703
5587780
5587846
5589533
5591030
5591385
5593414
5593765
5594198
5594210
5594533
5596650
5596889
5596961
5598078
5598839
5598931
5598976
5599664
5601076
5603094
5603112
5603270
5603405
5604845
5606509
5607610
5607809
5608870
5609503
5611207
5611678
5613319
5613963
5614177
5618994
5620477
5620643
5620750
5621132
5621756
5622911
5625307
5626957
5629267
5630481
5632286
5632363
5632454
5632493
5633390
5636052
5637894
5638756
5639322
5639535
5640093
5642303
5642400
5643443
5644079
5648162
5649085
5650094
5650581
5650740
5650830
5652363
5652705
5652887
5655286
5655544
5656157
5656830
5656948
5658908
5661183
5661857
5662681
5663410
5663414
5663480
5665563
5665577
5667227
5667295
5667410
5668822
5669481
5670557
5673199
5673674
5673885
5674430
5674627
5675065
5675916
5676441
5677194
5678322
5679598
5681296
5682388
5682591
5685140
5685916
5686390
5688149
5689378
5689860
5694639
5695227
5695445
5695446
5697601
5697860
5698788
5699172
5701391
5702402
5702771
5703416
5704317
5705359
5705765
5705814
5706971
5708715
5708760
5711208
5712404
5713314
5713686
5714169
5716371
5716598
5717474
5717650
5718329
5722601
5723743
5724053
5724365
5725336
5725660
5727529
5727591
5728197
5728354
5728549
5729489
5730145
5730315
5730383
5730933
5732294
5735598
5735853
5736462
5736780
5738603
5738609
5738818
5740680
5742719
5742820
5743133
5743398
5744595
5746630
5747280
5748108
5749530
5749545
5751252
5751519
5753357
5754159
5756257
5756504
5757054
5758234
5758790
5762524
5763171
5763520
5765425
5765958
5767436
5767450
5767652
5769680
5770438
5773079
5773880
5775139
5780208
5780981
5782348
5782977
5783016
5783798
5787677
5788170
5791898
5793713
5794255
5794538
5794760
5795514
5796636
5797508
5798623
5799936
5800952
5800979
5801901
5802281
5802468
5802934
5806054
5806332
5807569
5807877
5807993
5808789
5811133
5811949
5812145
5812467
5812547
5812941
5812975
5812989
5815231
5818313
5820550
5821276
5821629
5822300
5822436
5822504
5824021
5825123
5825638
5828963
5829341
5829408
5829527
5830220
5830653
5831793
5833496
5834168
5834523
5835137
5835579
5836406
5836570
5839553
5842997
5844276
5844347
5845340
5846361
5848898
5849471
5851685
5852360
5853029
5858118
5858735
5859638
5859813
5860457
5864905
5866016
5868884
5869531
5870101
5871543
5872171
5872638
5872918
5873023
5874308
5875260
5876064
5876263
5876995
5877106
5877624
5879548
5880134
5881763
5885615
5885749
5885865
5886075
5887946
5887959
5888727
5888924
5890318
5891518
5894234
5895567
5896050
5898806
5898853
5899995
5901024
5904568
5904723
5906016
5906446
5908332
5909116
5909265
5911853
5914151
5914382
5914933
5917990
5918342
5918690
5921552
5921745
5923776
5924428
5925715
5927485
5927800
5928379
5928391
5929409
5929469
5930071
5930495
5931654
5933640
5934591
5934838
5940414
5940469
5941217
5941521
5942465
5942587
5942660
5943014
5944335
5944985
5945177
5946301
5947922
5948606
5949125
5949276
5950631
5951789
5952587
5953526
5955387
5957607
5958621
5958790
5960913
5961001
5961722
5962791
5963976
5964508
5965201
5965461
5965551
5965555
5967891
5968095
5968165
5968218
5968803
5969439
5969998
5970390
5970475
5971356
5973203
5973288
5973417
5974386
5974921
5975474
5978829
5980445
5980641
5981079
5981218
5982589
5984927
5985427
5985507
5985509
5985870
5986601
5987329
5989814
5990932
5992095
5992214
5993418
5996044
5997518
5997520
5997841
5997864
5997998
5998175
6000109
6000273
6000681
6001372
6001695
6003420
6005400
6005413
6007183
6007220
6007442
6007526
6008941
6009722
6011396
6013702
6014242
6015756
6015882
6016713
6017615
6018362
6018387
6020374
6022165
6022572
6023362
6025258
6025874
6026069
6026526
6026859
6026874
6027999
6028418
6028903
6030647
6030727
6031555
6031956
6032205
6032504
6033727
6033933
6033948
6033976
6034386
6035183
6035513
6037696
6039142
6039810
6040028
6041915
6043213
6045970
6047109
6048231
6049525
6051790
6052019
6053390
6053649
6055773
6058340
6058401
6061654
6061793
6062313
6062485
6062922
6062991
6063947
6064594
6064893
6065089
6065395
6066743
6066879
6066901
6067519
6067705
6067939
6068221
6069242
6069743
6070086
6071614
6071910
6072706
6072988
6073526
6073616
6074191
6075195
6075223
6075388
6076431
6076513
6076699
6077228
6078139
6079438
6079508
6081310
6081343
6082600
6082782
6082788
6083192
6083778
6083924
6084635
6084997
6089060
6089702
6091591
6091677
6094185
6095026
6095206
6097289
6098456
6098599
6099299
6101406
6101910
6103327
6103508
6104489
6105386
6105667
6106026
6107284
6110342
6111868
6113303
6113477
6114011
6114910
6115173
6117809
6117810
6118452
6118963
6119405
6119444
6121568
6121934
6123308
6124513
6126326
6127778
6127799
6129521
6129930
6133953
6134389
6135302
6136191
6136520
6136671
6137708
6142647
6143907
6148507
6148541
6149405
6150136
6151039
6152576
6152666
6152740
6152828
6153238
6157547
6157866
6158003
6158093
6158174
6158541
6158827
6159035
6159632
6160050
6160239
6162413
6163622
6164292
6164992
6166629
6166833
6170697
6171767
6172581
6173701
6173819
6173820
6174527
6175482
6177044
6177067
6177669
6177952
6178728
6178989
6180220
6180678
6181293
6181306
6181756
6182685
6183566
6184053
6185254
6186631
6186992
6187037
6192740
6192971
6193348
6193984
6194049
6194235
6196379
6196387
6196477
6198913
6201124
6203641
6204690
6205139
6206058
6209959
6210116
6210847
6211344
6212871
6213305
6215650
6215679
6216875
6217959
6218871
6220907
6222004
6222890
6223836
6225085
6225499
6226685
6228560
6229617
6230455
6230519
6237865
6238994
6240504
6240520
6241382
6241542
6243034
6243612
6244024
6244196
6244528
6245030
6245143
6246404
6246559
6247141
6247330
6249268
6250214
6251460
6251768
6252159
6254389
6254656
6255009
6256564
6257406
6257454
6258347
6259149
6260840
6260885
6261554
6264022
6264701
6267939
6269885
6270785
6274859
6275278
6275402
6275655
6275838
6276663
6277073
6277618
6278479
6278815
6278821
6279236
6279418
6279728
6280711
6281700
6282017
6283338
6284013
6285510
6285716
6285853
6288245
6291178
6291732
6293405
6294109
6294515
6295028
6295287
6295400
6295529
6296724
6296960
6297316
6297910
6298115
6298577
6299455
6300216
6300710
6301245
6301470
6301596
6302335
6303325
6303440
6303512
6304030
6306166
6307165
6308581
6309359
6315689
6317640
6319131
6319547
6319656
6320271
6320894
6321280
6322418
6323275
6324273
6326005
6326396
6326998
6327255
6327600
6328753
6329001
6329259
6329640
6330080
6331021
6331558
6333904
6334591
6335161
6338346
6339078
6339178
6342490
6344534
6350320
6350384
6350974
6351066
6351321
6351556
6353802
6354473
6355382
6355717
6356635
6357914
6359417
6362511
6363208
6363739
6365350
6365980
6366263
6366738
6367189
6372729
6373025
6373413
6373469
6375007
6375344
6378756
6379412
6379759
6380506
6383475
6383917
6385753
6386250
6387808
6389537
6390873
6390953
6391235
6391440
6391861
6391959
6392488
6392558
6392893
6393552
6394683
6396467
6397483
6397795
6398771
6398807
6402755
6405063
6407536
6409014
6410068
6411653
6411772
6412196
6416331
6416705
6417553
6417854
6418285
6418545
6418778
6420955
6421302
6421637
6421665
6421668
6422211
6425671
6426078
6428614
6428859
6429277
6430187
6431703
6433095
6433309
6434104
6434445
6436243
6437098
6440224
6440775
6440878
6441463
6445464
6447225
6449694
6450124
6450340
6450491
6451440
6451780
6452363
6452653
6454156
6454613
6455785
6456536
6459527
6460594
6460634
6462017
6465967
6469963
6470550
6471640
6475505
6475789
6475922
6476061
6476817
6478449
6478823
6479353
6479476
6479715
6483439
6483578
6483829
6484207
6484862
6484927
6485654
6486044
6486715
6488821
6488859
6489561
6490604
6492043
6493048
6493372
6494323
6495156
6496215
6496224
6497282
6497318
6499282
6499562
6499743
6499764
6501740
6501928
6502114
6502362
6502940
6505258
6506897
6507760
6508478
6509667
6510209
6510676
6512633
6513491
6513939
6515446
6516808
6519513
6522077
6522480
6522720
6523822
6523906
6524246
6524325
6526459
6530697
6530991
6531569
6532217
6532938
6534156
6534174
6535028
6535532
6535550
6535703
6536316
6537535
6537887
6538032
6540910
6540960
6543443
6544604
6545011
6545178
6546788
6547720
6547924
6548168
6548927
6549767
6550911
6551283
6551472
6552621
6553396
6553812
6555045
6555185
6556687
6559121
6561367
6561813
6563429
6564031
6564112
6566384
6566676
6566863
6566933
6567427
6569159
6571385
6571729
6571876
6574026
6577449
6577530
6578108
6578401
6579819
6580578
6584167
6584396
6584753
6586745
6586815
6587516
6589341
6589409
6590106
6591846
6592151
6592366
6593971
6595704
6596227
6596356
6597224
6598149
6599120
6599393
6601109
6603171
6603288
6606655
6606822
6608298
6608598
6609023
6610086
6611424
6612505
6612881
6615196
6615643
6619681
6619801
6621225
6622562
6622607
6624977
6625590
6626838
6626940
6627397
6628599
6628747
6628946
6630939
6632354
6635467
6638276
6638594
6639583
6640330
6640592
6640975
6642376
6643137
6644826
6645598
6647720
6648669
6649576
6651516
6651544
6651987
6652607
6653309
6655807
6657402
6660827
6660959
6661824
6665059
6666593
6666865
6667656
6668882
6669885
6670691
6670993
6671944
6671974
6672950
6674698
6676973
6679091
6679337
6679527
6680042
6680502
6686135
6686248
6688187
6689311
6689522
6691535
6692515
6692551
6692600
6692614
6693153
6693165
6693234
6695095
6696488
6698047
6698702
6699245
6700068
6700194
6701479
6701553
6701741
6703038
6703354
6704715
6705565
6706666
6706975
6708224
6708999
6709677
6710486
6711911
6712401
6714759
6715879
6716045
6716608
6717203
6718558
6718704
6719698
6719835
6719843
6719981
6720253
6720553
6720656
6724611
6730098
6731306
6731947
6733275
6734467
6735281
6736376
6736732
6737665
6737892
6738788
6742296
6745538
6746342
6746820
6747234
6747445
6747449
6748179
6749163
6750303
6751316
6752401
6752575
6753831
6754290
6756841
6760958
6761374
6763878
6765347
6765485
6765925
6766241
6766793
6767772
6770069
6771288
6772995
6773419
6773486
6776292
6777818
6778622
6778995
6779203
6779585
6782496
6783077
6783847
6784384
6785195
6786285
6786430
6786641
6788596
6788777
6790700
6791818
6791832
6795005
6798930
6799384
6800246
6800541
6801483
6801921
6804282
6804335
6804609
6804963
6806206
6806300
6808215
6809068
6811093
6813044
6813110
6814532
6816253
6816421
6817921
6818966
6819072
6819971
6821203
6821382
6822479
6824443
6824616
6824830
6824899
6825296
6827618
6827669
6827904
6829045
6829625
6831068
6831946
6832262
6832626
6833598
6833685
6834006
6834584
6834706
6835348
6835360
6837164
6837357
6837507
6839950
6840831
6840907
6841385
6841886
6842275
6843036
6843427
6845482
6845762
6846672
6846690
6846926
6847198
6847245
6847486
6848269
6853381
6853945
6856480
6857830
6858358
6858996
6860096
6860958
6861100
6865498
6865933
6867395
6867565
6867738
6867742
6869372
6869374
6870128
6871092
6871461
6871498
6871988
6872423
6872466
6873233
6873744
6874105
6875828
6879503
6879601
6879869
6880847
6883523
6883766
6884510
6888146
6888516
6889328
6889442
6889581
6891034
6891163
6891321
6892024
6893906
6895754
6896086
6897746
6897977
6900982
6901333
6901758
6902286
6904948
6905104
6908362
6909871
6910241
6911933
6912618
6913176
6914685
6917112
6917499
6917651
6919093
6921794
6921853
6922255
6923514
6923559
6924095
6924184
6924909
6924977
6927173
6928575
6929674
6930738
6931136
6931148
6931296
6931995
6932654
6934119
6934668
6936200
6936365
6937087
6937265
6937966
6939948
6941628
6941650
6943745
6944296
6945760
6945921
6946251
6949042
6949198
6949559
6949855
6949871
6950042
6952151
6953681
6953796
6954062
6955775
6956259
6956342
6958292
6958857
6959543
6961613
6963038
6963569
6963670
6963813
6964658
6966390
6966561
6968409
6968568
6970380
6970492
6971499
6971873
6973280
6974112
6974252
6975133
6976472
6976940
6977653
6978556
6979476
6980468
6981847
6982306
6982613
6986062
6986197
6986926
6989580
6992440
6993128
6993185
6993195
6993793
6993936
6995482
6997048
6997159
6997319
7001099
7001338
7001560
7001955
7002411
7003267
7004703
7007149
7007978
7009858
7010141
7011274
7012157
7013538
7017267
7017268
7018589
7018981
7020717
7021467
7022006
7022416
7025174
7027337
7028522
7028851
7028914
7029838
7030280
7030430
7030674
7030886
7031571
7032118
7032372
7032903
7033241
7033999
7036131
7036644
7036778
7039032
7039369
7039842
7040660
7041045
7041362
7042250
7042842
7042855
7042970
7044237
7044481
7044748
7045914
7046403
7047150
7047269
7048299
7050039
7051003
7052053
7052082
7052373
7054204
7056830
7058868
7060435
7062268
7062454
7062531
7062881
7063358
7064862
7065561
7067733
7068394
7070754
7071185
7071512
7073608
7076515
7077158
7078031
7078158
7078773
7079185
7079721
7080228
7080494
7082903
7083180
7084018
7084190
7084202
7085153
7085847
7086036
7086047
7086058
7086171
7088095
7088124
7089299
7089872
7090506
7092104
7092599
7092750
7093292
7094785
7097522
7097979
7098463
7098526
7098930
7099831
7100075
7102818
7102892
7103582
7104251
7104438
7104634
7105543
7106152
7107133
7109197
7109616
7109818
7110009
7110048
7112028
7113269
7113278
7114108
7114484
7116030
7116287
7118487
7120733
7120988
7121139
7121743
7123217
7124821
7127222
7128094
7128787
7131616
7133278
7135694
7135990
7139526
7139748
7139870
7140683
7141895
7141978
7142178
7142420
7144438
7145512
7145912
7145986
7152113
7152469
7152519
7152626
7153115
7154049
7154353
7155109
7155898
7157494
7158495
7160383
7161082
7161851
7161878
7162312
7162762
7163010
7164805
7165202
7166186
7167147
7167996
7171211
7171860
7175761
7177314
7179150
7179474
7180658
7180788
7180830
7182095
7182309
7183669
7185936
7186922
7187223
7187753
7189622
7190503
7190601
7191292
7191350
7191604
7192557
7194805
7196379
7198073
7201097
7202189
7202933
7204592
7206783
7206823
7208551
7210165
7210572
7212457
7213173
7213703
7214558
7217140
7217605
7219073
7219796
7220694
7221569
7224803
7228233
7229739
7230229
7230569
7230747
7231093
7231728
7233239
7236256
7237320
7237740
7237750
7238823
7239301
7239555
7241551
7242465
7243250
7243290
7243414
7243898
7244136
7245650
7245744
7246364
7246537
7246640
7247854
7248193
7249021
7249066
7249148
7249542
7249716
7254520
7254858
7255127
7256018
7257440
7257733
7259130
7260196
7260662
7261031
7262047
7262060
7265389
7265571
7267461
7267551
7267925
7269022
7270627
7272843
7272921
7273648
7274584
7275314
7277032
7278444
7279288
7280909
7281318
7281443
7281519
7283444
7284127
7284713
7285581
7285871
7286267
7287297
7289034
7289884
7290273
7297061
7299966
7300070
7301186
7302665
7303665
7305385
7305843
7309434
7316580
7318294
7318720
7319677
7322099
7323293
7323816
7324145
7324974
7327151
7330829
7331123
7333552
7333682
7335531
7336977
7341139
7343025
7344011
7345406
7346737
7347697
7348909
7350351
7350474
7352756
7353188
7353492
7356123
7356705
7357037
7359443
7360142
7360612
7360748
7363053
7363313
7363708
7363817
7367626
7368289
7372523
7372787
7373865
7374699
7378294
7381256
7381864
7382524
7382696
7385781
7387035
7387229
7387579
7388310
7390766
7392989
7393745
7398316
7398686
7399130
7401034
7401276
7401806
7402616
7402819
7405893
7406184
7406270
7408745
7411034
7411202
7411774
7414387
7415383
7415532
7417175
7417375
7421046
7421181
7422348
7423944
7424450
7428425
7428553
7429071
7429616
7430422
7430899
7431431
7432186
7432236
7432743
7433359
7433768
7435699
7439329
7439454
7439491
7439499
7441571
7443993
7446808
7446851
7447398
7447509
7447973
7448851
7449663
7451505
7451603
7451802
7454041
7455179
7455240
7457321
7457703
7460484
7465065
7465228
7466346
7467599
7469989
7471037
7472271
7474205
7475137
7475513
7476265
7476867
7477825
7478155
7480697
7482975
7483033
7484160
7486184
7486423
7488123
7488442
7489682
7491056
7491465
7492626
7493188
7493290
7493538
7495842
7496497
7497393
7498010
7499744
7499866
7500540
7500942
7502049
7502373
7502582
7502872
7504839
7504954
7505259
7505613
7507382
7508211
7508912
7509688
7510404
7510633
7511579
7512104
7512431
7513727
7513915
7515147
7516323
7517923
7518287
7519366
7520135
7520700
7521741
7523694
7523703
7523866
7524133
7525712
7527320
7529448
7529619
7530884
7531651
7536642
7537203
7537268
7538730
7540734
7541716
7542302
7542439
7543693
7544564
7545965
7548622
7550148
7552770
7553949
7556772
7557996
7560467
7565797
7566340
7567684
7568909
7569602
7569930
7570626
7570697
7573050
7574410
7575380
7576452
7576882
7579262
7580069
7580592
7580886
7582415
7583201
7583270
7583806
7584002
7584075
7585432
7586758
7587888
7588480
7588803
7589880
7590080
7591293
7591303
7593136
7594618
7595281
7595837
7596113
7597527
7598671
7600333
7601574
7604029
7606151
7606229
7607557
7608041
7608208
7608437
7608938
7609827
7609940
7612873
7613069
7613352
7613440
7614206
7615299
7615562
7616263
7616589
7617264
7618309
7619501
7619535
7621239
7622045
7622242
7622345
7622738
7623300
7624060
7625164
7626036
7629715
7631138
7631181
7634191
7634376
7634411
7634982
7636237
7636630
7636746
7637946
7642337
7642507
7643162
7643484
7644437
7644792
7646129
7646768
7647407
7647617
7648404
7650876
7651550
7653084
7654145
7654298
7655271
7655507
7659151
7659374
7660698
7662112
7662723
7664495
7665352
7665382
7667168
7668038
7669369
7669734
7671003
7672193
7672988
7673873
7675010
7675188
7675409
7675972
7676741
7678711
7680643
7680994
7681529
7683168
7683689
7684509
7684531
7685129
7688627
7688676
7689238
7689930
7690027
7692962
7694238
7694915
7695123
7695142
7695148
7699651
7700617
7700963
7700976
7702382
7704110
7704958
7705641
7706054
7707214
7707973
7709201
7711275
7713179
7713198
7713617
7713751
7714153
7714215
7714432
7716332
7718430
7722486
7723075
7723479
7723957
7724682
7726880
7730050
7736546
7736898
7737400
7737830
7738219
7739867
7740232
7742235
7743145
7744043
7744115
7745019
7745314
7745376
7745601
7750459
7751534
7752151
7752650
7752887
7753383
7754454
7757336
7758682
7760146
7761211
7761267
7761355
7761676
7761808
7762436
7762455
7762834
7764564
7765037
7766173
7766200
7767087
7770039
7772027
7773573
7773784
7774829
7776001
7777835
7779420
7779600
7780106
7780181
7780703
7782123
7783398
7783600
7783684
7786019
7787033
7787209
7787508
7788532
7789136
7789441
7790740
7792748
7793892
7794011
7794362
7794649
7795320
7796451
7796954
7797289
7797765
7800421
7800425
7802009
7802452
7802727
7804145
7806700
7809894
7810498
7811967
7813359
7813687
7813873
7815843
7818144
7818310
7818648
7820374
7820558
7821971
7822094
7822912
7822968
7823393
7823727
7825154
7827360
7827411
7828329
7828359
7829475
7831216
7831857
7832003
7832518
7838052
7838165
7838205
7839191
7839406
7840962
7843056
7844641
7847615
7849568
7850601
7851996
7853001
7854591
7856282
7857790
7858187
7858362
7860116
7861303
7861333
7863945
7864607
7865516
7865692
7865850
7866036
7866084
7869278
7869433
7869614
7870578
7872430
7874094
7874372
7874834
7875040
7878672
7879358
7879725
7880589
7881842
7883041
7884454
7885766
7887143
7888319
7889144
7890232
7891789
7891841
7894244
7895181
7895558
7896339
7897020
7897420
7897932
7898474
7898901
7900322
7902021
7902044
7902598
7903698
7905162
7905416
7905510
7910242
7912005
7912992
7913637
7917209
7917781
7918819
7919603
7922470
7922702
7922875
7923077
7923517
7924836
7925846
7925912
7927911
7930110
7930540
7930740
7932267
7935154
7935191
7936461
7938120
7938224
7939875
7942221
7942469
7943929
7944800
7945216
7946033
7946594
7946667
7949159
7949339
7950049
7950367
7951189
7951310
7951332
7952912
7954268
7954280
7954834
7954909
7955682
7956342
7956870
7957263
7957698
7959517
7962018
7964945
7965649
7965731
7968131
7971621
7971835
7972145
7974721
7974722
7974834
7976283
7977334
7977428
7977460
7977777
7979162
7979725
7980020
7980068
7980259
7980600
7981796
7982014
7982507
7983587
7984843
7985285
7988928
7991027
7991144
7991610
7993047
7996002
7996209
7996224
7997120
7999576
7999788
8001620
8003038
8005147
8006156
8008478
8008604
8011932
8012326
8013933
8014463
8015114
8015611
8016860
8017346
8018290
8020102
8020540
8020743
8023252
8024593
8025345
8025477
8026075
8026271
8028782
8028859
8029304
8029456
8030091
8030282
8030842
8032743
8033969
8037740
8039321
8040337
8040368
8040375
8041328
8044289
8044501
8044562
8044579
8045025
8047315
8047648
8047762
8048651
8048990
8050588
8051706
8051761
8053650
8054252
8055285
8056444
8057226
8057449
8059067
8060478
8061450
8061737
8064119
8064776
8065337
8065798
8067108
8067553
8067828
8069669
8070869
8071441
8071565
8071608
8073184
8073841
8074953
8076899
8077521
8079100
8079306
8079654
8080695
8080772
8084467
8086512
8088418
8090763
8091085
8091108
8091830
8092614
8092895
8093065
8093878
8095721
8096820
8097543
8097640
8104755
8106379
8106448
8106996
8107401
8107609
8108664
8109301
8111830
8114065
8114110
8114467
8115254
8115734
8116479
8117720
8119318
8119662
8120601
8121401
8122475
8123225
8123280
8123962
8124655
8126589
8126920
8127004
8127396
8128129
8130825
8131402
8131436
8131961
8132611
8133496
8134260
8134353
8136292
8138211
8138562
8138932
8138950
8141226
8142278
8143455
8144792
8147833
8149061
8151088
8152918
8152930
8155833
8156100
8156683
8158133
8159281
8160007
8160557
8164077
8164869
8166013
8166380
8167461
8167500
8169675
8172205
8175607
8178919
8178974
8179455
8180652
8180802
8180996
8181121
8183979
8184813
8184974
8185576
8185783
8186218
8188408
8189024
8192790
8193352
8193799
8194802
8194916
8196440
8196949
8200388
8200828
8200841
8200875
8204333
8204434
8204637
8204786
8204998
8207858
8208434
8208685
8208687
8209522
8210932
8211864
8211908
8212192
8212338
8212824
8214030
8214105
8214513
8214630
8215262
8216096
8216602
8216941
8220406
8220655
8220669
8221580
8221602
8222751
8222946
8223105
8225309
8225967
8229120
8230210
8230746
8231903
8232262
8233389
8233951
8234076
8235119
8236255
8236841
8237298
8237566
8237756
8240488
8241219
8242841
8242965
8246565
8246684
8246866
8247308
8248870
8249614
8250220
8250392
8250805
8252433
8252525
8252577
8252757
8255798
8256324
8256539
8256586
8257178
8257271
8257524
8257529
8259496
8260513
8261170
8262405
8262635
8263572
8263582
8264669
8264801
8266374
8267319
8267411
8267620
8267827
8268021
8273875
8277684
8279129
8280100
8280377
8281942
8283570
8283832
8284272
8285585
8286155
8287709
8288316
8289925
8291578
8292429
8294970
8297241
8297472
8300262
8301256
8301428
8302776
8304370
8305313
8307538
8308899
8309124
8310504
8311802
8312967
8313295
8314947
8315331
8315720
8316528
8316999
8317082
8317112
8318766
8319639
8321351
8321693
8322475
8323329
8325769
8326306
8328547
8328595
8329682
8329874
8332321
8333314
8335318
8335909
8338010
8338044
8339909
8341283
8342421
8342451
8345175
8345954
8347045
8347257
8347652
8348121
8349081
8349904
8352267
8353819
8353900
8353942
8355755
8357205
8357473
8358026
8358328
8358499
8363114
8363207
8364436
8365827
8366283
8368082
8368110
8368500
8368577
8370195
8370221
8370431
8371316
8372432
8373553
8374802
8375430
8376297
8376795
8379050
8382456
8382744
8383191
8383421
8384032
8385271
8386095
8386416
8386953
8387894
8392159
8393659
8394133
8395254
8396076
8396118
8399895
8401028
8402866
8403564
8404566
8405452
8405519
8406306
8406482
8406972
8410553
8412624
8414318
8415957
8416225
8416724
8417849
8418212
8419658
8420114
8420202
8420912
8422010
8423228
8423236
8426058
8426716
8428077
8429471
8430035
8430711
8430810
8431818
8433976
8434497
8436578
8439105
8440291
8441194
8441623
8444439
8444519
8445773
8445994
8446495
8446952
8447252
8447941
8450504
8450836
8452493
8452827
8454131
8454509
8454608
8455267
8455389
8455420
8455473
8457281
8457675
8459097
8461436
8463340
8464179
8464534
8465727
8467011
8468527
8469057
8469554
8470499
8471801
8474271
8477816
8478166
8478663
8478957
8479967
8480489
8482641
8486770
8487469
8488868
8489895
8491322
8491675
8491965
8492932
8494529
8494658
8494959
8496161
8496429
8497870
8497954
8498766
8498874
8501309
8502005
8503161
8503412
8503434
8504545
8504889
8505473
8506268
8508309
8508555
8509282
8510147
8510928
8511136
8512132
8512340
8513475
8514369
8515729
8516053
8516820
8517301
8520498
8523846
8524953
8525132
8527795
8528995
8531116
8531962
8535832
8539467
8539565
8541597
8542517
8542809
8546911
8547260
8548368
8549062
8549164
8550867
8552424
8552458
8554320
8554598
8554929
8555237
8558970
8559631
8559887
8562658
8562862
8563125
8563303
8563925
8563981
8564594
8566777
8567316
8568739
8569407
8571390
8572154
8573008
8575952
8576385
8576719
8577945
8579399
8579433
8580212
8582191
8582941
8584092
8586410
8586588
8586862
8587261
8587541
8588003
8588272
8589391
8589730
8589742
8592737
8597469
8599318
8600978
8602521
8603615
8603786
8605088
8605102
8607216
8611050
8611722
8613497
8613641
8613651
8614021
8614182
8614656
8615102
8615709
8615877
8616449
8617036
8617467
8618209
8620318
8621352
8621414
8622568
8623944
8624196
8624380
8624629
8624677
8624882
8625144
8625744
8627718
8628000
8629358
8629368
8631061
8631767
8632200
8633656
8633932
8636278
8637162
8643329
8643478
8643619
8644242
8645163
8645274
8645386
8645612
8645938
8646593
8646723
8648365
8648564
8650179
8651106
8652224
8652514
8652533
8655311
8656924
8657277
8657448
8658690
8661504
8662624
8663508
8663744
8664177
8664450
8665508
8665707
8666675
8666942
8667455
8667738
8668657
8668944
8669398
8670820
8674445
8675702
8675931
8676373
8677467
8677512
8679360
8681269
8682833
8685647
8686717
8689285
8689440
8689842
8690278
8690339
8692267
8695618
8698597
8699257
8701514
8702251
8702549
8702693
8703813
8703897
8706194
8710820
8711741
8712950
8713093
8713378
8713395
8713662
8714249
8715085
8716218
8717459
8718515
8719758
8721148
8722321
8723064
8723488
8725104
8726493
8727444
8728604
8731113
8731887
8732006
8733428
8733733
8734753
8735740
8736727
8736849
8737084
8737317
8737868
8737949
8740626
8747345
8751797
8752568
8753008
8754498
8755537
8755824
8756392
8756516
8758195
8758307
8758798
8758821
8759542
8759841
8760326
8760595
8763194
8763250
8764011
8764900
8765215
8766934
8767020
8769179
8771337
8771633
8772319
8773937
8775984
8776788
8779631
8780428
8781066
8781364
8782115
8783001
8783438
8783586
8783886
8786094
8786198
8786708
8786863
8787437
8788710
8788761
8789847
8790334
8790401
8792332
8792783
8793815
8796872
8797132
8797303
8798916
8799163
8799674
8801508
8804268
8807304
8808811
8809947
8810916
8812535
8813343
8815627
8816214
8816447
8819103
8820958
8821074
8821899
8822025
8822395
8823056
8824378
8826816
8828670
8828777
8828951
8830506
8830914
8834517
8834874
8836682
8836955
8838857
8841486
8841625
8842894
8843312
8843978
8846932
8848260
8848785
8849737
8851070
8851253
8851693
8855234
8855567
8856674
8859091
8860495
8860723
8860778
8862154
8862193
8863087
8863220
8863289
8863297
8863440
8863605
8864127
8864764
8866262
8866411
8866987
8867925
8868512
8870094
8870671
8871625
8871914
8872388
8874103
8874385
8875749
8876104
8876230
8876503
8880177
8880376
8880454
8882029
8882048
8882149
8882509
8882977
8885269
8885481
8886368
8886393
8887855
8888822
8889674
8889927
8890073
8891779
8892114
8893042
8893847
8895222
8895348
8895850
8896136
8896843
8896967
8897429
8897471
8897691
8900429
8900521
8900848
8901025
8901099
8904721
8905654
8905751
8905900
8906157
8907673
8909846
8910499
8910973
8911113
8912546
8913089
8913487
8914657
8916648
8918786
8920036
8921327
8922456
8923123
8923482
8923970
8924331
8925530
8927477
8928855
8929629
8930644
8932316
8934202
8934743
8935697
8935700
8936172
8936534
8937284
8937777
8939451
8940547
8942010
8942873
8943075
8943160
8945604
8946792
8948150
8949446
8949991
8950072
8951684
8952147
8952305
8953068
8954120
8954919
8955102
8955132
8956377
8956451
8956505
8958479
8960220
8963182
8963363
8963423
8963651
8969124
8969987
8970534
8970726
8971673
8971779
8971929
8972891
8973047
8974142
8974756
8974986
8975343
8976095
8980151
8980275
8980302
8980803
8981527
8982374
8982832
8984741
8984852
8984884
8985485
8987014
8991116
8991494
8995358
8996014
8997712
8997965
8998690
8998819
8999473
9000388
9001012
9001905
9001982
9003355
9003706
9004043
9004302
9006255
9006314
9006465
9007687
9007753
9011168
9012195
9012541
9012908
9013634
9013691
9013779
9014012
9015231
9016993
9017416
9017993
9019904
9021904
9025667
9026028
9026834
9027110
9028406
9030129
9032896
9033531
9033745
9034086
9034879
9034901
9037000
9041754
9042521
9043107
9043682
9043928
9046384
9047687
9048182
9049205
9050813
9051430
9052152
9052639
9052721
9053414
9054338
9056457
9056757
9056906
9058027
9058456
9060385
9061094
9061692
9062081
9062394
9063470
9064942
9065304
9066192
9067060
9067764
9067786
9068299
9070422
9070722
9073062
9075210
9075472
9075510
9077529
9078463
9079913
9081492
9082317
9083048
9086125
9087823
9088781
9091545
9091548
9093123
9093301
9094654
9095019
9095329
9096497
9096860
9099646
9100162
9100195
9101928
9102293
9102502
9102891
9105226
9107284
9107805
9108301
9108840
9109032
9110422
9112827
9113143
9113285
9113680
9113795
9114878
9114948
9114982
9115473
9116875
9116958
9117715
9117873
9118504
9118532
9120782
9121253
9121634
9121763
9121792
9122661
9125715
9125872
9126030
9127462
9127592
9128802
9130123
9130434
9133084
9133320
9135637
9136297
9136568
9138959
9140608
9142416
9143635
9144652
9144840
9145339
9145555
9146600
9146846
9147670
9148983
9149052
9149456
9150325
9150650
9150786
9151877
9153013
9153333
9153641
9155783
9158014
9160840
9164211
9164748
9165866
9166096
9166478
9167220
9169012
9169148
9169847
9173056
9173195
9173234
9173470
9176252
9176846
9177157
9179848
9180475
9182734
9183108
9183390
9185636
9186462
9187231
9187988
9190244
9193937
9194376
9194515
9195768
9196363
9197684
9198835
9199291
9199955
9200963
9201324
9201718
9201901
9203563
9203905
9205294
9206182
9206323
9207239
9207556
9211816
9212803
9214320
9214672
9215992
9216194
9216683
9217139
9218719
9219055
9219751
9220886
9222417
9223579
9225404
9225558
9226129
9227100
9228602
9228691
9228814
9228851
9230932
9232868
9233036
9233050
9235338
9235703
9235789
9237036
9237089
9237507
9237545
9238176
9238604
9239047
9239935
9240102
9240508
9240573
9241394
9242623
9243883
9244907
9246681
9247407
9251167
9252016
9255307
9256539
9259048
9261186
9262485
9262837
9265358
9267102
9267284
9269758
9269952
9270615
9271647
9271778
9272272
9272647
9274960
9275515
9276035
9276135
9279157
9280111
9281908
9282133
9282141
9283976
9284511
9284925
9284941
9285194
9287063
9287301
9288270
9288321
9288709
9291843
9291893
9292476
9293362
9293527
9295415
9296660
9298081
9299402
9300392
9301100
9301430
9301566
9302192
9303853
9306357
9306884
9309205
9310041
9312339
9314095
9314245
9316235
9316574
9316796
9317317
9317767
9319483
9320469
9321418
9322051
9323850
9324124
9325690
9329416
9331300
9331487
9332410
9332794
9332881
9332940
9333336
9333493
9334121
9335933
9336021
9337762
9338011
9338783
9339131
9339852
9340236
9340375
9340576
9341036
9341126
9342524
9343444
9345481
9346345
9347131
9348424
9349978
9351822
9352186
9352565
9352657
9355547
9355744
9355969
9356642
9359201
9359250
9359331
9360016
9361040
9361245
9361680
9364143
9364718
9366455
9369259
9369968
9370852
9371093
9371325
9371430
9371581
9371815
9373153
9373474
9373792
9374692
9375821
9376178
9377273
9379925
9382272
9383544
9384993
9387845
9387998
9388495
9388516
9388846
9389014
9389974
9392909
9394683
9395621
9395807
9397943
9398532
9398841
9398844
9399952
9402484
9404108
9404506
9405844
9406595
9407698
9408651
9409863
9410903
9412480
9412897
9415585
9415589
9416668
9419034
9424976
9425864
9426159
9426919
9429074
9430744
9430792
9431861
9432155
9433467
9433494
9434152
9434214
9436975
9439459
9441451
9442635
9446275
9446931
9447326
9448044
9448943
9449201
9452216
9453502
9453685
9453927
9454057
9455053
9455270
9455605
9456782
9456911
9457699
9457720
9459972
9460138
9461790
9462419
9463835
9463952
9463955
9466874
9468129
9468743
9469470
9470371
9470749
9471913
9472015
9472035
9472077
9473506
9474415
9479063
9479866
9480173
9481864
9485224
9487044
9487653
9489061
9491532
9492761
9493737
9495244
9498358
9499507
9499643
9500216
9500859
9501474
9503316
9507314
9508977
9510133
9512684
9512971
9513612
9514727
9515711
9516855
9518683
9519479
9520375
9523057
9528357
9530329
9531054
9531640
9531732
9532396
9532886
9533201
9533350
9533555
9535584
9535634
9537572
9537729
9538592
9538827
9539511
9539677
9543034
9545503
9547926
9550427
9551183
9552044
9553063
9553244
9553329
9553536
9554192
9555898
9558109
9558785
9559371
9559809
9560872
9561700
9562296
9562436
9563209
9565115
9565440
9569549
9571404
9571545
9571833
9572023
9573337
9573894
9575080
9575314
9575343
9577810
9578128
9579173
9580414
9580770
9582215
9584572
9586751
9587092
9588475
9590006
9590443
9590581
9590737
9590973
9591602
9592009
9593769
9595619
9595985
9597741
9598529
9598648
9599203
9599470
9600616
9603512
9603923
9603986
9604492
9604842
9605027
9606185
9606674
9607389
9609909
9610425
9610693
9611033
9612144
9612986
9613623
9616657
9617524
9617762
9618186
9618475
9618625
9619663
9619983
9620934
9621610
9622128
9623707
9623850
9624771
9625944
9626261
9628250
9628644
9628766
9629633
9630567
9632312
9634933
9635958
9637703
9638638
9638861
9639442
9639757
9640072
9641232
9641443
9642886
9643464
9643935
9644617
9645041
9646257
9646380
9646852
9647076
9647782
9648371
9652055
9653503
9654465
9654787
9656584
9657027
9658124
9659285
9659585
9659961
9660257
9661928
9663062
9663946
9665211
9666490
9667023
9667333
9669150
9669307
9671247
9674738
9675327
9676509
9676919
9678061
9678810
9681746
9683752
9683870
9683972
9684441
9684670
9684707
9684757
9685151
9685654
9687018
9687685
9687848
9687880
9689409
9689432
9689731
9690281
9691001
9692201
9693033
9695397
9696430
9696953
9697827
9698869
9699322
9699540
9699637
9702582
9703016
9703534
9703663
9704351
9704958
9705695
9708551
9708678
9708934
9708967
9709180
9709380
9711488
9712302
9712785
9713003
9713747
9714471
9714980
9715949
9716275
9716336
9716918
9717791
9718152
9719999
9721575
9721786
9722297
9722750
9723461
9724341
9724809
9724848
9725426
9725429
9726643
9727360
9729001
9729027
9729609
9729623
9731898
9732907
9733184
9733218
9733369
9734345
9734544
9738599
9743072
9743125
9743413
9744119
9744246
9744969
9746759
9747429
9748660
9749020
9753948
9754099
9756237
9760764
9761088
9761092
9761440
9762292
9762694
9763857
9764885
9765482
9766416
9767661
9768613
9768618
9768656
9770405
9770821
9772190
9772488
9773608
9773887
9775525
9776783
9777039
9781841
9782774
9783256
9785213
9788799
9789297
9789882
9790555
9791531
9792238
9792250
9795239
9797177
9798775
9798939
9800938
9802252
9805423
9806175
9807778
9808981
9809057
9809508
9809675
9809838
9810394
9810749
9811700
9812520
9815298
9815548
9819639
9821994
9823835
9826177
9828622
9831539
9831800
9832087
9833581
9833592
9834516
9834782
9835395
9837491
9840039
9840515
9840628
9841717
9845778
9845783
9846169
9846863
9847021
9847383
9847609
9847923
9850864
9851830
9853037
9853616
9853814
9855702
9856903
9859080
9860123
9862827
9867127
9867589
9870988
9871354
9871700
9872045
9872506
9872544
9874147
9874499
9874697
9876236
9876509
9877406
9877927
9880404
9880717
9881210
9882421
9884398
9884492
9885117
9886244
9888707
9888974
9890573
9891645
9891737
9892039
9892147
9894642
9896286
9899033
9899467
9899735
9902592
9902811
9902859
9904073
9904682
9906187
9908643
9908680
9908749
9908826
9909094
9909946
9910482
9911189
9911947
9913071
9914342
9915375
9915675
9916661
9920221
9921112
9921405
9922894
9926052
9926141
9927866
9929152
9929617
9930533
9932114
9933272
9933290
9934099
9934364
9934779
9935204
9938258
9938299
9940263
9940356
9940635
9940753
9942177
9942617
9943378
9944938
9945945
9946641
9947222
9949019
9949975
9951522
9951823
9953853
9955092
9955966
9956307
9957130
9957428
9959223
9960578
9961137
9962438
9963239
9964561
9964693
9965707
9966003
9966164
9966899
9967127
9967168
9967411
9970153
9971585
9971650
9974560
9975610
9975684
9975976
9976420
9976664
9977902
9980812
9982436
9986820
9987381
9987444
9987668
9988174
9988657
9988671
9988683
9989089
9989165
9990321
9992413
9996031
9997117
9998780
