1509
2104
2796
3391
4762
6575
7331
8487
8488
10225
10434
12419
14851
17905
19013
19450
19887
19968
20367
23228
23695
24079
24673
26736
26851
28272
28506
28538
29355
30523
31266
31693
31965
32711
33801
35768
37307
38297
38937
39258
39294
39935
40253
43029
43103
43323
43465
43599
45243
45512
47045
47528
49616
50467
50502
50633
53211
57749
59238
61693
63311
64087
71197
71538
72319
74271
76544
76916
77333
78047
79834
80292
80488
80835
82617
84445
86548
87268
88601
89678
90547
91004
91763
91892
92305
93291
93587
94741
94941
96214
96586
99315
99435
100796
101503
104688
104743
104975
105530
106015
106177
107557
109431
109627
110160
111301
111967
117299
117940
118024
118045
120116
122414
122607
123735
124161
124325
125036
125564
126879
127869
128032
128393
132037
132254
132487
134448
135857
136499
136982
137335
137516
138020
138339
139291
141788
142775
142974
143931
144510
144701
145328
145471
146208
147699
149243
149356
149735
151561
153224
153764
155514
156191
156346
158321
158598
159006
159597
161328
162674
163131
164140
164423
167116
168898
169229
169282
169799
170803
171030
172827
173643
174992
177318
179753
181263
181395
181790
182620
183843
185713
187777
188357
189513
190011
192955
197489
197615
198167
198446
198579
198895
199105
200016
200168
202167
202238
202888
203802
203861
205094
207236
207351
208207
208943
210935
211592
213086
214434
215999
217346
219637
219998
220434
220508
222225
222266
224006
225038
225478
225853
226230
228252
229316
230786
230913
231409
232404
233357
235254
235707
235923
239846
240247
241123
242450
244120
244600
246128
246307
247748
248159
248219
248525
251360
254147
254349
257421
257999
258002
258009
258035
259329
261749
262516
263277
265342
265893
266175
266713
268037
268851
268874
269172
270804
271411
272457
274019
275223
275698
276582
276791
276927
276973
277749
277885
278281
278794
279458
279887
280616
281158
281890
283623
285716
287235
287485
289014
289049
291671
294804
295040
295924
295956
296826
297811
299795
300236
303341
304923
306400
306408
306972
307576
309576
310487
315054
315256
315652
316733
317631
318151
318472
318603
321204
322534
323976
324024
325467
327916
328997
330206
330495
331385
331440
333541
334837
335197
336145
336725
336926
337920
339347
340605
341107
341275
342889
342929
343848
344117
344460
345370
346856
348406
348845
350356
350472
351743
351911
352698
352909
355717
356076
358317
359006
359866
361116
361478
363374
363523
364281
366434
366702
367664
368429
369427
372636
372945
373266
374745
375477
376839
376936
377826
379150
380382
381000
381901
382090
382994
383375
384314
385132
386388
387080
387645
388659
388908
390401
392133
393777
394064
396766
398127
398691
399455
400282
400835
401719
408217
408649
409061
412157
413438
414240
415892
417079
417549
419198
419821
420486
421073
422317
425028
425453
430811
436074
436271
436978
437497
440621
441421
441423
442119
442625
443037
444399
445187
445221
445671
447352
447704
447778
447884
447886
447896
448597
449834
450538
451272
451361
452521
453050
453832
453920
454617
454887
459606
461486
462350
462775
462940
464083
464955
466770
466818
466899
466975
468941
470047
471155
472259
473776
474326
477029
477152
477255
477512
477730
478260
479300
479345
479585
480314
480741
483684
484563
485153
485444
485585
488243
489385
489495
490815
490928
491172
491722
494330
494467
496267
497446
498281
498530
499288
500673
500932
501104
503081
503117
504258
504262
506277
508131
509766
511145
511289
511364
513659
513950
517104
517392
518200
519116
520695
521509
522076
523660
523992
525164
525741
525828
526093
530658
530798
531079
531137
531354
533568
534439
536168
537543
539554
540645
540684
540889
542511
543595
543775
544912
546089
547014
548001
548221
548408
549157
550955
552201
553131
553696
556041
556500
556873
558465
559668
559711
560088
561899
562068
562480
564121
564564
565379
565652
566935
567162
569555
569648
569695
570639
572861
572862
573696
573896
577513
577974
580150
580229
580704
581167
581211
581316
581793
584058
585681
586231
587767
588188
588912
590038
590723
592443
592705
593561
594619
599892
600052
601070
601558
601866
604213
605375
606417
607677
608155
608808
608994
609086
609645
609887
610201
612071
612719
613886
616134
616738
617115
619682
621353
621837
622319
622961
623145
624218
625072
625215
627941
628665
631153
635736
637722
640110
641379
641408
642076
642901
642920
644702
644842
645437
647728
649410
649758
650523
650810
651019
652015
652172
653319
654763
657302
657540
657561
659209
659630
660537
660811
661235
662500
664927
666712
668287
669873
670658
671157
672343
673995
674117
674709
676353
677430
678809
679587
679899
681411
681432
681621
681627
681996
686781
686838
687743
688157
688268
689089
693010
693159
694294
695449
696191
696893
697556
698544
698902
701515
702327
703438
704488
704679
705509
707107
707530
708221
708883
708905
709855
710402
711620
712227
712342
712498
712610
714042
714269
714276
714550
714594
715053
716437
716539
716647
718406
720025
720774
721522
724115
724168
724257
724350
724736
725758
726577
727291
728648
728795
728832
729251
729523
729782
730841
736101
737841
738180
738595
739057
739252
740711
741110
741301
742999
744641
746079
749383
751537
752166
753314
753595
753955
754161
756145
756692
757044
757178
759107
759602
761290
761485
761638
761742
762838
763227
763524
763848
764402
767500
769458
771784
772186
772817
773166
773280
773400
773572
774822
775565
776056
776916
777716
778291
778853
779225
779646
780171
781626
781956
783883
784050
785677
786105
787542
787764
788295
789011
790653
792966
794052
795265
795308
797246
797838
797971
799806
800475
803191
803690
804922
807022
809157
809733
810574
812415
812853
814845
815374
815664
816376
818182
818223
819391
823318
823356
823977
823983
825153
825628
829428
830823
831846
834093
835964
838271
839051
839302
840320
841722
842232
842344
842816
844136
846328
846845
850063
850924
851335
851942
852519
853208
854102
854806
855020
855640
856640
858329
858503
859427
860267
862521
862756
866075
866334
870235
871728
871909
872768
873246
873656
873675
874465
874623
876385
876852
877179
877705
879060
880221
880392
880420
880727
882157
884021
884109
886426
886647
887208
887427
888068
888072
888777
889860
897004
897364
898939
899026
901929
905077
906129
907398
907525
907807
908661
908714
910053
910990
917233
917270
917342
918171
918354
918631
919336
920954
921199
921252
925206
927873
928290
928791
929249
933505
935083
937462
938039
938765
940833
942050
944264
945159
946413
947650
948474
949244
949358
951394
953682
953817
954425
954988
955170
955216
957423
962210
964068
966605
969087
970097
970905
971747
972040
972828
973924
976214
977806
980072
981106
983398
983542
984973
985264
985676
986048
986124
987142
987864
987960
988524
988821
989640
991092
991749
992786
992908
995466
995744
996066
998649
999049
999187
999989
1001185
1001751
1003763
1003921
1004494
1005656
1006452
1009041
1009142
1009618
1009752
1010942
1010972
1011650
1012038
1012537
1012629
1012683
1015583
1016205
1017634
1019120
1019949
1020955
1022705
1023637
1026559
1026846
1028905
1030205
1031265
1035055
1039717
1039847
1041213
1041273
1042596
1042705
1043731
1043779
1044365
1046121
1046159
1046336
1049369
1050056
1051226
1051434
1051631
1052087
1053064
1053576
1053907
1055506
1056890
1059496
1059994
1062254
1062439
1062707
1062768
1063085
1064783
1064934
1065706
1066688
1071317
1072521
1072925
1074255
1074394
1074988
1075031
1077269
1077382
1078013
1078374
1080454
1081546
1083635
1083640
1083922
1085203
1087511
1087725
1090583
1090661
1091025
1092327
1093263
1093391
1094989
1095617
1096387
1099608
1099618
1099744
1102295
1102400
1102653
1103258
1104483
1104662
1104666
1105336
1106194
1106808
1109794
1110407
1110754
1110801
1112801
1114000
1114057
1114486
1114512
1114730
1114876
1115731
1115773
1117002
1117574
1119227
1119981
1120925
1121147
1121252
1122794
1123940
1124850
1126179
1128021
1128737
1130861
1131216
1131753
1134528
1135154
1135269
1135403
1136125
1136527
1136787
1137570
1137700
1137880
1137927
1138490
1140063
1140321
1140596
1140602
1141542
1143558
1144109
1144724
1144760
1145583
1145846
1146437
1146479
1147553
1150485
1151528
1152310
1153791
1153990
1154238
1155415
1155573
1155675
1157524
1160216
1161022
1161269
1162935
1165214
1165272
1166592
1167686
1167913
1169312
1171340
1171669
1171692
1172311
1172959
1173452
1173823
1175343
1175374
1175387
1176160
1176738
1177476
1178730
1179344
1179378
1181168
1181548
1181945
1186114
1186292
1186432
1187893
1188435
1189182
1190356
1191222
1191898
1192039
1193015
1193661
1193797
1194675
1194859
1195601
1197269
1197565
1198975
1201171
1202520
1204310
1204547
1204673
1207495
1209346
1209600
1211603
1213053
1213755
1215237
1215704
1220678
1221047
1221923
1223872
1225417
1226520
1227459
1229184
1231109
1231831
1232101
1232115
1234086
1235115
1236067
1236624
1237286
1239602
1240762
1241598
1242899
1243529
1243945
1244397
1244743
1245149
1247310
1247498
1247929
1248282
1249413
1249619
1249684
1249973
1250393
1251056
1251156
1253042
1253153
1253284
1253346
1253711
1253924
1254431
1255901
1256139
1256946
1257105
1257648
1258811
1259054
1259561
1260079
1260341
1260532
1260860
1261701
1263655
1263741
1263858
1264136
1265454
1268631
1269547
1269787
1271691
1273098
1273508
1273836
1274182
1276478
1278439
1281988
1282662
1283512
1284727
1285826
1287076
1287397
1289766
1289891
1290691
1290711
1291618
1292235
1292792
1293028
1293502
1293713
1298454
1300705
1301092
1302806
1304761
1309508
1310571
1310800
1311793
1311885
1313843
1313922
1314386
1314911
1315111
1316414
1316757
1316871
1317541
1317598
1317954
1320664
1320804
1321799
1323250
1324064
1324393
1325580
1325864
1326446
1327488
1327955
1328919
1330444
1334118
1334179
1335239
1336763
1337292
1338056
1338419
1340572
1342048
1342799
1344467
1345011
1345489
1345776
1345956
1346954
1347744
1348114
1348634
1348793
1348934
1349406
1349423
1349942
1350510
1351061
1351304
1351977
1353628
1357238
1357754
1358315
1359141
1360418
1361256
1361399
1361451
1362216
1363373
1364062
1364791
1364907
1365133
1367319
1368270
1369954
1371521
1372664
1375212
1376310
1376597
1377058
1377131
1377630
1377673
1377872
1378110
1379151
1379789
1380224
1384782
1386136
1387681
1388343
1388754
1395130
1395677
1396276
1398274
1401775
1405313
1406939
1407468
1407499
1407647
1408988
1409890
1409902
1410635
1411406
1413184
1413705
1417933
1419225
1419860
1421131
1421316
1421822
1422640
1424128
1424576
1425130
1426362
1426446
1428050
1429113
1431791
1432494
1434433
1435084
1435679
1436174
1437563
1438006
1439097
1439161
1445301
1445305
1447256
1447831
1448187
1448217
1448528
1451154
1452008
1452777
1453146
1454994
1455770
1457853
1458575
1458685
1460591
1460618
1460992
1461218
1461444
1462264
1464618
1464837
1464998
1465978
1466329
1466736
1466972
1469423
1474062
1474337
1474971
1476310
1476586
1477687
1480520
1481077
1481356
1481881
1482055
1482841
1484131
1484562
1486387
1487885
1488331
1489069
1497918
1499881
1500784
1500947
1501707
1501766
1502122
1503811
1505032
1505164
1505984
1506525
1507110
1508861
1509421
1511957
1512049
1512949
1513077
1514427
1514652
1515382
1515808
1516212
1517156
1517801
1517816
1518193
1519918
1520407
1520481
1522954
1524023
1524031
1525365
1526512
1529596
1529990
1530050
1530169
1530437
1533081
1534210
1534793
1536084
1536178
1536650
1536849
1536989
1537380
1537391
1538836
1538850
1539043
1539743
1541894
1541906
1542121
1542239
1542697
1543224
1543487
1544043
1544144
1544383
1544517
1546794
1547477
1548677
1549013
1551367
1551486
1553514
1555019
1558655
1558767
1560966
1561089
1561157
1561807
1562477
1562479
1562591
1563345
1563725
1565487
1565910
1566696
1568019
1568103
1568296
1568665
1569075
1570647
1571230
1572114
1572793
1572828
1573232
1574720
1586655
1586751
1588130
1589266
1589878
1590948
1591747
1592187
1592395
1592447
1593120
1594477
1597883
1600308
1602743
1603067
1604218
1604505
1605142
1607594
1609798
1611816
1615520
1615537
1615932
1616905
1620052
1620566
1622489
1624682
1625087
1625130
1626729
1627396
1627998
1628613
1635597
1638281
1638502
1638656
1639088
1639570
1640542
1642463
1642902
1643051
1643086
1644931
1649551
1652448
1652696
1657585
1657684
1658333
1658873
1660009
1661670
1663926
1665204
1665399
1665768
1666593
1667252
1670690
1671002
1671329
1671525
1673565
1673839
1674115
1675771
1676420
1677652
1677933
1679950
1680575
1680807
1682996
1683310
1683555
1683897
1685169
1685550
1685764
1688516
1689040
1691019
1691423
1693875
1694225
1694649
1694802
1694834
1695291
1696307
1696952
1698186
1698312
1698725
1699614
1700799
1701792
1702126
1702436
1702651
1702810
1703059
1703109
1704871
1705677
1707185
1708997
1709202
1712172
1714217
1714298
1714415
1720221
1721165
1721449
1721940
1723050
1724860
1725051
1725896
1727284
1727513
1727639
1732315
1732406
1733412
1733496
1735545
1736123
1736646
1738255
1738892
1739900
1739990
1741722
1741728
1745859
1746481
1749138
1749918
1753681
1753945
1753977
1754824
1755224
1755561
1755948
1756624
1757029
1757382
1760684
1762036
1763684
1765523
1765677
1766181
1766699
1767950
1768168
1768681
1772011
1773346
1773486
1773670
1773831
1774386
1775331
1775471
1775631
1777016
1777022
1777308
1777744
1777906
1778019
1782773
1784406
1784678
1786882
1788203
1789940
1790772
1791389
1792138
1793335
1793895
1798192
1799790
1800208
1800287
1804744
1805866
1807355
1808240
1808302
1809430
1811352
1811511
1811909
1813603
1814566
1815003
1821800
1822558
1825892
1827264
1827709
1835091
1835553
1835657
1836007
1837083
1837588
1838592
1839713
1841774
1842575
1843054
1843071
1845349
1846690
1846854
1848511
1848635
1848703
1851904
1852223
1852447
1855076
1855520
1857299
1857991
1858698
1858940
1859991
1860746
1861296
1862192
1863036
1863935
1864713
1865414
1865890
1867857
1868002
1868064
1869217
1870734
1872160
1872841
1873516
1874507
1875678
1877226
1878079
1878357
1878723
1878789
1879496
1883047
1883729
1884024
1884384
1884526
1885249
1885403
1885480
1889642
1890012
1890227
1890274
1890399
1892018
1893960
1895205
1895735
1897050
1897699
1898081
1898530
1902086
1902306
1903253
1903407
1903747
1904081
1904309
1905910
1905986
1907283
1908649
1908781
1911422
1912068
1912910
1913644
1913905
1914380
1915335
1915752
1916211
1918637
1919642
1920111
1920220
1921410
1922626
1924891
1925014
1928292
1928455
1930247
1931641
1933658
1933915
1934374
1939398
1939759
1940005
1940285
1941302
1942487
1943571
1944064
1944890
1947749
1948167
1951835
1952342
1954625
1955223
1955930
1957196
1958154
1960499
1961072
1962091
1965680
1968771
1969774
1970228
1971713
1971820
1972350
1974394
1974801
1975099
1976359
1976837
1976904
1977040
1977106
1977325
1977972
1978988
1980540
1980555
1981129
1981266
1982791
1985196
1986458
1987452
1987502
1987673
1988775
1989298
1989524
1990670
1990818
1991560
1991676
1994230
1995156
1996009
1996915
1997316
1998033
2001079
2001309
2001991
2003381
2003732
2006734
2008307
2009159
2009314
2010623
2010890
2010920
2011036
2011486
2012008
2012771
2013416
2013964
2015354
2017564
2017745
2017782
2018697
2018705
2019588
2020572
2022103
2024846
2025476
2025941
2026125
2026735
2029883
2030734
2031031
2032674
2032814
2032890
2033532
2033582
2035471
2036038
2036287
2036807
2037463
2038661
2038879
2039813
2040007
2040364
2040774
2040893
2041359
2041764
2042754
2044970
2046238
2046437
2047280
2047710
2050697
2051547
2052959
2053446
2054790
2055294
2055414
2056108
2057420
2060778
2061443
2062204
2063099
2064661
2064696
2065022
2065045
2065235
2065814
2066671
2068973
2068979
2069145
2070522
2071453
2071978
2072091
2074207
2074809
2075751
2076024
2076215
2076587
2080519
2083670
2083928
2084087
2084300
2084514
2085067
2086059
2088392
2090860
2092355
2092544
2093037
2096026
2096223
2096269
2096678
2097915
2098054
2099058
2101090
2102442
2104094
2104838
2106115
2106364
2106755
2107193
2110058
2110686
2111071
2111739
2111975
2112235
2112793
2113100
2113759
2113786
2114828
2116229
2118655
2119180
2120680
2122496
2122522
2122936
2123289
2124397
2124418
2125176
2128272
2128339
2130572
2130953
2132322
2132400
2133918
2134339
2136710
2136711
2136752
2137801
2139408
2141996
2144097
2145161
2145234
2145827
2149521
2149669
2151650
2152483
2154819
2155778
2156608
2156791
2160286
2161796
2162187
2162407
2163469
2163755
2163821
2164587
2165330
2167529
2168606
2170223
2171688
2173693
2174032
2174336
2174879
2175044
2175500
2175544
2175658
2179558
2179853
2181333
2182448
2184299
2184518
2186244
2186335
2187148
2187721
2189473
2191034
2191770
2192107
2192544
2193019
2193719
2194328
2194456
2197875
2198173
2199528
2200599
2201380
2201943
2202073
2204375
2204565
2204694
2205059
2205299
2205393
2205892
2206372
2207622
2208506
2208983
2209666
2209679
2211682
2212104
2212526
2213622
2214750
2218203
2218245
2221998
2223032
2223339
2223703
2223780
2224608
2225207
2227053
2227507
2228285
2228510
2228822
2229242
2229793
2231997
2232092
2232478
2232497
2232847
2232865
2233784
2233820
2236493
2237290
2238477
2241836
2242800
2242888
2244073
2244700
2245059
2245825
2250254
2251733
2252360
2253804
2256156
2256962
2258409
2260663
2262625
2262673
2262895
2264716
2265391
2266451
2267696
2269989
2272277
2272961
2275813
2276474
2276822
2277150
2277344
2278055
2278330
2278562
2278695
2279453
2279890
2281946
2282451
2283692
2283905
2284291
2284676
2286041
2288306
2288422
2289488
2289718
2290525
2291809
2292881
2293513
2295237
2296987
2297885
2299345
2299361
2300163
2302288
2302662
2303018
2303697
2305888
2305920
2306372
2307569
2307751
2308570
2309604
2311568
2311824
2312967
2313324
2315004
2315936
2316731
2317662
2318261
2319389
2319557
2319973
2320804
2322365
2324978
2326279
2328860
2328927
2329472
2329882
2330018
2330136
2337322
2338326
2341130
2341889
2341902
2342652
2343413
2346357
2346666
2347758
2348100
2348218
2349334
2349776
2350109
2350467
2350638
2351474
2351596
2353069
2353603
2354195
2354588
2355325
2355913
2356140
2360325
2360459
2361917
2362432
2362737
2362835
2363921
2364278
2364547
2365495
2365663
2366319
2367379
2367877
2369816
2370876
2371228
2372560
2372820
2374706
2375358
2375732
2377197
2377963
2378729
2378997
2379620
2380898
2384103
2384269
2384552
2384733
2385048
2385423
2385989
2386646
2388406
2389053
2391430
2392726
2393535
2393751
2393830
2394460
2395525
2396618
2398422
2399544
2400826
2400846
2400897
2401425
2403240
2403386
2403599
2403851
2403933
2403999
2404635
2404876
2405752
2406393
2407033
2408987
2410300
2410869
2411100
2418844
2419669
2420654
2421240
2423010
2423496
2423987
2424243
2425047
2425280
2428187
2428832
2431628
2431753
2432275
2432704
2433017
2433747
2436563
2436601
2439698
2442893
2443098
2446577
2446595
2446955
2450666
2451453
2451715
2451968
2452220
2453013
2455365
2456996
2458052
2458896
2459606
2459919
2459981
2462447
2463072
2463414
2463992
2465875
2466213
2466644
2466669
2467421
2467574
2467706
2468106
2468542
2470423
2470512
2471104
2471575
2472219
2473399
2474909
2476136
2477561
2477721
2477788
2482380
2483178
2484718
2485165
2490082
2490118
2490487
2490532
2490838
2490945
2491012
2492466
2493028
2493232
2494421
2494843
2495153
2495542
2495687
2498260
2498901
2499346
2500277
2504965
2505045
2505459
2506242
2507113
2507420
2507861
2508985
2509649
2511928
2512351
2513021
2514036
2514444
2515436
2516356
2516895
2517397
2518663
2518742
2519308
2522130
2522943
2526507
2527651
2528234
2528989
2530275
2531951
2532297
2532831
2533610
2534437
2537944
2537983
2538677
2539473
2540345
2541097
2543167
2543186
2544641
2544835
2545661
2546012
2548518
2549062
2550118
2551538
2552309
2554673
2555495
2556122
2557422
2557947
2558234
2558388
2559448
2561220
2562818
2563272
2564776
2566268
2569107
2570387
2571028
2576977
2577797
2581551
2582175
2583260
2584309
2584483
2584503
2584725
2584743
2584841
2587610
2588285
2588714
2591716
2592255
2593875
2595284
2597585
2599039
2603264
2603786
2604096
2604107
2604232
2605349
2605582
2608099
2608571
2609826
2612868
2613301
2615312
2616380
2616573
2618460
2618933
2619059
2619279
2622653
2623007
2623194
2624997
2625308
2628269
2630769
2630910
2631724
2632256
2634820
2636014
2636600
2637795
2637911
2638814
2639333
2640203
2642557
2642815
2644523
2644662
2644761
2645436
2646628
2648267
2649639
2649820
2650129
2651088
2652105
2652646
2652872
2654428
2654624
2656122
2656750
2659282
2661478
2661936
2662035
2662596
2662945
2663523
2663712
2664017
2664565
2664892
2665474
2666161
2666523
2667937
2668703
2669015
2669218
2669226
2669850
2670333
2671087
2671322
2672478
2672816
2672839
2673037
2675891
2676473
2679184
2679624
2681705
2683605
2683620
2686002
2686028
2686726
2686846
2687250
2688085
2689661
2689668
2690237
2691312
2693009
2694159
2694662
2696000
2696640
2696877
2698786
2699250
2700283
2702316
2702475
2704600
2705080
2705387
2705527
2709263
2710622
2711898
2712161
2713814
2714539
2716205
2716367
2716723
2717062
2717921
2718039
2720744
2721407
2721894
2723153
2723217
2723279
2723307
2724641
2725492
2725951
2726903
2727793
2728269
2728779
2729804
2729821
2730463
2732574
2733284
2733393
2733899
2735583
2736679
2737368
2737423
2739594
2741228
2742236
2742669
2742848
2743374
2745191
2746765
2747540
2747814
2749347
2750235
2750863
2751275
2751594
2752536
2752975
2753198
2754388
2755526
2757237
2757839
2757906
2758325
2758514
2759528
2759729
2761692
2762876
2763146
2764332
2765076
2765429
2765762
2767502
2768006
2768127
2768346
2768659
2769031
2769994
2772139
2773229
2774317
2775029
2777334
2777352
2777600
2777938
2778104
2778745
2779594
2779943
2780609
2780623
2780776
2780989
2781379
2782056
2782578
2782949
2784179
2785442
2785795
2787539
2788850
2789294
2790424
2792243
2792572
2794253
2794597
2795738
2797063
2798049
2799818
2801027
2801220
2801223
2801725
2802160
2803296
2804773
2805251
2806959
2807796
2808676
2813047
2814536
2814754
2815227
2816096
2816503
2817133
2819034
2820876
2821941
2826123
2827122
2827667
2827759
2829631
2830623
2831628
2832130
2832395
2833745
2834622
2835577
2835787
2836646
2836843
2838021
2838926
2838944
2840219
2840569
2840870
2841253
2841747
2842213
2844000
2844262
2845625
2845747
2847414
2847766
2848966
2849265
2850208
2851134
2852288
2854065
2855786
2855957
2856054
2857426
2858171
2858865
2859156
2860108
2860686
2860733
2860735
2861823
2862269
2863110
2864252
2864399
2864724
2865473
2866833
2866894
2869181
2869500
2869790
2870169
2870412
2871043
2871240
2873457
2874207
2874576
2874670
2875470
2876412
2876541
2877107
2877591
2878949
2879219
2880256
2881977
2882452
2883014
2883989
2884493
2885014
2885408
2887898
2887959
2889387
2889494
2891646
2892111
2892672
2892712
2895206
2896983
2897028
2897133
2897561
2898719
2900221
2900607
2903892
2903956
2906133
2906145
2908615
2909329
2909864
2910274
2911148
2912180
2912497
2912712
2914927
2919925
2921650
2922056
2922769
2926760
2927127
2927406
2927821
2928439
2929557
2930525
2930643
2931896
2932362
2933267
2934881
2935755
2936785
2938003
2938438
2939774
2941200
2943254
2944127
2945020
2946782
2947142
2947611
2947664
2948721
2949372
2949395
2949487
2949660
2950282
2951757
2954500
2954541
2955518
2956871
2956878
2957694
2958057
2958422
2958758
2958806
2958834
2959869
2961297
2962072
2963000
2963908
2964090
2964245
2967299
2967803
2968192
2973068
2974993
2975130
2979419
2980178
2981114
2984082
2984312
2985943
2986275
2986834
2987494
2987711
2987771
2989835
2989957
2990340
2990833
2991061
2991283
2993326
2993396
2994260
2996525
2996764
2998684
3005124
3007462
3008304
3009441
3010190
3010268
3010528
3013583
3013609
3013629
3015394
3016946
3017217
3018479
3018539
3020354
3020770
3021081
3022003
3024198
3024261
3024418
3024554
3025572
3026870
3030036
3030488
3030869
3032217
3033648
3035824
3036189
3036311
3036325
3036776
3037117
3037365
3037577
3039645
3041540
3042696
3043212
3043896
3046973
3047933
3048086
3048485
3049085
3049438
3050641
3050889
3050992
3051403
3051640
3052243
3052428
3053314
3054002
3054426
3055623
3056312
3056646
3057538
3058759
3062140
3062524
3063903
3064869
3065260
3065273
3065738
3066727
3066902
3067546
3068796
3068913
3069390
3069421
3072964
3073592
3073821
3075621
3075760
3079159
3080700
3081419
3081433
3081987
3083500
3086273
3086784
3087013
3088314
3088515
3089155
3092348
3092618
3092878
3093273
3094087
3095013
3095778
3096986
3099018
3099668
3100145
3100458
3100474
3100780
3105078
3105193
3106688
3107987
3109229
3110757
3111507
3112431
3112930
3112935
3113042
3113986
3114863
3115525
3116040
3118340
3119380
3120022
3121834
3121989
3122835
3123515
3124430
3124696
3124977
3129063
3129415
3131400
3131722
3131938
3132221
3132634
3133497
3133792
3134759
3135288
3137062
3137208
3139038
3141101
3142202
3142637
3142997
3143344
3149021
3150586
3151703
3153680
3155069
3156299
3160524
3160904
3161285
3162530
3164871
3165072
3166406
3167504
3173126
3173462
3174255
3174287
3176373
3176727
3177182
3177857
3182394
3182527
3182921
3183371
3184782
3187962
3189950
3190731
3195143
3195798
3196088
3196143
3197069
3197099
3197428
3198441
3200951
3201038
3202338
3204233
3205161
3205324
3206754
3206911
3207154
3207869
3208293
3209764
3211294
3212067
3213693
3214666
3215392
3217522
3218002
3223686
3223835
3223921
3224382
3224976
3225382
3225528
3231866
3232547
3234137
3234584
3235026
3236471
3238915
3240395
3240730
3241470
3241698
3241834
3241928
3245284
3248100
3249322
3249962
3250542
3253896
3254168
3254252
3255413
3256534
3257001
3258395
3258618
3259174
3260543
3261564
3262533
3264670
3264974
3265282
3265447
3266875
3267289
3268189
3269196
3269585
3270213
3270463
3271853
3271940
3272082
3272184
3273218
3273904
3274312
3274424
3275120
3276565
3277987
3278328
3279448
3280820
3281078
3281080
3281821
3283357
3284612
3287952
3288958
3289021
3289756
3289967
3290035
3290053
3290113
3291117
3292328
3292451
3293875
3294405
3294517
3295384
3295809
3296283
3296679
3297277
3299130
3299884
3300328
3301823
3301912
3302696
3304258
3305457
3305953
3306553
3306726
3307851
3308260
3308404
3308875
3309497
3309943
3310131
3312765
3312932
3314699
3314713
3317027
3317392
3318686
3319547
3322124
3322162
3322399
3323738
3323791
3324287
3326409
3326521
3327075
3327787
3329538
3331325
3331603
3332563
3332624
3333123
3333559
3334338
3334716
3334929
3336856
3338118
3338589
3339185
3339469
3339891
3339972
3341047
3341584
3341727
3343684
3345789
3348109
3348191
3351494
3351553
3352846
3352942
3353785
3354056
3355307
3357963
3358630
3360277
3360943
3364433
3366526
3366947
3366973
3367383
3368388
3368709
3369540
3370601
3371439
3373770
3374741
3374864
3377222
3380658
3381045
3382867
3383601
3384633
3384653
3385670
3387504
3387658
3387686
3388770
3389134
3390221
3391271
3391636
3394377
3395574
3395848
3396007
3396969
3399888
3400487
3400847
3401730
3402202
3403048
3404760
3405070
3407674
3408711
3410630
3412034
3412094
3412853
3412896
3413413
3413465
3417371
3417562
3418191
3418328
3419147
3419555
3420626
3420757
3421706
3422535
3424069
3424579
3424964
3425856
3426070
3426472
3429729
3431066
3431713
3431803
3432434
3433388
3433890
3433918
3434267
3435399
3435645
3436058
3436531
3437974
3440226
3441398
3442248
3444551
3444606
3446376
3448062
3448132
3450391
3451474
3451686
3451825
3452588
3453639
3454116
3454246
3454808
3457513
3458373
3459837
3460090
3460350
3461745
3461819
3461823
3462465
3464298
3464346
3465686
3466477
3466555
3466650
3466669
3468190
3468686
3469955
3472018
3478561
3478572
3479207
3479307
3479618
3480340
3480430
3481191
3483931
3484531
3485868
3487156
3488579
3488681
3489732
3489865
3490694
3491175
3491835
3492464
3494501
3494817
3494859
3497466
3497841
3499515
3501752
3502290
3502595
3502667
3503868
3504744
3505170
3505185
3505716
3506476
3509299
3510461
3512583
3513164
3513952
3514643
3514684
3515049
3515262
3517006
3517595
3518483
3520688
3521981
3527490
3528020
3529130
3529794
3530694
3530942
3531266
3532063
3532071
3532208
3532475
3534032
3534810
3535083
3537957
3540622
3540966
3541266
3542211
3544112
3546505
3546617
3548052
3548484
3548558
3548995
3549528
3549650
3549966
3550548
3550600
3551043
3554033
3554414
3554615
3555269
3555529
3557712
3558722
3558841
3563502
3563515
3563739
3565964
3566001
3566070
3566103
3568261
3568654
3570802
3571893
3571948
3572648
3573096
3578066
3579954
3582709
3583216
3584582
3585080
3585823
3587178
3588917
3591295
3591513
3592822
3593043
3595287
3596012
3596848
3598134
3599861
3602849
3602936
3604838
3605665
3607569
3607641
3608234
3608236
3608411
3610312
3611041
3611049
3613273
3614386
3614508
3616830
3617414
3618763
3619354
3620434
3620994
3621311
3621397
3621761
3623009
3624515
3626848
3628671
3629030
3629512
3630483
3630699
3631568
3632604
3634167
3634218
3635950
3636896
3637808
3638274
3638591
3640583
3641495
3642648
3642742
3644811
3645603
3645614
3646621
3648563
3648798
3649027
3652556
3653318
3653971
3655200
3657094
3657228
3657433
3659648
3660282
3662913
3662956
3663257
3663505
3663781
3665550
3668343
3668665
3668723
3669198
3669562
3670497
3670660
3670847
3671003
3671963
3673549
3674085
3674365
3674684
3675627
3675684
3675730
3676817
3678527
3678550
3679278
3679993
3682886
3684234
3686176
3689443
3689945
3691754
3692538
3694451
3695761
3696440
3697451
3697713
3697881
3699831
3701499
3702566
3703060
3703161
3703581
3705392
3707907
3709944
3710422
3710773
3711331
3713151
3714950
3715384
3715939
3717154
3718578
3719216
3720446
3720556
3721800
3721879
3723083
3724313
3724481
3724578
3725763
3727362
3727460
3727479
3728304
3729939
3731817
3732209
3732997
3735018
3736442
3737414
3737994
3738001
3739153
3739167
3740268
3740321
3741187
3741987
3742601
3745812
3746146
3746982
3748342
3750455
3755297
3756193
3756709
3757725
3758303
3758449
3758600
3759239
3759628
3759783
3762102
3762348
3763683
3764118
3764591
3764680
3765714
3766717
3767323
3768473
3769210
3769347
3770110
3771457
3771920
3773593
3773619
3775222
3775498
3776493
3776881
3778785
3778977
3781163
3782718
3782721
3784625
3785600
3786588
3787158
3787484
3788362
3789596
3791875
3792288
3793113
3793372
3793935
3794200
3794615
3795539
3796710
3797455
3797641
3799333
3801162
3802125
3803289
3804613
3804782
3807006
3808804
3809304
3811100
3811412
3812741
3813130
3815090
3815623
3817893
3818556
3818754
3822242
3822452
3823437
3823944
3824781
3824996
3825855
3826027
3828253
3828643
3829271
3829438
3832333
3832928
3833084
3834689
3835137
3835947
3839124
3839778
3841169
3841383
3841666
3843534
3849377
3850184
3850291
3850300
3851427
3854801
3855080
3859755
3859872
3859917
3860046
3861489
3865163
3867080
3867862
3867928
3868881
3869452
3870001
3870466
3871137
3874130
3875054
3875836
3877620
3877701
3878311
3879761
3880247
3880261
3881274
3882612
3882686
3882722
3882761
3883735
3889023
3889844
3890986
3891039
3891534
3892489
3894485
3896817
3898494
3899210
3899761
3900776
3901029
3901224
3901808
3902795
3903294
3903819
3904325
3904552
3904814
3906064
3906135
3907803
3908437
3908864
3910203
3910714
3911278
3913310
3913458
3914034
3914101
3915631
3916610
3916722
3916775
3920006
3921308
3921593
3922660
3923929
3924341
3925024
3927082
3927630
3928343
3929668
3933947
3934031
3934822
3935030
3936469
3938302
3939386
3939692
3943338
3943396
3945961
3948481
3949145
3949360
3949799
3950192
3952109
3952114
3952170
3952228
3953077
3953561
3957005
3957122
3957352
3957690
3957788
3958535
3958882
3962641
3962945
3963017
3963817
3963939
3964982
3966907
3969186
3969195
3969548
3972280
3973386
3974678
3975439
3976068
3976881
3977482
3977861
3978451
3978465
3980827
3982241
3982313
3983911
3984036
3985255
3986052
3987143
3988273
3989130
3989826
3991271
3992417
3993330
3993547
3994131
3994460
3999299
4000548
4002709
4003114
4003136
4003542
4006352
4006572
4006714
4007838
4010353
4010710
4013744
4014282
4014666
4014769
4014808
4014927
4015903
4016363
4018348
4019268
4019590
4020767
4021319
4023863
4023867
4024663
4025126
4025411
4026383
4026583
4028464
4028967
4029998
4030076
4030430
4031365
4031654
4031714
4032029
4032372
4034391
4034395
4036289
4036703
4038322
4040477
4041161
4041506
4042420
4043970
4045016
4045453
4046667
4047187
4047568
4047852
4048366
4049017
4050357
4051420
4053656
4055117
4057149
4059928
4061010
4061202
4064094
4066943
4067423
4067730
4068430
4069149
4069809
4077969
4078965
4079694
4080069
4080608
4080649
4080817
4080934
4081649
4082220
4082713
4084339
4084433
4084614
4085358
4085460
4085750
4087763
4088018
4088861
4089131
4091411
4091943
4094739
4094821
4096711
4097920
4099186
4099207
4099643
4099661
4100868
4100909
4101651
4102714
4103567
4104474
4107375
4108890
4109197
4109790
4110694
4111092
4111930
4112139
4113211
4113689
4114305
4114913
4115825
4116739
4120943
4122166
4124254
4124504
4124534
4124603
4124808
4125764
4126631
4127588
4129130
4129345
4130162
4130475
4131397
4131992
4133460
4134653
4136040
4137272
4137359
4138066
4138259
4139510
4139826
4140600
4141976
4142690
4143038
4143109
4147258
4148046
4149435
4149674
4149720
4150210
4150817
4151973
4152002
4152367
4152390
4152977
4153256
4155103
4155148
4159932
4160064
4160246
4163816
4163913
4164630
4165001
4166008
4166251
4167107
4168599
4168834
4170483
4171455
4171731
4172138
4172676
4177593
4177860
4177877
4178663
4179611
4179773
4180298
4180313
4181618
4183896
4186846
4186948
4187076
4187138
4188644
4189727
4189773
4190411
4190787
4191483
4191698
4192546
4192727
4193834
4194457
4195267
4197740
4200640
4204822
4205700
4208092
4211616
4212630
4215505
4216099
4216943
4217135
4217602
4219420
4219800
4220717
4221180
4223329
4223810
4224546
4224618
4225451
4226738
4229719
4232155
4232325
4232535
4233030
4233988
4234924
4236043
4236714
4237793
4238034
4238193
4239254
4240773
4241660
4242524
4243397
4243399
4243574
4243697
4244852
4246311
4248489
4248932
4248959
4249030
4249815
4253357
4253751
4254463
4254880
4256009
4256975
4258047
4258649
4261473
4261586
4262803
4264136
4265064
4266345
4267134
4268278
4269558
4271372
4271404
4271544
4272045
4272654
4274897
4275058
4276893
4277192
4277716
4279407
4280624
4281231
4281785
4283143
4284315
4285146
4285891
4286547
4286686
4286892
4290470
4290625
4292302
4292863
4293497
4294498
4294625
4295267
4297117
4297183
4298980
4299774
4303488
4303536
4303741
4304172
4304426
4304628
4304707
4310137
4310330
4311722
4312656
4312841
4313373
4313580
4314176
4318373
4318991
4320748
4321492
4322204
4322810
4325159
4326009
4328462
4329799
4331000
4332235
4333079
4334941
4336157
4337173
4338434
4339069
4339111
4341672
4341857
4342253
4342410
4343798
4344254
4345787
4345951
4345984
4347347
4347580
4347879
4350123
4353067
4354300
4355012
4355195
4355441
4357497
4360908
4361626
4363354
4363672
4364563
4365145
4367142
4367855
4368056
4372231
4372390
4374138
4374241
4376198
4377927
4378041
4378207
4378403
4381554
4381973
4382616
4382875
4384466
4384510
4385612
4389417
4389483
4392220
4394407
4394892
4396543
4397463
4397537
4400130
4400911
4401462
4402810
4403207
4404488
4406052
4407511
4409093
4413632
4414486
4415363
4415465
4415833
4417334
4418157
4418416
4418557
4419224
4419696
4420660
4422353
4423199
4426102
4427302
4427567
4428248
4429364
4430304
4430903
4433605
4433666
4435399
4435679
4436669
4437855
4438372
4439406
4439466
4440621
4441273
4442604
4442611
4443803
4443860
4443953
4445343
4447315
4447641
4448453
4448626
4448960
4449767
4450457
4451627
4451942
4454289
4456228
4457391
4458126
4458308
4459133
4461092
4461663
4463670
4466588
4466861
4469989
4471591
4472413
4472806
4473186
4474064
4475060
4475080
4475141
4475158
4475957
4478366
4478936
4479000
4479418
4479459
4480176
4483699
4484471
4485892
4486062
4488930
4493928
4494158
4494164
4495879
4496028
4497940
4500201
4500969
4501665
4501918
4502165
4502827
4503268
4503315
4504178
4504531
4508085
4508307
4508454
4508908
4509003
4511888
4512631
4513033
4513151
4514195
4514498
4514755
4517802
4517813
4517915
4518279
4521212
4522956
4523054
4523563
4523950
4524930
4525988
4526210
4527349
4529173
4529731
4529973
4530919
4532040
4532613
4532947
4534104
4534475
4536772
4536960
4536992
4537558
4537590
4537713
4538588
4538762
4538855
4539895
4540488
4540588
4540645
4540969
4541144
4541167
4542703
4543504
4543701
4543894
4543967
4544950
4546180
4546256
4546342
4546432
4546905
4547607
4548157
4548818
4550732
4550778
4551669
4552461
4555026
4555205
4558801
4559771
4560069
4561498
4562102
4562688
4563479
4563642
4564426
4565665
4566095
4567690
4568560
4569706
4570917
4572594
4573284
4573713
4576189
4576962
4577446
4582795
4582920
4583736
4583988
4584171
4584248
4584485
4586668
4587138
4587341
4588767
4591326
4593236
4595125
4595165
4595400
4595681
4596455
4596489
4596576
4597868
4597961
4598309
4599377
4599466
4600170
4603028
4603367
4603660
4604143
4606038
4606394
4606897
4607742
4607784
4608126
4612668
4613661
4614245
4615371
4615972
4618666
4618722
4621295
4621534
4621586
4623537
4624329
4624458
4626282
4626903
4628966
4629858
4630216
4630274
4633409
4634857
4635763
4636662
4636705
4638130
4638663
4639433
4640842
4643175
4645769
4646149
4646367
4648438
4649194
4649290
4650373
4650532
4652685
4652995
4653420
4653664
4653753
4655389
4655666
4655670
4657146
4657454
4657600
4657617
4658395
4658610
4660032
4660141
4660613
4660777
4661228
4661612
4661650
4662647
4662812
4663413
4663656
4663970
4666811
4666963
4667044
4668135
4668150
4668774
4669510
4671039
4671202
4672242
4672510
4672855
4673127
4674801
4675857
4676309
4677254
4677270
4678209
4678669
4679346
4680173
4680981
4681362
4682036
4682569
4683328
4685559
4686140
4687278
4687811
4687901
4689140
4689532
4690075
4691326
4693999
4697426
4697979
4698370
4698995
4699005
4702087
4703100
4703443
4705597
4706981
4707941
4710644
4710721
4710803
4710924
4711947
4712143
4712753
4713495
4713919
4715638
4718288
4718324
4718755
4719087
4721870
4723270
4724092
4725266
4726133
4726246
4727692
4728231
4729026
4729761
4730673
4730722
4732216
4734647
4735507
4736892
4736943
4738805
4738864
4742681
4742733
4742764
4743733
4744885
4745813
4745941
4746043
4747113
4750105
4752313
4752813
4755035
4755462
4757187
4757616
4757662
4760637
4760668
4761022
4761115
4761477
4769057
4769547
4771677
4775246
4776684
4776991
4777078
4778562
4779557
4782531
4786574
4786604
4789988
4790832
4791751
4792115
4793214
4793969
4794810
4796112
4797989
4798179
4799876
4800839
4801729
4804851
4805721
4807389
4807440
4809030
4809543
4809824
4811587
4811642
4812328
4812883
4814571
4815189
4815370
4815669
4816091
4816248
4816808
4817618
4820466
4820530
4821126
4822387
4822450
4823653
4823883
4824280
4824614
4825156
4825993
4827375
4828803
4829358
4830439
4831941
4834062
4835469
4843213
4844118
4844658
4845247
4845458
4845590
4845664
4848214
4849089
4849612
4850134
4853257
4853446
4853790
4853963
4855992
4858233
4862513
4862581
4863224
4863639
4865191
4865392
4867442
4867665
4867695
4868747
4869117
4869660
4870816
4872353
4872614
4872705
4873698
4874229
4874383
4876206
4878623
4878656
4878726
4880804
4880838
4881314
4881894
4882799
4882809
4883780
4884394
4885253
4885964
4886312
4887666
4888038
4888427
4890230
4890462
4891746
4893995
4895257
4895348
4896900
4900973
4901311
4901942
4902816
4904543
4905478
4908182
4911856
4913007
4913406
4914740
4915497
4917094
4919036
4919535
4921324
4924395
4925451
4925459
4926780
4928051
4928150
4928815
4929993
4930621
4931448
4931980
4932263
4933945
4934505
4935375
4936594
4936620
4936941
4939496
4940485
4941787
4946418
4947382
4948420
4948601
4949245
4950159
4952557
4952630
4952670
4952950
4953974
4954553
4954768
4955185
4956139
4956892
4957467
4958646
4959242
4959278
4960340
4960528
4962716
4962769
4966001
4966947
4968025
4968058
4968746
4969245
4970890
4973278
4973779
4975261
4976229
4976279
4979315
4980061
4983532
4984725
4985345
4987405
4988768
4990408
4991002
4991678
4991762
4992416
4993457
4994507
4995710
4995815
4995915
4998596
4999624
4999831
5000095
5000952
5001310
5001338
5001607
5002078
5003273
5003563
5003715
5004360
5004384
5004975
5005999
5006735
5008461
5008918
5009411
5009919
5012259
5013005
5013258
5013854
5013904
5014456
5014759
5015731
5017230
5019254
5020866
5024452
5024618
5024880
5025378
5025469
5025914
5026010
5026819
5027235
5029108
5030179
5030989
5034236
5035469
5036892
5037377
5038485
5038803
5039191
5039478
5039630
5042482
5044372
5045028
5045283
5045716
5045901
5047587
5048952
5050001
5050905
5051652
5051846
5051881
5052323
5052956
5053249
5055295
5055302
5056828
5056853
5057458
5057700
5057906
5058446
5058839
5059068
5059187
5059799
5059823
5060341
5060693
5061879
5061995
5062385
5064343
5065811
5066953
5068333
5068383
5069439
5069837
5070013
5070302
5070442
5071975
5072138
5072368
5073057
5074288
5074683
5075193
5075348
5076676
5076808
5077050
5077457
5077475
5078331
5078771
5079415
5079543
5080888
5081555
5082683
5083859
5083923
5085792
5087680
5088515
5089090
5089952
5091160
5092207
5095883
5096643
5097284
5098261
5098664
5099101
5099347
5101054
5102647
5103136
5104510
5105705
5107411
5109015
5111156
5111517
5112623
5114830
5115304
5116598
5117726
5118301
5121266
5122027
5122362
5122759
5123237
5124423
5125149
5125443
5126371
5131831
5131859
5134309
5135547
5135594
5135904
5136181
5137391
5137475
5137894
5138538
5138571
5138929
5139392
5139818
5140222
5140801
5142013
5142211
5142304
5142795
5143313
5143450
5143940
5145966
5146196
5148743
5149929
5149935
5150505
5151174
5151648
5152141
5155631
5156629
5157052
5157416
5159833
5160833
5161590
5161808
5163083
5164814
5165086
5166054
5166689
5169311
5170758
5171447
5171936
5172099
5172723
5172908
5177177
5179169
5180241
5180610
5181021
5181886
5182294
5183257
5184105
5184708
5184988
5187041
5187158
5188015
5188965
5189546
5190387
5190419
5190630
5191921
5192580
5193358
5193503
5194623
5194631
5198620
5199018
5199430
5201989
5202847
5203845
5204892
5205196
5206304
5206878
5206934
5207189
5207417
5207968
5208196
5209266
5211794
5212151
5213019
5214623
5214646
5215434
5216580
5219914
5221416
5222128
5222152
5222862
5222946
5223946
5224053
5226062
5226421
5227179
5227382
5227456
5228073
5228684
5229120
5230328
5230797
5231131
5232011
5232362
5234267
5234698
5234967
5236671
5237324
5238977
5239410
5239942
5240203
5244623
5246676
5246947
5247862
5247955
5250473
5251126
5251822
5252039
5252170
5253484
5255247
5255389
5258519
5259446
5260820
5261732
5264479
5266338
5266454
5266718
5266722
5270311
5270444
5271007
5271944
5273950
5274741
5275531
5275643
5275764
5276045
5276768
5277735
5278467
5278694
5279308
5279765
5281546
5281786
5283098
5283807
5284113
5286342
5287039
5290030
5292020
5292643
5292767
5293797
5295081
5295445
5295714
5295870
5296872
5297780
5297970
5298285
5298668
5298938
5300061
5301423
5302331
5303648
5307197
5308294
5309773
5310738
5310940
5311356
5312709
5315287
5315828
5317267
5317316
5318060
5319102
5320170
5320852
5321030
5321113
5321848
5323235
5324810
5324843
5326350
5326787
5327201
5327702
5328686
5328948
5330165
5330311
5331224
5331509
5331551
5331754
5332135
5332928
5332972
5335802
5335905
5336381
5336544
5338900
5338977
5339663
5340216
5340391
5340616
5341076
5342339
5343727
5345105
5345373
5347036
5347196
5347599
5347667
5348111
5348872
5350242
5351592
5352382
5353647
5354411
5354432
5354833
5355140
5355147
5355252
5355883
5359717
5359952
5361259
5361550
5361557
5362192
5362242
5362389
5363593
5364085
5364165
5364219
5364986
5365687
5365772
5367254
5368215
5368620
5368944
5369234
5370134
5371502
5371619
5373302
5373306
5373968
5375325
5376987
5378666
5379540
5379865
5381436
5384052
5384529
5384616
5385427
5386504
5387495
5387545
5390815
5392534
5393462
5394182
5394198
5394239
5395111
5396369
5396897
5397891
5399455
5400892
5402612
5403095
5404931
5405664
5406438
5406694
5407028
5407385
5407870
5408123
5408675
5409212
5411155
5412235
5413516
5414139
5414292
5414484
5415690
5415747
5415800
5415854
5416083
5416287
5416568
5417361
5417828
5418041
5418994
5420319
5421357
5423929
5426017
5431353
5431372
5432933
5433468
5433800
5434972
5435901
5437908
5438232
5438305
5439199
5439377
5442514
5442877
5444676
5444933
5445176
5445726
5446142
5446597
5447864
5449087
5451006
5451345
5451510
5451761
5451906
5453067
5453402
5457022
5458100
5458442
5459890
5460563
5461510
5462654
5463445
5468356
5470260
5471998
5472254
5472769
5473604
5474003
5477332
5479093
5481652
5482107
5483086
5483612
5483729
5483981
5484171
5487238
5487859
5488518
5489198
5490695
5491473
5491826
5492241
5492751
5493422
5493974
5497053
5498775
5499468
5500308
5501419
5501580
5502032
5503459
5503623
5504452
5505236
5505438
5506508
5507072
5507235
5507755
5508007
5508253
5508688
5509203
5510189
5510488
5510830
5512299
5514039
5514876
5515007
5517232
5518867
5518898
5519163
5519972
5520452
5520553
5521726
5522477
5523339
5523475
5523648
5524286
5526428
5526606
5527372
5530295
5532289
5532876
5533079
5533356
5533527
5533547
5533620
5533915
5535108
5535875
5536842
5539252
5540990
5541426
5541741
5543711
5544317
5544791
5544846
5544967
5546743
5546871
5547585
5548564
5549010
5550508
5552651
5552888
5552966
5554016
5555399
5555872
5556250
5559171
5560336
5561642
5565160
5565931
5566106
5567209
5569853
5570145
5570637
5570734
5570929
5572182
5575179
5578751
5578837
5579636
5580238
5580842
5582677
5582928
5583794
5586415
5587014
5587310
5587533
5588428
5590811
5591653
5593174
5594602
5595797
5596674
5597683
5598520
5598968
5599776
5600189
5601395
5601971
5602649
5603151
5604577
5604765
5605206
5605634
5606010
5606562
5606629
5607532
5609489
5611088
5612435
5612563
5613039
5614805
5615932
5616424
5616907
5617680
5617775
5617839
5618585
5618682
5618914
5620920
5621310
5622785
5624126
5624710
5625374
5626517
5627748
5628578
5628697
5628712
5628871
5633223
5634080
5634194
5634591
5634757
5636940
5638352
5638656
5642401
5642706
5643947
5644750
5646280
5648307
5649195
5649493
5650349
5650389
5651562
5652318
5653747
5654203
5654526
5654738
5656111
5658546
5660206
5660288
5661794
5661807
5664505
5664593
5665411
5666353
5666439
5666746
5667436
5667663
5669410
5669512
5670546
5671645
5671790
5673132
5673753
5674679
5676384
5676943
5677207
5678270
5680444
5680525
5680584
5682192
5683839
5684704
5685071
5685226
5685548
5685834
5686554
5687220
5687891
5690426
5690672
5692734
5694185
5694300
5694521
5695788
5695816
5696090
5697584
5698118
5699150
5700038
5700229
5700704
5702130
5706091
5710000
5710798
5710827
5712405
5714023
5714115
5714441
5717025
5718846
5719815
5719962
5722447
5723484
5723560
5723795
5725554
5725974
5726946
5727080
5728920
5731406
5733937
5734164
5735255
5735785
5735994
5736808
5737507
5737956
5741667
5741972
5742257
5744435
5745344
5747461
5748050
5749751
5750667
5751267
5752512
5755688
5756575
5756659
5757012
5757679
5759831
5760679
5762676
5763145
5764092
5764609
5765341
5765672
5767369
5767633
5770344
5770639
5770839
5770852
5770967
5771352
5771505
5773019
5775415
5775482
5777282
5777333
5777447
5777558
5777854
5779141
5780768
5781493
5782167
5782271
5783287
5783477
5783529
5783685
5784099
5785335
5787151
5787569
5788059
5791835
5792371
5795082
5798170
5800721
5800762
5801133
5803860
5806742
5807639
5809270
5809983
5810539
5811430
5811985
5812541
5812908
5814638
5815327
5816351
5821053
5821201
5828813
5829020
5829535
5831394
5832618
5832644
5833770
5833947
5835976
5840322
5842150
5842957
5843160
5843983
5844130
5844196
5844256
5846071
5847974
5848370
5849354
5849743
5850223
5851571
5851863
5853342
5853788
5854254
5854654
5856265
5857123
5858529
5858874
5859669
5860305
5861760
5862266
5863042
5863731
5867325
5867948
5869949
5869956
5870430
5870636
5870914
5871291
5873297
5874094
5874466
5875556
5875724
5876053
5876740
5876831
5877882
5878541
5879062
5880665
5881259
5882531
5884732
5885126
5887338
5888429
5888639
5889112
5889628
5891224
5891849
5892982
5894377
5895803
5896679
5897972
5898193
5898361
5899590
5900116
5900379
5901705
5902417
5902479
5902548
5903515
5903747
5903765
5904238
5905763
5906248
5906510
5906726
5907109
5907423
5908380
5910280
5911441
5911958
5913614
5918117
5918158
5919343
5920275
5921395
5923442
5924949
5925970
5928614
5928646
5928837
5929141
5929170
5930296
5931900
5933140
5933902
5934020
5934930
5936257
5936547
5941003
5941557
5941822
5943025
5943410
5943969
5946362
5947470
5951286
5954118
5955797
5956259
5956366
5957063
5958387
5959953
5962192
5965044
5966674
5966849
5971920
5972055
5972641
5973591
5974214
5974247
5975855
5975927
5976776
5977828
5977864
5978231
5979877
5980005
5980256
5980362
5980399
5981254
5982743
5983287
5983889
5984502
5986082
5988760
5990451
5992841
5993301
5993369
5993951
5993962
5999687
6001742
6003281
6003900
6004336
6005352
6006336
6008942
6009116
6009502
6009849
6010657
6010946
6013145
6015538
6015889
6015926
6017220
6017295
6018049
6018068
6018114
6021291
6022283
6022846
6023668
6024500
6025142
6025621
6025875
6026247
6027725
6029859
6031368
6034087
6034124
6034269
6034983
6035386
6035914
6037857
6039621
6039895
6040042
6040316
6040414
6041076
6042265
6043959
6044624
6045120
6045170
6045679
6045737
6046649
6046716
6047905
6048208
6049188
6049573
6049632
6050027
6050337
6051567
6052561
6053307
6053547
6053802
6055332
6055851
6055973
6057238
6058792
6059341
6059695
6061843
6063320
6064955
6067082
6067899
6068311
6070142
6070172
6071237
6071836
6073828
6074423
6074488
6077269
6080836
6080932
6081870
6083777
6084826
6084861
6088686
6090757
6093232
6093894
6094237
6095504
6097034
6097510
6097907
6098068
6098890
6099324
6100424
6100603
6101066
6101381
6104985
6107451
6110003
6110344
6110692
6111960
6113424
6113804
6114040
6114073
6115311
6115341
6116329
6116434
6119618
6119766
6121755
6122968
6123133
6123683
6124027
6127418
6127893
6131172
6132512
6132585
6132606
6133768
6133843
6137216
6137968
6140495
6144247
6144978
6148369
6149148
6150221
6152153
6153677
6158501
6159558
6160396
6160648
6160651
6161157
6164589
6164791
6165478
6166186
6168822
6169881
6172778
6172811
6173474
6173661
6174503
6175943
6177140
6179399
6181868
6182006
6182269
6183491
6184059
6184180
6187150
6188669
6189131
6189985
6190950
6191486
6191725
6192185
6192565
6193180
6193254
6197388
6197520
6198935
6199831
6200075
6200788
6201797
6204839
6210148
6212059
6213928
6213932
6214504
6218262
6218457
6218820
6219614
6219874
6223141
6223584
6224481
6224953
6225376
6225382
6225421
6225612
6225946
6226039
6226633
6227349
6228321
6230755
6230774
6233317
6234722
6235672
6235734
6236291
6236718
6237288
6238432
6239087
6240796
6242937
6243484
6244352
6245408
6248061
6249041
6249345
6250361
6250823
6255924
6256510
6257845
6258036
6259729
6260422
6260601
6261359
6261406
6261913
6263295
6263830
6263887
6264776
6265510
6266284
6267631
6268209
6273501
6275482
6275685
6277493
6278377
6278774
6280742
6282033
6282158
6283209
6284301
6284753
6285454
6285545
6286129
6286836
6287098
6287527
6288411
6289456
6289658
6291682
6292325
6294932
6295076
6295820
6296683
6298205
6298793
6300571
6301677
6302095
6302263
6302760
6306108
6307826
6308958
6309753
6314081
6314244
6315838
6318701
6319675
6320520
6321068
6322283
6323651
6328744
6329445
6331715
6331819
6332153
6334526
6335188
6336009
6339353
6340252
6342052
6342153
6342186
6343621
6343895
6344804
6345472
6346939
6347241
6347313
6347612
6347904
6351672
6351782
6352056
6353175
6355168
6355996
6357187
6357224
6357891
6357915
6357978
6358293
6359667
6360318
6361958
6361998
6362408
6362466
6363532
6365678
6365771
6369860
6372267
6372409
6373274
6373279
6374215
6374361
6374561
6375338
6375902
6376902
6378280
6379019
6380423
6380637
6381100
6382765
6383775
6388190
6388634
6389239
6390786
6392806
6394434
6394553
6395690
6396194
6397127
6397923
6399904
6400395
6401599
6402319
6402387
6402821
6404487
6405705
6406672
6407961
6408083
6411735
6412208
6412504
6417200
6417573
6418273
6422017
6422361
6426389
6429051
6429243
6435093
6435141
6441038
6441578
6441746
6442010
6442641
6442862
6444517
6446438
6446761
6446805
6447484
6447874
6448554
6448605
6449486
6450441
6450899
6453182
6453722
6454490
6454569
6455971
6456229
6459313
6462620
6462865
6462940
6463902
6463907
6463925
6468250
6468895
6469225
6469430
6473347
6473465
6473933
6473994
6474514
6475020
6476229
6477900
6478096
6479894
6480236
6481661
6482436
6484743
6485052
6485559
6487018
6487683
6487761
6489417
6493689
6494317
6495811
6496758
6496912
6497984
6498035
6498074
6498900
6498906
6499376
6499837
6499965
6501575
6503678
6505645
6508033
6508171
6509527
6510124
6512585
6513075
6514175
6515593
6516309
6516755
6516799
6519905
6520588
6522017
6522151
6523027
6525986
6526407
6526457
6527401
6529399
6529418
6529715
6530201
6530313
6530709
6531054
6532297
6533060
6533160
6534973
6535240
6535428
6537735
6538834
6540386
6540564
6543174
6544188
6544284
6544918
6549379
6549388
6549421
6549451
6550611
6550820
6551741
6552387
6552404
6556505
6558569
6559397
6560439
6560996
6562056
6563601
6566315
6566435
6568544
6571122
6572399
6572480
6572578
6573980
6575240
6578912
6578963
6579466
6581568
6581572
6581578
6586689
6586948
6587324
6590273
6590861
6591686
6591870
6592838
6594696
6595092
6595161
6595666
6597270
6598292
6598386
6599093
6600536
6602102
6602675
6603383
6603657
6604598
6604961
6608483
6608576
6610635
6612146
6613414
6614221
6614263
6617910
6618696
6622109
6622675
6623178
6623204
6625167
6626371
6626748
6626878
6630616
6632290
6632887
6633018
6633037
6634854
6635259
6636411
6637498
6637930
6638038
6639939
6642160
6642587
6644180
6644529
6645172
6648604
6648657
6648786
6649905
6650443
6651480
6652328
6652500
6652664
6652853
6652919
6655259
6655683
6656063
6657013
6657567
6658590
6660165
6660561
6660838
6661504
6663064
6664729
6667546
6667694
6667896
6668010
6668225
6675711
6675725
6679671
6681160
6681286
6681325
6681710
6684857
6685921
6685976
6686126
6686469
6686783
6687413
6690886
6691603
6692191
6692613
6692891
6693586
6696619
6700819
6704591
6704739
6707302
6709798
6710663
6710864
6710919
6712074
6712739
6712927
6713284
6714898
6717182
6717994
6718848
6719852
6719912
6721276
6722906
6723202
6723861
6723944
6725320
6725650
6726264
6728089
6728619
6730725
6730821
6730995
6731016
6732017
6732346
6732785
6733288
6733550
6734446
6735513
6735765
6737329
6737839
6737915
6738134
6738218
6738650
6741283
6742002
6743201
6743439
6743480
6743627
6745347
6745463
6747746
6748129
6750229
6752597
6753281
6753879
6753901
6754462
6754983
6756842
6757538
6757608
6758978
6759852
6760079
6760179
6762172
6763440
6764475
6764859
6765782
6766794
6767010
6768615
6771620
6771656
6772862
6773902
6773965
6774980
6775841
6777784
6777917
6778996
6779187
6779275
6781236
6781528
6781671
6782073
6783144
6783982
6784693
6785050
6786986
6787249
6792136
6792590
6793553
6794354
6795133
6795574
6796017
6797555
6798808
6799545
6799645
6800601
6800748
6801399
6801909
6804484
6807414
6809637
6812795
6813709
6815810
6816208
6817672
6818929
6819076
6820610
6821172
6822392
6824245
6824583
6825127
6825401
6827311
6829652
6830079
6830101
6830501
6830712
6830839
6831469
6832495
6832966
6835889
6838080
6838143
6838360
6838581
6839259
6840012
6840385
6841891
6842879
6843278
6843445
6843509
6846528
6847815
6847850
6848095
6849493
6851396
6851665
6854348
6854383
6855064
6855637
6855817
6855836
6855880
6856763
6857109
6859560
6860150
6860908
6863248
6864630
6865687
6866784
6866829
6867798
6872037
6872791
6873826
6875555
6875653
6876137
6877792
6879184
6880063
6881096
6883366
6885407
6885425
6886472
6887677
6888241
6889219
6889653
6890850
6891262
6891907
6895848
6896134
6896148
6897347
6898333
6898424
6898750
6898947
6900119
6900633
6901797
6904303
6904440
6905789
6905849
6906132
6907963
6908951
6910275
6910526
6910537
6911511
6912481
6913061
6914335
6915186
6916330
6917043
6917915
6918333
6918428
6919592
6919932
6921543
6922201
6922427
6922477
6923035
6925350
6925520
6926580
6927894
6928181
6928232
6928613
6929005
6931085
6934978
6935777
6935903
6936124
6936805
6937298
6940406
6941109
6942320
6943791
6943830
6943846
6944571
6944837
6945625
6947000
6947532
6952258
6952658
6952778
6953186
6954031
6954582
6955032
6955928
6957070
6958100
6958229
6958542
6959946
6960678
6961066
6962036
6962703
6963493
6964255
6964597
6966081
6967165
6967911
6968280
6970414
6973461
6974636
6974886
6976699
6977971
6978263
6978906
6979196
6979340
6979388
6980135
6981029
6981263
6982470
6982943
6983260
6983330
6984482
6985449
6987067
6988377
6992785
6993377
6993552
6994562
6995138
6995509
6997106
6997479
6998214
7000297
7001305
7002874
7003234
7003291
7004441
7006342
7010049
7014447
7014948
7016544
7017085
7017543
7017812
7021082
7021217
7021302
7023161
7023658
7024442
7025171
7025952
7035556
7035572
7040842
7040896
7041478
7043889
7045343
7045620
7046391
7048937
7050555
7051746
7052759
7052928
7053443
7054485
7054640
7056206
7056776
7057030
7057183
7058636
7058924
7058979
7060705
7060942
7061385
7062518
7063049
7065615
7067050
7068344
7069710
7071550
7072233
7075262
7076079
7077691
7078989
7080925
7081851
7081912
7082277
7086294
7086398
7087219
7087416
7087885
7090628
7091621
7092645
7092923
7093676
7095452
7095453
7097266
7097966
7099070
7099406
7102792
7102866
7103422
7104131
7104476
7106931
7107086
7107345
7107465
7109883
7111164
7111818
7113952
7115569
7118679
7118979
7119519
7122537
7122726
7122924
7123027
7124951
7125152
7126738
7127442
7128724
7130014
7130285
7130825
7131436
7132131
7132511
7135093
7135234
7136508
7140276
7142843
7145394
7149382
7150198
7151808
7153291
7153744
7154118
7155894
7156594
7158226
7159831
7162191
7164366
7164691
7164918
7165017
7165966
7166589
7167168
7167594
7169327
7171150
7171493
7173683
7174311
7175444
7179998
7180480
7182816
7183464
7184315
7184413
7184937
7185780
7185889
7185944
7187248
7187872
7188170
7189561
7189658
7191475
7192043
7192560
7192761
7193620
7193655
7194387
7194696
7195459
7195460
7196125
7196225
7196687
7197374
7197606
7197831
7199200
7199642
7202320
7202839
7202964
7203730
7204172
7204848
7206924
7208193
7210318
7212303
7212767
7214723
7216160
7216436
7216471
7216922
7219775
7221811
7224095
7224878
7225413
7226064
7226769
7227284
7227517
7229205
7231337
7231829
7233188
7233505
7234814
7235520
7237449
7238365
7238367
7238524
7241618
7241840
7241926
7242962
7243126
7243302
7243339
7243551
7245154
7245358
7246771
7247385
7247396
7247726
7250346
7251550
7252514
7252767
7252842
7253513
7253722
7255512
7256421
7257817
7257857
7259055
7259271
7259320
7261438
7261544
7263204
7265577
7266450
7267547
7269892
7270678
7271137
7271641
7273067
7273498
7274485
7278248
7279771
7279963
7280385
7282430
7282686
7282990
7283022
7283232
7283776
7285487
7286571
7286847
7292321
7292705
7294073
7296551
7297345
7298964
7299467
7299851
7301452
7303392
7304179
7304229
7305650
7306049
7308320
7309796
7310199
7310200
7310301
7310620
7310825
7310893
7311608
7315092
7315223
7316024
7318519
7320076
7320900
7321333
7322028
7324669
7326923
7327751
7327817
7329581
7330697
7331793
7331882
7332311
7333238
7333608
7333917
7334430
7334911
7336849
7337558
7337658
7338147
7341798
7342285
7342402
7344596
7347095
7347772
7348531
7349267
7350202
7351306
7352073
7352105
7354099
7355069
7358719
7359083
7359522
7359556
7362873
7363675
7363838
7364156
7364332
7364548
7366663
7366938
7367030
7367649
7369769
7370492
7370589
7370731
7371828
7372288
7373129
7373141
7375132
7375218
7376585
7377214
7377476
7378695
7378845
7380127
7381216
7381374
7382144
7383052
7383118
7383659
7385246
7385275
7385371
7385976
7385991
7386920
7388389
7388598
7388980
7389800
7390311
7391041
7391665
7392178
7392258
7395245
7395842
7397183
7397736
7399185
7399289
7401275
7402796
7403093
7406615
7407919
7408184
7409957
7410783
7411970
7412039
7413013
7413378
7415903
7416531
7416648
7416686
7417258
7418644
7419013
7419433
7419634
7421041
7421198
7422702
7423580
7423725
7425136
7425167
7428184
7433635
7435747
7436191
7436932
7438942
7439372
7440780
7440888
7442786
7443141
7443720
7445230
7446380
7447618
7447915
7449806
7452916
7455524
7455675
7456180
7457120
7457468
7458527
7461917
7462140
7462962
7463116
7465439
7465714
7466976
7467842
7468942
7469446
7470595
7472262
7472296
7472421
7476550
7479492
7479902
7481193
7482751
7483948
7484639
7484766
7484796
7485203
7485272
7487091
7488125
7488435
7489714
7490984
7491800
7493309
7494141
7495189
7495476
7497295
7497429
7498398
7499517
7499640
7500570
7500695
7501733
7501739
7502188
7502703
7503653
7506126
7506233
7506964
7507830
7510266
7510532
7510871
7511602
7511971
7512840
7515403
7515583
7515661
7516142
7517478
7517545
7519145
7521535
7521892
7522240
7522370
7522813
7522944
7524958
7525813
7526568
7526695
7527384
7527585
7528189
7532102
7534201
7534806
7534919
7536735
7538334
7538482
7538941
7539572
7541375
7541690
7542465
7542752
7543382
7543661
7545887
7547141
7548940
7549386
7550611
7550676
7551133
7551843
7552418
7553108
7554145
7554725
7554901
7555731
7556822
7557818
7558228
7558333
7563755
7564803
7565497
7567050
7567145
7569961
7570255
7570996
7572673
7572760
7573394
7573577
7574976
7575652
7575806
7575917
7576263
7577539
7578215
7579078
7581873
7583698
7586627
7587593
7589237
7590429
7590674
7591505
7591797
7592106
7594905
7595956
7598083
7600283
7600449
7601287
7601720
7602453
7602626
7606044
7607345
7608078
7610749
7612848
7613812
7614715
7618202
7618721
7620058
7620201
7620246
7620690
7620919
7624894
7625623
7625977
7626534
7626584
7627249
7627662
7628577
7629755
7629878
7632096
7633696
7633877
7634136
7634782
7634852
7635203
7637664
7640832
7642581
7643459
7646726
7647170
7648100
7648577
7648932
7649949
7652002
7652060
7652499
7653273
7653302
7653889
7654359
7654423
7656052
7656418
7656752
7656866
7657020
7657754
7658519
7659705
7659834
7659905
7660056
7661181
7661421
7661426
7662127
7662571
7663050
7663167
7663273
7664985
7668047
7668084
7670065
7671069
7671399
7673508
7673791
7674627
7675531
7676742
7680437
7681499
7683143
7683408
7684048
7685168
7690105
7690362
7691047
7691683
7691870
7694263
7696663
7697375
7697957
7699107
7700147
7700610
7701355
7702705
7702960
7705004
7705558
7707140
7707787
7709084
7710723
7711239
7714559
7714896
7718578
7720886
7723589
7727327
7727584
7727983
7729590
7729704
7729884
7731144
7733034
7735956
7736723
7737808
7739882
7741885
7742986
7743692
7744863
7744924
7748502
7751005
7751106
7751250
7752773
7753753
7758793
7761513
7762306
7764713
7765256
7765448
7765802
7766916
7769182
7771683
7772442
7772899
7774549
7776827
7777258
7778630
7778775
7780452
7781956
7782750
7783706
7783897
7785473
7786758
7787603
7787814
7788887
7789057
7790349
7795598
7796820
7798310
7798754
7798924
7799660
7800516
7800543
7801377
7804850
7807199
7807585
7807663
7807998
7808470
7810416
7810456
7811134
7813344
7814245
7818134
7818476
7819160
7820577
7822080
7824041
7825655
7827008
7827122
7827533
7827683
7830344
7833428
7834096
7834973
7835147
7835883
7837544
7838901
7839522
7841209
7842376
7842657
7843441
7843577
7844566
7845250
7845832
7846073
7846816
7848005
7849765
7849796
7850061
7850306
7852158
7852732
7853591
7854832
7855493
7855697
7856333
7858490
7858499
7860638
7861271
7862236
7862811
7863227
7863335
7864133
7864144
7864150
7864563
7864924
7868362
7874321
7875113
7879313
7879602
7880885
7881995
7885872
7889086
7889437
7889975
7890697
7891981
7892803
7894289
7895546
7898246
7898930
7898995
7899122
7900438
7903331
7903802
7905280
7905361
7905448
7905478
7905487
7905585
7906155
7906930
7907342
7908584
7908795
7911644
7914956
7915901
7916219
7916562
7916654
7919351
7919861
7924115
7925105
7925216
7925375
7926885
7928831
7931123
7932362
7932461
7933317
7934475
7938513
7941726
7942705
7945142
7946726
7946826
7947520
7947809
7947872
7948168
7948500
7949081
7951130
7951529
7951685
7953411
7954542
7954808
7955410
7956605
7957371
7958119
7958312
7960741
7960870
7961992
7963414
7964138
7965127
7966055
7966891
7967149
7967531
7968146
7969102
7971018
7971666
7972146
7973976
7974228
7975406
7976402
7976434
7977286
7979250
7979600
7980199
7984319
7984784
7985662
7986499
7988514
7988892
7989471
7990531
7991802
7991837
7993338
7993398
7994715
7995169
7996665
7996908
7998252
8002519
8002851
8005124
8006257
8007107
8008440
8008542
8011276
8017215
8017653
8018746
8018900
8019780
8021067
8022662
8023993
8024487
8024536
8026570
8027153
8027212
8028293
8028335
8030492
8030520
8030551
8032620
8032844
8035774
8037378
8038606
8039369
8039556
8041871
8042968
8043592
8043663
8044118
8044627
8045018
8046050
8049977
8051399
8054751
8054956
8056420
8062367
8062424
8063893
8065063
8069450
8069743
8073374
8075491
8076205
8077625
8077771
8080090
8080203
8082104
8085290
8085681
8087287
8090681
8092732
8093027
8096772
8097064
8099443
8100505
8101507
8106716
8107343
8108227
8108688
8109997
8111085
8111148
8111503
8112832
8114075
8114809
8115221
8115427
8116381
8117821
8118063
8118378
8118982
8119331
8120008
8120435
8121965
8122265
8123312
8124227
8124789
8124901
8125050
8125481
8127026
8127305
8127511
8127534
8128190
8128717
8129045
8129131
8129361
8130611
8131399
8131750
8131896
8133876
8134868
8136328
8137241
8138994
8140027
8140350
8140992
8141097
8141474
8142076
8142520
8143422
8143624
8146206
8147555
8150852
8151357
8153416
8154584
8154730
8154893
8155031
8155472
8156016
8157536
8157724
8158464
8158964
8160433
8161855
8166356
8168830
8169261
8172282
8173246
8174057
8176681
8177342
8178205
8180347
8181188
8182255
8183540
8183623
8184235
8184969
8186913
8187315
8187763
8188384
8188687
8192628
8193543
8194512
8195395
8195799
8196561
8198571
8199804
8199830
8204921
8205320
8205561
8205938
8205987
8207722
8209719
8209832
8210257
8211892
8211942
8212220
8212503
8212516
8212787
8213574
8214899
8215904
8218982
8220217
8222767
8224226
8224462
8224633
8225328
8227858
8228789
8228977
8229184
8230657
8230926
8231921
8233850
8234778
8235001
8235379
8235535
8235881
8235895
8238198
8238708
8238753
8239964
8239997
8241161
8242519
8244240
8245023
8246359
8248007
8249660
8249788
8252619
8253428
8253838
8253921
8255225
8255679
8255801
8256491
8256914
8257403
8258991
8260716
8261616
8263762
8265275
8266835
8269253
8269318
8271635
8272785
8272899
8272940
8274910
8277141
8277312
8277700
8278112
8278722
8279591
8280966
8281133
8284153
8284954
8285110
8286351
8287650
8288124
8289013
8289512
8289789
8292195
8292582
8295287
8298624
8299260
8300472
8301171
8301262
8301616
8301676
8301803
8305999
8306205
8308057
8308061
8308114
8310884
8310908
8311455
8311518
8311855
8314003
8315200
8315212
8316539
8317302
8318024
8318606
8319486
8319630
8320490
8322425
8322536
8322808
8326497
8326923
8327057
8327072
8328022
8328575
8329121
8329300
8329987
8332048
8333172
8333277
8333484
8334056
8335094
8335769
8338666
8339918
8343058
8343430
8344301
8346655
8348088
8348254
8349553
8349806
8350389
8351108
8352799
8352877
8353521
8353547
8355838
8356034
8357650
8357867
8358227
8359197
8360566
8360844
8362251
8363041
8363052
8363443
8363859
8364098
8365098
8365649
8365938
8366032
8366305
8367278
8369628
8369922
8371651
8372502
8372791
8372853
8375194
8375346
8376141
8376341
8377237
8377570
8377739
8384356
8386561
8391003
8391478
8391524
8392207
8392426
8393083
8393923
8394639
8397059
8397688
8398064
8398098
8399781
8400152
8400581
8400763
8401961
8403115
8403460
8404476
8404965
8405214
8407658
8409712
8411013
8411554
8411718
8414122
8414343
8416708
8418229
8419331
8419468
8419545
8421269
8424329
8424757
8425292
8427941
8429011
8430283
8430906
8431251
8432282
8432448
8433513
8434237
8434492
8435403
8435732
8435893
8437048
8438549
8439086
8440205
8440248
8441978
8442036
8442140
8444525
8444714
8445480
8445799
8449348
8450897
8451981
8452990
8453933
8456541
8457164
8457725
8458578
8458975
8460121
8460160
8460215
8460275
8460280
8460436
8460755
8461975
8462034
8462542
8464328
8464489
8464884
8464914
8465487
8466378
8466512
8466609
8467405
8467747
8468497
8469087
8469215
8470035
8470952
8471760
8474349
8474819
8476957
8477387
8479385
8481588
8481649
8481937
8482787
8482795
8484119
8484206
8484507
8484899
8485087
8485953
8486510
8487454
8487607
8488216
8490053
8490436
8490617
8491073
8491527
8491996
8492343
8492489
8494015
8495165
8496403
8497232
8499052
8499160
8500680
8503331
8505190
8506512
8507324
8508670
8510090
8510728
8511092
8513959
8514061
8516038
8517609
8517685
8517829
8518706
8520905
8522815
8524589
8525182
8525770
8525939
8526607
8530847
8531115
8534893
8535537
8536620
8537765
8538500
8541499
8542269
8545855
8546163
8547377
8548609
8550023
8550080
8550142
8550476
8552203
8552254
8554898
8555647
8555782
8557510
8557618
8558767
8558960
8560878
8564043
8564133
8565889
8566150
8566998
8567115
8568194
8568198
8569556
8569860
8571015
8571134
8571427
8576299
8576461
8576620
8577065
8578867
8580835
8581382
8581603
8583238
8584049
8586354
8587141
8588515
8589013
8589819
8593680
8593997
8594676
8595616
8596398
8597137
8597412
8597730
8597833
8598073
8599168
8599558
8601850
8602405
8604322
8605184
8605378
8605977
8607014
8607179
8607612
8608179
8609377
8609558
8615787
8617358
8618233
8618297
8618506
8619297
8623596
8625540
8626165
8626349
8626467
8626859
8628425
8628594
8629139
8629913
8630604
8630724
8633720
8633761
8633996
8634103
8634902
8640518
8640866
8642143
8643836
8643971
8644237
8646291
8647253
8647832
8648032
8648083
8648981
8649809
8650575
8651442
8652365
8657591
8658119
8660331
8660594
8660893
8661251
8661563
8662866
8664378
8664457
8664658
8665796
8666760
8667736
8669693
8670812
8671296
8671614
8673612
8675631
8678091
8678432
8679978
8680050
8682305
8683855
8686875
8687871
8689819
8689976
8691408
8691660
8692489
8694334
8694671
8696377
8697964
8698490
8700283
8700504
8700994
8702012
8702478
8702936
8703001
8705700
8706408
8706574
8707187
8708531
8708931
8709373
8710139
8715299
8715846
8717484
8718119
8718825
8719574
8720451
8720571
8720936
8722746
8722815
8724461
8724754
8725332
8725726
8729798
8731883
8731923
8733288
8733727
8734364
8734653
8735442
8735759
8737552
8738544
8738845
8739313
8740496
8740587
8741525
8744829
8746670
8747647
8747978
8748335
8748967
8749057
8751027
8751350
8752795
8753173
8753558
8756894
8757656
8758410
8758873
8759379
8760334
8760556
8762083
8762200
8762655
8762790
8764406
8766457
8767400
8767470
8767740
8768874
8769627
8770639
8772696
8772707
8772992
8774051
8774149
8774626
8774874
8776873
8779312
8781479
8782699
8783227
8783340
8783612
8784075
8784619
8784968
8788757
8788916
8789710
8792682
8794024
8794912
8795906
8796978
8797326
8797444
8797445
8799247
8800732
8805826
8807009
8810222
8813623
8813662
8814277
8814475
8815198
8815633
8816627
8817172
8818514
8818554
8818943
8821725
8821867
8822547
8823841
8824128
8824750
8825258
8826001
8827062
8827372
8829480
8830631
8831347
8833875
8836135
8837642
8842391
8842450
8843464
8844091
8844423
8845558
8846005
8846021
8847080
8847593
8847952
8848016
8848324
8850508
8851387
8852602
8852603
8853161
8853869
8854497
8854902
8855974
8858542
8858889
8860706
8860745
8862136
8862565
8866012
8866649
8866983
8867180
8867441
8867457
8868233
8868678
8868864
8870494
8870903
8870917
8874980
8875410
8876125
8876267
8878082
8878772
8879434
8881969
8883084
8884140
8887239
8887752
8888093
8889330
8890555
8890875
8891501
8893301
8893468
8894565
8894908
8895343
8896396
8896469
8897672
8899040
8900385
8900579
8902412
8902889
8902918
8905031
8905948
8906253
8906780
8907278
8908346
8910317
8910421
8910663
8912004
8912465
8913352
8914035
8915787
8915939
8916755
8917053
8919447
8920617
8921853
8921920
8922199
8926535
8926804
8927411
8928744
8930224
8932405
8932978
8934001
8934101
8934841
8935821
8937078
8937179
8939063
8940654
8941383
8942449
8943730
8943822
8944211
8947839
8949037
8949120
8949604
8951124
8951971
8954529
8954757
8954844
8955480
8956535
8956847
8957303
8957861
8957931
8961083
8963829
8965090
8965816
8969320
8969661
8970416
8971057
8971177
8972265
8972340
8972898
8973093
8974436
8976227
8977121
8977485
8977757
8978552
8981567
8983363
8984420
8985403
8986024
8986565
8986831
8986991
8987115
8988630
8989869
8990616
8992077
8994247
8994530
8994836
8995169
8996182
8996796
8997368
8998271
8999377
9000707
9001094
9002506
9003761
9006557
9008952
9010578
9011101
9011784
9012661
9012751
9012964
9014197
9015005
9015039
9016114
9016198
9018393
9019183
9019459
9020114
9020592
9020889
9021172
9021376
9023932
9025208
9027309
9031084
9032683
9035002
9035006
9035163
9038594
9038835
9039808
9041558
9046792
9048864
9049373
9051714
9052253
9052722
9057204
9057350
9057480
9059748
9062692
9070888
9070934
9071143
9071530
9072505
9074759
9075565
9078488
9079214
9079384
9079544
9079560
9080108
9080700
9081426
9081581
9082253
9083781
9086164
9086294
9087457
9087940
9088552
9092668
9092857
9093164
9093518
9094507
9095219
9097769
9098576
9098883
9099230
9100971
9101275
9103391
9107040
9107470
9107567
9107780
9108437
9108829
9109992
9110582
9110841
9112001
9112698
9114130
9118158
9119799
9119858
9120346
9121514
9122570
9123334
9123473
9128011
9128203
9128328
9130660
9134868
9134952
9135350
9135375
9137078
9137873
9137903
9137922
9138375
9138625
9141781
9143044
9143633
9143778
9144038
9144417
9144566
9144673
9146400
9149904
9150109
9151868
9152195
9152469
9153558
9153964
9154628
9154819
9155511
9156372
9158207
9158457
9159308
9159536
9159734
9160236
9161393
9162619
9163064
9163318
9164610
9165188
9165427
9166088
9169155
9170000
9170267
9170402
9171156
9171795
9173784
9174069
9174147
9176798
9177013
9179588
9181309
9182152
9183581
9184338
9186241
9187411
9187865
9188956
9189287
9190013
9190297
9190567
9194066
9194486
9196241
9197369
9197679
9197897
9198110
9199197
9199371
9199779
9199807
9203087
9204833
9205818
9206781
9208233
9208242
9210010
9210135
9210348
9210452
9210876
9211111
9213461
9214774
9216276
9216820
9216908
9218323
9219600
9220045
9222133
9223395
9223518
9224601
9225797
9226534
9227406
9227592
9228259
9229038
9230512
9230676
9231652
9232890
9233047
9237068
9237625
9239045
9241443
9241911
9241968
9242997
9243175
9244490
9244516
9245035
9245330
9245668
9245954
9245955
9246313
9247254
9247339
9247344
9247477
9247895
9248191
9253222
9254525
9255358
9255436
9256950
9260782
9261270
9261571
9262405
9262861
9263289
9265375
9265880
9265912
9268130
9268332
9268688
9269819
9270131
9270399
9271736
9272375
9272690
9275221
9276313
9276588
9279787
9280933
9281189
9281585
9282815
9283674
9284396
9285580
9287054
9287181
9287810
9289750
9289826
9290186
9291204
9291687
9292870
9293259
9293351
9294242
9294282
9297046
9299443
9300064
9300211
9300520
9303184
9303722
9304059
9304367
9304967
9305067
9306080
9306764
9309415
9309828
9310494
9311085
9311581
9312324
9312329
9312811
9313475
9313591
9314700
9316272
9317530
9320990
9321924
9322810
9323912
9326261
9326571
9328198
9328670
9333941
9336909
9337441
9338515
9338919
9339117
9339681
9340340
9340823
9341094
9342526
9342734
9342913
9342958
9343213
9343541
9343881
9344100
9344517
9345293
9346539
9346778
9348625
9349148
9351272
9354080
9354098
9354244
9354309
9354746
9355503
9355815
9357050
9360784
9367571
9367620
9369130
9371739
9371801
9372218
9373573
9373960
9374404
9377894
9378145
9378317
9379470
9380441
9380821
9382506
9382618
9384204
9384973
9385258
9386475
9386989
9387499
9387791
9387938
9389355
9389438
9390313
9390716
9390942
9392518
9392994
9393284
9394800
9397868
9398012
9399019
9399099
9400761
9401236
9402021
9403448
9403536
9403624
9405607
9406734
9407002
9407825
9407843
9409348
9409391
9409640
9409697
9409700
9411345
9412353
9416232
9417977
9419005
9419743
9419976
9420220
9420643
9423211
9425792
9426946
9427835
9428133
9428568
9428839
9429433
9429495
9432064
9433844
9434814
9437272
9437687
9437967
9440053
9440138
9441642
9443467
9445675
9449008
9450618
9451598
9453671
9454316
9454535
9456931
9457624
9458286
9458702
9459701
9460137
9461120
9461458
9463137
9463843
9463875
9465049
9465828
9466410
9467922
9467949
9469259
9469609
9470380
9471838
9474400
9474454
9475600
9477941
9478057
9478170
9480032
9480679
9482919
9484263
9485460
9489378
9489849
9491511
9496700
9497457
9497867
9499045
9501082
9501212
9503160
9503309
9503508
9504390
9506035
9507048
9508599
9510410
9510864
9511219
9511375
9511794
9513045
9513089
9514557
9515149
9515399
9516273
9517047
9517138
9517234
9518156
9518369
9519218
9519513
9519950
9520018
9520276
9521641
9522725
9526228
9526514
9528865
9533328
9533683
9533994
9534141
9534974
9536391
9536489
9537290
9538670
9539351
9540639
9541985
9542135
9542444
9542739
9542800
9544022
9546074
9546312
9546916
9547148
9547678
9550627
9550771
9550976
9553267
9553751
9554159
9554366
9558200
9558629
9559649
9560997
9561804
9562057
9563413
9564257
9564608
9564612
9565896
9565934
9566549
9567689
9572965
9573105
9573486
9573612
9574393
9575377
9576530
9580407
9580580
9583181
9583910
9586068
9586140
9586407
9586554
9588778
9593040
9595997
9597962
9598546
9598899
9599140
9600590
9601041
9601745
9601910
9602072
9602894
9604171
9608058
9610364
9610572
9610781
9611097
9611472
9611886
9611947
9612246
9614679
9614992
9615599
9615948
9618076
9620643
9622162
9622259
9623149
9624517
9624707
9626467
9627853
9628949
9629021
9629320
9629934
9631470
9632249
9632544
9632773
9633407
9634419
9634849
9636384
9636687
9636708
9637023
9637268
9638044
9638599
9639437
9639939
9640230
9641410
9641607
9641622
9645372
9646134
9646501
9648353
9649430
9651734
9651750
9652950
9653341
9653407
9653676
9654432
9654668
9655893
9656263
9656305
9657392
9657481
9657855
9659747
9659912
9662814
9662919
9663600
9664104
9664745
9665191
9665822
9665900
9665922
9666229
9666327
9666369
9666682
9666707
9667854
9668082
9669348
9670200
9672195
9674676
9675637
9676287
9677195
9677740
9678513
9678699
9679168
9679195
9681302
9682225
9682501
9683099
9683632
9684527
9686991
9687750
9688984
9689802
9690528
9692403
9695233
9696422
9697510
9697531
9698461
9698890
9699265
9700537
9701781
9702945
9703209
9706347
9707263
9712316
9714074
9714678
9715124
9715926
9717097
9717241
9718602
9718924
9719851
9720099
9720658
9721115
9721687
9722016
9722819
9724797
9725603
9725627
9726323
9727411
9727432
9730573
9732435
9732530
9733477
9736840
9737967
9738978
9739845
9740231
9741418
9742519
9742646
9742653
9743406
9744158
9747490
9749264
9749498
9753141
9755297
9756048
9756356
9757325
9758226
9759075
9759101
9759998
9762175
9765499
9767555
9770569
9772331
9774246
9774303
9775223
9777022
9777254
9777476
9778229
9779603
9781001
9782385
9782663
9783632
9785295
9786937
9787182
9788797
9790071
9791905
9792308
9795001
9795100
9795510
9796044
9797006
9798118
9800799
9800817
9801535
9801876
9804308
9804736
9806645
9807444
9808915
9810041
9810333
9810730
9811312
9812301
9812393
9815072
9815440
9815733
9816497
9816808
9817550
9817737
9819519
9819768
9822154
9822588
9823947
9825641
9827435
9827618
9828556
9830118
9835273
9836349
9836596
9839079
9839727
9840649
9840713
9841247
9845617
9846026
9847143
9848172
9849699
9852238
9855986
9859312
9860904
9861810
9863805
9868518
9869089
9871665
9872592
9873030
9873111
9874194
9874372
9874643
9875074
9876899
9876901
9877564
9879160
9879709
9879785
9880192
9882867
9883154
9883365
9883645
9883900
9884060
9885928
9886233
9886534
9887732
9889072
9889578
9891252
9891538
9892079
9893549
9893853
9894591
9897507
9900062
9900750
9901036
9901442
9902291
9902981
9904539
9905353
9916026
9917314
9917374
9918489
9918621
9918713
9918898
9919254
9920120
9920164
9920868
9921567
9922943
9923204
9925450
9925556
9926013
9926072
9927030
9927758
9927933
9928888
9929343
9929642
9931141
9931391
9932698
9932731
9932734
9935122
9936893
9937495
9938994
9940568
9942382
9943012
9943977
9944364
9947231
9947692
9950606
9952268
9952725
9953546
9954749
9954875
9955863
9956975
9958811
9961270
9961361
9961869
9964258
9965546
9966738
9966989
9967681
9968395
9968599
9969958
9970462
9973521
9973591
9975173
9976423
9977189
9978191
9981110
9981645
9981805
9982720
9986084
9988601
9989130
9989617
9992223
9993222
9994225
9994312
9994512
9994821
9995271
