256
1694
2610
2965
3633
4861
4988
5341
5855
8291
8674
8689
10083
10311
12915
14947
17054
18965
19401
21552
22523
22594
24149
24976
27013
27285
28170
31054
33884
34772
36340
36665
38324
38501
39699
39821
40966
41032
42249
42552
43665
43836
45367
48672
51972
52403
52749
53462
53995
55183
56628
57050
57735
57925
59654
60877
60947
62740
63395
64344
64820
65821
66445
70854
71270
71726
71771
73275
76093
76526
77312
77895
78335
79813
81423
81476
81548
82355
83457
84356
87384
87899
88703
89736
89758
94003
94375
95105
95751
96090
96483
98546
100320
103024
104263
105684
106618
106976
108108
108858
109174
110304
112855
113474
114037
114467
114907
114982
115765
119718
120283
120327
120458
122080
122199
124882
127815
128027
128192
129798
130537
131525
134296
136531
136715
137456
138533
139065
139571
144616
144742
145107
147796
148646
153714
154205
155934
155979
157700
158075
160902
160974
161834
162498
164831
166491
167780
167837
168589
170625
171540
172265
172383
172634
173371
173592
174230
176486
179046
179598
179664
184726
186775
187023
188100
188253
188937
189399
189504
189981
191375
191567
193072
193840
194727
196455
197324
197601
200905
201150
202815
204968
205074
206353
207763
208307
208665
209687
210380
211687
212088
212720
212734
212834
212953
213907
214092
214095
214445
215079
215322
215584
216195
216837
216867
217646
218522
218888
218973
219422
219588
220682
221240
224695
225683
225793
228535
228559
228919
230298
230670
231412
233134
233601
233754
235341
236995
238598
239243
239462
239706
241464
244525
245060
245502
246966
247151
248942
249283
250252
253071
256142
256701
256960
258194
259260
260708
261594
261865
261888
261980
262995
263136
263311
269039
270258
270304
270543
272152
272577
275254
275417
277159
277193
277614
278154
278747
278798
279456
280127
281730
283837
283944
284230
284846
285055
285947
287410
287535
288934
289934
290242
291609
292651
294852
295763
299952
301263
301922
302041
304129
305672
307129
307398
308720
310973
311987
312184
313104
314946
318369
318983
319574
319598
323093
325716
329248
331447
336793
337338
341529
341730
341968
342787
344743
345269
345411
346657
346711
346910
348424
349154
349344
351426
351504
353767
354491
356136
356931
357933
359276
361364
362222
364463
365266
366407
367651
368038
368600
370193
370516
371258
372133
372699
375068
375526
376115
377731
378236
378557
378829
379110
379458
380077
381705
381798
382475
383746
385219
385349
386952
387678
388234
388942
389815
389950
391348
391759
394504
394618
395186
396346
397713
399962
400155
401851
403850
404744
405252
405541
405994
407588
408455
408975
410072
410215
410475
411664
412548
413860
414001
414268
414731
415608
417366
417935
419357
419480
419726
420024
420692
421027
421333
425116
426251
426345
427510
430671
430710
430848
431123
431396
431875
433471
433481
434356
436416
437426
438090
438228
438376
439226
439927
440595
443826
444257
445014
446416
447049
447183
447874
449586
449624
450323
450376
451481
452658
453078
454488
454644
454691
454994
457156
457459
457890
459189
461791
462472
462602
463157
465103
467306
469523
470641
470945
470999
474434
475531
476598
477043
477075
478911
479920
480569
483247
483685
483953
484202
485535
486875
487769
487866
487938
488166
488485
488849
489207
491301
491387
491638
491835
492281
493427
494155
494206
498375
499410
499862
501732
502533
503051
505481
505594
508548
508908
510192
510249
511027
511345
517264
518565
521637
521928
526418
529175
530215
532019
532590
533984
534280
534882
534938
539200
539416
544125
544295
544542
544632
546624
549946
549995
550424
551288
552115
552642
553628
555163
555850
556595
557109
558357
559715
561396
561627
562638
562671
564123
567583
568139
571354
572318
573877
574136
575946
576580
577704
579357
579487
580516
581009
581431
583261
583973
584175
585752
586007
588120
588469
591469
595622
596272
596690
597605
597783
598379
598526
600347
600356
601681
602283
602646
603397
604006
606793
608427
609848
610900
612160
612171
612342
613274
613714
614429
616761
620208
620779
622463
622661
626202
626594
626609
627747
628473
628645
630267
630561
631591
632798
633848
634672
638824
640397
641333
643369
644219
644271
644742
644945
646466
647020
647753
648915
649270
650144
650293
650505
650577
651851
653145
653335
656259
656986
657950
658667
658794
659292
659566
660483
660923
661422
661989
663651
666943
667084
667956
668395
668801
670538
672058
672267
672779
672811
672970
673060
675064
675369
677096
680860
680956
683802
685417
685962
686706
687337
687349
688300
689845
692576
693104
693540
695534
695932
696317
698891
699293
700064
700392
700577
704505
704802
705963
706328
707209
708012
708653
708726
709060
711193
711269
711985
712476
713057
713465
713715
714719
714729
715341
716536
717707
718802
722000
722653
722968
723711
724721
725678
726821
727182
729556
730268
730277
730525
730815
733966
734297
735285
737054
737067
738010
739503
739663
743974
744677
749659
750088
751082
751403
751915
752753
752788
752895
752988
756217
756395
757927
758833
760368
760593
762899
763452
763605
764167
764611
764717
765187
765440
765629
765715
766183
766226
766387
767183
773613
776375
777091
777630
778605
778818
778883
780566
782201
782635
783248
784063
785392
785764
788044
788206
788986
789665
791287
791433
793685
796264
796355
796474
797288
798073
800298
800584
800771
801049
801205
802159
802160
803950
805194
805587
806657
806763
809023
809166
809594
810450
811961
813975
815127
816177
817407
818954
819147
819539
820106
821894
825123
827162
827758
828483
829518
829901
829916
830183
830347
830381
833362
833716
833994
835208
835578
835825
835991
837025
837281
837636
837988
838050
839001
839677
841751
841983
842787
844052
846141
846176
846906
846947
847539
848451
850587
851316
851645
854804
854930
855157
855170
856438
856471
857216
857718
857814
858243
859950
860399
861863
866746
866879
867271
868632
868649
870336
873836
875353
875835
876853
880581
880693
880887
881417
881807
883282
883416
883866
884979
886184
886831
890115
891449
891718
891990
893902
897115
898278
899168
899448
899781
899895
901787
904005
905045
905243
906295
906746
906782
908731
908946
909492
909544
909889
910335
910642
912340
914275
915770
916820
917388
921195
922474
923098
924309
924332
924666
925397
929347
929736
929953
932853
933803
934595
935309
936837
937332
938641
939041
943548
946676
946811
948763
949596
954449
954899
956272
956864
958280
963110
963525
964055
964449
964956
965020
965040
965059
965150
965590
966284
966681
966961
967252
968871
970966
971314
971610
973580
974077
974116
975936
976096
977446
977679
979573
981175
981480
981485
983633
983861
983970
986044
986746
986854
986937
989145
989862
990112
991462
991685
991982
992439
993291
995614
997477
998652
998803
999202
1000737
1001912
1002714
1002736
1003064
1003157
1003232
1003403
1003562
1006281
1006729
1008969
1009597
1011499
1012862
1013533
1015238
1016339
1017550
1018042
1020170
1021253
1023695
1023755
1024894
1026789
1027577
1027745
1030011
1030051
1031366
1032189
1032289
1032351
1034163
1034551
1035752
1035850
1035851
1036102
1036772
1037749
1037878
1039606
1041448
1042345
1043680
1045580
1045948
1046357
1048200
1048511
1050500
1051249
1051623
1052254
1052320
1053230
1053811
1054476
1054579
1055110
1055680
1055734
1055742
1055951
1056457
1057359
1060959
1061095
1062316
1063313
1063710
1064548
1064941
1066236
1066916
1067006
1067222
1068338
1070759
1072594
1074091
1075095
1076074
1076740
1076891
1076976
1077144
1078444
1081856
1083859
1084752
1085694
1088578
1090046
1090515
1091229
1091799
1093302
1093654
1094992
1095171
1095468
1098218
1098297
1098687
1099907
1102794
1103504
1104009
1104042
1104331
1105513
1105859
1105989
1108238
1110235
1111614
1113109
1114127
1114281
1116422
1117050
1117305
1117675
1118100
1119293
1119327
1120364
1121891
1122240
1122408
1123523
1126385
1131789
1133146
1133373
1133915
1134287
1134640
1135328
1135566
1135634
1136057
1136388
1138375
1139973
1140766
1140819
1140955
1141016
1143108
1143389
1143754
1145370
1145563
1145945
1145960
1146592
1147342
1148387
1151194
1151433
1153247
1154491
1155303
1156625
1157411
1159362
1160767
1160969
1160993
1161161
1161249
1161671
1162269
1166036
1166332
1166978
1167129
1167255
1169847
1169926
1171345
1172554
1173530
1175485
1175507
1176421
1176683
1176763
1176940
1179011
1179772
1179945
1180136
1180156
1181754
1181763
1182794
1182995
1184816
1186903
1186980
1187020
1188250
1188293
1189109
1189466
1189681
1190895
1192116
1192313
1192897
1194927
1195584
1196350
1197774
1199359
1200599
1201421
1201666
1202249
1204332
1207369
1208719
1209289
1215906
1216223
1216674
1216747
1216920
1218836
1219552
1220042
1224249
1224595
1224751
1226477
1226557
1227157
1228240
1228465
1228469
1229607
1229844
1230879
1231842
1232659
1232995
1233130
1233410
1234959
1235186
1235303
1235412
1235934
1235938
1239074
1240571
1241786
1242388
1242957
1246410
1246977
1247745
1248345
1249029
1250687
1250831
1253541
1253918
1254549
1255012
1256651
1257091
1259482
1261708
1262464
1263131
1263464
1264148
1268061
1269172
1270560
1271188
1271897
1272651
1273628
1273693
1275332
1277157
1278850
1278927
1279672
1281981
1284687
1284917
1285866
1286620
1287888
1287901
1288047
1288999
1289101
1289593
1293193
1293992
1294223
1294432
1294465
1294555
1294571
1296940
1298236
1298249
1298501
1300461
1306451
1309004
1309630
1310467
1310472
1311890
1314356
1314632
1316513
1316910
1317297
1318433
1318856
1319171
1319792
1320108
1320291
1320697
1322113
1322917
1323194
1325016
1325327
1326297
1327021
1327953
1330502
1332090
1333260
1333947
1335141
1336934
1337198
1339004
1339481
1339645
1342914
1343055
1343449
1344050
1344911
1345429
1346444
1347054
1349533
1349674
1350572
1354192
1355647
1355726
1357393
1357803
1359228
1360107
1360812
1361484
1361624
1362380
1364126
1364443
1365694
1367612
1367790
1368724
1370194
1371434
1371947
1371997
1372294
1374198
1376008
1380091
1382212
1385815
1385817
1389904
1393410
1393647
1396159
1396392
1396622
1397082
1397184
1397976
1398045
1399620
1400078
1401352
1403214
1403486
1405042
1405071
1405432
1406250
1406645
1407472
1407743
1407987
1409103
1410382
1410514
1413159
1413864
1414482
1415513
1416567
1417211
1419077
1419527
1420275
1420354
1420678
1421537
1422008
1422177
1425595
1426322
1428209
1430348
1430822
1430903
1431287
1431695
1433347
1433961
1433998
1434490
1436507
1437953
1438390
1438685
1441894
1442424
1442514
1442638
1443164
1443170
1444013
1445640
1446999
1448051
1448120
1449528
1450843
1451085
1451912
1452483
1452730
1454004
1455015
1458250
1462832
1464534
1465295
1465717
1465895
1465981
1466436
1468413
1469586
1469810
1471310
1475167
1475398
1478356
1478952
1478965
1482916
1483298
1484304
1486478
1487036
1488177
1488207
1489392
1491021
1491586
1491753
1491925
1492213
1495213
1496035
1496556
1498237
1499028
1499960
1500640
1501435
1502816
1504079
1504390
1504411
1504715
1505463
1506550
1509026
1509514
1509940
1510007
1510685
1510752
1512397
1513588
1514201
1514351
1516973
1517635
1518458
1520686
1523034
1526175
1529004
1529072
1531347
1532994
1533582
1534316
1534895
1535363
1536164
1536200
1537131
1538757
1540103
1540200
1540397
1543922
1546578
1548006
1549880
1550922
1551417
1552761
1554407
1555455
1557178
1557934
1559518
1560714
1561387
1562017
1562923
1562924
1564554
1565648
1566288
1566316
1567339
1568320
1568777
1568852
1569831
1571581
1572186
1576158
1576780
1577738
1577931
1579751
1580163
1581270
1581638
1584544
1586348
1588305
1589988
1591304
1591569
1591833
1592179
1592341
1593200
1593785
1594519
1598361
1599022
1599325
1600512
1601631
1602975
1603330
1604443
1606289
1608206
1608888
1609197
1611954
1612086
1612243
1612598
1614260
1615539
1618297
1619915
1620060
1622961
1623915
1624271
1624369
1626656
1628562
1628999
1629913
1630190
1631377
1631458
1632250
1632337
1633016
1633450
1634260
1634829
1635493
1635689
1637760
1638964
1639379
1639988
1640068
1640322
1640473
1643066
1645040
1645351
1647112
1647518
1648384
1650542
1651446
1652847
1653784
1654476
1655498
1655770
1656221
1657855
1657867
1658375
1659220
1659944
1660923
1660934
1661110
1662243
1663168
1665232
1666077
1667128
1668494
1670125
1672453
1675940
1677729
1678937
1679977
1681228
1681277
1683741
1684524
1686229
1686471
1686523
1692737
1693596
1695518
1695541
1697246
1697647
1698603
1700293
1701182
1702545
1702634
1702901
1703204
1703242
1705955
1707390
1707711
1708182
1709657
1711711
1712237
1712374
1713835
1715145
1716093
1716973
1717617
1718211
1718574
1720413
1720784
1720902
1721173
1721895
1722103
1722565
1723698
1724755
1725678
1726806
1727161
1728969
1731511
1732119
1732194
1732235
1732328
1733994
1737208
1738112
1738152
1738590
1739019
1739430
1739526
1739705
1743798
1743971
1747807
1748717
1749433
1750754
1750966
1751455
1751459
1753530
1753533
1755034
1755245
1755567
1755992
1756386
1757637
1757948
1758094
1759875
1761211
1761553
1762077
1764486
1764647
1765769
1767957
1768261
1769648
1769740
1773733
1774239
1776439
1776597
1778635
1782468
1784077
1784946
1785945
1786206
1787067
1788128
1789687
1790801
1791865
1794181
1794221
1796159
1797356
1797858
1798650
1799177
1799409
1799902
1801591
1802170
1802229
1803605
1804132
1804326
1804840
1804858
1805944
1806409
1806459
1810263
1810448
1810960
1811392
1811874
1811959
1813698
1813937
1813970
1814152
1814195
1815140
1815557
1816030
1816318
1816336
1817200
1817782
1818297
1820570
1820891
1823771
1825832
1829722
1830159
1831670
1833701
1834379
1837860
1838141
1839799
1839901
1840525
1840661
1840805
1841433
1843956
1844693
1846775
1848451
1849929
1850029
1850045
1850224
1853360
1853727
1854942
1855016
1855647
1857023
1857306
1858462
1861270
1862057
1862283
1862426
1863102
1863195
1864571
1865314
1865871
1866562
1868680
1868839
1869242
1870921
1872145
1873418
1874122
1874974
1878693
1879725
1881013
1881016
1881924
1882065
1882906
1883238
1884190
1886214
1886775
1886915
1887168
1887914
1892998
1893736
1893999
1894006
1894532
1895313
1897461
1898268
1898938
1899549
1899641
1901379
1902830
1903047
1903444
1904003
1904402
1905373
1906784
1907243
1908423
1908472
1908704
1908711
1909458
1910378
1910867
1912674
1913586
1914054
1915652
1915712
1915793
1916239
1918524
1918700
1919798
1920806
1921698
1923303
1923359
1923422
1923694
1924007
1925689
1927137
1927528
1928203
1928842
1929613
1929842
1930492
1930674
1932040
1932166
1932841
1933219
1934862
1935090
1935814
1935848
1936862
1937686
1937894
1938128
1939881
1941188
1943756
1943801
1945416
1947207
1948071
1948220
1948437
1950855
1951047
1951415
1951438
1951839
1952105
1952411
1954561
1955537
1958010
1959295
1959782
1960407
1961002
1962199
1963265
1963658
1963999
1964089
1964856
1967842
1968681
1968769
1968903
1969809
1971181
1971300
1972960
1973064
1973986
1975210
1975915
1975995
1976051
1976579
1977024
1978415
1978802
1979220
1982574
1983130
1983229
1985708
1989033
1989275
1989400
1989464
1990219
1992775
1992877
1993678
1995659
1995898
1997099
1998079
1998094
1999516
1999574
2001225
2001673
2001869
2002006
2002291
2003227
2004754
2013496
2013508
2014682
2014917
2015934
2016508
2018093
2019080
2020506
2021141
2021210
2022722
2022762
2023311
2024114
2026556
2026632
2027556
2027904
2027989
2034810
2035469
2036545
2037662
2038538
2043503
2044031
2047091
2047167
2047859
2048461
2048583
2048630
2050316
2051441
2051956
2052485
2053067
2055016
2055318
2056294
2059555
2060469
2061818
2062594
2063157
2063980
2064468
2065904
2066494
2067044
2067288
2068292
2069699
2073664
2074300
2074719
2077016
2077128
2077717
2078325
2078700
2080928
2081218
2081405
2082041
2082501
2083918
2085310
2086382
2087014
2087699
2088231
2090694
2092676
2093027
2095322
2096219
2096727
2098517
2099090
2099251
2100337
2101402
2102351
2103149
2104165
2105128
2107262
2107370
2109185
2113782
2114195
2117731
2118172
2118988
2119587
2119785
2120412
2122703
2124902
2124936
2125391
2125491
2125722
2126798
2127577
2127993
2128485
2131658
2132076
2132285
2134231
2134373
2135940
2137376
2138473
2139389
2141034
2145459
2145516
2146547
2146895
2150061
2150966
2150998
2151099
2153524
2155847
2156706
2156821
2158975
2159765
2159922
2160443
2160825
2160835
2162311
2162700
2163546
2164292
2164705
2165238
2165975
2168244
2168853
2169031
2169960
2170406
2173306
2174098
2174627
2175091
2178087
2180327
2181605
2181766
2182340
2183188
2183507
2184757
2184823
2184867
2184994
2185690
2185859
2187642
2187758
2188583
2189151
2189946
2191108
2191827
2195000
2196468
2198106
2199925
2200330
2202352
2204030
2204886
2206320
2206327
2207062
2207223
2207437
2209546
2209572
2209902
2210613
2211346
2214274
2215109
2215357
2216081
2216387
2218105
2218586
2218615
2218642
2219126
2222138
2223209
2223854
2224632
2225116
2225398
2229802
2231015
2233424
2234043
2234818
2234951
2238792
2240831
2243040
2243289
2245393
2247001
2249075
2249818
2250853
2252019
2256877
2257994
2258045
2259201
2261216
2261443
2261728
2262606
2263373
2263560
2267077
2267652
2268228
2269338
2269494
2269883
2269884
2274285
2274721
2276745
2276769
2277225
2279884
2281864
2283799
2284376
2285344
2285381
2285552
2286034
2286954
2287115
2289252
2289688
2290012
2292849
2294366
2295422
2297363
2299111
2300753
2301095
2301933
2302456
2302999
2303341
2304319
2304340
2304759
2304767
2304989
2308330
2308988
2309122
2309218
2310221
2311461
2311492
2312158
2312279
2312729
2313293
2315103
2318172
2319287
2326000
2326512
2326630
2328387
2328620
2329812
2330226
2331031
2331895
2332592
2332877
2335781
2337787
2339748
2340869
2345494
2345541
2345953
2346034
2347089
2348416
2349153
2349216
2349414
2349629
2351156
2352374
2353371
2355034
2355631
2356254
2356536
2357649
2357895
2358461
2359639
2360040
2360361
2362000
2362883
2363011
2363337
2363944
2365066
2367868
2367918
2367928
2368013
2369288
2369666
2370517
2371304
2373532
2373794
2375257
2375630
2376119
2376140
2379133
2379406
2379913
2381967
2382979
2383353
2383761
2384046
2384201
2386863
2387051
2389290
2389831
2389923
2390265
2391047
2391331
2391353
2392050
2392295
2393715
2395828
2398895
2398999
2399972
2400355
2402003
2403629
2404526
2404595
2406768
2408663
2410373
2410807
2411034
2411292
2416811
2417428
2419216
2424668
2425425
2426297
2427114
2432558
2433807
2435021
2435681
2436245
2436246
2436914
2438220
2441654
2443269
2443546
2445243
2445388
2445554
2446181
2447525
2448176
2448838
2449188
2449597
2449689
2450562
2452122
2452594
2453978
2454210
2454995
2455657
2457974
2458058
2458617
2459731
2461108
2461798
2462956
2465253
2466159
2466570
2466748
2467236
2468417
2470404
2471438
2473901
2474094
2474136
2475206
2477260
2478335
2478635
2484556
2485717
2487950
2487954
2489097
2489220
2491743
2491830
2492549
2492941
2492946
2492968
2493899
2494422
2495469
2496640
2496892
2496989
2497050
2497198
2498554
2501107
2501405
2501723
2501868
2501915
2502320
2502449
2505904
2506744
2507238
2507257
2509248
2509929
2510357
2511422
2514264
2514419
2517424
2518499
2518858
2520475
2520775
2522261
2522297
2522505
2522650
2524599
2524962
2525947
2526833
2526928
2528157
2528671
2528844
2529719
2530963
2532213
2532222
2532906
2538117
2538161
2538207
2538456
2540951
2542768
2543495
2544484
2545059
2546709
2547255
2547533
2547857
2547906
2548368
2549113
2549763
2550855
2551111
2551335
2552684
2555267
2555550
2555746
2556707
2560111
2561042
2562552
2562594
2565490
2566667
2567707
2567926
2568764
2569024
2570012
2570629
2571988
2573309
2576258
2577579
2578288
2578961
2579112
2579448
2583221
2585764
2585820
2586233
2588610
2592287
2593832
2594085
2594718
2595736
2596743
2596887
2597355
2598344
2598557
2600468
2601660
2601711
2602137
2602778
2603434
2604327
2605748
2606417
2607279
2608237
2608562
2610686
2610743
2611410
2611474
2613584
2617307
2617998
2618100
2618633
2621921
2624334
2624524
2626074
2626527
2626726
2626895
2627513
2628315
2628607
2633545
2633779
2635127
2635450
2635699
2638552
2638729
2639641
2639938
2640193
2642489
2643802
2644261
2644358
2646152
2647861
2648257
2648665
2649510
2649535
2650392
2650692
2652537
2654777
2655142
2657292
2657579
2657814
2658745
2660360
2661669
2661852
2664015
2664165
2664645
2664915
2666890
2667104
2668801
2668931
2669242
2670295
2671523
2674186
2678230
2678617
2679411
2683489
2683520
2683652
2684738
2684860
2685868
2686190
2686299
2687942
2688226
2688708
2689147
2690169
2691219
2692517
2693694
2694162
2695587
2697396
2700144
2701504
2701523
2701752
2704543
2704696
2710667
2715726
2716313
2716421
2717712
2720210
2720267
2724180
2724789
2725572
2726649
2726760
2729426
2731058
2731247
2733739
2735993
2736889
2737543
2737825
2738165
2738439
2739810
2739964
2743449
2744685
2746196
2747173
2748491
2749977
2750153
2750316
2751119
2752517
2755634
2757518
2759132
2760186
2761433
2764105
2764402
2766376
2766546
2766600
2766919
2767894
2768252
2770173
2771000
2771845
2772302
2772326
2772827
2773386
2776064
2776209
2779977
2781149
2783195
2783436
2783480
2783969
2787015
2787326
2789395
2790357
2791741
2792421
2792809
2794094
2794397
2794532
2796101
2798957
2800288
2800313
2801572
2804206
2805208
2807603
2808334
2809986
2810715
2811200
2812578
2813203
2814063
2814921
2815427
2815637
2816036
2816804
2818231
2818389
2819240
2820193
2821418
2821697
2822391
2822587
2822850
2823234
2826137
2826935
2827121
2829146
2829467
2829927
2830552
2831339
2832493
2833304
2833413
2834216
2834254
2837276
2839036
2839609
2839989
2841620
2841777
2842005
2842138
2843649
2845170
2845768
2846476
2847080
2848469
2848758
2849772
2849900
2850063
2850476
2851963
2854265
2855482
2856231
2859647
2859946
2860385
2860823
2863250
2863742
2864024
2865265
2865655
2865879
2866928
2870248
2871065
2871177
2872624
2873127
2873406
2875110
2875960
2877340
2881600
2882978
2884137
2884488
2884843
2886268
2886512
2887451
2888668
2889166
2889417
2890604
2894295
2895151
2896356
2896934
2897447
2899171
2901073
2902167
2902280
2903964
2904686
2905249
2905280
2905390
2906024
2907130
2907424
2909323
2909745
2910338
2910791
2913833
2914509
2914749
2915976
2917725
2917855
2919582
2919700
2920170
2921132
2921878
2922902
2923161
2926428
2926553
2927823
2928047
2929241
2929679
2930322
2932583
2933319
2934479
2935114
2937385
2938266
2939540
2942273
2943100
2944797
2945783
2946946
2947493
2947777
2948347
2950264
2950998
2951232
2951533
2952131
2952200
2952343
2952573
2953801
2955191
2955552
2955862
2956097
2957048
2960127
2960844
2961262
2962358
2963040
2963083
2964197
2968732
2971235
2971483
2972581
2974597
2976694
2977199
2980090
2980173
2980661
2981059
2981096
2982161
2982166
2983323
2984406
2984468
2984929
2985129
2987075
2987729
2990868
2991352
2993270
2993577
2993720
2994601
2995798
2998519
2998572
2999314
3000061
3003005
3004249
3004904
3006173
3007479
3008415
3008981
3009409
3010331
3016333
3017588
3017924
3018000
3019066
3019412
3020883
3024772
3024857
3025664
3026157
3026807
3027492
3027970
3028869
3029275
3029460
3029868
3030865
3031035
3031456
3032789
3033320
3034876
3035647
3035941
3038320
3038823
3041532
3042392
3043195
3044264
3045632
3046736
3048399
3048545
3048975
3050513
3053634
3056922
3058469
3059494
3059802
3060800
3060815
3060952
3061172
3062645
3062927
3064583
3065113
3065191
3065475
3065542
3067962
3068573
3068642
3069144
3069280
3069618
3070110
3070318
3071011
3071048
3073191
3075784
3079393
3080636
3082265
3083096
3083911
3084382
3086714
3088685
3089659
3089988
3090401
3096388
3098532
3098984
3099157
3099372
3103071
3103841
3106958
3107984
3108503
3108573
3110183
3110800
3111420
3111621
3112735
3113934
3116955
3117691
3119250
3120495
3122522
3122831
3122848
3124293
3126900
3127073
3130042
3130548
3132501
3133459
3134868
3137852
3138582
3140232
3141761
3141947
3142180
3144933
3145053
3145245
3146397
3146731
3146923
3147395
3147788
3148563
3148690
3149654
3150521
3151425
3152760
3154306
3155713
3156032
3156184
3156847
3157640
3158002
3158082
3160070
3161841
3162893
3165170
3165846
3166514
3167462
3170776
3172659
3172931
3174385
3174980
3176094
3176889
3177487
3179770
3179801
3180413
3180880
3181622
3187646
3188706
3189187
3191598
3191814
3191921
3192703
3194589
3196023
3198841
3200871
3201366
3201763
3203043
3203531
3203721
3203995
3205540
3205705
3206870
3207932
3209352
3209871
3209953
3211387
3212711
3213115
3213277
3215484
3216613
3218080
3218277
3218407
3220788
3221065
3221360
3221381
3223494
3224085
3224837
3225166
3226186
3228410
3228482
3229613
3231378
3231564
3232106
3235511
3235546
3236824
3238502
3239149
3240247
3240869
3244468
3246917
3247147
3247389
3247674
3249066
3249893
3250320
3250398
3250879
3251944
3253332
3253511
3253837
3255342
3255398
3256490
3258516
3259088
3260868
3263574
3264767
3265474
3265670
3266778
3268165
3269956
3272212
3277381
3278708
3279063
3281512
3281798
3282547
3282600
3284385
3288362
3289181
3289398
3289479
3290111
3290387
3291995
3292495
3293298
3293602
3295073
3295106
3296715
3299009
3300197
3300531
3303088
3303608
3305030
3305105
3306423
3307258
3308334
3308504
3311658
3312179
3312839
3315508
3316514
3316717
3316799
3317646
3318140
3318430
3319650
3320217
3320558
3321779
3322014
3322635
3323310
3323703
3327052
3328966
3329389
3330591
3330994
3331063
3331930
3332327
3332787
3332912
3334174
3334655
3336420
3338060
3340395
3342061
3342663
3343885
3345705
3345893
3346846
3347013
3347300
3350200
3350516
3351297
3351982
3352886
3352908
3353535
3355864
3356444
3356528
3357875
3359648
3359816
3365503
3365883
3368029
3368790
3369267
3371692
3372155
3377109
3377662
3377944
3377974
3378433
3379504
3381068
3381133
3382316
3382507
3382769
3383066
3383792
3383900
3384539
3386249
3386347
3387858
3389328
3390870
3391615
3391843
3392360
3393391
3393399
3393823
3394174
3394804
3396505
3396648
3397326
3398275
3398345
3398355
3399380
3401444
3403577
3406371
3407013
3408020
3409323
3410543
3410572
3410659
3413668
3413914
3415470
3416683
3417626
3418752
3420104
3420382
3421608
3422405
3422699
3422882
3426892
3428575
3429928
3430206
3430682
3432678
3433405
3433654
3434711
3435028
3435318
3435376
3435788
3436096
3437649
3437734
3438111
3438903
3441429
3441877
3442017
3445978
3446244
3446663
3447230
3447955
3448229
3448724
3448827
3448899
3449129
3450301
3452508
3452761
3452973
3453325
3453414
3454113
3454932
3456850
3458154
3458588
3459021
3459231
3459479
3459770
3460842
3463231
3463696
3463740
3464000
3468730
3470802
3471726
3474235
3474788
3476130
3477853
3478728
3479133
3479139
3479958
3480277
3481317
3482200
3482442
3482739
3483359
3483884
3485992
3487838
3490922
3491374
3491667
3493175
3493346
3493581
3494868
3495160
3495245
3495438
3495700
3497102
3497594
3497803
3499482
3500277
3500964
3502865
3503069
3504014
3504703
3505399
3506802
3507534
3508673
3509782
3510326
3510411
3512477
3512561
3513052
3516019
3516176
3516835
3517214
3517234
3517404
3517491
3518353
3521311
3522616
3523806
3524099
3524383
3524805
3526235
3526314
3527089
3527652
3527660
3528957
3529781
3530103
3530117
3531314
3531371
3531589
3533472
3533778
3535219
3537757
3538830
3539143
3539708
3540701
3540911
3541289
3541745
3542954
3543013
3543781
3546369
3547060
3548856
3549012
3549481
3550748
3551189
3551465
3551746
3554675
3556671
3557161
3560221
3560768
3563643
3563654
3564331
3565789
3568748
3568807
3568966
3570938
3571531
3571777
3572715
3573623
3573835
3574021
3575338
3577658
3577843
3579155
3579268
3579543
3581220
3582173
3583399
3583873
3584552
3585673
3587360
3587490
3587576
3587749
3588302
3590152
3590234
3591664
3591886
3592045
3596580
3596736
3597199
3597212
3597627
3599230
3602279
3603034
3603137
3603896
3603920
3604208
3604376
3606493
3607421
3608877
3609745
3609942
3612128
3612830
3614258
3614726
3615239
3615406
3615535
3615599
3617369
3617511
3618974
3621155
3622829
3622976
3623412
3623883
3624724
3625399
3625554
3625763
3625802
3626642
3627388
3628057
3628168
3629800
3630174
3630259
3634327
3635749
3635933
3637292
3637543
3638193
3639780
3640030
3640887
3641609
3644165
3646826
3648115
3648533
3648799
3650266
3650797
3651050
3653441
3654542
3656129
3657424
3661271
3661292
3661735
3664489
3664556
3665070
3665193
3665271
3665596
3665801
3666105
3666294
3666710
3666899
3668270
3671057
3671886
3672523
3676145
3676163
3676492
3676676
3677324
3677740
3679439
3680644
3680787
3681494
3682376
3683042
3686636
3686720
3686775
3686906
3687510
3688639
3689441
3689708
3691108
3691124
3692215
3693339
3695023
3695074
3695584
3697166
3697173
3698460
3698932
3698976
3701347
3703429
3703891
3703901
3703995
3704497
3705264
3706380
3707347
3707556
3707663
3707866
3708159
3711179
3712292
3713053
3714248
3715543
3716288
3716309
3718260
3718262
3718995
3721636
3722269
3724520
3725367
3725939
3729902
3729912
3730997
3731395
3733512
3735224
3736194
3737848
3738728
3738750
3739054
3740319
3740440
3741870
3745391
3746754
3749524
3749985
3751072
3751570
3751845
3751873
3753416
3755203
3757620
3759983
3760017
3760114
3768458
3769800
3771209
3772044
3774086
3775880
3776706
3780954
3784931
3785186
3786593
3786820
3787936
3788450
3789578
3789835
3791937
3793152
3795679
3795790
3796718
3797779
3798284
3801686
3802365
3802599
3802694
3803204
3803266
3803695
3803827
3804019
3806496
3806877
3808247
3808461
3812619
3813313
3814404
3814959
3818039
3818115
3821797
3822100
3823530
3823580
3824666
3826076
3826863
3826876
3827618
3828168
3828467
3831670
3833603
3834045
3834907
3835979
3836354
3837800
3837854
3838011
3840592
3840707
3841256
3843479
3845785
3847258
3849096
3849274
3850059
3851076
3852340
3854611
3854798
3855135
3857276
3857298
3857932
3858882
3858907
3859677
3859933
3860295
3860572
3861316
3863490
3866055
3866312
3866416
3866620
3868296
3868868
3869566
3871236
3871362
3873004
3875168
3875851
3876775
3879138
3882943
3884051
3885759
3886059
3886766
3887150
3888087
3888520
3888796
3889503
3890187
3891046
3891521
3892337
3892469
3893585
3896150
3898427
3899667
3900078
3903487
3905358
3905666
3908688
3909851
3910591
3910718
3911284
3911916
3911928
3912950
3913432
3914160
3914509
3915958
3916579
3916799
3916837
3918950
3924164
3924330
3924502
3925090
3926752
3926804
3926930
3928569
3929501
3930076
3931367
3933351
3933929
3934561
3936452
3937181
3937307
3937983
3938447
3938691
3939317
3944610
3944896
3945999
3946015
3946222
3946451
3946803
3947823
3948596
3949810
3950289
3951442
3952882
3953501
3954441
3956533
3957701
3958618
3961154
3961814
3963720
3964857
3964910
3965370
3967547
3967782
3968278
3970589
3970723
3970761
3971886
3975446
3975479
3976544
3978056
3984917
3986252
3989188
3989926
3990062
3991336
3991431
3992230
3993742
3994617
3994965
3995347
3996378
3996823
3997140
3997415
3997699
3997716
3999641
4000144
4002246
4003073
4005110
4005733
4008355
4008585
4008642
4009019
4009905
4010059
4011076
4011295
4012077
4012638
4012678
4012729
4013844
4017911
4018315
4018512
4018958
4019259
4019362
4019425
4020439
4021547
4022784
4024471
4025266
4025541
4025714
4026627
4028179
4032262
4033190
4033536
4033667
4034528
4038306
4038629
4038630
4039773
4041502
4042861
4043220
4043230
4044335
4045102
4045343
4045562
4046726
4048045
4050173
4052785
4053918
4055711
4056060
4056917
4057181
4057357
4057692
4057723
4057854
4057985
4058403
4058711
4060981
4061719
4062768
4063495
4067193
4067509
4072760
4073835
4073992
4074117
4075938
4076331
4076717
4077065
4079327
4080162
4082048
4083217
4084559
4085296
4085403
4086015
4087875
4088186
4089518
4089913
4090594
4090906
4091487
4093604
4093778
4094391
4094533
4095915
4096006
4096535
4098204
4098578
4099793
4101215
4101425
4102206
4102760
4102860
4104435
4106812
4108188
4108558
4109643
4109682
4110116
4112005
4112251
4112637
4113334
4113741
4115093
4115649
4116349
4117206
4117939
4118702
4118755
4119325
4120618
4121129
4122404
4124193
4124739
4125362
4128059
4128538
4131280
4134053
4134487
4134560
4135619
4135701
4135730
4137327
4138202
4138410
4138584
4140382
4141054
4143860
4144610
4144966
4145027
4145375
4145720
4146240
4148206
4148324
4149294
4154847
4155176
4156141
4157617
4158596
4158876
4159827
4160128
4160155
4160629
4160760
4161850
4161965
4162915
4164075
4166062
4166754
4168243
4169681
4170141
4171988
4173945
4174087
4175862
4175987
4179614
4179841
4180958
4181748
4182083
4182188
4186686
4186822
4187218
4188605
4189361
4191535
4192102
4194458
4196946
4198108
4198187
4198442
4198789
4199165
4199384
4201208
4203348
4206001
4208188
4208620
4209402
4209450
4211369
4211553
4211949
4212934
4214839
4215010
4215336
4215412
4215534
4218133
4218252
4219082
4219629
4222670
4222925
4226750
4228466
4229508
4229891
4231315
4232821
4232878
4232901
4233650
4234441
4234777
4236561
4236845
4238746
4239207
4239466
4240366
4240383
4242104
4243776
4245523
4247167
4249019
4249252
4250426
4251481
4253959
4254613
4255250
4256601
4257745
4257978
4258479
4259281
4259699
4260002
4261330
4263286
4265618
4266800
4267317
4267687
4268305
4268349
4268896
4270184
4273107
4273948
4274593
4274739
4275373
4276047
4276995
4277265
4277393
4279949
4280527
4280753
4281548
4282574
4282737
4285361
4285467
4286242
4286309
4286531
4286565
4288199
4288699
4289221
4289334
4291917
4292390
4295036
4295494
4295552
4295657
4295723
4296954
4297610
4299300
4300292
4300817
4301524
4302135
4304504
4305251
4306195
4308049
4308079
4309325
4309718
4309850
4309999
4311285
4313020
4319275
4320003
4320235
4326087
4326471
4327733
4332655
4332833
4334031
4334078
4334695
4336263
4336582
4336748
4336949
4337034
4339616
4340306
4340349
4343113
4344087
4345591
4345953
4346411
4347300
4347530
4349226
4349763
4349868
4349894
4350797
4350920
4351916
4353042
4353190
4355007
4355599
4356186
4358047
4358189
4358457
4358503
4360551
4363786
4364935
4366647
4368466
4368745
4369029
4372021
4374113
4374125
4376512
4376694
4377281
4380214
4380745
4381521
4382638
4384153
4384449
4387378
4389374
4390249
4393664
4397290
4399396
4399911
4400404
4400572
4400874
4401942
4405016
4406209
4406263
4406639
4407708
4408325
4408989
4409936
4410168
4410202
4412800
4414233
4415388
4415989
4416041
4417338
4419167
4419625
4421154
4421529
4422448
4422636
4425884
4425950
4426636
4427777
4428812
4428940
4429256
4429573
4430793
4431306
4433168
4433966
4434899
4435285
4435844
4436525
4437259
4437889
4438495
4439482
4440923
4441836
4441973
4442452
4442975
4443844
4443897
4445450
4446492
4446685
4446815
4446934
4447099
4448381
4448644
4453204
4453281
4456977
4458603
4458983
4459029
4459161
4459165
4459392
4460392
4460473
4460596
4461613
4464050
4465326
4465356
4466386
4467309
4468044
4469247
4469332
4472131
4473100
4473317
4475724
4477626
4478517
4479426
4480893
4481202
4481976
4483154
4485600
4485668
4489554
4490469
4490692
4490990
4491280
4492240
4493070
4493502
4494544
4495413
4495850
4496986
4497135
4497652
4497746
4498671
4499156
4499398
4501649
4501870
4501942
4502128
4502215
4502641
4502860
4504005
4507848
4508826
4510199
4510241
4511254
4514028
4514619
4515644
4516207
4517086
4518053
4518179
4518282
4519006
4519009
4519309
4521166
4521999
4524175
4527333
4527938
4528382
4528507
4530208
4531514
4531544
4531637
4532146
4532492
4532528
4532630
4535081
4536586
4536824
4537887
4539158
4540755
4544144
4544337
4544420
4544642
4545364
4546250
4546501
4547475
4549581
4551154
4551437
4552279
4553217
4553401
4554051
4554932
4556643
4562503
4563734
4564697
4565630
4566036
4567439
4568321
4568817
4568898
4572332
4574134
4574166
4574678
4576779
4577605
4578045
4578659
4579957
4579981
4580111
4582703
4583961
4584804
4585048
4585620
4586601
4586767
4587430
4588158
4588384
4589301
4589328
4589349
4590075
4590728
4591842
4593943
4594636
4595101
4595223
4596420
4596729
4598249
4598859
4599232
4602199
4602340
4604779
4606906
4607899
4608030
4609882
4615097
4617021
4617749
4617804
4618317
4618496
4618763
4619092
4620383
4620677
4622933
4624056
4624206
4626337
4626634
4626939
4629597
4629736
4635317
4636532
4636550
4636923
4637384
4640512
4641973
4642346
4642632
4644355
4646253
4646694
4647402
4649554
4649927
4650166
4651138
4652613
4653632
4655649
4657678
4658774
4659885
4660798
4661591
4662670
4665025
4669273
4669546
4670210
4670214
4671431
4671697
4673262
4674079
4674437
4675492
4676702
4676929
4677008
4678815
4679258
4681417
4681497
4681547
4681569
4684410
4684532
4685315
4686995
4687001
4687300
4688220
4689808
4691793
4692246
4694476
4694678
4695503
4695835
4696110
4696788
4698382
4698405
4700152
4700938
4702457
4703326
4703546
4703717
4704112
4704969
4706617
4706904
4708678
4709025
4709171
4709438
4709630
4709714
4710257
4711174
4711482
4713786
4714483
4716275
4716658
4717730
4719187
4721109
4722022
4722479
4723413
4723417
4723797
4723855
4724444
4725774
4725977
4728625
4730982
4731167
4731421
4733473
4736035
4736251
4736611
4738697
4739829
4745446
4746652
4749332
4753596
4755508
4756257
4756392
4756485
4757241
4757585
4763234
4763606
4764051
4764897
4765123
4765365
4770342
4770920
4771406
4771626
4771724
4773090
4774476
4774579
4777361
4779141
4780613
4780972
4781255
4781553
4782898
4783162
4783311
4786513
4787543
4787856
4790356
4791377
4792794
4794621
4794825
4794976
4796715
4797149
4800370
4803360
4803815
4809116
4809469
4810194
4810629
4810795
4810899
4811617
4811959
4812772
4813853
4815202
4815959
4816025
4816314
4817141
4817985
4819031
4819370
4820444
4821359
4822053
4822160
4822699
4825623
4826670
4827488
4828819
4828881
4830367
4830664
4830668
4831405
4831646
4832675
4833679
4834104
4835018
4835327
4835775
4837294
4839047
4839571
4841178
4841746
4841801
4841830
4841836
4842293
4844045
4844273
4844548
4845194
4846604
4846881
4848385
4850620
4852939
4853823
4854161
4854235
4854402
4856770
4857641
4860761
4861714
4862845
4863152
4864988
4867213
4869078
4871289
4871520
4871979
4872402
4873664
4877278
4878855
4879446
4879801
4880326
4880502
4880985
4880998
4881771
4881943
4882159
4882244
4884248
4886424
4888668
4889945
4890053
4890111
4890401
4891848
4892545
4893132
4893685
4894240
4895642
4898378
4899094
4899132
4899657
4899659
4900622
4901754
4901992
4903925
4904692
4905700
4905769
4907289
4907684
4909927
4910630
4910718
4910748
4911582
4911886
4912368
4912905
4914084
4914921
4915067
4915088
4917319
4917675
4918343
4918475
4918653
4918835
4919242
4919716
4920025
4920261
4921072
4921161
4921207
4922586
4922794
4922843
4924007
4924735
4930317
4931751
4931989
4932900
4932933
4933051
4933970
4935100
4935562
4937142
4940630
4940687
4940760
4941805
4941900
4943138
4943391
4944142
4944683
4945909
4947535
4947901
4947960
4948165
4952417
4952866
4953166
4953854
4955213
4955309
4958863
4961301
4962323
4962332
4963170
4963297
4963586
4969465
4969614
4969772
4970938
4971505
4972184
4973191
4973419
4974210
4974748
4976139
4976327
4976582
4977973
4978105
4978615
4979248
4979476
4981429
4982599
4983206
4983678
4984043
4986320
4988501
4990175
4990185
4990541
4991531
4992152
4992300
4992777
4994304
4998381
5000089
5003127
5005058
5005546
5006284
5006302
5006388
5006553
5008871
5009244
5012462
5013065
5013763
5014729
5014874
5015037
5015379
5017327
5017903
5018986
5019355
5020899
5021291
5021854
5021878
5023215
5024433
5024691
5027220
5027458
5030519
5031521
5034174
5035322
5036425
5037204
5037227
5039169
5040360
5041210
5044111
5044622
5045946
5047586
5048197
5048311
5049547
5049637
5050643
5051433
5053007
5053992
5054153
5059520
5060092
5060096
5062719
5063826
5064447
5064867
5065132
5065209
5065872
5067063
5067590
5067903
5068126
5068223
5068790
5069410
5069740
5070964
5071117
5072192
5074097
5074655
5075275
5075696
5075933
5077086
5078026
5079119
5079341
5079488
5079565
5080630
5081517
5082444
5083335
5083682
5083863
5088892
5088893
5089643
5090075
5090593
5091945
5094806
5094960
5095586
5096993
5097031
5097310
5098817
5099905
5100114
5100783
5101257
5101316
5102611
5103758
5105494
5105852
5106203
5106467
5108203
5109052
5111325
5113646
5113763
5115143
5116654
5116960
5119661
5121341
5121999
5122128
5122548
5123240
5123721
5123770
5124240
5124932
5125489
5126376
5126610
5126874
5126917
5127635
5130405
5131825
5131886
5132404
5132735
5133054
5133095
5133164
5133237
5136023
5136145
5136247
5137589
5138558
5139584
5139786
5139926
5139990
5140522
5144129
5146013
5146183
5148469
5150853
5150900
5151775
5152047
5154267
5155516
5155733
5156897
5157320
5159336
5159487
5159500
5161147
5162175
5163670
5164403
5164750
5164782
5165287
5166020
5167079
5167236
5167466
5172631
5173637
5174271
5176680
5177496
5178523
5178865
5179041
5182114
5183345
5183870
5185084
5185656
5188133
5188582
5189167
5190446
5190543
5191582
5195327
5195926
5196173
5197065
5197108
5201023
5201587
5203505
5204797
5205889
5206186
5207493
5207943
5208632
5211370
5212675
5212904
5213152
5216521
5216584
5216889
5216948
5217236
5217460
5218286
5220243
5220765
5222629
5223130
5223529
5224390
5226090
5226608
5228505
5232113
5232986
5233709
5238937
5240585
5240839
5241659
5242194
5242672
5244259
5245511
5246048
5246440
5247517
5248195
5248208
5250279
5250413
5251293
5255232
5257185
5258418
5258600
5259319
5259917
5262541
5262745
5263853
5265042
5265091
5265404
5266564
5266852
5268567
5269386
5269734
5270803
5272362
5273055
5273614
5273845
5275315
5277182
5277927
5278831
5279670
5280990
5281897
5285832
5286110
5286667
5288210
5288518
5288980
5289222
5289674
5290673
5291193
5292808
5293202
5293963
5293992
5295307
5295539
5297140
5298240
5299084
5300224
5300576
5301409
5302307
5304728
5304850
5308889
5310540
5310926
5311717
5313866
5314090
5314859
5315241
5315522
5318191
5318877
5320392
5321059
5322294
5323156
5325165
5326487
5326649
5327356
5329579
5329962
5330868
5332220
5333145
5333286
5333888
5334388
5335575
5335631
5336694
5339580
5340413
5340622
5343668
5343697
5344653
5346253
5349479
5350124
5350708
5352131
5353395
5353455
5354327
5356003
5357254
5357418
5361021
5363444
5363625
5366602
5368207
5370006
5370299
5371235
5371237
5371329
5372973
5374203
5374270
5374615
5374937
5376131
5376904
5377704
5379837
5380740
5381509
5382521
5383814
5384250
5385830
5386092
5386929
5387829
5389354
5389676
5391358
5391440
5393053
5393987
5394631
5394666
5394919
5395677
5396146
5396834
5397939
5399898
5401377
5402822
5403941
5405457
5406065
5406751
5407295
5408220
5408809
5409478
5409611
5410721
5411032
5411845
5413161
5413213
5413579
5414851
5416479
5416861
5417168
5419553
5419806
5420736
5422144
5423236
5425327
5425436
5427912
5428168
5429019
5429520
5430293
5431074
5431476
5431558
5431574
5432610
5432701
5434098
5435483
5436935
5436997
5437648
5438038
5439746
5440116
5441193
5441417
5442107
5442345
5443155
5443514
5443637
5444379
5444874
5447054
5447207
5447987
5448015
5449359
5449470
5450290
5451623
5455632
5459613
5460531
5461881
5462554
5464384
5467070
5467179
5469985
5471431
5472177
5475074
5475142
5476029
5476253
5477002
5477090
5479639
5480023
5480177
5480774
5482847
5483833
5484676
5484792
5485407
5486041
5487586
5487588
5487850
5490279
5490767
5490912
5492476
5493399
5493852
5494100
5495103
5495502
5498722
5499201
5499533
5499940
5500751
5500818
5501243
5501540
5503691
5504393
5504948
5506777
5507950
5508147
5510198
5511421
5512184
5513015
5514075
5514562
5518117
5518917
5520112
5521752
5522029
5522253
5522791
5523208
5523275
5524689
5524933
5525221
5525591
5527888
5529289
5531260
5531453
5532175
5532189
5534580
5535739
5536287
5536392
5537541
5538498
5538967
5539993
5540170
5540742
5541457
5541623
5542313
5542317
5542791
5543380
5543778
5543898
5544403
5544736
5545772
5546589
5552022
5552167
5553537
5555936
5555940
5557225
5558147
5560449
5560891
5562166
5564724
5565583
5566338
5566977
5568084
5568420
5568438
5568517
5568870
5569999
5570026
5570878
5571352
5571523
5572085
5572444
5573018
5573514
5573731
5575544
5576286
5576414
5579278
5580436
5580743
5581743
5582363
5583585
5585432
5586683
5587849
5588090
5588139
5589940
5589964
5593351
5595818
5596228
5596454
5596993
5597008
5597577
5598744
5599939
5601850
5602818
5603579
5606025
5606096
5606598
5607206
5608013
5608800
5608833
5610943
5612413
5613982
5614967
5615769
5616472
5617101
5617669
5618655
5620022
5620486
5624706
5626726
5627501
5628134
5628384
5629843
5630459
5631828
5633051
5633147
5634696
5635376
5636663
5636796
5639480
5640069
5641070
5642109
5642391
5642807
5643966
5644053
5644581
5646546
5646641
5646829
5647998
5648008
5648095
5649443
5651452
5653627
5654191
5654538
5654786
5656023
5656206
5657036
5657047
5657112
5657469
5657596
5657685
5657713
5658424
5660950
5661366
5661607
5662055
5662294
5663491
5663495
5664317
5664328
5665384
5665439
5666417
5666447
5666587
5666682
5667661
5668806
5669513
5671034
5671323
5671763
5675545
5675819
5679894
5681408
5681750
5684050
5687425
5688740
5689315
5689332
5691094
5691719
5692160
5692280
5692717
5692818
5692883
5693645
5693914
5694026
5694735
5694865
5696805
5697324
5698176
5698460
5698686
5701107
5701641
5703719
5703869
5704041
5704825
5705831
5710533
5710576
5711177
5711365
5712150
5712852
5713022
5714717
5715700
5717822
5718799
5718855
5719088
5720122
5720935
5722322
5722746
5724324
5724723
5728648
5728922
5730728
5732029
5733082
5733190
5733255
5733298
5733410
5737500
5738487
5739210
5739375
5740212
5741694
5748908
5749093
5749308
5750688
5751837
5751901
5752157
5752325
5752402
5753835
5754223
5754764
5755215
5755672
5756101
5757019
5757782
5761238
5761652
5762635
5763338
5763362
5763776
5764137
5765207
5765306
5765546
5765896
5769250
5769767
5769916
5770950
5772879
5774203
5774295
5774590
5775767
5776150
5776460
5777187
5777537
5777635
5778653
5779634
5780186
5780511
5780784
5781735
5781805
5783155
5783920
5784156
5785656
5787854
5788822
5789574
5791008
5792195
5792833
5793427
5795289
5795439
5795478
5795486
5796332
5796585
5796675
5797217
5798899
5800064
5800450
5802592
5803152
5804017
5804608
5805050
5807013
5808399
5809816
5810564
5810711
5811099
5811526
5813536
5813699
5814597
5814688
5814827
5816420
5817862
5818674
5818751
5819013
5821513
5821873
5822247
5822541
5823474
5826209
5827841
5833083
5833290
5835918
5836457
5839642
5842258
5843723
5844742
5848879
5849291
5849679
5850403
5851249
5851438
5851547
5852147
5852342
5852826
5853332
5854889
5854915
5856681
5857956
5858345
5859909
5860506
5861986
5862718
5865226
5865371
5865627
5867795
5867923
5868626
5868730
5869099
5870135
5872428
5873238
5873270
5873331
5878942
5879123
5880940
5881405
5881575
5882160
5882454
5882946
5883542
5884362
5884629
5885154
5885552
5888028
5889509
5889704
5893227
5894961
5896504
5898804
5902194
5904519
5905602
5906452
5907609
5908773
5909957
5911375
5912651
5914240
5914766
5917962
5919724
5919983
5920962
5921714
5922271
5922657
5925179
5925732
5926142
5926654
5926879
5927823
5930127
5930322
5930788
5932587
5933587
5933840
5936237
5936863
5938658
5939171
5939781
5941602
5942842
5943453
5944398
5947478
5948270
5953117
5954308
5954857
5955014
5955971
5958073
5958252
5961385
5964107
5964468
5965881
5966169
5967705
5970063
5971597
5973502
5974111
5974810
5974962
5975315
5978390
5979723
5981884
5983203
5984158
5992472
5993277
5993903
5994237
5994716
5995224
5995644
5996551
5996733
5997695
5997762
5998669
5999732
6003257
6003520
6005299
6007203
6010793
6011111
6011963
6017585
6018657
6020962
6020989
6022099
6022129
6024381
6025703
6026165
6026623
6027116
6027434
6031277
6031367
6031833
6032120
6032268
6032616
6033848
6038074
6039588
6040812
6042698
6044405
6045095
6045424
6047158
6048245
6050484
6051164
6052499
6053855
6054203
6054599
6055552
6056472
6058966
6061977
6063176
6066213
6066606
6066746
6067391
6067732
6067865
6069605
6069719
6070659
6072270
6072544
6072871
6073235
6073895
6074231
6075247
6075965
6078303
6080245
6081115
6081482
6081930
6081972
6082286
6082440
6084607
6086252
6086581
6087523
6088369
6090705
6091742
6091894
6093242
6093770
6094254
6094409
6094681
6095578
6096263
6096686
6098048
6098894
6099708
6100183
6101343
6104560
6106659
6108125
6112636
6113168
6114819
6116421
6116470
6117529
6118542
6119098
6120227
6121930
6123046
6124147
6124155
6124262
6126092
6127090
6127885
6128584
6128708
6129765
6130194
6131426
6131538
6133439
6133513
6134391
6136559
6136917
6137148
6138852
6140200
6141387
6142501
6142710
6142722
6143026
6143698
6145983
6146038
6146434
6147518
6152048
6152123
6152437
6153069
6153774
6155115
6155876
6156327
6157311
6159163
6159197
6159325
6161938
6162120
6163475
6163619
6164811
6165101
6165426
6167679
6169132
6169561
6170557
6170732
6172160
6172451
6172570
6173906
6174815
6175267
6175302
6175682
6176630
6177872
6178742
6179438
6179841
6180363
6180746
6180990
6181202
6181595
6181926
6183518
6183873
6185853
6186189
6186204
6187184
6187684
6188088
6190646
6194358
6195113
6195528
6196405
6197842
6200567
6201701
6203960
6206675
6207164
6208655
6209567
6211918
6212173
6212419
6214300
6214582
6215582
6216387
6217251
6217264
6217976
6219101
6219418
6219611
6221124
6221973
6222183
6222596
6224897
6228288
6231203
6232733
6235671
6235815
6236147
6236643
6236831
6237323
6237486
6238101
6239008
6239300
6239604
6240955
6241173
6241663
6242482
6244085
6244514
6244955
6247771
6247880
6249477
6249676
6250402
6251684
6252437
6254559
6257246
6260989
6261002
6261939
6263324
6266024
6266259
6266485
6266631
6266804
6267248
6267488
6267624
6267924
6271203
6271351
6271627
6272732
6273289
6273416
6276696
6279199
6279373
6279688
6279963
6280009
6280303
6281087
6284192
6287803
6289930
6291466
6292511
6293146
6293570
6293768
6293893
6294957
6295330
6296027
6296138
6296551
6296935
6298210
6299599
6299838
6299891
6299935
6300487
6300613
6300739
6301053
6301657
6303073
6303485
6306990
6308095
6309186
6309216
6311401
6312137
6313819
6313928
6314729
6315468
6317635
6320504
6321190
6321374
6321453
6321506
6322065
6322766
6325368
6325763
6326031
6327472
6328350
6328822
6330223
6330661
6332293
6333765
6333890
6337425
6337461
6337859
6338186
6339846
6341135
6341572
6342166
6343137
6345807
6345818
6347785
6348055
6349145
6349413
6349731
6350354
6351856
6352816
6356182
6356616
6359329
6362669
6363795
6364108
6364138
6364249
6364466
6365051
6365200
6365780
6365796
6366284
6368274
6372325
6373589
6376614
6377214
6377656
6378532
6378815
6379507
6379746
6379891
6380459
6383085
6383163
6383220
6383601
6385222
6385767
6388184
6390508
6391248
6391293
6391307
6393510
6394487
6397548
6397890
6399794
6401331
6401583
6402945
6404178
6405329
6406052
6406807
6408615
6409045
6409192
6409406
6410522
6411175
6411445
6415118
6416195
6416748
6417156
6417804
6419580
6420422
6420623
6420667
6423350
6423380
6423394
6423413
6423690
6423820
6424348
6424406
6424862
6427655
6427708
6427718
6428985
6429001
6429629
6429974
6430264
6433088
6436424
6436744
6438300
6438452
6438487
6438949
6439190
6439820
6440837
6441851
6442746
6448659
6448961
6449577
6450588
6450869
6451055
6451325
6451544
6451736
6452415
6453230
6453938
6454162
6455596
6456358
6457641
6457651
6459539
6460957
6463174
6463181
6464433
6464991
6466761
6467815
6469293
6469354
6471860
6472040
6474050
6477178
6477306
6477412
6477666
6478279
6479400
6479805
6481153
6481403
6482088
6482280
6483261
6483642
6483837
6484993
6486249
6486425
6486766
6487835
6489283
6489458
6490379
6492674
6496843
6497643
6500179
6500798
6500875
6501202
6502245
6502253
6502510
6502559
6505256
6505904
6509884
6511259
6513955
6515286
6515436
6515658
6518267
6518400
6518646
6520693
6521161
6521535
6522822
6522929
6523365
6524434
6524687
6525285
6526317
6527049
6529130
6529299
6529355
6529478
6530175
6530637
6531972
6532182
6532564
6532768
6536037
6536338
6536805
6537028
6538831
6539017
6539370
6540845
6544189
6544363
6545464
6545652
6545985
6546877
6547855
6547979
6548780
6550487
6551846
6552855
6553302
6553376
6554640
6555060
6555370
6555443
6556183
6556782
6557779
6557957
6558464
6560009
6561115
6563665
6564736
6565351
6567311
6567968
6569041
6569352
6569631
6570866
6571302
6572299
6572313
6574223
6574299
6575743
6576262
6577242
6578980
6579078
6579944
6580298
6580870
6583130
6583371
6585061
6586014
6590591
6591539
6592316
6592584
6595440
6597053
6597641
6598592
6598699
6599699
6602441
6602677
6604594
6604642
6605712
6605835
6606005
6606428
6607335
6607421
6607609
6607833
6608530
6609449
6609475
6610229
6610612
6611348
6612635
6613638
6614036
6615048
6615645
6620446
6620492
6620654
6620860
6621215
6621972
6622670
6622831
6624610
6624625
6625212
6627429
6627928
6628095
6628142
6628288
6628616
6630044
6630046
6631418
6632037
6632882
6635708
6635863
6636990
6637360
6638214
6639107
6640203
6640422
6646263
6646549
6646767
6647252
6648174
6648567
6648855
6648913
6649552
6650504
6652152
6652738
6652842
6653750
6654086
6654257
6656167
6656432
6657378
6657555
6657601
6659632
6659948
6660075
6661268
6662038
6662994
6664802
6666262
6666279
6667514
6667720
6669259
6669770
6669981
6670358
6671857
6672646
6673948
6674155
6674599
6674841
6675159
6675329
6675896
6678017
6679517
6681374
6682276
6683740
6684564
6684615
6686575
6687388
6687872
6687953
6688088
6689657
6691505
6691939
6692498
6692615
6692752
6693593
6695934
6696618
6698537
6701913
6702359
6703267
6703702
6704563
6706354
6706890
6708354
6708774
6710821
6712359
6712914
6713347
6714765
6716158
6716328
6718263
6718626
6718640
6718876
6719722
6720250
6721119
6723484
6724242
6724588
6724791
6725008
6726920
6728012
6730539
6733143
6733449
6733496
6734602
6736039
6736675
6738801
6739207
6740575
6744296
6744733
6746606
6748147
6749236
6751306
6752118
6753188
6753824
6754436
6754644
6754697
6754942
6755487
6756050
6756259
6756277
6756296
6758141
6759055
6759086
6760636
6760982
6761252
6761906
6763560
6764186
6765734
6766955
6770768
6771005
6771568
6771798
6771977
6772439
6773415
6778110
6780091
6780637
6783475
6784098
6785761
6786609
6788665
6790944
6791354
6791917
6794707
6796074
6797606
6797925
6797977
6799168
6799918
6800619
6801752
6803395
6803567
6803623
6805567
6807249
6807751
6808314
6808601
6808707
6810078
6810673
6811430
6812761
6813450
6814478
6814704
6814750
6815150
6815912
6815917
6816713
6820677
6822497
6822991
6823141
6824555
6824879
6825137
6825219
6826587
6828249
6828259
6828455
6828524
6828821
6829385
6829863
6832453
6833638
6834272
6834701
6835074
6836893
6837160
6837992
6838279
6838695
6841132
6841175
6845247
6845969
6846696
6846837
6847382
6847461
6847892
6852274
6852462
6852569
6853229
6853286
6853377
6853424
6853471
6853895
6855062
6855989
6856476
6857145
6857731
6857930
6858111
6858629
6860171
6861406
6861567
6861992
6863536
6865398
6867684
6870918
6870939
6871093
6871401
6873722
6873960
6874711
6875007
6875562
6877278
6881013
6881636
6881974
6882532
6882964
6883498
6884722
6885662
6886347
6888462
6888924
6891216
6893891
6895368
6896366
6896595
6896683
6897765
6898630
6898737
6899807
6900518
6903008
6906287
6906726
6907413
6907590
6908989
6909647
6909834
6910368
6913017
6913024
6915106
6915144
6915627
6916708
6918024
6918271
6918920
6919510
6920786
6922374
6923135
6924425
6924527
6924772
6925616
6925689
6926167
6926357
6927788
6928228
6929704
6929732
6929759
6929839
6930380
6930567
6931020
6931181
6933431
6934494
6934853
6934858
6936509
6937233
6938583
6939439
6939928
6940066
6940079
6941079
6944359
6944670
6944771
6945689
6946922
6946923
6946952
6947110
6948009
6949649
6950175
6950660
6953832
6954212
6954651
6959231
6959507
6961327
6961334
6961881
6961944
6962178
6964804
6965358
6965883
6965932
6966783
6967111
6968048
6968343
6970036
6970301
6970885
6971027
6972127
6972617
6972679
6972737
6974820
6975640
6976359
6976423
6976550
6977230
6981128
6983525
6983885
6984571
6985933
6987345
6988087
6988188
6988520
6991490
6991779
6991955
6992728
6994803
6997266
6997842
6997918
6998207
7000736
7001029
7001144
7001699
7003229
7003651
7004280
7004498
7006139
7007542
7007604
7008226
7008670
7009640
7010171
7010710
7010917
7012016
7013059
7013343
7013391
7015131
7015209
7015339
7016657
7016758
7017382
7018107
7022285
7022897
7022941
7024201
7026636
7028058
7028832
7029212
7030492
7032289
7032880
7034323
7034742
7036324
7036561
7036861
7038126
7039491
7041312
7042547
7043472
7043971
7044270
7044337
7047929
7048180
7048340
7048867
7049042
7049117
7049674
7052875
7053747
7054092
7055410
7055866
7055881
7055998
7056015
7056616
7056685
7057494
7059165
7059611
7060647
7060838
7061813
7062665
7065182
7065765
7067100
7067589
7067634
7069896
7069917
7071948
7072986
7074038
7075251
7078231
7078333
7078658
7079501
7081201
7081705
7083132
7084497
7086844
7087509
7087827
7088253
7089644
7091816
7092438
7092832
7094007
7096005
7096749
7097040
7097623
7098305
7099969
7100864
7101405
7103554
7104451
7105217
7106243
7107444
7108383
7109143
7109304
7110197
7111477
7111990
7113364
7115048
7115479
7117898
7118684
7119991
7121413
7122505
7123189
7123577
7124479
7124720
7124736
7127641
7127863
7127946
7129555
7129986
7130549
7130946
7131595
7132692
7133340
7135698
7136086
7137326
7138167
7140087
7140200
7143337
7144584
7144907
7145237
7146490
7147135
7147895
7148829
7149208
7150105
7150538
7150600
7152735
7152855
7155213
7155770
7155791
7158216
7158915
7160190
7163165
7164996
7165318
7165534
7165600
7167410
7168492
7169141
7169880
7173305
7173977
7175112
7175431
7175651
7176217
7176452
7176889
7178098
7178341
7178522
7178718
7180051
7181507
7181970
7182586
7183617
7185493
7186149
7186587
7186865
7188351
7188646
7189182
7190540
7190873
7191466
7192395
7192440
7193093
7193465
7193622
7194334
7195605
7197103
7197137
7197418
7197679
7199267
7199731
7200211
7200297
7200822
7201843
7201857
7202942
7205929
7207118
7213008
7213229
7213661
7215266
7216396
7216434
7217440
7218626
7218710
7218788
7220767
7220826
7221455
7221475
7221845
7222708
7223426
7225150
7229602
7230265
7231444
7232219
7232264
7232675
7233382
7233822
7235466
7235598
7235974
7236421
7236624
7237003
7237372
7238748
7241305
7242602
7243084
7243525
7244624
7245341
7245913
7246013
7248274
7248620
7248907
7250381
7250454
7250677
7251185
7252091
7252144
7253861
7255167
7255836
7256741
7257447
7257549
7258150
7260104
7260259
7260993
7262607
7262615
7264691
7265066
7265656
7266497
7267046
7268208
7269000
7269122
7269326
7269472
7271500
7279142
7279404
7279570
7279851
7281297
7281470
7282532
7282559
7283749
7284951
7286932
7287754
7289199
7290553
7295613
7295662
7296950
7297469
7298753
7298769
7298925
7299177
7299249
7300736
7300738
7302027
7303430
7304215
7305102
7305674
7306059
7306164
7306651
7307833
7308120
7308401
7309486
7311337
7311358
7311499
7311978
7313415
7314219
7314918
7316539
7318311
7319000
7319489
7324615
7324683
7324782
7325656
7326789
7328838
7329988
7330975
7331168
7332015
7332507
7333856
7334197
7334462
7335866
7336171
7336731
7336781
7337335
7338951
7339267
7339364
7340169
7340470
7341820
7342070
7342333
7343818
7346143
7346266
7346860
7348638
7349051
7349628
7349708
7350257
7352514
7352901
7353435
7353938
7356174
7356719
7362169
7362637
7362836
7364696
7366358
7367403
7368410
7368816
7368887
7369154
7370233
7370573
7371105
7373694
7374446
7374598
7377365
7378400
7378942
7380374
7380971
7381549
7381804
7383374
7383519
7387394
7387706
7389868
7390696
7393020
7394691
7395949
7396245
7398720
7398940
7400096
7400255
7401119
7403914
7404097
7404906
7405834
7407041
7408047
7408946
7409025
7409258
7411273
7412530
7413073
7413177
7416159
7418399
7418586
7418612
7418683
7419688
7419932
7420461
7420576
7421272
7421398
7422126
7422324
7422374
7422796
7423708
7424146
7424541
7425476
7426228
7426266
7427385
7428539
7429117
7430359
7431303
7431712
7432200
7432300
7432308
7433781
7434443
7435227
7435635
7439027
7439143
7439812
7440113
7440642
7440896
7441349
7443388
7444823
7445345
7445477
7445681
7446173
7447062
7448535
7448960
7450620
7453362
7453961
7456520
7458306
7458867
7459482
7462819
7463220
7464733
7465323
7465762
7466293
7466713
7471158
7471188
7472203
7473558
7474108
7475058
7476536
7477066
7478263
7478505
7478527
7478767
7479674
7481147
7482186
7484401
7485207
7486462
7486736
7487443
7488054
7488060
7488202
7488637
7489487
7491318
7493014
7494172
7495433
7497529
7498816
7500858
7501196
7501516
7502962
7504291
7506433
7507359
7507390
7507727
7508898
7511851
7511968
7512483
7512823
7514266
7515284
7516260
7516364
7518066
7521004
7522424
7523169
7523263
7523562
7525085
7527232
7527570
7527818
7533157
7534405
7535736
7536545
7537972
7538423
7538477
7539579
7539661
7539912
7540142
7540152
7540987
7540996
7542100
7542268
7545510
7546270
7548444
7549864
7550524
7552207
7552271
7553289
7554073
7555380
7555998
7556478
7556610
7557292
7558579
7558807
7559369
7561332
7561797
7563031
7563604
7564720
7565158
7566596
7567118
7568345
7572250
7573392
7573531
7575004
7576312
7576783
7577359
7577649
7579629
7581700
7582087
7585089
7588920
7589603
7589674
7592237
7592391
7592808
7593184
7593342
7593864
7594736
7594929
7597776
7598304
7600645
7601035
7602352
7602620
7602799
7602814
7603883
7604032
7604724
7606922
7607728
7608070
7608091
7609022
7609114
7609280
7610434
7611254
7614398
7614842
7616252
7616292
7617515
7617678
7617987
7618015
7619278
7620663
7621963
7622292
7622307
7622606
7623165
7624863
7626998
7627790
7628157
7628969
7630613
7630778
7631503
7634657
7635153
7635217
7637045
7637286
7637306
7637501
7639072
7639175
7640141
7643320
7643589
7644288
7645091
7648071
7649101
7650717
7651229
7651408
7651858
7652100
7653615
7655209
7655504
7655937
7656086
7657268
7659902
7660467
7661579
7663411
7663706
7664832
7664969
7665652
7666780
7668397
7669098
7669967
7671126
7671309
7671543
7673335
7673473
7676075
7677273
7684941
7685735
7691793
7692385
7692719
7695196
7695511
7696085
7696475
7696967
7697473
7699492
7699572
7700292
7700972
7701863
7702310
7703062
7703861
7704036
7705056
7705127
7705287
7706872
7709135
7709237
7709416
7710522
7711651
7711705
7713749
7714359
7714455
7716934
7717996
7719634
7725413
7726781
7727568
7727570
7728406
7728475
7729294
7729627
7729881
7730243
7730454
7733070
7733090
7734214
7734429
7735367
7735560
7736022
7738637
7739083
7741611
7743108
7744357
7744414
7746510
7746624
7748505
7748722
7749123
7749454
7749803
7750091
7750408
7752384
7752397
7752442
7754461
7754888
7756945
7759473
7759895
7760716
7760751
7761445
7762982
7763243
7763671
7763895
7769730
7770491
7770677
7772138
7773439
7774593
7775090
7776606
7777470
7779621
7780485
7781773
7785272
7786235
7786291
7786980
7788416
7789393
7791715
7792601
7793514
7794194
7796532
7797858
7803403
7803410
7803821
7803963
7804290
7804775
7805687
7809940
7810661
7812080
7813405
7813835
7813845
7815509
7815610
7815651
7815931
7816801
7819862
7820290
7820504
7823432
7823786
7824241
7824356
7825501
7827350
7827434
7827862
7828314
7828707
7830413
7831137
7833861
7834592
7835104
7837120
7838851
7840775
7841398
7844141
7844610
7845099
7845167
7845849
7846164
7846500
7846578
7846760
7849274
7851252
7851414
7852328
7854293
7856621
7857433
7859211
7859328
7860781
7861446
7862552
7863150
7863563
7863923
7868787
7869774
7870049
7870258
7871824
7872491
7874450
7875300
7875372
7875575
7876149
7877576
7877724
7878851
7881136
7881281
7882156
7882558
7884469
7884769
7884984
7885224
7885279
7886844
7887487
7890433
7891146
7891484
7891526
7892621
7892849
7893271
7893906
7894257
7895519
7899235
7901043
7901141
7901389
7903856
7905944
7906976
7907761
7908300
7908333
7913321
7915938
7916120
7917515
7921081
7923736
7925278
7926420
7927264
7930427
7931777
7932017
7932205
7932820
7935566
7935949
7936076
7936088
7936845
7936961
7936981
7938330
7938578
7939971
7940274
7940784
7945098
7945299
7945422
7945638
7945714
7946283
7948955
7949494
7950120
7951055
7951469
7951731
7951799
7953165
7953429
7955175
7955281
7959289
7959584
7959633
7959653
7962070
7967714
7967852
7969687
7971312
7971717
7972041
7975622
7976483
7976883
7977132
7977175
7977820
7982896
7984788
7987851
7988678
7990289
7991146
7993108
7995419
7996229
8000265
8001212
8001315
8001579
8004375
8004984
8005377
8007096
8007200
8007642
8008483
8009612
8010145
8010392
8011464
8012625
8013678
8014761
8015100
8015958
8017404
8019472
8023453
8024608
8025525
8025532
8025847
8026119
8026357
8026539
8027206
8027304
8028384
8029062
8031175
8032587
8032992
8033674
8036638
8037405
8037515
8037947
8038291
8038803
8039047
8039161
8040081
8040763
8041039
8042093
8043006
8043131
8043954
8045334
8045479
8045787
8046420
8051195
8052167
8053357
8053428
8053655
8053771
8055609
8055954
8055969
8056748
8057411
8062066
8064141
8065303
8067628
8067879
8068433
8068952
8069817
8070261
8070927
8071532
8072256
8073066
8073508
8073621
8073888
8074482
8075209
8075863
8077143
8078232
8078259
8078763
8079210
8079535
8080774
8081421
8082941
8083582
8090070
8092165
8092208
8092501
8092837
8092862
8093006
8093211
8094105
8096091
8100415
8100947
8101673
8101831
8102368
8104512
8104710
8105581
8106485
8106528
8106752
8109173
8110451
8112170
8112666
8112846
8113698
8113830
8114453
8114747
8115273
8121728
8122564
8122638
8122902
8123290
8123602
8125706
8125850
8126531
8126676
8127583
8127850
8129548
8129597
8132509
8132652
8132901
8133497
8133615
8134147
8134980
8138881
8139583
8139949
8140464
8140764
8142236
8142338
8142394
8142602
8142630
8142971
8143163
8144230
8144910
8147009
8147462
8152533
8152752
8153580
8153797
8154635
8155016
8155462
8156477
8156534
8156837
8157315
8158589
8159071
8159926
8161018
8163178
8164259
8164542
8165020
8165996
8166594
8167349
8168383
8168425
8168955
8170479
8170677
8170691
8171624
8172353
8172999
8173986
8174615
8175479
8177317
8177671
8179383
8179558
8181778
8183840
8185605
8186525
8186784
8187134
8188357
8189176
8189323
8191977
8192417
8196351
8197073
8199127
8200847
8201003
8201035
8201388
8202227
8203339
8203411
8203896
8205172
8205933
8206089
8208264
8209455
8210386
8212252
8212508
8212535
8213659
8213669
8213875
8219248
8219577
8220550
8222017
8222397
8224114
8225055
8226288
8226647
8227272
8228178
8231554
8231769
8232423
8232620
8232801
8233269
8233744
8236767
8237263
8239384
8239916
8240730
8241221
8242119
8242881
8242950
8243628
8243826
8244743
8245032
8245194
8245459
8245964
8246430
8246894
8247565
8248127
8249171
8249656
8251572
8251904
8252426
8255271
8256052
8256098
8256196
8257775
8258399
8261542
8264537
8265128
8265613
8265874
8268262
8268407
8268511
8268592
8269243
8269382
8269434
8270204
8270858
8271254
8271536
8271622
8273770
8274354
8274482
8274951
8276608
8276612
8277105
8277262
8278976
8279850
8281841
8282498
8282724
8282775
8285262
8286519
8287250
8290177
8291831
8292093
8292486
8293886
8294958
8295199
8295758
8296844
8298385
8300600
8300825
8301376
8301695
8302695
8303817
8304014
8304043
8304281
8304359
8304610
8305237
8305423
8305596
8305666
8305817
8306180
8311944
8312897
8313010
8314262
8314356
8314664
8317801
8318317
8318586
8319144
8319795
8320171
8320451
8321180
8322337
8325275
8325502
8325926
8326598
8328909
8330351
8330681
8331215
8332155
8332331
8335272
8336262
8336396
8336968
8339983
8340640
8341935
8342344
8344313
8347848
8348360
8350006
8351349
8351433
8352671
8354872
8358578
8358616
8360385
8363599
8365222
8366276
8368422
8368927
8370249
8372255
8372497
8372653
8373165
8373777
8374940
8375325
8375428
8375613
8377091
8377432
8378067
8379361
8380665
8381725
8382754
8384823
8387298
8387479
8387979
8389710
8390483
8390734
8391299
8393035
8396117
8397196
8397902
8397927
8400505
8401313
8402608
8402995
8403203
8403871
8405344
8405858
8406879
8407270
8407351
8407940
8408220
8410432
8414843
8415009
8416258
8416719
8419402
8421781
8421828
8422085
8425033
8425302
8426142
8427939
8429472
8429542
8433216
8434683
8436059
8437204
8437888
8439579
8439857
8440020
8441283
8442183
8443462
8444536
8444849
8445311
8445446
8446349
8447140
8447196
8447614
8448021
8448521
8449250
8450364
8454732
8456233
8458278
8461567
8462044
8462584
8463546
8467046
8467957
8468988
8469907
8471235
8471985
8472710
8472980
8473551
8474283
8474535
8475193
8476388
8477440
8479276
8479877
8480431
8481939
8482939
8483126
8483424
8483764
8483851
8484281
8486277
8489720
8489934
8490026
8495051
8496147
8497299
8499599
8501697
8501900
8502055
8503061
8504414
8505171
8506730
8507630
8508448
8508737
8509895
8511320
8517004
8517359
8518747
8520194
8521617
8521683
8521870
8522766
8522947
8525685
8526584
8527078
8529241
8530434
8532749
8532925
8533090
8534656
8534851
8535140
8535461
8538455
8538974
8539351
8539367
8539429
8542057
8542630
8542661
8544441
8544818
8546544
8548797
8550513
8551027
8551247
8551446
8551501
8552270
8552779
8554402
8554947
8556469
8556795
8557078
8558471
8558566
8558754
8560701
8564866
8568466
8571123
8572018
8572541
8573895
8574025
8577440
8577592
8577759
8577875
8578070
8578376
8578928
8580516
8580876
8582025
8586486
8586674
8588327
8588702
8588803
8589507
8589879
8590143
8590273
8592995
8593324
8595648
8596768
8598331
8598660
8600690
8600990
8601830
8602106
8602518
8602993
8603547
8604973
8609349
8609772
8610409
8611153
8611708
8611792
8612609
8613199
8614857
8617943
8618750
8619463
8619680
8620695
8622887
8623058
8623187
8627285
8627635
8627693
8627888
8628094
8628436
8628811
8630980
8631165
8631191
8631331
8632105
8634594
8636737
8638032
8638128
8638377
8638390
8638598
8638754
8639381
8640364
8640398
8640887
8644033
8644337
8646364
8646835
8647495
8648352
8648753
8651054
8653022
8653498
8654417
8657096
8659060
8659485
8659774
8659863
8659985
8660598
8661157
8661501
8661773
8662406
8662499
8663514
8664258
8665699
8665982
8666373
8667302
8667848
8670294
8671768
8672588
8673545
8673914
8673976
8675552
8676737
8681485
8683225
8683568
8684728
8685566
8688350
8689660
8689811
8690224
8691074
8691809
8693834
8695096
8695355
8697069
8697358
8697934
8701310
8706274
8708079
8708433
8708848
8711587
8711852
8711924
8714148
8714974
8715733
8718611
8718639
8719960
8720198
8721237
8722261
8722331
8723083
8723256
8724425
8728630
8729461
8729595
8729828
8730185
8731125
8731411
8731430
8731972
8732291
8732798
8735277
8737831
8738758
8738779
8740517
8741023
8741517
8742472
8742793
8743119
8743270
8744555
8745701
8746002
8746658
8749746
8749814
8751754
8752238
8752541
8754117
8754383
8755341
8755390
8755728
8758222
8758327
8758619
8758671
8758964
8765536
8765540
8765681
8765924
8767118
8767249
8768470
8769114
8769158
8769728
8769956
8770530
8770951
8772997
8775250
8775904
8778060
8778679
8779157
8779338
8780827
8782535
8784843
8785666
8786118
8787260
8788197
8790018
8790871
8792937
8794119
8795312
8796228
8796435
8796675
8797227
8798729
8800952
8802498
8804485
8805493
8809235
8809517
8810385
8811372
8815755
8817108
8817804
8819514
8819582
8820630
8821339
8821846
8823025
8823525
8823770
8824392
8825755
8828482
8830777
8831888
8834531
8834602
8834778
8834986
8835625
8835718
8836008
8836049
8837686
8837748
8838473
8840650
8842828
8846584
8846889
8849179
8851213
8851349
8853101
8853353
8854892
8857492
8857514
8859171
8860221
8861286
8863649
8863788
8863875
8863879
8866243
8867792
8867907
8867992
8868211
8868976
8869899
8870342
8870544
8870604
8871070
8871086
8871708
8872524
8872758
8874862
8875139
8875206
8876459
8877413
8880515
8881550
8882464
8882525
8882774
8883040
8883631
8884958
8885809
8885825
8886781
8887550
8888033
8888087
8888415
8888527
8888556
8889925
8891133
8891292
8893824
8893853
8895146
8896209
8897587
8899268
8902369
8903030
8903495
8903781
8904893
8904928
8906785
8907447
8907466
8908776
8909878
8910895
8911950
8911982
8912021
8912049
8912317
8912947
8915422
8915458
8916175
8917091
8917428
8918305
8918655
8919083
8919341
8920151
8920477
8920578
8921063
8921400
8921565
8921783
8921802
8922007
8922567
8923332
8923610
8923925
8924142
8927163
8927922
8931082
8931734
8931867
8932683
8935798
8935996
8936969
8937396
8939375
8940885
8943018
8946030
8946685
8946753
8948020
8949245
8949448
8949546
8949861
8952480
8953049
8953069
8953469
8954586
8956462
8958476
8958553
8958891
8960394
8961576
8961780
8963449
8963813
8963918
8965079
8966449
8968919
8969019
8969466
8974252
8975546
8978832
8979071
8979174
8979576
8979963
8980796
8982030
8983001
8983176
8984098
8991613
8993337
8994012
8994172
8994765
8995329
8995672
8997945
8998257
9004926
9005349
9005427
9005498
9007089
9007366
9007780
9009689
9010284
9012078
9012115
9012504
9013292
9014097
9015377
9015786
9016177
9016901
9017027
9017315
9018578
9020313
9021054
9023353
9023590
9024289
9024367
9025246
9026038
9028114
9028391
9028674
9028731
9029691
9030387
9032915
9034107
9036257
9036661
9037081
9038648
9044937
9046484
9047992
9048753
9048949
9050660
9050969
9052672
9053176
9054933
9055100
9056087
9056221
9057767
9060364
9060940
9061268
9061791
9062111
9062709
9065334
9069787
9069858
9070194
9070664
9073661
9073772
9074179
9074414
9075788
9075877
9077239
9077682
9078188
9079809
9081914
9081946
9082284
9084407
9084542
9084856
9085105
9086758
9090089
9090783
9091041
9092489
9092915
9093636
9095069
9095261
9096220
9096298
9097370
9098027
9100005
9101888
9102846
9102924
9103359
9104389
9105412
9105507
9105726
9106313
9107574
9108228
9109116
9113488
9114087
9114598
9122624
9122754
9123405
9123959
9123994
9126201
9126228
9126942
9127079
9127641
9127669
9128209
9128296
9128517
9129354
9130079
9130716
9131302
9131611
9131716
9133769
9134244
9134566
9135289
9135953
9136423
9137244
9137335
9138954
9140336
9142424
9143141
9146481
9146591
9147252
9149383
9150713
9150761
9151457
9151928
9152909
9153652
9153997
9154817
9157461
9157625
9157822
9158420
9159381
9159905
9160115
9160508
9162585
9164048
9164097
9164233
9165655
9166639
9167522
9168801
9169713
9170300
9170868
9172976
9174340
9174759
9174930
9176372
9178063
9179158
9181004
9181135
9183250
9184085
9184844
9185108
9185492
9185863
9186356
9186813
9186961
9187904
9189350
9189408
9189914
9189917
9190063
9190863
9191182
9194687
9195475
9196470
9196969
9197143
9197236
9198941
9200141
9201127
9201278
9201895
9203778
9204238
9204926
9205419
9206519
9207100
9209760
9210887
9212434
9212527
9213189
9214883
9217834
9217956
9218586
9219180
9219950
9220898
9221036
9221588
9222948
9226063
9226679
9228433
9229630
9229787
9229821
9230948
9231222
9231650
9232230
9232376
9232737
9234536
9234645
9235207
9235227
9235879
9236660
9238984
9239740
9244062
9245407
9245897
9245938
9247913
9248026
9251089
9251224
9253875
9254126
9254248
9255829
9257864
9259204
9259625
9259744
9259802
9261413
9264177
9268323
9268487
9270013
9270218
9271573
9275828
9277415
9278169
9278406
9279654
9280114
9281909
9284583
9285670
9287254
9287332
9287370
9290388
9290430
9291157
9291771
9292813
9292859
9293671
9294244
9296362
9296678
9297017
9299968
9300561
9301810
9302081
9302717
9302797
9303238
9303972
9305956
9307114
9309712
9316305
9316324
9318017
9320634
9320800
9324660
9325043
9326931
9328387
9328600
9331590
9331640
9332139
9332196
9333328
9337488
9337521
9338268
9338369
9339252
9340099
9342653
9342735
9345240
9345396
9345962
9346812
9348001
9348510
9348677
9350850
9355136
9355680
9357816
9358433
9358836
9360249
9360414
9365285
9365330
9369026
9369266
9369542
9371522
9372747
9372908
9374581
9374756
9374845
9376259
9377386
9378077
9378819
9379099
9379233
9379286
9379897
9381875
9384047
9385124
9386442
9387258
9387361
9387503
9387903
9388079
9389024
9389102
9390029
9390285
9392376
9394058
9398648
9399432
9400362
9400564
9401537
9401866
9402637
9402912
9403751
9404479
9405583
9405706
9405959
9407094
9407415
9409134
9410707
9411894
9413077
9413485
9415865
9416021
9416189
9416694
9417527
9419734
9420249
9422260
9422975
9423219
9424507
9425349
9425547
9426147
9427117
9427212
9427766
9428380
9428459
9429158
9429168
9432179
9433460
9434609
9435350
9436560
9439416
9442387
9443816
9444752
9444822
9445162
9445803
9448441
9448857
9451640
9454618
9454620
9455233
9456152
9456188
9456495
9465534
9466310
9467609
9474189
9474432
9476395
9476625
9476707
9476982
9477617
9478355
9479607
9480155
9480614
9481018
9481355
9482407
9482629
9482986
9483225
9483673
9486411
9487240
9488386
9488706
9489179
9490032
9490120
9491248
9492525
9492900
9493630
9493655
9496164
9496483
9497076
9497664
9498183
9500408
9502901
9503529
9505260
9506718
9509926
9512888
9512920
9513937
9514758
9515213
9515358
9516048
9516186
9516330
9516772
9516898
9516926
9517147
9518079
9520169
9520516
9521104
9522106
9522655
9524334
9524509
9525822
9528454
9529167
9530364
9530433
9532097
9532108
9532487
9534131
9537512
9537597
9538284
9541008
9542090
9543830
9546223
9546235
9546789
9547612
9548474
9549344
9550684
9554168
9556265
9557554
9559385
9560517
9561029
9562437
9564151
9565053
9566180
9566967
9567839
9568598
9569974
9571031
9571500
9571898
9572102
9572553
9572833
9573416
9575392
9575817
9576721
9577786
9578355
9578729
9580634
9581139
9583015
9583382
9584520
9585409
9585584
9586739
9587146
9588732
9589319
9589790
9589839
9590591
9591341
9592442
9593144
9593304
9593368
9593825
9594299
9594647
9594832
9595004
9595542
9595833
9597154
9597287
9597491
9598041
9598100
9600458
9602507
9603678
9606096
9607398
9607543
9608035
9609875
9610265
9610297
9613225
9614248
9614384
9615663
9616862
9617005
9617601
9620176
9620380
9621215
9621494
9621661
9621805
9623450
9624490
9624601
9624832
9627209
9627984
9628812
9630817
9632178
9632381
9633972
9634278
9635238
9635351
9636707
9636949
9637490
9640406
9640891
9640930
9640959
9641435
9641537
9643687
9643821
9646141
9648222
9650594
9651838
9652672
9653000
9653725
9653794
9654414
9655827
9656137
9656513
9657030
9658958
9659970
9660759
9661697
9664887
9665041
9665198
9665297
9665439
9666541
9667277
9668801
9673226
9673359
9675130
9676356
9676786
9678472
9678833
9679599
9681962
9681975
9686572
9686589
9687033
9689250
9689403
9691121
9691955
9692023
9692998
9693482
9694062
9694548
9695220
9697390
9698522
9700163
9700215
9707702
9712305
9712340
9712485
9712517
9715605
9715836
9717675
9718901
9720270
9721371
9724996
9725368
9725920
9726155
9726860
9726931
9727078
9729256
9729381
9730411
9730898
9730958
9730988
9731652
9732620
9733800
9734630
9734895
9735116
9735458
9737079
9737462
9738637
9740089
9740154
9742689
9743287
9744574
9744579
9745506
9745929
9747006
9749319
9749851
9750326
9750733
9751008
9751480
9753299
9753808
9757778
9758385
9759540
9760126
9760706
9760728
9761654
9762828
9762935
9763258
9765035
9766606
9767235
9770048
9770128
9770326
9770539
9771555
9772815
9773514
9774564
9774847
9776589
9778567
9779153
9779195
9779519
9779753
9780107
9780358
9781393
9781615
9782373
9784558
9785168
9785816
9786926
9787474
9787782
9788817
9790048
9791053
9791507
9792221
9793307
9794981
9796721
9801430
9801495
9801638
9801810
9802414
9803399
9803649
9804229
9806038
9806405
9806691
9807518
9807597
9808150
9809194
9810010
9810979
9811160
9813406
9813415
9813605
9815691
9816796
9817169
9817751
9818404
9818593
9819376
9820941
9822728
9823558
9829157
9829748
9829828
9833028
9833509
9833807
9834192
9836078
9836313
9837046
9837734
9837992
9838208
9840395
9842092
9843844
9844352
9845313
9846599
9847355
9848376
9850292
9850591
9852308
9852949
9854468
9855809
9856045
9856119
9856472
9859375
9860089
9861195
9861895
9862265
9862695
9863280
9865093
9866310
9866448
9866784
9866963
9867531
9872512
9872870
9874577
9874638
9876388
9879856
9880785
9882392
9884305
9885409
9888516
9888968
9889399
9889954
9891264
9891333
9891809
9895376
9895378
9896040
9896067
9897359
9898399
9903030
9903441
9909226
9909576
9910399
9912084
9915072
9915224
9916935
9916938
9917324
9917609
9918365
9918957
9919598
9924475
9925674
9926914
9927200
9927577
9928002
9928555
9928686
9930887
9931201
9931401
9931814
9932095
9932330
9933046
9933147
9934010
9934262
9936840
9941011
9942436
9943109
9945471
9945694
9948860
9949403
9950080
9952057
9952679
9953047
9962363
9963551
9965694
9965826
9965939
9966026
9966109
9967162
9967669
9967674
9968076
9968145
9968884
9970527
9971013
9972843
9972980
9973685
9973781
9975458
9976693
9976866
9977083
9977084
9977135
9977191
9977203
9978913
9979093
9979692
9980308
9980309
9981131
9981906
9982369
9982422
9982493
9982925
9985490
9986963
9988008
9988356
9989409
9989601
9990128
9990490
9991264
9991332
9991894
9992357
9992423
9993030
9993130
9993747
9994735
9996876
9997195
9997391
9998768
9999794
