3609
4812
7188
8207
8679
9684
10867
13298
14175
15376
15706
17607
22408
22548
22861
25768
26115
27456
28623
29995
30399
30777
30803
30809
32122
34528
35096
35866
36141
37369
37730
38182
38992
39138
39659
41390
43141
43884
44581
44760
44772
45187
45528
50201
53070
55303
55704
57865
59076
59524
60241
64370
64822
66153
67356
67789
70861
70916
73198
73799
74145
74229
74513
77990
78473
78723
81006
81243
83024
83762
83766
84131
86580
87440
88837
89999
91309
92517
93228
94451
95562
96787
98001
98644
99613
100600
100825
100984
101299
102011
102785
103405
104405
105099
108669
108835
109180
109271
109388
110030
112629
115429
116286
117002
119573
125380
125387
125478
131351
131705
132428
133291
133610
134784
135649
135904
136680
137013
137486
137813
138472
139103
139651
142810
144182
144289
144611
145041
145622
152550
154344
154415
154573
154626
156146
156425
157651
160040
160629
161543
161759
163457
163969
166633
167529
168487
168511
172213
172551
172914
176352
177326
178775
179887
179935
180640
181696
183317
184112
184452
185054
185942
186279
187184
187934
190432
192455
194143
194178
194776
195241
195374
195757
199675
200035
200054
200555
201720
201866
203224
205200
206080
207028
207659
212364
212929
213726
214308
215018
217329
218405
218795
221091
222136
222574
224290
224314
227024
227360
228036
229287
229753
229786
230972
232245
232260
233126
233747
234240
234258
234351
235274
235867
236343
236956
237602
238045
239960
241323
245555
245612
247492
248143
249933
250565
251711
254437
256919
258514
258576
262381
264068
265052
265819
266292
267316
268156
268871
272257
272464
274036
274076
276618
279894
280619
283285
283799
283826
285419
288150
288464
289456
289700
289711
289971
290300
290317
290795
291974
293324
293749
294149
294566
294986
296370
296475
296498
296676
297969
298775
301252
301810
302144
302576
302854
303254
303525
304364
304660
304927
309391
309638
310601
311646
313683
313700
316311
316314
316741
317149
317954
318761
318841
318848
319066
320590
320988
321002
322645
322891
324769
325494
326218
326975
327945
328902
329414
329615
329912
330381
332217
332302
334053
336082
338641
339737
340088
340089
340440
341964
344844
345811
346141
349758
349985
350094
353184
353638
354436
354610
354730
357239
358765
358970
359656
359932
361246
362773
364760
364945
365296
367004
370567
371526
372326
372372
373827
373828
374752
374807
375200
379328
380192
381653
383303
383523
383593
386038
386776
389529
389882
389997
390132
391540
393109
394421
396004
396034
396626
398877
398945
401819
403026
404005
404631
405099
405259
405544
406566
406890
410099
410589
411419
412188
413610
414661
415675
417467
419381
419426
419945
422027
422428
423702
423794
424104
424556
425218
425589
427565
429422
430020
431023
431779
434461
434560
434826
435216
437908
437994
438808
439804
441172
441622
441824
441909
444112
444428
445782
447830
447973
448332
448855
450539
451289
451875
452370
453098
453106
453983
454144
454303
455052
455667
457374
458009
459592
460249
460620
461346
461461
461887
465873
469428
469596
469839
470151
471449
472444
473446
473559
475423
475667
475705
475784
478391
479958
479966
480637
483374
483405
484525
484656
485034
485920
486144
488010
488864
489515
490849
492954
495030
496247
496780
497012
497139
498289
498400
500386
501378
501961
502654
502693
503541
504501
505395
505467
506410
506746
510296
513497
514361
517321
517503
519371
519437
519578
520267
520901
521892
522115
522713
523481
524850
526312
527363
528192
528266
529563
531211
531981
532660
532681
533257
534692
535357
535826
536796
540423
544239
545168
545238
546680
546900
547027
547605
547736
547781
548169
548748
548952
550918
552343
552943
555116
556100
556346
556678
556742
558857
559539
560028
560376
560657
560703
561422
561772
561978
562785
562795
564603
565649
565715
567415
570428
573693
574147
576244
576358
578176
578979
580951
581461
583197
584104
584544
585282
585399
586210
586336
587189
587383
589072
589459
592763
592877
597336
598236
600342
600772
600850
600993
603219
604585
605445
605593
606661
608034
608931
611706
612213
612407
612680
612882
612955
614041
614088
614828
616496
618537
618889
619767
621292
622372
622532
622621
622971
625677
626007
626741
627219
627331
627438
628192
628226
629430
630240
630789
630854
631017
633893
635073
635856
636358
636497
637735
637742
638154
638180
642666
643600
644882
645689
645882
647830
650089
651635
651718
654357
654712
654989
655759
658393
659038
659163
659201
660361
661456
661925
663702
663703
664631
666015
666459
667724
670333
671066
671500
671923
671935
674931
676640
677006
680781
681743
681877
682767
684495
684727
685239
686201
686475
687732
688189
690691
690852
691721
693333
693521
694353
696131
696289
696300
696308
697372
697434
699826
699899
700022
700136
700217
703406
703795
704817
706504
706867
707470
707640
709611
710928
711381
712552
712726
713081
713931
714262
714790
715830
716684
717810
718536
719702
719799
720567
720718
720757
721594
722512
722872
724050
725180
726103
726223
726722
726789
727272
728598
730095
731304
731389
732210
732254
732951
735819
737209
738591
738837
739345
740965
741223
742012
742333
742386
744444
747031
749022
751506
752237
754516
755306
755542
757097
758121
758298
759229
759672
759804
761263
761834
762442
765141
765372
766202
766232
766409
767402
769637
770716
771352
771503
772611
777011
780020
780452
781634
781926
782879
784346
786379
787724
787869
788524
789520
789712
790445
793096
793139
793607
794593
796084
796602
796830
799719
799793
800599
800660
800748
801277
802509
802581
803872
805165
807974
810453
810847
811567
812487
813293
813520
814844
815377
816171
817942
820961
821244
821259
821422
822954
824172
825992
826399
828513
829128
829155
830252
832064
832953
833470
834355
835093
835193
836406
836579
838051
839035
839513
840401
840832
843434
846840
847230
848758
851380
851955
852076
853623
853661
854786
855953
857774
858410
860620
862986
863055
863708
865755
871067
871939
872574
873534
874462
875505
876967
877335
880272
880490
882411
882518
883350
883597
883780
883964
884508
884613
884750
885049
885603
887306
888139
888573
888603
889985
892124
894575
898926
899978
900928
901570
901923
902687
904493
904770
904893
904934
905492
906663
907837
911671
912630
912963
916154
916490
918051
919695
920323
921738
921852
922212
922907
924027
924042
924218
924758
925216
926551
926822
927176
927433
928201
928422
929664
929758
929978
931614
931881
933862
934388
934968
936339
936621
936721
939151
939677
941620
943989
945496
945906
946288
947460
948308
949856
951805
953129
955688
955850
958553
959011
959029
960281
960452
961117
964165
964318
964414
964724
966346
969384
969493
969993
970783
972175
972615
972879
974687
974693
975026
975092
976075
976333
976518
976605
976658
977233
978480
981160
981561
982316
982434
983515
984271
985074
985137
986198
986717
987062
988039
988629
988787
989591
994116
994437
995164
995885
996060
996707
997618
998071
998578
998656
1000948
1001776
1002226
1002965
1006589
1007035
1007139
1007142
1007378
1007854
1009920
1009926
1010157
1010211
1010281
1012289
1012719
1013600
1016506
1017668
1017801
1018857
1019020
1022465
1024150
1024410
1024763
1024908
1025590
1026007
1026259
1026572
1026738
1027322
1031717
1032977
1033086
1034463
1035800
1036718
1037589
1038203
1038581
1039109
1041404
1042126
1042217
1045170
1045726
1045779
1046234
1051059
1051198
1051432
1053199
1053330
1053440
1053910
1054014
1055081
1058530
1059874
1060206
1060433
1060842
1061809
1064042
1064048
1065372
1065652
1065658
1066203
1067443
1068332
1068621
1068755
1068793
1068834
1069358
1069614
1069768
1070700
1072653
1072779
1074657
1075127
1076738
1077451
1080146
1081272
1081427
1083900
1084001
1085433
1085678
1086918
1087288
1087491
1088245
1089982
1091504
1092605
1093247
1093401
1093672
1095652
1096242
1096343
1096636
1096780
1097396
1097629
1097665
1099016
1101115
1103054
1104596
1105117
1106075
1106157
1108640
1110339
1113188
1115239
1116332
1119522
1119659
1119718
1120913
1121151
1121694
1122587
1123959
1125416
1127663
1129050
1129146
1129564
1129571
1130586
1132567
1135865
1136902
1137281
1137630
1139279
1139788
1140101
1141982
1142124
1142318
1144115
1145459
1148252
1150329
1150788
1151105
1152422
1152806
1153311
1153857
1154727
1158060
1158637
1160863
1164036
1164433
1166591
1166657
1168491
1169170
1169792
1171303
1172337
1172471
1173474
1174530
1175918
1176644
1177156
1178364
1178883
1179061
1181002
1181267
1181505
1183153
1187155
1192293
1192391
1193042
1193736
1194786
1195416
1196267
1197625
1198369
1199717
1200586
1201851
1201933
1202205
1204174
1204658
1204750
1206751
1208131
1208713
1209753
1211676
1213550
1215721
1216207
1217621
1219520
1220310
1221060
1221843
1223896
1224252
1225057
1225168
1227825
1228593
1229064
1229260
1232253
1233150
1233181
1234040
1235141
1235363
1236206
1236251
1237080
1237342
1237365
1237870
1238189
1238703
1238785
1240330
1243161
1243883
1244970
1245449
1247298
1247581
1247713
1248416
1249070
1249885
1251980
1253161
1253854
1255381
1255534
1255946
1258040
1258344
1259638
1260268
1260410
1260808
1260970
1262482
1262885
1262973
1263071
1266118
1266704
1266753
1266756
1266833
1267588
1268939
1269535
1269866
1270989
1271560
1273560
1275120
1275450
1275892
1276044
1276273
1276756
1277409
1278700
1279372
1279642
1279979
1280299
1280533
1281183
1282263
1282585
1284803
1284814
1284867
1285811
1285850
1286081
1286439
1289984
1290368
1291086
1291181
1292479
1292520
1293262
1293930
1294961
1295159
1295756
1296459
1296748
1297599
1297821
1297915
1297978
1298140
1298429
1301393
1303076
1303388
1303791
1305003
1305672
1306576
1308567
1310450
1310844
1310947
1311269
1312347
1312367
1313127
1313223
1314510
1316652
1316779
1316989
1317355
1319040
1320766
1323506
1324217
1327368
1327904
1328031
1329097
1329164
1331710
1332107
1333145
1334518
1335059
1335211
1335533
1336582
1337449
1340727
1341439
1342055
1343074
1343273
1343751
1344582
1344722
1345476
1345729
1346136
1350001
1350941
1350988
1351278
1353531
1354501
1355531
1355686
1356051
1356764
1356872
1357175
1357721
1360650
1361189
1363470
1364563
1364958
1365920
1366862
1367766
1367865
1367973
1367987
1368914
1368943
1369522
1369990
1370605
1372193
1372933
1373017
1373331
1376739
1377655
1378632
1379099
1382085
1384243
1384430
1384603
1384812
1385761
1388061
1389491
1389855
1389975
1390415
1390619
1392127
1392716
1393815
1394512
1394835
1395631
1398581
1399669
1399803
1400046
1401068
1401803
1402730
1403866
1405027
1406935
1409292
1409347
1409464
1411867
1414230
1414818
1415363
1417411
1419073
1419690
1420575
1420892
1421361
1422292
1426689
1429041
1429232
1430831
1431754
1433244
1433897
1434213
1435569
1436684
1437029
1437258
1437777
1441215
1441318
1442975
1443121
1445059
1445582
1445633
1446133
1447056
1447459
1448112
1448692
1449916
1450552
1451058
1452580
1452813
1454149
1456928
1459454
1459737
1463046
1463803
1465037
1465058
1465069
1465345
1466830
1468338
1468864
1469176
1469608
1471354
1471473
1473937
1474542
1475062
1476551
1476797
1480104
1482043
1483558
1484787
1486012
1487378
1487996
1489613
1489987
1490576
1494874
1495281
1495580
1496608
1496964
1497843
1499771
1501919
1502250
1505994
1506136
1506537
1510743
1512490
1513384
1513407
1514229
1514392
1514644
1514754
1515901
1516836
1516905
1517100
1517346
1518111
1518900
1520528
1521264
1521536
1523927
1524204
1524220
1525943
1527488
1527906
1529546
1530307
1530344
1531058
1532217
1533444
1533934
1534713
1535226
1536147
1536168
1537467
1537599
1538700
1539183
1539793
1540623
1542591
1543226
1543394
1543441
1545409
1546275
1547753
1549697
1550042
1550797
1551087
1551334
1554293
1555662
1557021
1558307
1560259
1561498
1561528
1561762
1562574
1562879
1563189
1563203
1563897
1565224
1565620
1565740
1565851
1567271
1569685
1571134
1571370
1571836
1571960
1573773
1574881
1574963
1575317
1576749
1581285
1582152
1582661
1582792
1583261
1583633
1583662
1584125
1585933
1586231
1589816
1589965
1592632
1594283
1595389
1596251
1596267
1597171
1597351
1598809
1602362
1602668
1602819
1603971
1605148
1607085
1607184
1607187
1608332
1610985
1611794
1612265
1615210
1615724
1616747
1617333
1617696
1621842
1623378
1623972
1625444
1628061
1628923
1629818
1629879
1630811
1631043
1631267
1632165
1632173
1633210
1635869
1636189
1641363
1642119
1642790
1644007
1644190
1644191
1644259
1645634
1646025
1646254
1651013
1651554
1654945
1655274
1656341
1658566
1662168
1662986
1663000
1663139
1666233
1666819
1667371
1668371
1669784
1670322
1671979
1672051
1672075
1673170
1674140
1674383
1674487
1674909
1675224
1675239
1675311
1675400
1675501
1676893
1677200
1678367
1680768
1681344
1681678
1682075
1682099
1683492
1684295
1687664
1688216
1688426
1688436
1689991
1690311
1690540
1690545
1690819
1691117
1691775
1693686
1693972
1694391
1694902
1694991
1695052
1695524
1696325
1697097
1697232
1698756
1698765
1698827
1701639
1702115
1702325
1706428
1707900
1708937
1711782
1712882
1714423
1714998
1717702
1719068
1720801
1723370
1724407
1724541
1724768
1724797
1724916
1726506
1729352
1729356
1729867
1730205
1731740
1732650
1732694
1734121
1736785
1737111
1737259
1748234
1748736
1749199
1749670
1755670
1756385
1756614
1756909
1756989
1757684
1758979
1759471
1760176
1761687
1761869
1761896
1763071
1764537
1765234
1766364
1766484
1766660
1766918
1767498
1767730
1768102
1768160
1769204
1769781
1771741
1775900
1776685
1778185
1780046
1780634
1782411
1783051
1783511
1783909
1785170
1787765
1788112
1789236
1789974
1790000
1791993
1794072
1794410
1794556
1796036
1798494
1798927
1799913
1801549
1803257
1804186
1804377
1804784
1805707
1807095
1807234
1808421
1809119
1810234
1811133
1811860
1813173
1813851
1814316
1814513
1814605
1817607
1818156
1819557
1819768
1819907
1820510
1821250
1822320
1823017
1825833
1826339
1826627
1827818
1828242
1828550
1829095
1833673
1833770
1834149
1835781
1837263
1841281
1841782
1843312
1843344
1843502
1844350
1844484
1846356
1846530
1849276
1849717
1849857
1850767
1851584
1852132
1852902
1853252
1854683
1854797
1855502
1855542
1855640
1857007
1857637
1857988
1858501
1859669
1859840
1860750
1861600
1862626
1863865
1866703
1869176
1869548
1869684
1870400
1873778
1875539
1877241
1877753
1877834
1878429
1879254
1880788
1882463
1882607
1883557
1884394
1887852
1888511
1890699
1891250
1896997
1897905
1898143
1898670
1901476
1902437
1903181
1904717
1904751
1904951
1907402
1907812
1907891
1909073
1909629
1910078
1910371
1911542
1912201
1912958
1913083
1913867
1914872
1916798
1919114
1919686
1919867
1921261
1921384
1922217
1922244
1925245
1928171
1928491
1929577
1929668
1930266
1930942
1931172
1931564
1932031
1935039
1935249
1935458
1937468
1937720
1938529
1938669
1939091
1939387
1942192
1942197
1944536
1945189
1946138
1946531
1946695
1949873
1949958
1950821
1951370
1951561
1958318
1959692
1960011
1961497
1962187
1962695
1963203
1963239
1969131
1969372
1969636
1970112
1971435
1972884
1973171
1973432
1973725
1974941
1975164
1975399
1976013
1978554
1978662
1978857
1980843
1982997
1983494
1984241
1985862
1988438
1989373
1989466
1989511
1998344
1999614
2000459
2001001
2001610
2001749
2004240
2004516
2004735
2005017
2005055
2005225
2006830
2007375
2008941
2011877
2012250
2013002
2014145
2014266
2016798
2016913
2018362
2018742
2022574
2023388
2023391
2023825
2024179
2025975
2026008
2026170
2027505
2027955
2031558
2031991
2032248
2032503
2032755
2033743
2033754
2033885
2034145
2037597
2038543
2039267
2039962
2040274
2040346
2041497
2041854
2042631
2047009
2048996
2049107
2049256
2050834
2051126
2052235
2053117
2053319
2054312
2056599
2059751
2059939
2060786
2062288
2063134
2064105
2064525
2065747
2067071
2068048
2070155
2070169
2071196
2075089
2078011
2078080
2078435
2079476
2081064
2081286
2081629
2082745
2083023
2084877
2086972
2090087
2090105
2092563
2093925
2094549
2096672
2099161
2099811
2100074
2100392
2100612
2102145
2104664
2105490
2106500
2107076
2107390
2108964
2110084
2110624
2114161
2114405
2115406
2115536
2118294
2119075
2119989
2120587
2122754
2123095
2123903
2125415
2125572
2125920
2127505
2127903
2131144
2131188
2132511
2132947
2133378
2134352
2136033
2137595
2137968
2139002
2139740
2141102
2143244
2144456
2145999
2146873
2148441
2148633
2148780
2149602
2149787
2150878
2153395
2153463
2154189
2154524
2155989
2157755
2157862
2158073
2159107
2159853
2164260
2165530
2167210
2167736
2167932
2167987
2168335
2169820
2170589
2173110
2173732
2173831
2174158
2174749
2174850
2176212
2177861
2178051
2179071
2179585
2180455
2181001
2181063
2182313
2183414
2184005
2187660
2187908
2188694
2188873
2189764
2190017
2191176
2191853
2192267
2192307
2192540
2192877
2192933
2193484
2193809
2193908
2194445
2195222
2195738
2196065
2197435
2198070
2198154
2198263
2198842
2200765
2201327
2201505
2202354
2202492
2203309
2204713
2206689
2207730
2210607
2211094
2213205
2213903
2215642
2218439
2218652
2220075
2223227
2225752
2227325
2228549
2228781
2234181
2236262
2237369
2238591
2238747
2239944
2241261
2243284
2243472
2246134
2246755
2247160
2247557
2247592
2251887
2254403
2254710
2255068
2255320
2255680
2256936
2258267
2260807
2261789
2262394
2262627
2262741
2262790
2263306
2263975
2264598
2265225
2266550
2267012
2267494
2268906
2270508
2271091
2271429
2272228
2273150
2273922
2275558
2275779
2275825
2277873
2281504
2284869
2287134
2289696
2291909
2292466
2295197
2296855
2297266
2297379
2298745
2299713
2299798
2301007
2301838
2304271
2304438
2304787
2305547
2307577
2308497
2313074
2313361
2313388
2315064
2315855
2316401
2317042
2317651
2321070
2321378
2324424
2324500
2324570
2324743
2325965
2327230
2328668
2330839
2330993
2331052
2334281
2335642
2335646
2336338
2336778
2337689
2337911
2338254
2340293
2341007
2342106
2344449
2344664
2345090
2345614
2348216
2349050
2349560
2349673
2350441
2350908
2352736
2353197
2355254
2355995
2356101
2356608
2356661
2358107
2358328
2358588
2359032
2359983
2360171
2362631
2363219
2364456
2365258
2365484
2369339
2371713
2372111
2372918
2373218
2373288
2374041
2374347
2379064
2379730
2380313
2380412
2381505
2381830
2382392
2382456
2382612
2383469
2384881
2385098
2385790
2385865
2386123
2386979
2387107
2388340
2389222
2390278
2390287
2391133
2391675
2391989
2394127
2396549
2396571
2399515
2400369
2400731
2400999
2401546
2401704
2402323
2404813
2405175
2406614
2409198
2409290
2410420
2410802
2411641
2411956
2413222
2414015
2417724
2418119
2421454
2423355
2424026
2424121
2424158
2424378
2424912
2425209
2426011
2429196
2431263
2431989
2433756
2434037
2434358
2434554
2434658
2435231
2436184
2436458
2439700
2440365
2442727
2446371
2446568
2446733
2448047
2449252
2449765
2450148
2450993
2451371
2451434
2453514
2454888
2454906
2455366
2455423
2455965
2456554
2456603
2458102
2459969
2460319
2464018
2464037
2464687
2465628
2468681
2468849
2469194
2470024
2470692
2473000
2473018
2473838
2474276
2474475
2474805
2476242
2476341
2482387
2482708
2482934
2484636
2484704
2485801
2486619
2486731
2486905
2487122
2487483
2487986
2488478
2488515
2488651
2488891
2488932
2489731
2491950
2492631
2492638
2492973
2493411
2493997
2495884
2497077
2498287
2499045
2500632
2500811
2504137
2504607
2504831
2505971
2506153
2506913
2507254
2508207
2510685
2511205
2511284
2512897
2514466
2514948
2518683
2519613
2519731
2520762
2520943
2520965
2521561
2521680
2522906
2523553
2523634
2523757
2524977
2529583
2529658
2529805
2530057
2534660
2536182
2540504
2540782
2542163
2545803
2545833
2545945
2546156
2546167
2547795
2549462
2551836
2552394
2552642
2553245
2553248
2554976
2555205
2556587
2556859
2558060
2558235
2559318
2559342
2559482
2562122
2562938
2565284
2565809
2566140
2566392
2567009
2569455
2573157
2574214
2574809
2575059
2575320
2576651
2580125
2581076
2581857
2582976
2583144
2584134
2585097
2585491
2585864
2586757
2588221
2588653
2589138
2589883
2590240
2590424
2591504
2596467
2596499
2596609
2598150
2599866
2600148
2600287
2601282
2602226
2602239
2602739
2605213
2606994
2607387
2607501
2607572
2607635
2608375
2610163
2610841
2610904
2611512
2612029
2612614
2612764
2613041
2614654
2617421
2618059
2618319
2619991
2622489
2622937
2627020
2627343
2628474
2628484
2628834
2629441
2630692
2631616
2633768
2634039
2634566
2635644
2636051
2636739
2639068
2639976
2641488
2641590
2641688
2642673
2642828
2644443
2646828
2647665
2647841
2648224
2649426
2651714
2652187
2652484
2654671
2654950
2656147
2659506
2661651
2661897
2663414
2665950
2666886
2668622
2669239
2670793
2671216
2671403
2671481
2672693
2672698
2672954
2673161
2673493
2673528
2674607
2675606
2676160
2677561
2677884
2678027
2678331
2678869
2679089
2679356
2679934
2681166
2682242
2682933
2685526
2686511
2686947
2687251
2687525
2687630
2688148
2689902
2690961
2691123
2691383
2694318
2695305
2695853
2696013
2696879
2697617
2697748
2698050
2699584
2700095
2702169
2702229
2702588
2703029
2703413
2704711
2704719
2705215
2706077
2706124
2707133
2707273
2707965
2708205
2711326
2715289
2716528
2720204
2720660
2721046
2722320
2722339
2722871
2724911
2725094
2725554
2726198
2726476
2730968
2731653
2733356
2733455
2734034
2734867
2736565
2737225
2737327
2738378
2738508
2738658
2739699
2740048
2741155
2744957
2745272
2746510
2747575
2749788
2749879
2750199
2750730
2754740
2755157
2756134
2756780
2756865
2757025
2758495
2758966
2759033
2759665
2760040
2761114
2762049
2762626
2762630
2762728
2762856
2764788
2765452
2767466
2767489
2768288
2768450
2769314
2769479
2770884
2771473
2771791
2773435
2773991
2780069
2781728
2781827
2782193
2783767
2784445
2784518
2785388
2786141
2786429
2787262
2790322
2790721
2792120
2795096
2795680
2797629
2799130
2799378
2799601
2800285
2801280
2802481
2802853
2803831
2804389
2805215
2805338
2807584
2808045
2808268
2808394
2809225
2809751
2811849
2813875
2813907
2814234
2814549
2816705
2817131
2819678
2822569
2823313
2826164
2826454
2830787
2831421
2832705
2833102
2834638
2835510
2835967
2836168
2837187
2838598
2838957
2839920
2840917
2841460
2841818
2842439
2843297
2843947
2844824
2850743
2851088
2851407
2852470
2852915
2854184
2855560
2855821
2856529
2857291
2859251
2860137
2860777
2861876
2862401
2862576
2863070
2863772
2864285
2864478
2865306
2866371
2866379
2867655
2867856
2868223
2869769
2870070
2872080
2872134
2873327
2873347
2873458
2875453
2876133
2877748
2878308
2880039
2882360
2882364
2884448
2884744
2885900
2886912
2887015
2887066
2889075
2889613
2891675
2892041
2893366
2894824
2895416
2896234
2896986
2897449
2897848
2897932
2898821
2899331
2903342
2903974
2904477
2905594
2906147
2907361
2909648
2910650
2912969
2916683
2916769
2917023
2917784
2917813
2919105
2919716
2922402
2923540
2927904
2928644
2928671
2928837
2929509
2931675
2931835
2931852
2932794
2932862
2936398
2937569
2937892
2938410
2939262
2939919
2940302
2940607
2941762
2941920
2942230
2943734
2944570
2946353
2946385
2947201
2947835
2949448
2950732
2956039
2956687
2956690
2957405
2957636
2957985
2958466
2960358
2960563
2960635
2960895
2961990
2962294
2962300
2962965
2963710
2964003
2964880
2965802
2969091
2969637
2971274
2972084
2972782
2972823
2973661
2973741
2976231
2976462
2977888
2979471
2979534
2980062
2982268
2982867
2983929
2985295
2986676
2987781
2988154
2988407
2989110
2989702
2990101
2991498
2992646
2995359
2996616
2997347
3000202
3000314
3000765
3001329
3003162
3005594
3005933
3006612
3006737
3007089
3007293
3007463
3007611
3007770
3007990
3008965
3009653
3009662
3010393
3011077
3012364
3013740
3014471
3015922
3017132
3017465
3017971
3018507
3018711
3019629
3021237
3023397
3025018
3026258
3026671
3027118
3027219
3028007
3028472
3028600
3029744
3031018
3033151
3035045
3037114
3038146
3038473
3040114
3040230
3041752
3041841
3042090
3043502
3044167
3044572
3044750
3047313
3047545
3048270
3050385
3051730
3052886
3052954
3055279
3057110
3057956
3058456
3065045
3066103
3067047
3067366
3068780
3072238
3072612
3074176
3075115
3075158
3076454
3076586
3077231
3079691
3082092
3083264
3085045
3085176
3085369
3085710
3085720
3088121
3088662
3090477
3091991
3092014
3092872
3093504
3093573
3094167
3094505
3095222
3095845
3096350
3097331
3097567
3098099
3098578
3099186
3099763
3099802
3099951
3099999
3102099
3103361
3104734
3105223
3105844
3106528
3107062
3107395
3107936
3108165
3109033
3109066
3109283
3109475
3111871
3112068
3114644
3115941
3116644
3116801
3117059
3117167
3117299
3117935
3119155
3120389
3120593
3120754
3120796
3121575
3123234
3123244
3123487
3123793
3123830
3124158
3124410
3124721
3125260
3125684
3127535
3129052
3131164
3132497
3134340
3135259
3135349
3139405
3139767
3140473
3141318
3141771
3141881
3143462
3143655
3145594
3145696
3147525
3148979
3149202
3149272
3149855
3151419
3151844
3154342
3156169
3156635
3156818
3157550
3157652
3158712
3161821
3165121
3165156
3165396
3166458
3167034
3168983
3169834
3170899
3171546
3171821
3172460
3174298
3175046
3175736
3177404
3177952
3179005
3179565
3179764
3181240
3181268
3182136
3182211
3184618
3186444
3186720
3188244
3188638
3189486
3189951
3191479
3191505
3191653
3192226
3192639
3194728
3195365
3195561
3196178
3197163
3197725
3200096
3201694
3201846
3202058
3203199
3203292
3203692
3205426
3206073
3206379
3206384
3207173
3207348
3207462
3207465
3208238
3208840
3210407
3210520
3212963
3214862
3216865
3217618
3219067
3222430
3225335
3225945
3227481
3228148
3228174
3228291
3232076
3232134
3232650
3235169
3235302
3236859
3238668
3239691
3240476
3242443
3243112
3243232
3243501
3243711
3246123
3248563
3248680
3248823
3250481
3251507
3251800
3252947
3253498
3254231
3255604
3256198
3256854
3256986
3260122
3263459
3267345
3268039
3270824
3271083
3271270
3274534
3276363
3277027
3277114
3281247
3283188
3285460
3285992
3286938
3287957
3289040
3290840
3295868
3296682
3297217
3298988
3300089
3300094
3301172
3303135
3303235
3303831
3303983
3304469
3305375
3306142
3306840
3308918
3310497
3311284
3311636
3312391
3312439
3313187
3314042
3315165
3317422
3317624
3318084
3318874
3320593
3321278
3321519
3323589
3323632
3324724
3324896
3327084
3328476
3329531
3330584
3330859
3331296
3332025
3332935
3333941
3334512
3334622
3335722
3337543
3338318
3338649
3339182
3339413
3341007
3341830
3342474
3343145
3343735
3344215
3348684
3348981
3349732
3349742
3349864
3350548
3350676
3351482
3351581
3352978
3354595
3355777
3356412
3356611
3358481
3358846
3360099
3362390
3362922
3364314
3364782
3365591
3366009
3366114
3367131
3367718
3367948
3368117
3369177
3369869
3371013
3372222
3376743
3377102
3377665
3379045
3379914
3380001
3380400
3380742
3380745
3382968
3383231
3383899
3386813
3386860
3386997
3387211
3387444
3387589
3389503
3390113
3390164
3390749
3392946
3393845
3394713
3395435
3397121
3398454
3400644
3402239
3403082
3403297
3403476
3404226
3407016
3408651
3409494
3411486
3411572
3411976
3412541
3412849
3413998
3414320
3414384
3414856
3416791
3418652
3419103
3419332
3420472
3420537
3420579
3420856
3420945
3421668
3423366
3424634
3424944
3425368
3425601
3426509
3430867
3431214
3432997
3433509
3433785
3436153
3438916
3439003
3441375
3443568
3444124
3444776
3446895
3447637
3447698
3447976
3448426
3452324
3453158
3453572
3454100
3454858
3455218
3455281
3455462
3459447
3461000
3461100
3461994
3462414
3462726
3465003
3465168
3465949
3466616
3468724
3472394
3473586
3474648
3474921
3474934
3475815
3476174
3477219
3477249
3479928
3481939
3483929
3483961
3484575
3485205
3486124
3487807
3488894
3489450
3490418
3492008
3492428
3492851
3493449
3494426
3495203
3495819
3497106
3497298
3497311
3497952
3498486
3499556
3500827
3501168
3502331
3502810
3503473
3504189
3506674
3508626
3509352
3513532
3513954
3514229
3514926
3515629
3516202
3519718
3520477
3521029
3521973
3522410
3525275
3526929
3528438
3528629
3528815
3528906
3529255
3530115
3531596
3531759
3531932
3539867
3540895
3541016
3542883
3546421
3551451
3552856
3553774
3554094
3554882
3560051
3561222
3561236
3561244
3561314
3564061
3564551
3566291
3566639
3566787
3567623
3568303
3568596
3570280
3571843
3572662
3573557
3574306
3574838
3575115
3575231
3575887
3576330
3576732
3577043
3578147
3578235
3578514
3579927
3580141
3581668
3583160
3584040
3585776
3585889
3587146
3587854
3588078
3589585
3591296
3591346
3591957
3592507
3594139
3595184
3596783
3597209
3597731
3599894
3601753
3602628
3603827
3604877
3605013
3605364
3605797
3606738
3608846
3611444
3614022
3614395
3615069
3615322
3618747
3622567
3626389
3629366
3629564
3629625
3629809
3630004
3630124
3630657
3630924
3630967
3631153
3631760
3632482
3632689
3633629
3634496
3637673
3639953
3640229
3641582
3641677
3643866
3644267
3644993
3645558
3646244
3648716
3650045
3650175
3651160
3651451
3651841
3652138
3653235
3653440
3655334
3656077
3656807
3659294
3659355
3659532
3660437
3660625
3661485
3661627
3664420
3664732
3664933
3667668
3667981
3668283
3669378
3671034
3671152
3671774
3671903
3675503
3676410
3677034
3677557
3677621
3679036
3683846
3687111
3687777
3688091
3688283
3688491
3690962
3691438
3691990
3692304
3693688
3695129
3695284
3695757
3695954
3696541
3697160
3698625
3699153
3700613
3700803
3700919
3701952
3706167
3706991
3710981
3712523
3713170
3713385
3713818
3713927
3715803
3716081
3716148
3716223
3716269
3717448
3718348
3719869
3720374
3721107
3721885
3722290
3724163
3725411
3725766
3727099
3728618
3728705
3729444
3729536
3732032
3733005
3733767
3734319
3734487
3737376
3737482
3738009
3739332
3739828
3740129
3741222
3741351
3741682
3741865
3742700
3742994
3744079
3746277
3746367
3746461
3746805
3747015
3747077
3747694
3747722
3747808
3748012
3749999
3750784
3751143
3751814
3752532
3753783
3753921
3753960
3754797
3756843
3758441
3759816
3760078
3760660
3762441
3763174
3763921
3764224
3764622
3764636
3764757
3765757
3767857
3768351
3769116
3769371
3769723
3771732
3772164
3774674
3774758
3775851
3776709
3777154
3777464
3778661
3780990
3782017
3782692
3782957
3783349
3783634
3784129
3786902
3787378
3789987
3790633
3791831
3792068
3793121
3793230
3795176
3796553
3797463
3798474
3805480
3805987
3807692
3808356
3808695
3809652
3811428
3812616
3813830
3814024
3814364
3814856
3815969
3817315
3818992
3823640
3823690
3824701
3826013
3827136
3827168
3828600
3828919
3830655
3830768
3831413
3832780
3832922
3833047
3833660
3833702
3833927
3834678
3834792
3834830
3834911
3835032
3835998
3836804
3837512
3838134
3838253
3838377
3839750
3840598
3841499
3843209
3845398
3845635
3846406
3849362
3849406
3851651
3853527
3853999
3854238
3855899
3856632
3856940
3857049
3858272
3863026
3863754
3864447
3866154
3869916
3870148
3872286
3874183
3875661
3876347
3878663
3880035
3881270
3881589
3881706
3881944
3882036
3882056
3883210
3883379
3883394
3883713
3883740
3885252
3885686
3887334
3888315
3888981
3889418
3890387
3895770
3895783
3895812
3898660
3899412
3900772
3902535
3902581
3903269
3903302
3904481
3906012
3906134
3908668
3909574
3909708
3910535
3910578
3911841
3912191
3912609
3913395
3914304
3914366
3916250
3916903
3916916
3917975
3918521
3920595
3921193
3926034
3926346
3926428
3927143
3927903
3928404
3928487
3929280
3932062
3933177
3933746
3934609
3936526
3938007
3938621
3940096
3940555
3943118
3944222
3945418
3945996
3946388
3948292
3949067
3949107
3949165
3949246
3949589
3949894
3950205
3950319
3950917
3951762
3954889
3957491
3958867
3959139
3959873
3961138
3961671
3962662
3962844
3963337
3964299
3964799
3964993
3969295
3972585
3975755
3976471
3977686
3978039
3978322
3978441
3978973
3980060
3980663
3980672
3982711
3984274
3985274
3985599
3987552
3988896
3989015
3989602
3990860
3992108
3993383
3993399
3993584
3993710
3994436
3994713
3995097
3995432
3995888
3998541
3998825
3999413
4000086
4001196
4003725
4004300
4005976
4006587
4007597
4008541
4009158
4009672
4009673
4010979
4011273
4017180
4017361
4017557
4018133
4019254
4019730
4019834
4019931
4021908
4023089
4023872
4024410
4025536
4027625
4028147
4028914
4029089
4029958
4031628
4031703
4032953
4034839
4035444
4035541
4036751
4037403
4039058
4043127
4046304
4047102
4048848
4049214
4050327
4052144
4053272
4053843
4053986
4053989
4056606
4056648
4057466
4058266
4058344
4058648
4058973
4060953
4061390
4066635
4067019
4068473
4068790
4072999
4073775
4073789
4075945
4076651
4076787
4076909
4079574
4080799
4081373
4082401
4082575
4083013
4083277
4083758
4083893
4084382
4085045
4085550
4088379
4088560
4089060
4089256
4089321
4089658
4089721
4091059
4092197
4092402
4092987
4093355
4096573
4097811
4099936
4100024
4100894
4101093
4103091
4103440
4103469
4105839
4108693
4108756
4111466
4113288
4114693
4115036
4115422
4115601
4116875
4120403
4120569
4120708
4123279
4123355
4125401
4126552
4131187
4132327
4135012
4135732
4137169
4137835
4140110
4141697
4143248
4143410
4143949
4144158
4145093
4145615
4148187
4150189
4150343
4151107
4151391
4152628
4153095
4155872
4156977
4158990
4159077
4160849
4164457
4164553
4164689
4166392
4166586
4167160
4168458
4168536
4168806
4169135
4170092
4171167
4171745
4172317
4172499
4173700
4173918
4174003
4176787
4177129
4177832
4179681
4179709
4183004
4186816
4187816
4188556
4191632
4192040
4193538
4194497
4194975
4195063
4195624
4197349
4198866
4200386
4200711
4201550
4201764
4203918
4204419
4204526
4205187
4207502
4210118
4210694
4211201
4212877
4215749
4217638
4217842
4217888
4218145
4218223
4218316
4221093
4221318
4221524
4221852
4222644
4222994
4223128
4223347
4223419
4223464
4223788
4224165
4225593
4226700
4227320
4227887
4228327
4228816
4229380
4229810
4231107
4233690
4234853
4235505
4236379
4240459
4240511
4241729
4242115
4242639
4243050
4244226
4245791
4246312
4246566
4249917
4250213
4250311
4250567
4253958
4255580
4255807
4256245
4256657
4258565
4260541
4261411
4262135
4262417
4263203
4264757
4265723
4266070
4268107
4268204
4269136
4269494
4269600
4269690
4269828
4269877
4269988
4270233
4271257
4272088
4272306
4273343
4274495
4274849
4275735
4277643
4279719
4279889
4280909
4281359
4281792
4282726
4283116
4283474
4286346
4286514
4289003
4289388
4291346
4292093
4292110
4293739
4294388
4296222
4298279
4298659
4298797
4298885
4299111
4302548
4303257
4303301
4303848
4306221
4307010
4307786
4308737
4309314
4309535
4311567
4311678
4314384
4315128
4316561
4316910
4316931
4317032
4317224
4322924
4323268
4324858
4325264
4327083
4327272
4328449
4328857
4331248
4332847
4334544
4335883
4336108
4336210
4337540
4337608
4337980
4338917
4339548
4340264
4341163
4343178
4344796
4346010
4347845
4348080
4349437
4352363
4353490
4353825
4354700
4355921
4356392
4358014
4360493
4363701
4367660
4368504
4368981
4369148
4370261
4370819
4371791
4371802
4375483
4376499
4376960
4377179
4377621
4378627
4378881
4379366
4379415
4379432
4380656
4381098
4382888
4383870
4384736
4385570
4385751
4390117
4393792
4393907
4393935
4396565
4396981
4397640
4399414
4399950
4401024
4401288
4401564
4404176
4404343
4409998
4412601
4412661
4414096
4414356
4414393
4414474
4415196
4416386
4416790
4416901
4417724
4418376
4419531
4419939
4420086
4420122
4420513
4421113
4422086
4427298
4428159
4429699
4429893
4432569
4432850
4434667
4434957
4436147
4436206
4436943
4437149
4437370
4438260
4438345
4438467
4439855
4440967
4444352
4446114
4448303
4448450
4449596
4451062
4451672
4452727
4452785
4455100
4456752
4458327
4460336
4460691
4463883
4464413
4464605
4467962
4469871
4470121
4470734
4471512
4471669
4471682
4472210
4472805
4474548
4474559
4474840
4475010
4475489
4476404
4476630
4477217
4478301
4479656
4480515
4481212
4482282
4483747
4484432
4488491
4488529
4489795
4489941
4490901
4491227
4493458
4493678
4495427
4496655
4496719
4497555
4500722
4501896
4502942
4502961
4504520
4504800
4505338
4505860
4506703
4509018
4509072
4509885
4510664
4512646
4513274
4513385
4514129
4514386
4514916
4515234
4516760
4518107
4520280
4522219
4523388
4524280
4526147
4526195
4528942
4530672
4532921
4537324
4540708
4541216
4541301
4541499
4542313
4542466
4544849
4547748
4548536
4549399
4550798
4550946
4551011
4553066
4553149
4555534
4556094
4556155
4556217
4558436
4558961
4559106
4559211
4561694
4562708
4563718
4564580
4564690
4565475
4566689
4567175
4569470
4570727
4571388
4572707
4573415
4574840
4575849
4576133
4577167
4578441
4578589
4578868
4582908
4583979
4584444
4584896
4585833
4586262
4587173
4587575
4588640
4588941
4591387
4592059
4596202
4600098
4600281
4601931
4603348
4603614
4604060
4606747
4607687
4607762
4608525
4609388
4610840
4611242
4611934
4612024
4613623
4614284
4614482
4615136
4616943
4617083
4617188
4619469
4623420
4624638
4625149
4628820
4628847
4632181
4637043
4638025
4638606
4640169
4641123
4641990
4642619
4642642
4643245
4644864
4644966
4645118
4645889
4645908
4645915
4647517
4647629
4648076
4648212
4650949
4651739
4651749
4652439
4652523
4652690
4655645
4657981
4658981
4659991
4661366
4661541
4662688
4662899
4663214
4664111
4665347
4665791
4665827
4669044
4670569
4671360
4673766
4673801
4675996
4679689
4680521
4681352
4681582
4682331
4683136
4685292
4686216
4688827
4689067
4689137
4689271
4689799
4690263
4691293
4691576
4694391
4695669
4699795
4701255
4702026
4702145
4702731
4703032
4706714
4710507
4711726
4713299
4714568
4715130
4715284
4716108
4716422
4717352
4718739
4718765
4719428
4720616
4722415
4722754
4723362
4724212
4724946
4727650
4730425
4733597
4733843
4737471
4737817
4740538
4741777
4742226
4743010
4748192
4750116
4753669
4754457
4755376
4756459
4756766
4756941
4756957
4757047
4757262
4757594
4757825
4759480
4762128
4762963
4763759
4766207
4766488
4766953
4767242
4769192
4769876
4770152
4770994
4770995
4771806
4771897
4772089
4775082
4775573
4778187
4778729
4778769
4780033
4780078
4780352
4783230
4784808
4786911
4789665
4789875
4790810
4790813
4793978
4794207
4795276
4796485
4800844
4801055
4802873
4803240
4803347
4804776
4807792
4809952
4809976
4810423
4810927
4811467
4814513
4815067
4815224
4815328
4816791
4817461
4817468
4818091
4819222
4819610
4819810
4821291
4822245
4822263
4823597
4824029
4826716
4829212
4829946
4830625
4830746
4831195
4831762
4831808
4832249
4835705
4836803
4839557
4839894
4839915
4840831
4841404
4841660
4842520
4843012
4843655
4846489
4846797
4846899
4847220
4848507
4849953
4850666
4850904
4851506
4852637
4852813
4852839
4852928
4853131
4854961
4855150
4855275
4855642
4855997
4860474
4861084
4861693
4861972
4862004
4862450
4862586
4863965
4863976
4865736
4867106
4868091
4868628
4869213
4870431
4871463
4872067
4875461
4880026
4880742
4881129
4881806
4882898
4882907
4882923
4883054
4883790
4884959
4885031
4886399
4886791
4887192
4887294
4888737
4890456
4890731
4891760
4892602
4895772
4895890
4896176
4896405
4897524
4898527
4900203
4900268
4901631
4901986
4903537
4904677
4904898
4905236
4906746
4906980
4908150
4909082
4909733
4910265
4911348
4911606
4912007
4912345
4914249
4914501
4916058
4916062
4916885
4918623
4919479
4920619
4921158
4922400
4923428
4924780
4926667
4928048
4928771
4928897
4932114
4932487
4934017
4935169
4936523
4939785
4942056
4945685
4946391
4947061
4947756
4948536
4949474
4951053
4952768
4952808
4953084
4955962
4956130
4957385
4957463
4957579
4957748
4961704
4962320
4962672
4963234
4963261
4964296
4964695
4967941
4968265
4969969
4970870
4971402
4973588
4976969
4977030
4977063
4977389
4977721
4978199
4978556
4980637
4981724
4981983
4983267
4984605
4984932
4985177
4985721
4985837
4987387
4989134
4989674
4990494
4991232
4992999
4993430
4993641
4994126
4994432
4994628
4995082
4996080
4997144
4998284
4999068
5000035
5000749
5001087
5001938
5002060
5004654
5005291
5005400
5006629
5006672
5008516
5008770
5010361
5010846
5010909
5011231
5018333
5019031
5020448
5024964
5025182
5025908
5026844
5026962
5029511
5031674
5031839
5033435
5033611
5034541
5035155
5035871
5037554
5038042
5038669
5039411
5040963
5041906
5044645
5045871
5047324
5050184
5050458
5051124
5051975
5053607
5054623
5054910
5055242
5056628
5058182
5058734
5060290
5060396
5061065
5061926
5062991
5063046
5063610
5065095
5065638
5066129
5068127
5068704
5070333
5070710
5073730
5074086
5075241
5078271
5078488
5078897
5078914
5079500
5083390
5083392
5085841
5085983
5087774
5088216
5088402
5090382
5090479
5090606
5090617
5091568
5091628
5091902
5091961
5091967
5092274
5094902
5096266
5097638
5100040
5100286
5101150
5103652
5109639
5109855
5110711
5111139
5113865
5115158
5115331
5118367
5118824
5121190
5123166
5124234
5124970
5125483
5125610
5127280
5127615
5129107
5131269
5132479
5134649
5137231
5137333
5139569
5139706
5140041
5141426
5141450
5141935
5142933
5147373
5148976
5149235
5150475
5150802
5151628
5153635
5153995
5155628
5158197
5158259
5159140
5161246
5164244
5165201
5165784
5168702
5168856
5170350
5170944
5171478
5173673
5173709
5174840
5175264
5175344
5175899
5176197
5176756
5177233
5177962
5179256
5179290
5181483
5181506
5181966
5183468
5183818
5184703
5184809
5186123
5186318
5188427
5188819
5189295
5189642
5191031
5192216
5193236
5195927
5196725
5196796
5197555
5197966
5198086
5198222
5199818
5201745
5201773
5202056
5202157
5204587
5204922
5207410
5208050
5208364
5208496
5208723
5209092
5209498
5211451
5211906
5212215
5213769
5215948
5216141
5216424
5216968
5218220
5218431
5219284
5219719
5220434
5220463
5221277
5221282
5221897
5224189
5224267
5225679
5226897
5227300
5227369
5227902
5230028
5230602
5231903
5232933
5234472
5235267
5235295
5235964
5238675
5239665
5241171
5243691
5244118
5245951
5246466
5248852
5250121
5251123
5251200
5251266
5251470
5253148
5254008
5254015
5254230
5254407
5255354
5255994
5256587
5259295
5262890
5263538
5264779
5264932
5267719
5268954
5273154
5275919
5277394
5278183
5278773
5279338
5280919
5283528
5283980
5284399
5284878
5284972
5285533
5285646
5286934
5287705
5290254
5290930
5292267
5293452
5296525
5299502
5300761
5300772
5300837
5301059
5301216
5303039
5304195
5305249
5305664
5305808
5306077
5306103
5306312
5307263
5307564
5307821
5308476
5308687
5308901
5308998
5309442
5309924
5311174
5311560
5312628
5313784
5313925
5316952
5317197
5317837
5318157
5318635
5320540
5321736
5322344
5323798
5324498
5326064
5327663
5327861
5328945
5331631
5332838
5332870
5334224
5335877
5336973
5338078
5339183
5341024
5341043
5341083
5342785
5344430
5345346
5345875
5345939
5346512
5347763
5347891
5348919
5350553
5352101
5352287
5352506
5354381
5354952
5357458
5358117
5358444
5358687
5360612
5361651
5361929
5363712
5365266
5367041
5367754
5367788
5369303
5370906
5371372
5372153
5373373
5376107
5379402
5379863
5379884
5380505
5381007
5382941
5383880
5385291
5386308
5387312
5389924
5390234
5390307
5392347
5392573
5393832
5394696
5397437
5397559
5398142
5398660
5398696
5399305
5399768
5400667
5402748
5402898
5405507
5406109
5407601
5408084
5408298
5409367
5409500
5411101
5411935
5412080
5414080
5414339
5414966
5417068
5417745
5418425
5418638
5418866
5420455
5420490
5421853
5421994
5422175
5422795
5427349
5428851
5429398
5429593
5430176
5430680
5431540
5431618
5432227
5433167
5438292
5438397
5439799
5441614
5442001
5442413
5444207
5444482
5444831
5445999
5446120
5446990
5447139
5448180
5448254
5448824
5450539
5452556
5457967
5458499
5459145
5459681
5461843
5462976
5463302
5464646
5465612
5467506
5467523
5470120
5470401
5471195
5471529
5472820
5474666
5474706
5476474
5476800
5477266
5477300
5479291
5479880
5481736
5482380
5482453
5485472
5485582
5485637
5485977
5486243
5486957
5488114
5488415
5488662
5489167
5491247
5492313
5492652
5492846
5493135
5494643
5496066
5496206
5496860
5497450
5497666
5498928
5500809
5502008
5502974
5503709
5507960
5509011
5509042
5510253
5510600
5510680
5512676
5512708
5513126
5513172
5513809
5515790
5516587
5517333
5517774
5518046
5518314
5518377
5519674
5519684
5520759
5524332
5525617
5527413
5529256
5532712
5532794
5533436
5534187
5535107
5535348
5535597
5535717
5536833
5538351
5540822
5543185
5543195
5545971
5547415
5548679
5548748
5550408
5550836
5553641
5556300
5557030
5557050
5557134
5557779
5558825
5558973
5560569
5561406
5561447
5561585
5561662
5561781
5561789
5562056
5563444
5564108
5565626
5567114
5567946
5569320
5569321
5570572
5570819
5573054
5573370
5574901
5575655
5576215
5576329
5577267
5577741
5577983
5578374
5578639
5579807
5580009
5583651
5584959
5585113
5585160
5587547
5587945
5589918
5592178
5592251
5593003
5594585
5595086
5595844
5596550
5596950
5596962
5597086
5597118
5597510
5597747
5597938
5598481
5598671
5599642
5599807
5600768
5601255
5603316
5603633
5604194
5604506
5604627
5606356
5608444
5608488
5608612
5610469
5610748
5611161
5611466
5611938
5612156
5613702
5614284
5614541
5615697
5617661
5620142
5622431
5622556
5623462
5624283
5625751
5628473
5629182
5629473
5630051
5630338
5630905
5631061
5632670
5632889
5633361
5633462
5633492
5633583
5634527
5635262
5636521
5636887
5636903
5638841
5639844
5639878
5640344
5640464
5642435
5643909
5645880
5648224
5649486
5650950
5651184
5652021
5655059
5655770
5656540
5657323
5658076
5658233
5659727
5660057
5662114
5663440
5664553
5665502
5666048
5666483
5668845
5669477
5669739
5670177
5670525
5671264
5671553
5672695
5674415
5675401
5676668
5678440
5680450
5680461
5680937
5681671
5683029
5683126
5683323
5683508
5683608
5684052
5684714
5684828
5685660
5685779
5686023
5687686
5689721
5692492
5693294
5693348
5693653
5694990
5695466
5696191
5697004
5697203
5698454
5699198
5699418
5699443
5700166
5701011
5701509
5702223
5703097
5704628
5705925
5706089
5706373
5707134
5708363
5710628
5712206
5712639
5713442
5714348
5714732
5716069
5716349
5716536
5718213
5720212
5720636
5720730
5720832
5721750
5723322
5723895
5724430
5726152
5726919
5727927
5728911
5731159
5731278
5731759
5732603
5732776
5732907
5733543
5736197
5737623
5738076
5738257
5739635
5739943
5739956
5740322
5742898
5745300
5747320
5747483
5748280
5750429
5752238
5752794
5753254
5754835
5756869
5757962
5759576
5759641
5761306
5761709
5762393
5762464
5766850
5766896
5768264
5768636
5769950
5771804
5772865
5773003
5773232
5774490
5775625
5778081
5778487
5779419
5779506
5781078
5781344
5781377
5781737
5782538
5782598
5783842
5783928
5784682
5785762
5786286
5786777
5787320
5788031
5788584
5790069
5791570
5791756
5792393
5794701
5796149
5797436
5797669
5798365
5799818
5800685
5801951
5802653
5803122
5803221
5804101
5804325
5805285
5805414
5806448
5806784
5807854
5810232
5813439
5815175
5816263
5819079
5821189
5822160
5823593
5824285
5824881
5826442
5830413
5831256
5831724
5833343
5834393
5834888
5836093
5837244
5838020
5838368
5838503
5839923
5840062
5840085
5840741
5842013
5843266
5843798
5844272
5844981
5846488
5846572
5846981
5847296
5849703
5849793
5850299
5851409
5851523
5854847
5855293
5856186
5857000
5857337
5860150
5864271
5864872
5865337
5866928
5867303
5867675
5868735
5872478
5874056
5875740
5876882
5878821
5880236
5880821
5881250
5882956
5883310
5884306
5886689
5887562
5887650
5887953
5889374
5890310
5890320
5891378
5891501
5892743
5893047
5893131
5893270
5893581
5894141
5894417
5895124
5895191
5897324
5898996
5899802
5900900
5906712
5907274
5909138
5909179
5909562
5911166
5912314
5912519
5912757
5913199
5913952
5914027
5915597
5916641
5916733
5919599
5922877
5924258
5924401
5925412
5925421
5927169
5927601
5928393
5928910
5929099
5929622
5931040
5932435
5932619
5934032
5934828
5935064
5936345
5936394
5936695
5937957
5938264
5938916
5939829
5939880
5941398
5941485
5944448
5944538
5944791
5945034
5945578
5945647
5946226
5947417
5949660
5949712
5951123
5951669
5951703
5952873
5953244
5954852
5954985
5955901
5959163
5959824
5960363
5960829
5961789
5962160
5963081
5963234
5963462
5964866
5965099
5966707
5968788
5968856
5973052
5974274
5975627
5976674
5976796
5976957
5977876
5982258
5985825
5986306
5986595
5986635
5986755
5987123
5991850
5991867
5991910
5993170
5994012
5997043
5997515
5997570
5998124
5998711
5999807
6000154
6000789
6001048
6001678
6003158
6003388
6005144
6005482
6005624
6008418
6010065
6011313
6014968
6016449
6018221
6019349
6020369
6022820
6023225
6024337
6026486
6027226
6030567
6030662
6031142
6032859
6033207
6033232
6033243
6033296
6034239
6035302
6037061
6038457
6039355
6040539
6040963
6042062
6042887
6042976
6042983
6043469
6043631
6044580
6044780
6045128
6046446
6048592
6049018
6050606
6051148
6053084
6053381
6053496
6054867
6055748
6056509
6059111
6059826
6060153
6060239
6063051
6064065
6064140
6064206
6066339
6066363
6067488
6070030
6070872
6072190
6072236
6072973
6073703
6074483
6077126
6077198
6078250
6080122
6080201
6080930
6081980
6083383
6083391
6085464
6086808
6088142
6090786
6093226
6093326
6093629
6094019
6094371
6094968
6095417
6097233
6097264
6099134
6100306
6100364
6100911
6100952
6104543
6105778
6105869
6107263
6107887
6108119
6108724
6111413
6112444
6112991
6113075
6113614
6115739
6116334
6116365
6119087
6119798
6119868
6121268
6121956
6122154
6124133
6124696
6124705
6124851
6130270
6133294
6133918
6135014
6135197
6135338
6136481
6137075
6138292
6138660
6138739
6138918
6139340
6139938
6140623
6141518
6142563
6144054
6144576
6146140
6146470
6148553
6148665
6148907
6149229
6149935
6150148
6150459
6151685
6151941
6151967
6155118
6155226
6155516
6156489
6156746
6157912
6158012
6158453
6159863
6160071
6160711
6160890
6161065
6162525
6163856
6167127
6167730
6168135
6168329
6169632
6172298
6174541
6174993
6175036
6175403
6177177
6177799
6177962
6179859
6179942
6180164
6180508
6182923
6184153
6185728
6186191
6188829
6188921
6189124
6195050
6196109
6196479
6196806
6199191
6199308
6200760
6201631
6201674
6202557
6204909
6205920
6209901
6211400
6214193
6214986
6218497
6220747
6220808
6221582
6223001
6223746
6224733
6225233
6226407
6228145
6229096
6231526
6232094
6232171
6232264
6233606
6233692
6234482
6235677
6237303
6240054
6240216
6240343
6241820
6242555
6243658
6245710
6246219
6246930
6248214
6248335
6248953
6248972
6249039
6249420
6249453
6250967
6251251
6255275
6255788
6257090
6260076
6260954
6261379
6261414
6261562
6263188
6264043
6264367
6264519
6269313
6271580
6272837
6273609
6273875
6273893
6274090
6274287
6274884
6275500
6275645
6280707
6280778
6281984
6282927
6282955
6283133
6283680
6284597
6286065
6286180
6286935
6287498
6287871
6287967
6288351
6288765
6288893
6290948
6292206
6292518
6294120
6294311
6296111
6297657
6299632
6299789
6300365
6301965
6303039
6303590
6304529
6304893
6305218
6305383
6305482
6306922
6307549
6307591
6309166
6310401
6311312
6312834
6312921
6313372
6313523
6314659
6315522
6316561
6317227
6317379
6317447
6318583
6319625
6319697
6325152
6325356
6326645
6329104
6330344
6330809
6331754
6332764
6332808
6333262
6333381
6333460
6333593
6333818
6336256
6336683
6339522
6343657
6343724
6344071
6345369
6346024
6346212
6348329
6349077
6349553
6350532
6354268
6357810
6358359
6358635
6359261
6360470
6362132
6362405
6362873
6363101
6363351
6366894
6367405
6371838
6372404
6372960
6373563
6373648
6375187
6375400
6377662
6377668
6378354
6378423
6379878
6381598
6382655
6383660
6383887
6384363
6385910
6386194
6386339
6387295
6388268
6388424
6391286
6391768
6392169
6393296
6393413
6394236
6394914
6396119
6400288
6401000
6403683
6404877
6405638
6406007
6406088
6407000
6407266
6407514
6407913
6408059
6408769
6409079
6409349
6410330
6410768
6413333
6414930
6415833
6416382
6416601
6417475
6418749
6420117
6420508
6422414
6423140
6424667
6425984
6427124
6429793
6431142
6431165
6431351
6435225
6435491
6437540
6438557
6440290
6441107
6441910
6444634
6447119
6447469
6447624
6448207
6448306
6451133
6454599
6455184
6455899
6457146
6457331
6458285
6458339
6460582
6461851
6465158
6465600
6468040
6468220
6470425
6471213
6471677
6471769
6471849
6471915
6472299
6472423
6474907
6476095
6476386
6477804
6477940
6478192
6478321
6479396
6483721
6485391
6485907
6488280
6488623
6490451
6491059
6492407
6494804
6495105
6495362
6497062
6497822
6498188
6499358
6500097
6500231
6501303
6502535
6503118
6504313
6505832
6505898
6507819
6508518
6508649
6509272
6509481
6510936
6513042
6513882
6514165
6514274
6515615
6516163
6517386
6519973
6520124
6521081
6521979
6522196
6522571
6524284
6524314
6524671
6525477
6525610
6525883
6526425
6527381
6528221
6528428
6528638
6530752
6530816
6531421
6532482
6533624
6533724
6533919
6537134
6538495
6542114
6542876
6543627
6544749
6545756
6546491
6549076
6549357
6550421
6551315
6554099
6556281
6556666
6556712
6556791
6558470
6558696
6559976
6561004
6561347
6562530
6563332
6563916
6564236
6567036
6567795
6570434
6571060
6571447
6574082
6574292
6575382
6575548
6576274
6578979
6579494
6580877
6581619
6582519
6583372
6585468
6586744
6587133
6587187
6587429
6588429
6588885
6589614
6589919
6591134
6591187
6591521
6591984
6593091
6593961
6594189
6595455
6597365
6597403
6599129
6599387
6603969
6604131
6604546
6611233
6612265
6612320
6613533
6613665
6613870
6615983
6616624
6620037
6620955
6621414
6622284
6622389
6624102
6625160
6625271
6625575
6626359
6627459
6627621
6630439
6630797
6631265
6632414
6633240
6633853
6635768
6636400
6638832
6639598
6641959
6643909
6643983
6644580
6645924
6646054
6646952
6647277
6647536
6647784
6648377
6648639
6649066
6649688
6650637
6652060
6652458
6653101
6653181
6653498
6653643
6654211
6654700
6655640
6656173
6656504
6658618
6661367
6662083
6663474
6666028
6667646
6669040
6669910
6670646
6671078
6675168
6675404
6675529
6678438
6678641
6678883
6679873
6681014
6681158
6681405
6683791
6685377
6686694
6687205
6687454
6687563
6688139
6688621
6688761
6689647
6690779
6691982
6693832
6694549
6696738
6697466
6697630
6698065
6698183
6698312
6698818
6698926
6699399
6699668
6700779
6701126
6701138
6706292
6707381
6707692
6708481
6709863
6710306
6712350
6712454
6713873
6714363
6714555
6715462
6715809
6717355
6717429
6717668
6717939
6719747
6720695
6723052
6723703
6723733
6725839
6728318
6728519
6731927
6737109
6739193
6741166
6741204
6742199
6743020
6744093
6746276
6747044
6748467
6749054
6749243
6749786
6751974
6753450
6753546
6754031
6754258
6756747
6756989
6759741
6763231
6764035
6764414
6764794
6765511
6766113
6768976
6770963
6771443
6772571
6772869
6776570
6779142
6781519
6781995
6782130
6783855
6784563
6785654
6786112
6786119
6786174
6787267
6787803
6788366
6791131
6795533
6796001
6796875
6797905
6797945
6798518
6799874
6801106
6802039
6802107
6805662
6806411
6809993
6811940
6812426
6812841
6813809
6814262
6814978
6815951
6816511
6820878
6820938
6822295
6823272
6823607
6823704
6824282
6826532
6827025
6827257
6828538
6828621
6829100
6829467
6830071
6830412
6831296
6831827
6832679
6833287
6836154
6836400
6836597
6837087
6838057
6838553
6839612
6842175
6842896
6843653
6844144
6844365
6845257
6846551
6847688
6848017
6849087
6849326
6853419
6853433
6854649
6856589
6858684
6858959
6859016
6859354
6860389
6860497
6861222
6861325
6862470
6862715
6864297
6866735
6867812
6867822
6868836
6871710
6874291
6876141
6877973
6878114
6878503
6878557
6879295
6879434
6881973
6882216
6882428
6883108
6885345
6885895
6886362
6886720
6889019
6889319
6891159
6892007
6892052
6892691
6893391
6894379
6894447
6894637
6896039
6896634
6897997
6898563
6901324
6903604
6904736
6911695
6915771
6916402
6916437
6917009
6919435
6919468
6920191
6920274
6920592
6921816
6924353
6924547
6924661
6927229
6929512
6929898
6931417
6932985
6934625
6934824
6934884
6935204
6935826
6937307
6937582
6938354
6938507
6938569
6940021
6940352
6940854
6942352
6942666
6943214
6945230
6945648
6946021
6946951
6947694
6948989
6949840
6949846
6954271
6955339
6955346
6955791
6956022
6960396
6961408
6961667
6965046
6966001
6967251
6968425
6969876
6970729
6972287
6973071
6974715
6975428
6975791
6975999
6977817
6978329
6978425
6979056
6979699
6980402
6981496
6981561
6982265
6982664
6983242
6983852
6985650
6986655
6987149
6988843
6989187
6989706
6990487
6993351
6996948
6997125
6997135
6998824
7002050
7002972
7003360
7003542
7005052
7005441
7009057
7010366
7011335
7011672
7012641
7012676
7013796
7015727
7017030
7019017
7019131
7022380
7025671
7025970
7026644
7027579
7027806
7030345
7030433
7030891
7031678
7032349
7033910
7033974
7034231
7036190
7036795
7037051
7037211
7037412
7037431
7039925
7039977
7041357
7042159
7044315
7045733
7048146
7048395
7048624
7048739
7049187
7050395
7050656
7051450
7051525
7052100
7053938
7055370
7056563
7056661
7059914
7060345
7060358
7060453
7061732
7061956
7062043
7062686
7065540
7066686
7067833
7067939
7068815
7070939
7071389
7071415
7072422
7076599
7081170
7081178
7082103
7082877
7084327
7084897
7086853
7089370
7090884
7093595
7093644
7095312
7095357
7095387
7095472
7096328
7096480
7096661
7098559
7100419
7100984
7101751
7103440
7103566
7103979
7104471
7105237
7105882
7106176
7106344
7109245
7109604
7110079
7111514
7113179
7113391
7113684
7114512
7114639
7114948
7115821
7115965
7117047
7119483
7122711
7124799
7125840
7127267
7128055
7129948
7130316
7130326
7131279
7133700
7133868
7134540
7136164
7136548
7136556
7136612
7137012
7137842
7138819
7140548
7141835
7141853
7142251
7143356
7146165
7148991
7149003
7153161
7153971
7154474
7154686
7155762
7155837
7156558
7157126
7158960
7161149
7162637
7163300
7163631
7163999
7164412
7165568
7165736
7166373
7166853
7168731
7169853
7170463
7170479
7171289
7173443
7175604
7176088
7176250
7176846
7181309
7182025
7183906
7185004
7185567
7185585
7185847
7188140
7188401
7191974
7192984
7194291
7196388
7196539
7196616
7196752
7197143
7198649
7198906
7200124
7200340
7200968
7201302
7201417
7202116
7204479
7204541
7205447
7207642
7208303
7209493
7211408
7215144
7215235
7218200
7218807
7219249
7219749
7220406
7220605
7220756
7221812
7222707
7223861
7223921
7224494
7224782
7225461
7227351
7230590
7233099
7233103
7233491
7233649
7234817
7235372
7235890
7236416
7236757
7236814
7237549
7238372
7240456
7244650
7246263
7246950
7247913
7248397
7250587
7251157
7253853
7255535
7256689
7257041
7257641
7257814
7259241
7260003
7260283
7260859
7262470
7263580
7263803
7264084
7265991
7266277
7267396
7267865
7269873
7271090
7271517
7272389
7275690
7276935
7277537
7278798
7280858
7281188
7281259
7281918
7285314
7287545
7288557
7289235
7289283
7289963
7293754
7295723
7296871
7299119
7299385
7301324
7302604
7304348
7306400
7308789
7309118
7309619
7312200
7312277
7314624
7314675
7314817
7315047
7315998
7316131
7316323
7318603
7320467
7320763
7322982
7323317
7324443
7325267
7326237
7326642
7327511
7327659
7328453
7329340
7329737
7330530
7330559
7331788
7332244
7333142
7334354
7335940
7336132
7336424
7336426
7336711
7337224
7338736
7338988
7339009
7340257
7341002
7342778
7343839
7344454
7344617
7345567
7345590
7348019
7348702
7348886
7349594
7349816
7350179
7351485
7351664
7354172
7354360
7354571
7355209
7355872
7356473
7356632
7357245
7357333
7357504
7359185
7360049
7360342
7362450
7362766
7363064
7364870
7364997
7365297
7366247
7366888
7368646
7368981
7369851
7372112
7372776
7373142
7373187
7373197
7374118
7375479
7375511
7376339
7378713
7379994
7380470
7381578
7383352
7384647
7389270
7389734
7391322
7392025
7392238
7393134
7394239
7394604
7394944
7395979
7397211
7398691
7399648
7400091
7400924
7403250
7404051
7404825
7405520
7408738
7410313
7410486
7410533
7412527
7413611
7416357
7416500
7416799
7417813
7419811
7420847
7421804
7422251
7425376
7426271
7427065
7427093
7430271
7430730
7431916
7433295
7433965
7434748
7434784
7435625
7435685
7437890
7439660
7440556
7440576
7440619
7442553
7444368
7445396
7445883
7446257
7448068
7450447
7451068
7451125
7451918
7452211
7452592
7453399
7453655
7454088
7454753
7458558
7458707
7459982
7460858
7462838
7463803
7465090
7465218
7465558
7465750
7465832
7466823
7469462
7472434
7472943
7473227
7475046
7475636
7475818
7477077
7477178
7477781
7478314
7478983
7479744
7480727
7481651
7482314
7483080
7483214
7483883
7483921
7484763
7486996
7487004
7491091
7491109
7493696
7494982
7497500
7498283
7498571
7498653
7498831
7499333
7499419
7501362
7501498
7501986
7503194
7503396
7504847
7505073
7506647
7506824
7507295
7509279
7509915
7510143
7510286
7510650
7511704
7513049
7513522
7513757
7513996
7514051
7515239
7515410
7517485
7519437
7521441
7521558
7523477
7524226
7524338
7524877
7524903
7526293
7526672
7530418
7530821
7530926
7531007
7531937
7532235
7532510
7533255
7533861
7534122
7535078
7536405
7537644
7538839
7541530
7543909
7545384
7545934
7547435
7548896
7549081
7549184
7549433
7549981
7550062
7551214
7554248
7555250
7555303
7555884
7557104
7557546
7557854
7559511
7560442
7561151
7561505
7567754
7567763
7569676
7569981
7570164
7572872
7572922
7575082
7575363
7575677
7576591
7578790
7578975
7579286
7582334
7582564
7584338
7585305
7586227
7586936
7587933
7588158
7589472
7589680
7591454
7591904
7592456
7593086
7593283
7593651
7594406
7598166
7599257
7599536
7601143
7602329
7604998
7606259
7607396
7609759
7609820
7610041
7611521
7612596
7612694
7613351
7614466
7614757
7615500
7616143
7616382
7616591
7616887
7618307
7618704
7619179
7619324
7620034
7620283
7620945
7621863
7622674
7624547
7628074
7628402
7630086
7630389
7631703
7632763
7632856
7632928
7632953
7633295
7635671
7637294
7637806
7638158
7638384
7638436
7639368
7639379
7639914
7641992
7644966
7644998
7645225
7645993
7646320
7646612
7646939
7648157
7649771
7650153
7654672
7654906
7655272
7655899
7658536
7658930
7662067
7662599
7662603
7663810
7664663
7664929
7666426
7667140
7669205
7669703
7670268
7671663
7672260
7672663
7672953
7676744
7677223
7678006
7679060
7679370
7680206
7680405
7680649
7682706
7683839
7684111
7686217
7686356
7687553
7687863
7689762
7690108
7690125
7691354
7692190
7692270
7694267
7695178
7696511
7697755
7700845
7701321
7701592
7702028
7702639
7702826
7705497
7707933
7708152
7709020
7709180
7711326
7712985
7715141
7715217
7715380
7716216
7717725
7717997
7718763
7719962
7720473
7720563
7722800
7724458
7724825
7725478
7725718
7725831
7727237
7727313
7727757
7729360
7729621
7733261
7735364
7736059
7736803
7737121
7738414
7739447
7741085
7741428
7741743
7742155
7742418
7743608
7744148
7746756
7747753
7748098
7748670
7749966
7751292
7751300
7751905
7752807
7752999
7753004
7753609
7753758
7755428
7758721
7760940
7761343
7762443
7764524
7766011
7766465
7770608
7770640
7771415
7771547
7775566
7778470
7779414
7782368
7782906
7784304
7784581
7786954
7787418
7788481
7789195
7790022
7795794
7796062
7796155
7796311
7796676
7796998
7797059
7798189
7799831
7800751
7801592
7801674
7804186
7805493
7805881
7809933
7810460
7811681
7812210
7812848
7814179
7814284
7814347
7814932
7815092
7817444
7822309
7822352
7822788
7823378
7823835
7824263
7824336
7824492
7824511
7824682
7827410
7828465
7830137
7831280
7831390
7831478
7832935
7833313
7836363
7837325
7837442
7838180
7838613
7839043
7841268
7843745
7843874
7843923
7845005
7848502
7848585
7849960
7850368
7853113
7853482
7857124
7857799
7858413
7859240
7859596
7859713
7860302
7860325
7860626
7860951
7861080
7861471
7861871
7862493
7863405
7865402
7867192
7868880
7869425
7870104
7871408
7872172
7874719
7876155
7878875
7880497
7881047
7881728
7882174
7883622
7883870
7884893
7886670
7886861
7888744
7889976
7890975
7893492
7893853
7894489
7895686
7896964
7897570
7898523
7900841
7901352
7901411
7902398
7903136
7904055
7904920
7905088
7905475
7905538
7906614
7906714
7906890
7907102
7909890
7910254
7911263
7912106
7915314
7915781
7916190
7916651
7916974
7916975
7918607
7919099
7920512
7922007
7922110
7922925
7923400
7923477
7923798
7924250
7924673
7926005
7926210
7926672
7928613
7928621
7929903
7931844
7933855
7933993
7934441
7935771
7936454
7938344
7938479
7941086
7945967
7946158
7947095
7947385
7947789
7952283
7952480
7952833
7953628
7954217
7954488
7954986
7956458
7956549
7957867
7959775
7960528
7961215
7964121
7964431
7965293
7967187
7968871
7970060
7970586
7971695
7972282
7974496
7975968
7978926
7979154
7979363
7982579
7983053
7983137
7985043
7985247
7985389
7985924
7987409
7987610
7988799
7992066
7993457
7993871
7994067
7994372
7994577
7994846
7995471
7996245
7996276
7996408
7997406
7997849
8003388
8004408
8004409
8005436
8005514
8006321
8008710
8010544
8011771
8011903
8013109
8013116
8015099
8015927
8018471
8020735
8020832
8021615
8023121
8025575
8026448
8026522
8026910
8027222
8027472
8027821
8030806
8031003
8032980
8033442
8033491
8033657
8033939
8034000
8034240
8034619
8034910
8035341
8035705
8035734
8035885
8037848
8038157
8038501
8041479
8042523
8043743
8044737
8044817
8045286
8047527
8048264
8048373
8049294
8049646
8050445
8051243
8052940
8053500
8053705
8054259
8054948
8055318
8056239
8056304
8057212
8057295
8058400
8059332
8059688
8059922
8065793
8066017
8067448
8068018
8068373
8068539
8069017
8069504
8069850
8070383
8073316
8074678
8074898
8076091
8076332
8076700
8076991
8078236
8078278
8082306
8082738
8082874
8083470
8083514
8084854
8085116
8085465
8086674
8086834
8087683
8087970
8090468
8092129
8092274
8096877
8098596
8099421
8101800
8101850
8102425
8103996
8106649
8107196
8107258
8110533
8111844
8112049
8112347
8112873
8114151
8114464
8114522
8114760
8114856
8115059
8115729
8115892
8116310
8117789
8119127
8120649
8122009
8122555
8123297
8123626
8124638
8124692
8125136
8126339
8126418
8127743
8127765
8128609
8128884
8129320
8130857
8131237
8131667
8131908
8132311
8133605
8133916
8134570
8134687
8135602
8136331
8136367
8137289
8137708
8137785
8140236
8142508
8143149
8144429
8144905
8145704
8147924
8148006
8148014
8148502
8148544
8148562
8148569
8148605
8148824
8149112
8149736
8149882
8150834
8151496
8151541
8151986
8153489
8156367
8156561
8156808
8157363
8158197
8162303
8162305
8162490
8163196
8164074
8164216
8165313
8168499
8169545
8170897
8172953
8172962
8173224
8173379
8173618
8174423
8174561
8175284
8175419
8175697
8176137
8176378
8176756
8177136
8177365
8178673
8179402
8180432
8180766
8183400
8183622
8184541
8185708
8187628
8188771
8190953
8191851
8193834
8195179
8195710
8196230
8197462
8199037
8199305
8199812
8204876
8205239
8205344
8206406
8206613
8207438
8208174
8208683
8210346
8211841
8212366
8214059
8214320
8215478
8216405
8216877
8218524
8218996
8219476
8220359
8222012
8222165
8223173
8226814
8230445
8232236
8232683
8232943
8233661
8233730
8235393
8235493
8236095
8237191
8239103
8240165
8240420
8240439
8241198
8242085
8244243
8247011
8247058
8248021
8248457
8250287
8251980
8253490
8254041
8254766
8256258
8256286
8257611
8258532
8260466
8260857
8262311
8264388
8266310
8267941
8268453
8270064
8270628
8271518
8273089
8273885
8276153
8276291
8277756
8279709
8279731
8280550
8280924
8281066
8281981
8283543
8283584
8284928
8287243
8290468
8290510
8291327
8291746
8291758
8291832
8292040
8292475
8293549
8293853
8294518
8295009
8296298
8297607
8298055
8298674
8298938
8299225
8299301
8300850
8302263
8302508
8304065
8305224
8305792
8305811
8306906
8307448
8308916
8309625
8309728
8312032
8312405
8313343
8316237
8316586
8316671
8317138
8317514
8318099
8318894
8323697
8324023
8324665
8324940
8324985
8325244
8327866
8329291
8329800
8331073
8331258
8332568
8334135
8334630
8335855
8335961
8337090
8337662
8340726
8341803
8342458
8342875
8343155
8343331
8345003
8345554
8346293
8350422
8351081
8351384
8353269
8354979
8355332
8356890
8357594
8357700
8358383
8359739
8360681
8360895
8361069
8361072
8362415
8366413
8366984
8368147
8368591
8370912
8371483
8371606
8372098
8372229
8372721
8372802
8373849
8374242
8374439
8376712
8377340
8379998
8380382
8380958
8381356
8383009
8384896
8384999
8386137
8386547
8387111
8387296
8387577
8388981
8390272
8391425
8391687
8391917
8392317
8392586
8393386
8395916
8398968
8399233
8400617
8401550
8401565
8401612
8404808
8405503
8405695
8405981
8407303
8407505
8409291
8409522
8414103
8416609
8418869
8422322
8423997
8424018
8424812
8425013
8428744
8430641
8431341
8432919
8436074
8437782
8438109
8438374
8438579
8438588
8439005
8439070
8441353
8442408
8443985
8444016
8444388
8445425
8446527
8447602
8447768
8448034
8448167
8448496
8450073
8451340
8452143
8452536
8454458
8454779
8456104
8456130
8456681
8457262
8457571
8458275
8459405
8459999
8460171
8461976
8463669
8464262
8465218
8467742
8468815
8470977
8471701
8472233
8475204
8475290
8475404
8480440
8481428
8482702
8483232
8483351
8484577
8486357
8486819
8486883
8486906
8486991
8489303
8490667
8492173
8493186
8494552
8494856
8494958
8495307
8496527
8498208
8499062
8499923
8500876
8501205
8501462
8502159
8502267
8503303
8503938
8507487
8507841
8507857
8508280
8508344
8508380
8508570
8510948
8510994
8511083
8513975
8514275
8514680
8517864
8518848
8519227
8519389
8520050
8520124
8520765
8520972
8521478
8523018
8523569
8524705
8524922
8524962
8527140
8528487
8531422
8531439
8531460
8531479
8531712
8532595
8532814
8535214
8536154
8537051
8538305
8538332
8539868
8540487
8540601
8540890
8541052
8541110
8541192
8541578
8543010
8543606
8544255
8544464
8544594
8546202
8546895
8547083
8547948
8548036
8548704
8549335
8551224
8551623
8551755
8551818
8553544
8555386
8556646
8556864
8558725
8558817
8559981
8560547
8563397
8563921
8566399
8566408
8566434
8567659
8567920
8568591
8571993
8572626
8573408
8574604
8576768
8577859
8579510
8580150
8580768
8583505
8584139
8584232
8586082
8587285
8587331
8589004
8589219
8589517
8591588
8592023
8592256
8592916
8593252
8594117
8595018
8595511
8597358
8598206
8598245
8598771
8598977
8600288
8601430
8601829
8602562
8603195
8606696
8609421
8610663
8611105
8613283
8613498
8613703
8614284
8614564
8616326
8616940
8619270
8619737
8621410
8624017
8624044
8624947
8625237
8626022
8626526
8627086
8627694
8627844
8628307
8630249
8631824
8632208
8632984
8633035
8633555
8633894
8635587
8638052
8638127
8638196
8638710
8641781
8642151
8642743
8643026
8643134
8644180
8644878
8645684
8647274
8648776
8650366
8650561
8653138
8654083
8654383
8654477
8654991
8656469
8659378
8659656
8660624
8662142
8662928
8664261
8664982
8666492
8667749
8668699
8668871
8671835
8672260
8675080
8675259
8675627
8675852
8677772
8680840
8680950
8680968
8682086
8683199
8685409
8685478
8685720
8686797
8686976
8687752
8688414
8688963
8689708
8692058
8693945
8694703
8695266
8697543
8698868
8699096
8699986
8704069
8704519
8707169
8707707
8708807
8709007
8712494
8712885
8713108
8713193
8715489
8715771
8716309
8716941
8717788
8718094
8718747
8719681
8719847
8720934
8721528
8721806
8722384
8722665
8723137
8723771
8724114
8725695
8726264
8726725
8726845
8727630
8728176
8729572
8729775
8730360
8730907
8731372
8735484
8735492
8736773
8737594
8738170
8739281
8741308
8741532
8742177
8742195
8742807
8743585
8744003
8746993
8747383
8748058
8748664
8749215
8749406
8750582
8751430
8752461
8752578
8753996
8754747
8754827
8755264
8755958
8756172
8757782
8759191
8759312
8760513
8761209
8761700
8763474
8763536
8764909
8766791
8771039
8772051
8773706
8773829
8775501
8776474
8776495
8776734
8776929
8777295
8777505
8777514
8777774
8778209
8780316
8781257
8781386
8783753
8784624
8786151
8786373
8786591
8787844
8789006
8789685
8791075
8791765
8791901
8794389
8794708
8796039
8796589
8796799
8797267
8797878
8797965
8798522
8799028
8801193
8801838
8802998
8803201
8803316
8803514
8804571
8804847
8805138
8805788
8807334
8807530
8807928
8808714
8809406
8811390
8813236
8813824
8814726
8815734
8817168
8822330
8825548
8825551
8826379
8826578
8829567
8831881
8835277
8838126
8838380
8838687
8839481
8839724
8840036
8840775
8841152
8842435
8843033
8843858
8847090
8847699
8847874
8848088
8850227
8850309
8851624
8852471
8853016
8855328
8857032
8857441
8857665
8858841
8863915
8864560
8864760
8864988
8865140
8865939
8867526
8867677
8868266
8870314
8870435
8870694
8870988
8872136
8872500
8873451
8875957
8876719
8877362
8878790
8878952
8880281
8881586
8882222
8882799
8882890
8883752
8883799
8884946
8885480
8885773
8888240
8888565
8891569
8893095
8896955
8898829
8899076
8899475
8899876
8900864
8901022
8901370
8901860
8903135
8905767
8906133
8907151
8907546
8907667
8909218
8909625
8910573
8910656
8910831
8912539
8912605
8913096
8914673
8916600
8916837
8917201
8917414
8918213
8918878
8919972
8921627
8923943
8925749
8926858
8927004
8927607
8928358
8928676
8928734
8930650
8932537
8935013
8935126
8935433
8935934
8936591
8937790
8937824
8939015
8940857
8941039
8941993
8942553
8944190
8944627
8946202
8946316
8946626
8950472
8951875
8952912
8953632
8953922
8955142
8955769
8957062
8957064
8957760
8959053
8960243
8961037
8961793
8963131
8963811
8964446
8965916
8967230
8969214
8969817
8970331
8970979
8971300
8971310
8972749
8973301
8975537
8975700
8979338
8980141
8981095
8982858
8985473
8985968
8987225
8987544
8989974
8994008
8994732
8995251
8995518
8995975
8996396
8999711
9001650
9002312
9004952
9006864
9008401
9010339
9010445
9011128
9011371
9012105
9012386
9013566
9017704
9018308
9019168
9020927
9021261
9023683
9024237
9025230
9025684
9026094
9029093
9029195
9029593
9032167
9032200
9032236
9032591
9037685
9037889
9038511
9039019
9042218
9044675
9046922
9047795
9049225
9049602
9050410
9051136
9051266
9055749
9056442
9056728
9056930
9057878
9057972
9058047
9058525
9058903
9059373
9060279
9061484
9063863
9063864
9064267
9064784
9065178
9068687
9071520
9072081
9075281
9077279
9077741
9081942
9082162
9082290
9083068
9083192
9083269
9083834
9084308
9084551
9085150
9085726
9085827
9085972
9086210
9087373
9088280
9088476
9088944
9090205
9090406
9091072
9092143
9094177
9095128
9096038
9099009
9101729
9106563
9107108
9112547
9115139
9115177
9117259
9118004
9118399
9118870
9119264
9119524
9119887
9122149
9122319
9123137
9123951
9124318
9124575
9124988
9125930
9127954
9128131
9128953
9129504
9131487
9131632
9132513
9133449
9134281
9134565
9134864
9135842
9136807
9137202
9137448
9137854
9140802
9141500
9144475
9144516
9145490
9146343
9146660
9146724
9146984
9148523
9148657
9149076
9149280
9149774
9150660
9151588
9156394
9158119
9158787
9160445
9162826
9163032
9163967
9164128
9165589
9166574
9166824
9167407
9169416
9170078
9170551
9172243
9173418
9174224
9174637
9176625
9177322
9177833
9177836
9182057
9182241
9184065
9184544
9184724
9188348
9188873
9190344
9191776
9195213
9196053
9196541
9196670
9199017
9200809
9200868
9201867
9202729
9202980
9203244
9206191
9206465
9208300
9208526
9208601
9209172
9210037
9210784
9210860
9211212
9212964
9213142
9213617
9216929
9218689
9220007
9221606
9221990
9222145
9222697
9223474
9223581
9224250
9225122
9227330
9227572
9228090
9230323
9231239
9231901
9233611
9237194
9240710
9241102
9241272
9241445
9241630
9242091
9242913
9243212
9245687
9245950
9246733
9247189
9247432
9248563
9251015
9251569
9252754
9252821
9253330
9254652
9254769
9255109
9255159
9256690
9256975
9260666
9261409
9261902
9263180
9264156
9265184
9265612
9266560
9269786
9270012
9270146
9270633
9270919
9270984
9273802
9273986
9274362
9277812
9277925
9279121
9281531
9282194
9284077
9285769
9287202
9291224
9292980
9293241
9293599
9294216
9294937
9295269
9295607
9295614
9296164
9296213
9298679
9301666
9301676
9304817
9304920
9308285
9309334
9309457
9311155
9313355
9314023
9316320
9318317
9319095
9320340
9321055
9321183
9324805
9326787
9328119
9328588
9331994
9332959
9333496
9333935
9334363
9335731
9337856
9337858
9338354
9340440
9341630
9343544
9345698
9346148
9346538
9347440
9349589
9350848
9352888
9353221
9353760
9354472
9355197
9355204
9355291
9356770
9357064
9357288
9357724
9359333
9360689
9361352
9363467
9364317
9364415
9366763
9367545
9369989
9370477
9370600
9371443
9372384
9374227
9374243
9374512
9376299
9376804
9379246
9379855
9382220
9383764
9385880
9385992
9386310
9386639
9391147
9391217
9391436
9392391
9393607
9393758
9394847
9395548
9396361
9397323
9398796
9399230
9400300
9401961
9402073
9406521
9407545
9408400
9410839
9411038
9413282
9414249
9415178
9415236
9415560
9415932
9415961
9417432
9418260
9418574
9419568
9419768
9422230
9422250
9424183
9424334
9426670
9429070
9429516
9430232
9430251
9430375
9431750
9432546
9434245
9434505
9434729
9434748
9435362
9439128
9440795
9440972
9441612
9441811
9442427
9443281
9445153
9445444
9445802
9446043
9447734
9448222
9449680
9450183
9451102
9451920
9453531
9454492
9454493
9454770
9455868
9456699
9457314
9457914
9458292
9458743
9458883
9459017
9459669
9460072
9460169
9460567
9461258
9462692
9462786
9464831
9466602
9467490
9467974
9469539
9470070
9470368
9471056
9471163
9472883
9473115
9473302
9473862
9474098
9475181
9476798
9481728
9483603
9484318
9485130
9485385
9488330
9488741
9489057
9489280
9491199
9491713
9494855
9495881
9496141
9497375
9497888
9498472
9499102
9500549
9501595
9502408
9502715
9504323
9504340
9506067
9509639
9510167
9511064
9512757
9512976
9513657
9513814
9515200
9517200
9520442
9520592
9522653
9522785
9522872
9526383
9526827
9527500
9527566
9532184
9533338
9533455
9534097
9535368
9539595
9540074
9540452
9541069
9541888
9545394
9545545
9545804
9546521
9547481
9548260
9548864
9549513
9552750
9552990
9553076
9553218
9553478
9553824
9553951
9559678
9559945
9560641
9562168
9562227
9565963
9566210
9566234
9569663
9571409
9572540
9573371
9574011
9575540
9575614
9576518
9578068
9578756
9581259
9581295
9582181
9582227
9582653
9582683
9586477
9590719
9590760
9591070
9592233
9592262
9592783
9595063
9595946
9598563
9599006
9599254
9604003
9606817
9608183
9608473
9611451
9612341
9615314
9616224
9617475
9617630
9618825
9618911
9619452
9619560
9620120
9620555
9620654
9620721
9621899
9622378
9622566
9623215
9624246
9625572
9625936
9627239
9627774
9628092
9628466
9629078
9631903
9632414
9632505
9636771
9637966
9641548
9642526
9644174
9645050
9646640
9649935
9650331
9655760
9656801
9657658
9659871
9661082
9665187
9665398
9665677
9665943
9667741
9668302
9668849
9669323
9669336
9671488
9671518
9671935
9672220
9673392
9673734
9674202
9675318
9676083
9677231
9677425
9677530
9678615
9679471
9679803
9685338
9685760
9686989
9692195
9692852
9692997
9693238
9694064
9694600
9695810
9698702
9698798
9699472
9700451
9701455
9702632
9702913
9703440
9703664
9704054
9705287
9706480
9708405
9709012
9709913
9709990
9710174
9711342
9711605
9713990
9714504
9715163
9715408
9719717
9719938
9720060
9723942
9724535
9724890
9724935
9725365
9725769
9726479
9726697
9728259
9728416
9730042
9730899
9732129
9732214
9732397
9733862
9734794
9735606
9736286
9736313
9736500
9738100
9741166
9742487
9742554
9743618
9743818
9747048
9748181
9748606
9750023
9750538
9751361
9751363
9752176
9752430
9752703
9753615
9754241
9754326
9754855
9757712
9758013
9758382
9759976
9759995
9761017
9762293
9762490
9763027
9764411
9764752
9765827
9766235
9766333
9767102
9767436
9767547
9770154
9770229
9771298
9774178
9774638
9774695
9776177
9776312
9777223
9777393
9778441
9778857
9778863
9779229
9779477
9779724
9780477
9780633
9780927
9781321
9783962
9784214
9784610
9784671
9785363
9785556
9787039
9788921
9790974
9791740
9792202
9795370
9795984
9800243
9804102
9804719
9804912
9807541
9809226
9810974
9812058
9814047
9816886
9817432
9818292
9818362
9818712
9820369
9821633
9822734
9822867
9823254
9823660
9825430
9825589
9825902
9826048
9827265
9827483
9828465
9830623
9831648
9831917
9832853
9833200
9834062
9835519
9836583
9839210
9840488
9840624
9840654
9841478
9841991
9842444
9842708
9843297
9844198
9844692
9845352
9845492
9849742
9851396
9852477
9853846
9855054
9855580
9856142
9856511
9857584
9857921
9858715
9858813
9859152
9860155
9861816
9864757
9869841
9871136
9871429
9871448
9873879
9874090
9874146
9874328
9875565
9877106
9877329
9879869
9880729
9883074
9884947
9887012
9887373
9888038
9888300
9888513
9890069
9892985
9893076
9893187
9893362
9893689
9894807
9895092
9896567
9897057
9897136
9898606
9901032
9903514
9904201
9904304
9906026
9909592
9912878
9913105
9914057
9914657
9915098
9915455
9915769
9916681
9918733
9920291
9920791
9921600
9926478
9927868
9928852
9928955
9932637
9933066
9933313
9933945
9936044
9937271
9938219
9938588
9939837
9943782
9944499
9946214
9946227
9947165
9948912
9949415
9949762
9949785
9950058
9950502
9952602
9952900
9956181
9957250
9957545
9957935
9960398
9962135
9962302
9962326
9963648
9964358
9968535
9969291
9970440
9970805
9971108
9972635
9972881
9973809
9974621
9975007
9975868
9976058
9976117
9976852
9976977
9978762
9981806
9981897
9983312
9984608
9984747
9985065
9985798
9985948
9987615
9988901
9990053
9990364
9991142
9991654
9992069
9993208
9996482
9997510
9998905
