331
649
1260
1350
2960
4132
4165
4996
5235
5633
6214
6426
6599
7395
7902
8050
8385
9173
9620
10774
11051
12372
12384
15644
16153
16306
20491
23288
24162
24321
26948
28360
28678
29565
29659
30659
31061
33210
33649
34674
35138
35937
36799
40109
40488
42474
42510
43042
43436
44339
44852
46433
46596
49394
52152
54851
57152
57426
57715
58444
58721
59550
61940
62223
62251
63377
63523
64068
65256
65347
67539
68653
69891
70577
70947
71346
71585
71759
73276
74245
74733
74941
76937
76996
78739
78760
81070
81288
81635
82372
82541
83203
83410
84608
84667
85091
85239
86210
86787
88427
90882
91767
92437
94734
95143
95999
96075
96893
98268
99456
99473
99615
103898
104036
104043
104109
104594
104625
105839
105898
106131
107238
108425
109656
110511
110874
111268
111794
111846
111850
112398
112801
113602
114296
115689
117040
119095
119111
119874
120337
122519
122701
123511
124086
124227
125096
125815
126319
127324
127454
128794
129613
129708
129835
131542
132966
133056
133460
134080
135099
138072
139580
139659
139789
142190
142562
142962
143140
145008
146899
147686
148459
154243
154777
155175
156621
157842
158872
159183
159802
160789
161749
162175
163015
163113
163286
164875
165106
165146
166191
167152
168011
169422
170047
172249
173185
173408
175565
176240
176736
178194
180133
180896
182474
184641
185046
185433
186861
187816
189830
191302
191444
191680
193476
193825
195352
197500
197783
199178
199394
199959
200199
200398
201472
203797
203801
205638
205727
206823
208796
210043
210702
212534
214008
214185
216303
217142
219967
221577
223021
223539
224987
225102
225601
225974
226203
226322
228249
229623
229827
230017
231396
231550
233030
233056
233799
234505
235168
236565
239187
240311
241328
241437
242270
242825
243065
243800
245034
245066
245200
245813
247190
250000
250639
251611
255137
255225
256375
256727
257440
258251
258735
258870
259769
259817
259929
260242
260399
263079
265626
265650
266588
266895
268960
270099
270938
272080
272851
274338
276091
279207
279958
279985
281044
282494
282805
283402
285253
285336
286112
286936
291227
292979
294517
294815
294996
295600
295612
296400
296989
299781
301293
301413
303356
304102
305508
305972
306858
307254
307444
309298
309693
310584
312190
314451
316536
317059
317253
318965
319338
319512
321739
322264
322699
323200
324037
324091
324178
325184
327766
329003
329900
331369
331717
332392
332505
333755
338217
338933
340285
342976
343737
345059
345479
346045
346324
347075
347624
348618
351437
352184
352532
354040
356364
357564
358298
358795
359545
361393
363056
363259
365905
366324
366712
367390
368553
368566
371031
372708
374682
376319
376884
379144
379466
380956
381081
381535
382095
382606
383729
385078
385753
386030
387235
389430
389862
391314
391585
392178
392232
393792
393939
394906
398408
398559
399899
400202
401290
402926
404267
404529
405088
406907
407418
407995
408258
408408
411488
413340
413807
413935
414814
415109
415437
415730
417263
418803
419630
419888
420453
422553
425697
425816
426885
428188
428520
429774
431120
432234
432788
433965
439342
439563
439698
439780
440073
440418
441573
442239
442505
443843
446479
446743
446769
447468
448309
449295
450502
452708
454431
454525
454920
456169
456689
457751
458947
459184
459419
460783
461097
462958
464183
465402
466677
468109
468597
469138
469274
471218
471318
472158
472688
473837
473857
474179
475685
477882
480265
481047
482459
483615
484382
484830
487005
489163
489632
490564
494118
494821
494838
497457
497947
499708
502034
502590
502679
502871
505452
507278
508565
509948
511385
511614
512357
513944
514247
514316
514773
515340
515741
516801
517928
518442
521204
522211
525033
525602
525774
526369
527757
529237
529367
529653
531345
531507
534376
534378
536657
538581
538718
539519
540401
541098
541861
543291
544539
544962
545906
545921
546913
547456
548072
551374
552087
552187
552284
552415
554834
556204
558208
559577
560584
561801
562445
563349
564995
565095
567624
567808
569110
569399
569635
570503
571120
571524
572613
573276
574717
575037
575662
576782
578067
582227
585774
586865
589076
589296
590112
591061
592966
593380
593849
598706
599010
599438
599449
599903
600107
601193
602335
602440
602737
603321
603848
604363
604432
605632
606665
608101
608524
609285
609461
609818
609819
610907
611121
611184
612446
614021
616141
617615
619157
619187
619297
620037
620627
622608
626686
627769
627967
633503
633785
634274
634516
634694
636627
636805
637101
637241
637681
637740
640093
641214
643018
644662
645740
645860
646091
646162
646585
646876
647131
648369
649356
649656
651918
652381
652640
654491
655087
658591
658931
659785
660013
661461
661773
662243
662790
663021
664034
666155
670909
672633
672973
674133
674438
675973
677520
679710
679891
680322
680418
680723
682851
682958
685820
687200
687754
687949
690582
690743
691741
693321
693776
693812
694137
697402
697630
699817
703702
705482
706779
707658
708032
708839
709010
709292
711248
712014
712404
712787
713785
717190
718661
718774
719483
720091
722098
724770
725202
725335
725450
725502
727199
727328
727635
729451
729801
730746
731640
734015
734855
736143
736164
737331
737904
741656
742168
743712
743891
745861
746181
746387
747623
749755
750529
752379
753799
753854
755453
755491
755975
756268
756718
757019
757997
758320
758759
759239
760127
761520
763314
763345
763997
764357
764951
765530
765674
766368
768876
769184
770518
771246
772868
773007
773625
773679
773701
774007
776426
776545
777265
778919
780606
782180
782611
782732
784415
785758
788654
790045
790719
791709
792349
792533
795896
798201
799259
799361
799584
800377
800689
801138
801496
803811
804194
805146
805229
805305
805707
805797
805932
806064
806092
808530
809283
810870
812023
812076
812359
813198
813374
813490
814382
816922
817433
817721
818521
819418
820013
820974
821542
822971
823883
824261
824671
826242
827721
827797
827868
828123
831234
831995
832020
832424
832724
833898
833900
834398
835301
836585
836825
840550
840553
842353
843871
845246
845669
847514
847551
847848
848312
850688
851492
851685
851761
852295
852409
852605
854970
856537
858824
859341
860351
860683
861048
862515
863312
864978
865036
867863
868960
870869
871761
871892
872747
873255
878251
879259
880116
880284
881562
884722
884896
884995
885752
886708
886879
889673
893134
894032
894744
895110
895783
896487
898387
898822
900432
901033
905030
905164
905277
905686
906867
907637
907761
908095
908194
913757
917105
917500
917837
918172
919066
919585
921227
921289
922057
922466
924063
924166
925085
926365
928922
928986
929035
929976
930419
930605
933134
934019
934493
939103
939425
939771
939991
940754
940847
942788
944149
945432
945832
945908
946975
948680
949132
950579
950935
953461
953501
954351
956314
956332
957273
957468
959331
961492
963673
963771
965299
965729
966448
967825
968954
970884
971376
971403
973116
976039
980473
983318
983391
983643
985322
986150
986151
988632
988774
989311
989497
989863
990159
990664
991611
993505
993880
995174
998190
1000486
1000931
1004074
1004714
1004940
1004980
1006037
1006449
1009147
1010336
1011365
1011562
1011666
1012163
1012801
1013063
1013315
1014166
1014398
1014756
1014880
1016479
1017812
1018152
1019191
1020506
1020921
1021581
1022571
1023139
1023171
1023890
1024106
1026183
1028179
1028602
1028757
1030362
1031173
1031174
1034297
1035168
1039393
1040012
1042171
1043445
1045912
1048982
1050080
1051793
1052593
1052660
1053411
1053989
1054278
1054471
1055822
1057060
1057132
1057136
1058108
1058278
1058610
1058772
1060495
1060701
1063095
1063880
1064769
1065090
1065987
1066651
1066917
1067297
1070695
1071055
1072207
1072285
1072595
1073530
1075248
1076520
1076950
1077369
1080596
1081820
1082397
1082599
1083122
1083394
1084064
1084087
1084920
1085292
1085305
1085800
1087465
1089031
1090656
1091982
1092194
1094839
1096413
1097141
1097305
1097873
1098142
1099335
1099424
1099886
1099909
1100032
1100444
1103699
1104037
1105421
1106718
1107641
1109237
1110220
1111416
1111567
1112339
1113102
1113742
1114490
1116370
1116643
1117793
1118522
1118576
1121154
1121277
1122890
1123600
1123681
1127600
1127957
1127970
1130011
1130685
1130947
1131074
1135280
1135718
1136611
1140852
1141346
1141740
1142018
1142065
1142739
1143795
1147139
1147767
1148113
1148731
1153879
1153938
1157298
1159328
1159534
1160366
1160623
1161254
1161422
1165113
1165186
1165860
1166184
1167029
1167398
1167476
1167964
1168387
1168471
1168955
1169313
1170087
1170342
1170586
1172526
1172813
1173125
1173836
1174091
1174258
1176205
1176512
1177666
1179679
1179976
1180190
1181102
1182336
1183960
1184924
1185365
1185918
1187171
1187730
1188436
1188948
1189699
1190318
1190832
1192105
1192890
1193607
1194109
1194509
1195344
1198966
1200147
1201463
1201541
1201887
1202566
1204837
1205373
1205458
1207218
1208246
1208678
1209234
1210834
1211486
1211692
1216048
1216532
1216552
1217266
1217675
1219930
1221343
1221933
1222463
1222792
1227526
1227945
1228894
1229301
1231064
1231065
1232209
1233750
1234623
1234842
1236429
1236596
1236665
1238200
1238337
1239319
1239570
1241844
1242157
1242679
1243842
1244548
1245000
1246699
1246897
1247555
1251689
1254300
1254624
1254748
1255078
1255148
1255296
1255446
1256147
1256168
1258086
1258529
1260305
1262468
1262670
1263643
1263779
1265197
1265650
1267954
1268302
1270909
1275115
1276622
1277362
1278274
1278303
1279391
1280294
1280702
1281806
1284184
1284700
1284805
1286887
1287876
1288876
1289832
1290389
1290627
1290960
1291406
1291872
1293403
1293427
1294778
1297472
1298433
1299031
1300570
1301281
1301454
1302484
1304451
1304542
1305005
1305264
1305695
1307814
1309268
1311559
1311932
1312438
1313044
1314401
1314712
1315576
1316172
1318527
1318727
1321491
1321688
1322057
1322347
1323922
1324086
1326239
1326945
1327432
1328490
1329311
1331229
1331305
1331436
1332839
1334344
1334559
1337251
1337837
1338163
1339668
1341131
1342744
1343541
1347352
1349005
1349457
1350114
1352306
1352860
1353984
1354276
1357969
1358287
1359521
1359729
1360302
1361543
1361708
1362972
1363014
1363663
1363727
1366577
1367632
1371224
1371536
1372106
1372167
1374230
1374333
1375715
1376174
1377493
1377996
1378095
1379878
1380196
1381080
1381409
1381738
1381837
1382522
1383072
1385850
1386945
1387732
1388144
1389447
1389622
1390855
1391146
1391185
1391949
1393316
1393512
1395064
1395752
1397214
1399664
1400467
1402041
1402377
1403183
1403358
1403441
1403490
1404794
1405102
1406235
1406977
1406981
1409649
1410058
1411027
1411487
1415186
1415801
1417725
1420010
1420200
1422697
1424178
1424570
1425775
1425790
1427637
1427696
1430304
1430925
1433508
1434723
1435978
1437485
1437989
1439461
1440901
1441554
1443803
1446119
1446522
1447658
1449648
1451315
1451385
1451556
1451936
1452249
1455355
1455583
1459647
1460237
1461669
1463892
1463965
1466034
1467151
1468403
1470349
1471463
1471778
1472326
1472744
1473229
1474321
1475383
1476913
1477073
1483565
1485169
1485560
1487946
1488322
1490047
1491330
1492009
1494212
1496827
1497352
1499257
1500679
1500949
1502784
1503600
1504046
1504519
1504948
1505069
1505823
1505977
1506535
1506756
1507268
1507510
1507845
1508159
1509542
1509998
1510249
1511299
1511343
1512074
1512230
1512592
1513587
1515299
1518274
1520294
1521794
1521840
1522067
1522590
1523267
1523410
1525230
1525261
1526656
1526855
1527219
1528716
1529964
1530023
1531555
1531660
1531890
1533646
1535122
1535506
1536065
1539538
1540956
1541941
1542245
1544014
1545385
1546524
1546981
1548265
1549366
1549384
1549679
1550408
1551459
1553250
1554125
1554377
1555744
1556360
1556370
1556910
1561561
1561631
1566252
1567198
1568292
1568519
1569028
1570981
1572465
1573089
1574382
1576610
1577687
1578996
1579108
1580380
1580828
1581429
1581606
1581756
1582260
1582913
1583721
1586002
1588499
1588716
1588875
1589843
1593162
1593982
1594650
1595259
1597431
1598308
1598462
1598774
1601441
1603462
1605002
1607088
1607739
1608556
1609721
1610500
1611601
1613095
1613267
1613399
1613462
1616820
1618413
1620306
1620326
1620676
1622427
1623114
1625363
1625701
1625799
1626937
1627879
1628457
1628734
1629226
1630987
1631891
1632510
1634130
1635682
1636716
1636758
1636997
1638037
1638480
1639208
1640238
1640451
1640610
1643159
1643568
1644949
1645530
1645818
1646404
1647471
1649635
1649953
1650947
1651250
1651547
1652321
1656575
1657658
1660657
1661289
1661422
1661580
1661859
1662343
1662963
1665271
1667149
1668455
1669545
1670240
1670431
1670543
1671619
1672799
1673886
1676004
1676198
1677054
1677267
1680335
1680358
1682062
1683411
1683565
1686096
1687075
1687388
1688014
1688247
1690172
1691126
1691219
1691971
1695873
1696127
1696429
1697257
1697440
1698013
1698801
1699034
1699324
1700348
1701331
1701656
1702255
1703937
1704182
1706509
1706876
1708374
1709773
1711896
1712763
1713223
1713980
1714720
1717962
1718572
1719195
1719422
1719452
1720296
1721877
1722090
1722183
1722595
1723552
1723836
1725766
1726630
1726637
1727695
1728078
1728399
1729473
1730157
1730321
1730366
1731293
1734516
1734796
1735350
1735958
1736976
1737946
1739764
1740294
1740713
1741511
1742623
1743105
1746735
1746826
1747238
1747673
1749240
1750055
1750148
1750762
1751357
1751658
1751814
1752952
1752986
1753499
1753729
1754166
1756357
1759363
1760640
1760665
1760707
1763412
1764001
1764161
1765117
1765962
1766158
1767407
1768332
1769385
1770273
1771252
1772574
1774138
1777866
1779958
1781123
1781363
1781838
1783663
1784101
1785684
1785687
1785962
1786112
1786968
1788042
1788557
1788797
1790061
1791103
1792090
1792892
1793238
1793914
1795756
1797783
1798965
1800050
1800141
1800761
1800943
1801976
1802191
1803967
1804041
1804442
1804572
1805661
1806454
1806464
1807576
1807825
1808387
1809462
1810293
1811614
1811843
1813761
1814563
1815124
1815387
1815979
1817514
1817551
1818151
1818767
1819751
1820360
1820461
1820541
1822428
1823185
1824395
1827509
1834056
1834076
1835010
1836097
1838347
1839524
1840686
1841754
1842276
1843716
1844739
1847202
1848695
1849187
1849463
1849921
1849967
1851031
1852604
1854335
1855446
1857235
1859821
1860069
1863750
1864639
1866758
1866923
1867474
1868785
1868905
1869650
1870801
1870867
1871419
1871975
1873898
1874131
1874239
1875980
1876390
1878775
1879202
1880975
1881965
1884228
1884280
1887262
1887300
1888431
1888553
1889324
1889654
1889762
1890166
1890833
1891054
1891285
1891923
1892693
1893442
1893600
1894351
1894590
1894606
1895369
1896662
1898233
1899518
1902100
1903524
1904716
1905220
1905738
1910583
1911093
1912989
1914582
1915220
1916094
1917274
1923060
1924120
1924809
1925393
1926568
1926582
1926751
1927545
1933419
1936644
1937605
1938101
1938298
1938491
1939240
1939827
1940340
1940490
1940499
1940743
1941285
1941649
1941820
1941883
1942643
1944895
1945318
1946108
1949314
1949870
1952251
1956312
1957165
1957572
1957747
1958984
1959523
1960053
1960134
1961554
1963500
1963922
1967532
1970137
1970398
1970927
1971768
1972044
1972675
1972717
1975798
1977758
1978426
1978602
1980825
1981627
1982886
1984353
1984461
1986583
1987395
1988293
1989475
1989641
1990363
1992340
1993042
1993543
1996143
1996426
1997337
1998998
1999315
1999943
2001525
2001714
2003317
2003625
2004553
2004739
2005999
2007562
2008036
2008484
2011016
2012046
2012216
2014239
2014716
2015298
2016542
2017924
2019462
2019464
2019688
2021558
2022144
2022146
2022399
2022463
2023431
2023556
2023756
2023928
2024679
2025305
2027226
2030040
2030877
2033007
2036644
2037618
2040560
2040711
2040951
2042898
2043461
2044923
2045468
2046718
2046852
2048832
2049192
2049231
2049232
2050957
2052012
2052933
2054040
2054639
2054729
2055260
2055576
2059576
2060165
2060725
2062814
2063217
2063628
2065475
2065795
2066180
2070625
2070846
2071329
2071346
2074802
2074991
2075006
2075569
2076111
2078399
2080040
2081194
2083418
2083577
2084094
2087773
2089283
2090496
2091096
2091623
2092199
2095092
2095307
2097331
2098940
2100062
2100194
2100667
2100734
2102609
2102951
2103258
2103476
2104895
2106633
2107175
2110637
2112840
2113337
2114562
2114795
2114953
2118278
2120036
2120188
2120679
2121791
2122530
2122699
2124295
2127072
2128826
2129826
2131301
2131359
2132059
2132108
2132853
2133176
2134025
2135796
2136093
2138148
2142101
2142190
2143010
2143366
2145133
2145543
2145755
2152080
2152572
2153512
2159619
2160161
2161898
2162037
2162504
2162894
2164451
2166128
2168367
2168869
2169101
2169832
2170089
2171041
2172458
2174841
2175944
2176682
2176711
2177272
2180309
2181309
2181552
2183095
2183823
2184041
2184885
2186087
2186316
2186437
2186495
2187063
2187523
2188510
2191875
2191958
2193472
2195947
2196397
2197552
2199462
2199912
2203313
2204212
2205071
2205298
2207088
2210131
2213159
2213192
2213417
2214171
2214918
2215341
2217259
2217353
2217779
2218520
2219006
2221025
2221076
2222354
2222643
2222947
2223294
2223609
2225668
2226168
2228348
2229153
2229311
2229385
2231510
2233022
2233654
2234625
2234634
2234671
2235941
2236322
2236679
2237643
2238544
2238618
2239014
2239042
2241559
2241944
2242083
2242604
2243596
2244068
2244570
2244931
2246759
2246913
2247193
2249001
2249467
2251601
2252273
2254420
2258075
2258695
2260865
2260957
2261534
2261787
2266129
2270162
2272568
2274341
2275949
2276383
2276917
2277253
2278173
2278465
2278712
2279036
2280395
2281137
2283709
2283847
2285156
2285229
2285261
2286853
2287241
2288023
2288647
2288939
2289937
2290374
2290392
2290708
2291255
2291613
2291728
2294144
2295228
2296458
2296495
2298855
2299205
2300107
2301057
2302009
2302392
2303723
2304055
2305592
2306072
2306527
2307103
2308469
2308613
2309229
2310620
2312292
2312335
2312857
2313034
2313290
2315185
2315757
2316107
2317388
2318135
2318922
2319349
2320200
2320642
2320723
2321969
2323350
2324117
2324734
2324746
2325251
2325619
2326998
2327065
2327124
2328009
2328359
2330607
2332575
2333745
2335325
2336195
2336224
2336855
2338444
2340008
2340537
2344142
2344631
2345221
2345713
2349606
2349833
2349970
2350887
2351176
2353304
2353832
2358214
2358283
2358761
2358947
2359286
2360546
2360987
2363800
2363863
2366370
2367963
2368380
2368754
2370257
2370345
2370374
2373128
2373657
2374545
2374849
2377342
2378626
2381827
2381835
2385609
2390236
2392839
2393721
2394482
2395769
2395977
2396517
2396530
2397180
2399608
2403447
2403677
2406428
2406589
2407001
2407158
2407163
2410207
2410823
2411038
2411222
2411645
2412077
2412729
2413063
2413421
2413788
2414052
2415543
2416790
2416819
2418283
2418334
2418420
2418747
2418815
2419359
2419380
2420028
2420435
2420892
2420928
2421301
2421830
2422268
2422564
2422810
2423642
2424867
2425996
2426318
2426411
2426673
2427868
2428008
2429673
2430763
2431154
2434539
2434899
2435245
2435982
2438390
2439718
2440695
2442616
2444039
2444218
2444275
2444855
2446647
2447949
2449050
2449528
2450828
2452337
2453083
2454161
2455498
2455949
2456772
2458260
2458635
2459207
2459227
2459796
2460519
2462125
2462592
2464022
2464330
2464855
2465027
2465177
2468294
2468480
2470559
2471559
2471630
2474607
2476179
2476232
2476543
2477921
2478468
2480193
2481575
2481921
2484622
2486058
2489669
2489700
2490157
2490460
2490812
2491181
2492309
2493369
2494357
2494868
2496089
2496495
2496944
2497304
2500204
2500597
2501094
2502173
2502450
2503040
2503993
2504074
2506284
2509683
2514733
2515037
2515618
2517837
2518068
2520835
2521435
2522099
2523158
2525165
2527075
2528763
2528899
2529481
2530499
2530531
2532534
2533448
2534073
2534987
2536292
2536844
2539881
2540314
2540666
2541779
2542107
2543627
2543706
2543721
2544406
2545531
2547515
2547613
2548894
2549826
2551217
2551418
2552799
2554793
2555496
2555653
2555864
2559402
2561016
2563628
2563815
2564135
2564821
2566281
2566727
2569180
2570145
2570288
2570807
2570827
2573524
2574755
2574796
2575272
2576445
2576604
2576809
2577560
2577636
2578398
2581233
2581279
2581998
2582833
2582911
2583028
2586909
2587139
2587432
2588093
2588876
2589047
2589646
2590391
2590953
2591845
2592858
2594433
2594896
2597378
2597704
2597788
2598591
2600252
2600671
2600983
2601133
2603233
2604504
2605320
2605539
2606810
2609175
2609752
2609900
2610314
2612242
2612765
2613124
2614216
2614570
2617072
2617493
2618499
2618936
2620699
2621606
2624141
2625539
2626098
2627767
2628286
2629297
2629481
2629711
2635017
2637253
2642321
2642333
2646635
2647594
2648971
2649205
2649366
2649393
2649614
2650337
2652348
2652471
2655294
2655305
2656273
2656951
2659305
2659724
2660166
2663518
2663865
2664481
2664908
2667064
2669696
2670282
2671784
2672525
2674283
2675211
2675267
2678781
2681466
2682448
2683302
2683573
2683749
2685212
2685764
2688163
2688258
2688412
2688922
2689678
2691117
2691935
2692374
2692415
2692632
2692782
2694585
2695209
2697466
2698365
2699452
2700277
2701888
2703167
2703185
2703299
2704240
2704263
2705441
2706028
2706551
2707741
2708810
2709449
2710374
2710637
2710843
2712113
2713309
2713939
2715512
2715769
2717547
2718253
2718396
2718538
2719030
2719165
2720184
2723962
2724244
2725209
2725225
2726735
2726807
2729060
2729529
2730198
2731213
2732301
2736703
2737170
2737868
2737991
2738764
2739604
2741983
2742038
2742836
2744173
2745026
2746373
2746566
2747904
2748245
2748462
2748658
2748763
2749129
2750146
2751585
2751690
2751752
2751958
2752258
2752586
2755103
2756045
2756064
2757019
2757545
2758010
2758462
2759735
2760294
2760586
2761145
2763227
2763495
2763545
2764135
2765688
2766599
2767392
2767435
2768608
2768855
2769189
2770536
2771366
2771954
2772993
2773205
2773555
2774299
2776313
2776434
2779365
2780196
2780789
2780810
2781252
2781308
2782940
2782998
2784282
2786212
2786660
2787023
2788423
2788579
2789594
2789734
2793928
2795986
2796003
2796881
2797674
2799394
2801385
2802851
2803500
2807175
2807919
2808274
2810516
2810804
2813179
2813724
2814738
2814948
2815757
2815778
2818264
2818901
2819265
2820786
2820806
2822847
2823587
2825025
2826060
2827374
2828086
2828217
2830861
2830890
2835146
2836362
2837023
2837163
2837923
2839134
2840513
2841827
2842061
2842435
2844017
2846031
2846225
2848149
2848160
2851578
2854430
2854743
2856000
2859981
2860483
2861845
2862428
2863133
2863137
2864019
2864395
2865035
2871095
2872887
2875280
2875482
2877176
2877572
2878203
2883923
2885569
2885745
2887583
2887940
2888044
2888850
2889800
2891405
2892519
2894603
2894728
2895293
2895389
2897288
2898305
2898678
2899745
2900117
2900358
2901041
2901207
2903117
2903412
2904301
2904351
2904710
2905051
2908006
2909232
2909482
2911019
2911273
2912115
2912512
2912658
2913911
2914156
2916555
2916728
2916763
2916770
2916933
2918227
2918353
2919018
2920441
2921516
2922339
2922648
2922994
2923168
2923218
2923371
2926311
2929681
2929883
2932410
2932592
2937145
2938866
2940743
2941235
2942837
2944288
2945177
2946584
2947008
2947194
2947976
2948784
2949019
2949689
2950588
2953456
2955217
2955404
2956262
2956797
2957811
2959697
2961058
2961960
2964346
2964479
2964627
2965911
2966441
2967737
2969324
2969469
2969837
2970692
2971624
2972545
2974375
2975498
2975570
2977464
2977975
2978163
2978302
2978387
2979562
2980081
2980125
2980385
2980460
2980730
2981116
2982741
2983337
2983837
2985743
2987596
2988004
2991489
2991879
2993135
2993233
2994687
2994787
2996061
2998717
2999097
3000663
3000818
3000887
3001401
3001492
3001577
3003433
3004180
3005208
3005464
3006759
3009520
3010635
3011072
3012187
3013470
3013680
3014244
3015427
3016420
3019720
3020357
3022630
3024574
3025688
3026851
3027555
3030526
3032349
3032961
3035761
3036969
3037757
3039887
3039897
3040859
3043392
3044363
3045306
3048720
3049915
3050160
3051253
3052574
3053726
3053919
3054838
3057279
3058283
3060929
3061845
3063119
3066099
3066411
3066606
3067492
3068621
3068799
3068972
3070151
3070686
3072202
3072414
3073051
3073284
3074088
3075949
3076235
3077121
3079128
3079818
3080937
3081422
3083960
3084647
3084971
3085134
3086708
3087563
3087791
3087926
3088354
3088935
3089257
3091487
3092182
3092441
3095152
3095826
3097436
3100266
3100890
3101736
3101941
3104408
3104532
3104653
3107021
3107403
3108265
3110028
3110512
3110630
3111112
3112618
3114494
3115041
3115262
3115389
3115879
3115947
3116687
3116743
3116829
3117522
3118710
3119002
3122335
3122442
3122845
3124188
3124769
3127290
3127429
3129433
3129714
3130089
3135648
3136757
3136762
3138560
3138796
3139645
3139760
3140006
3141180
3141258
3141906
3142175
3142943
3143412
3144253
3144802
3145474
3145962
3146587
3147797
3148064
3149284
3149494
3149546
3150081
3150326
3150622
3153353
3154812
3155103
3155613
3156039
3157195
3157540
3158203
3159307
3160060
3160323
3160884
3161886
3162209
3162522
3163897
3163988
3164740
3164929
3167193
3167814
3167885
3168968
3170200
3170282
3171011
3171141
3171227
3171639
3171676
3173574
3174105
3180134
3184438
3184736
3190308
3190655
3191431
3193711
3193818
3194189
3196538
3196932
3198798
3200244
3201663
3201925
3202018
3202594
3202904
3203377
3203605
3204310
3204896
3205699
3206945
3208787
3209179
3210100
3210498
3210753
3210771
3211052
3211880
3211985
3212538
3212674
3213242
3213264
3213517
3214460
3217090
3218719
3221420
3223235
3225416
3226334
3229242
3229386
3229472
3229673
3229900
3230367
3231732
3233947
3234070
3235224
3235463
3235464
3235576
3237699
3239846
3240445
3240636
3244039
3244249
3244558
3245211
3246718
3247737
3250551
3250699
3253058
3253606
3255130
3255466
3256909
3257200
3258435
3258541
3259542
3259847
3261504
3264691
3265950
3267294
3268147
3269843
3270495
3271130
3275767
3275915
3276444
3276880
3276895
3277223
3278197
3279026
3283971
3285590
3286884
3286960
3287287
3288226
3288722
3290540
3293678
3293747
3295800
3296017
3296161
3298006
3298455
3299124
3299853
3301984
3302269
3304224
3305976
3306119
3309219
3309412
3309700
3309737
3312223
3313554
3315492
3315615
3315878
3316024
3317801
3317853
3320081
3320466
3322231
3322236
3322640
3324226
3327727
3328327
3329222
3329236
3330948
3336681
3337559
3342452
3346314
3346576
3348592
3352188
3353293
3355166
3356225
3356335
3357106
3359084
3359384
3360564
3361304
3361804
3363315
3363667
3363844
3364068
3365913
3366590
3370070
3370191
3372202
3372401
3372782
3374167
3375589
3375844
3376208
3377104
3377472
3379111
3383077
3383336
3384006
3385025
3385924
3386578
3386830
3390034
3390145
3390614
3390999
3391952
3393704
3394476
3394886
3395328
3396132
3397832
3398059
3400600
3401962
3402076
3404278
3406239
3407059
3407222
3408931
3409701
3409787
3412744
3413232
3414363
3414440
3414610
3415980
3416198
3416314
3416586
3421612
3422031
3422319
3422418
3423333
3423494
3424776
3425570
3426107
3426516
3426732
3427183
3428901
3429542
3429762
3431407
3432069
3433211
3434068
3434434
3434845
3435600
3437142
3437792
3437913
3438726
3439711
3440418
3440777
3440883
3442290
3442978
3443370
3446640
3448270
3448292
3450493
3450667
3450779
3451211
3452137
3452677
3456935
3457334
3457777
3458622
3459936
3460011
3460117
3460288
3460710
3460977
3461125
3461149
3463460
3465629
3466399
3467722
3469063
3469675
3469890
3470338
3471669
3474747
3478397
3479074
3479523
3479653
3482388
3482747
3483229
3483813
3484572
3484614
3486336
3488545
3490497
3491715
3491949
3492000
3495771
3496099
3500014
3502417
3503198
3503719
3503983
3504051
3507778
3508034
3508221
3508657
3511564
3511730
3511954
3512451
3512797
3513817
3514241
3517648
3518194
3518547
3521254
3525408
3525590
3526975
3527760
3530596
3532086
3533867
3534543
3538182
3539234
3542441
3542917
3542953
3543080
3543284
3543579
3545301
3546327
3547071
3547470
3547607
3548644
3548744
3548794
3553229
3553975
3554034
3554896
3555982
3556213
3556750
3559716
3560589
3560902
3561420
3563215
3566135
3566344
3566906
3567606
3568108
3568120
3568373
3569913
3570287
3570318
3570350
3570981
3571094
3571377
3571500
3571669
3571709
3572236
3572986
3573322
3574860
3574904
3575176
3576521
3579020
3580460
3582255
3582389
3583166
3583689
3587310
3587350
3587560
3588389
3588446
3591024
3591178
3592756
3592930
3593351
3593921
3594563
3597549
3600394
3601364
3601375
3604154
3604874
3605203
3606346
3607521
3607818
3609172
3610967
3611276
3614786
3614856
3616081
3617186
3618364
3618459
3619391
3620146
3623228
3624222
3624679
3625106
3627557
3627857
3628444
3628659
3628738
3629736
3630428
3630654
3631620
3631702
3632351
3632736
3632810
3633482
3636391
3637145
3637884
3637973
3638221
3639106
3639206
3640430
3641474
3641580
3641846
3645991
3646818
3646819
3651200
3652773
3653027
3657178
3658252
3659386
3660430
3660881
3661504
3663417
3664011
3664184
3667249
3667554
3667709
3668047
3672658
3673880
3675879
3679041
3679271
3679910
3680019
3682658
3682902
3683754
3684351
3689593
3689792
3689934
3690159
3692056
3692152
3692416
3693949
3694555
3695603
3696380
3696901
3697294
3700788
3701662
3702111
3702303
3703193
3704942
3705362
3705373
3705909
3706195
3708542
3708653
3709224
3709395
3711899
3714078
3714739
3714921
3715826
3718033
3718933
3719281
3719540
3720373
3722094
3722443
3723587
3724110
3724449
3724830
3725035
3725119
3725465
3725487
3726433
3727043
3727326
3727503
3729053
3729531
3730123
3733134
3733595
3734000
3734485
3735834
3736343
3736490
3738254
3739064
3740165
3741151
3741612
3742094
3742474
3744335
3745244
3746157
3746281
3747192
3747537
3752125
3752337
3753052
3754100
3754890
3755033
3755247
3755559
3756873
3760045
3761694
3762315
3768046
3768223
3768590
3768640
3770442
3770461
3772087
3772105
3774851
3775171
3775850
3778547
3778819
3780963
3783395
3784786
3784972
3785334
3785798
3786421
3787368
3788768
3789610
3790140
3791301
3791397
3791467
3792113
3792475
3792570
3794318
3795320
3796341
3799299
3801451
3801596
3802466
3803347
3804131
3804945
3805158
3805284
3806180
3806759
3807061
3807699
3809666
3812367
3812373
3812796
3814521
3815278
3815627
3815938
3816359
3816493
3817827
3818868
3821528
3823066
3823839
3824754
3830012
3830927
3833187
3833551
3835908
3836159
3837161
3837826
3838432
3838940
3838991
3839160
3839657
3841463
3842496
3842623
3844497
3844833
3844973
3845597
3848679
3849132
3849345
3850893
3854231
3854265
3854439
3854499
3854981
3856361
3858510
3858686
3862843
3863453
3864150
3864640
3867207
3867367
3869728
3870575
3870892
3870939
3871072
3872160
3873616
3878439
3878969
3880369
3882251
3882751
3883504
3886179
3887724
3890190
3890574
3891906
3892921
3893128
3893989
3895602
3896089
3896335
3896614
3898734
3899295
3901386
3903706
3907639
3907645
3909373
3910407
3910782
3913274
3914428
3914967
3915338
3917596
3917931
3921117
3921599
3921907
3922677
3922695
3923306
3923576
3924448
3926028
3926498
3928351
3929665
3929945
3930065
3930754
3931565
3933071
3938067
3938514
3941994
3942177
3946563
3947625
3948437
3949628
3949973
3950986
3951522
3955439
3955774
3956115
3956979
3957818
3957899
3958058
3961432
3962500
3962928
3962998
3963722
3964586
3965130
3967543
3968316
3969395
3969468
3970440
3971305
3973317
3974481
3974972
3975539
3976482
3976725
3976904
3977602
3978226
3978567
3979037
3979190
3979947
3981014
3982588
3982982
3983859
3985526
3988761
3988954
3988975
3989546
3990214
3990532
3991455
3992097
3993210
3993689
3993765
3994010
3995537
3995768
3995792
3996936
3997082
3997721
3997846
3997988
3998282
3999917
4001729
4002051
4002186
4002322
4005840
4009536
4010042
4011598
4012815
4012964
4013900
4015382
4015574
4016322
4016969
4017297
4017896
4018148
4018360
4018501
4020536
4020629
4021540
4021560
4022182
4023316
4026589
4028368
4029519
4031371
4032178
4032574
4033041
4033325
4033802
4034119
4036224
4036907
4037346
4037967
4039307
4040542
4042077
4042439
4042622
4043370
4045977
4046170
4046529
4048412
4050063
4050489
4051173
4051509
4052917
4053972
4055116
4055626
4056815
4058185
4058222
4058786
4059899
4060881
4061462
4066318
4066691
4067928
4068856
4069150
4070985
4071941
4072161
4072208
4073024
4073254
4074309
4075435
4076112
4077315
4077759
4080253
4082005
4082471
4083117
4084400
4084595
4084934
4085372
4087850
4088145
4088482
4088713
4090159
4090170
4090954
4091493
4093413
4096490
4098576
4099382
4099659
4100497
4100708
4101483
4102238
4102343
4103059
4103109
4104791
4106386
4106890
4106969
4108064
4109064
4109127
4109922
4112015
4112587
4113644
4113938
4116638
4119474
4120739
4121372
4121700
4122158
4123254
4124574
4124596
4124757
4125061
4126411
4127402
4127689
4128986
4129465
4133518
4133698
4134165
4135026
4135050
4136977
4137032
4138805
4139423
4139949
4140006
4140714
4141289
4142394
4142880
4145932
4146237
4146825
4146923
4152106
4152221
4154241
4154571
4154747
4155234
4155296
4156049
4157707
4158152
4160953
4161323
4162815
4163489
4163798
4163930
4164510
4165198
4165224
4165975
4166321
4167266
4169418
4171104
4171210
4171838
4172248
4173534
4174612
4175420
4176182
4176492
4178519
4180018
4180475
4180573
4180866
4181171
4181402
4182705
4184141
4186117
4186866
4187543
4188057
4188182
4190210
4190960
4191446
4193132
4193273
4195008
4197516
4197916
4198910
4199167
4201239
4201530
4204821
4205388
4206278
4210246
4210625
4210987
4212090
4212222
4213286
4213812
4213964
4214300
4214438
4214805
4216521
4217218
4218107
4221568
4221644
4221679
4222443
4222486
4222563
4225398
4226735
4226880
4227552
4228308
4229744
4230311
4231761
4232940
4236028
4237410
4239095
4239357
4239583
4240849
4242033
4243424
4243451
4244254
4244383
4245154
4245538
4245542
4245954
4247043
4247379
4247391
4247667
4248519
4248745
4249505
4251601
4251772
4252188
4256782
4258708
4258871
4261855
4262348
4262835
4264671
4266981
4267706
4267914
4269186
4270361
4270367
4270886
4272041
4272800
4275253
4275819
4279228
4279379
4280222
4280279
4280920
4282212
4283091
4283118
4283817
4283890
4286253
4286281
4287967
4288724
4290845
4293021
4293513
4293884
4295142
4295664
4296363
4297461
4299129
4299180
4299238
4300473
4301153
4301379
4301529
4304286
4304605
4306326
4306624
4307306
4307637
4311640
4312290
4313571
4313689
4317507
4319128
4319980
4320319
4320791
4320977
4322856
4324471
4325485
4326378
4326418
4327646
4329469
4330455
4330960
4331602
4331662
4332017
4332244
4334050
4335630
4339145
4339326
4342615
4342955
4343364
4344101
4346328
4347867
4348396
4349434
4349596
4352344
4353734
4354955
4355008
4356315
4357183
4357656
4357726
4357821
4357895
4358260
4358323
4359159
4359515
4359777
4359786
4360140
4361200
4361904
4362804
4362936
4364744
4365101
4367937
4367966
4368174
4368704
4368943
4369215
4372069
4373072
4374790
4376595
4376964
4377429
4377815
4378043
4378218
4378838
4379414
4381069
4381170
4382497
4382528
4383269
4383583
4383603
4384967
4385037
4385279
4386553
4389137
4389162
4389386
4389568
4392205
4392963
4393228
4393492
4393567
4393716
4395046
4395428
4397478
4397654
4398609
4398698
4400593
4402523
4403079
4403948
4406216
4406508
4406540
4408378
4408974
4409259
4409353
4409404
4413982
4414987
4415098
4416767
4418766
4420018
4420088
4420092
4420427
4424235
4426025
4426536
4427715
4428241
4428939
4430996
4432061
4432115
4432127
4432735
4432740
4433071
4433845
4435317
4436314
4437297
4441118
4442525
4443257
4443947
4444250
4444658
4445437
4446163
4446488
4446669
4447235
4447902
4448877
4449108
4450312
4456509
4458639
4458825
4459505
4459537
4459837
4460179
4461475
4462540
4462647
4462782
4469073
4469217
4471380
4472079
4472515
4473038
4474039
4474590
4476836
4477471
4478404
4479095
4479720
4481570
4482248
4483059
4486558
4486908
4487019
4488099
4489894
4491036
4491805
4492910
4495138
4495514
4498091
4499195
4504174
4504416
4504470
4505614
4505788
4506872
4507047
4513182
4516814
4518456
4519267
4519665
4520239
4520608
4520758
4521143
4522248
4523254
4525496
4528243
4528803
4529445
4529484
4529916
4529954
4530164
4532273
4532343
4532776
4535717
4536191
4537159
4537398
4537879
4538355
4539563
4541794
4543390
4544213
4545553
4546154
4546696
4547104
4547125
4547283
4548200
4549557
4549737
4551459
4551476
4551488
4551800
4553598
4555795
4558456
4559212
4559480
4566734
4568029
4568824
4569543
4569720
4569928
4570474
4572740
4574013
4574145
4574281
4575477
4575510
4577254
4578199
4578557
4578867
4580107
4581241
4586305
4587320
4587850
4588092
4591177
4592136
4592257
4592833
4593993
4594434
4594676
4594733
4595525
4596233
4598658
4598841
4599160
4599477
4599601
4599967
4600153
4601120
4601164
4601501
4601731
4602631
4603953
4607492
4607621
4607636
4607975
4608396
4609408
4610447
4612563
4612987
4614294
4615557
4615798
4616742
4617708
4617726
4620306
4621733
4621881
4621992
4623217
4623471
4626112
4627494
4629896
4630213
4630796
4632932
4634038
4635122
4635917
4636194
4636912
4637302
4638777
4639349
4640249
4641183
4641537
4641771
4644296
4644788
4644974
4644983
4645501
4645598
4645706
4651175
4652397
4652551
4654495
4655491
4657571
4660337
4660780
4660875
4662747
4663981
4664145
4665006
4665647
4666994
4667930
4668162
4669069
4670435
4670520
4670716
4670824
4673335
4673463
4674395
4674874
4676829
4677433
4677727
4677828
4678362
4678735
4679493
4680476
4680477
4683388
4683887
4684010
4684016
4684721
4685171
4685551
4685875
4686858
4688877
4688884
4689142
4690492
4693010
4693824
4694867
4696170
4696319
4697052
4697230
4697462
4702446
4704065
4705783
4706890
4709703
4710607
4711348
4712749
4716625
4716690
4717073
4717439
4717506
4718373
4718396
4718541
4719578
4722322
4722524
4723364
4724310
4725341
4729396
4730744
4731503
4731636
4733305
4733668
4735055
4735072
4740002
4740496
4742784
4744617
4747269
4747817
4752259
4752403
4753413
4754120
4754140
4754335
4754647
4755147
4756381
4756886
4757772
4758384
4758644
4758950
4759650
4759933
4760579
4760888
4761184
4763824
4764845
4766703
4767213
4767449
4768006
4769730
4771529
4772167
4772268
4773384
4775356
4776307
4778275
4778299
4779063
4780703
4780864
4781235
4781546
4783454
4783506
4783979
4784523
4785124
4787787
4787978
4788106
4789420
4789568
4789667
4793285
4793338
4793744
4794557
4796314
4796369
4796816
4796821
4797548
4797736
4798244
4799060
4799370
4801448
4801475
4801695
4802092
4803497
4804489
4804579
4806303
4806513
4807692
4807717
4809380
4809934
4811394
4813594
4814501
4816110
4817424
4818200
4818696
4819892
4822033
4822381
4823114
4823460
4824016
4824198
4824803
4824827
4827572
4828023
4828820
4830959
4832671
4832798
4833683
4835166
4836182
4836643
4836828
4837149
4837317
4837823
4838465
4840146
4840588
4841008
4841118
4841387
4841992
4842685
4843070
4843804
4847255
4848999
4849995
4851728
4851894
4852310
4853915
4854534
4854735
4855260
4855646
4858019
4859531
4859868
4860522
4860900
4861210
4861374
4861895
4863063
4863755
4864328
4864690
4864961
4865112
4865761
4866357
4866716
4867025
4867313
4868071
4868758
4869064
4869424
4872026
4872161
4872876
4873683
4874197
4875433
4875555
4875697
4876646
4880771
4882332
4882346
4883011
4883771
4885567
4885794
4887350
4888497
4889048
4892208
4895576
4895741
4895893
4899230
4899235
4900931
4901150
4901314
4901716
4901937
4902372
4902931
4903190
4903298
4903450
4904574
4904963
4905795
4905967
4909440
4909825
4910915
4912008
4913376
4913833
4914082
4915304
4918819
4919039
4922100
4924122
4926646
4927053
4927805
4930024
4930790
4931102
4931588
4932620
4932703
4932857
4933012
4933855
4934562
4934834
4935352
4936466
4939459
4940729
4941553
4941964
4944471
4944916
4947817
4948927
4949397
4950066
4950553
4950907
4951670
4952461
4952713
4955141
4956511
4957652
4958062
4961548
4962371
4963217
4967887
4969106
4970196
4970276
4971773
4972847
4974611
4976261
4976310
4977374
4977535
4978546
4980558
4983031
4983731
4985029
4985216
4985366
4986160
4986269
4986881
4988939
4989242
4991230
4994851
4995418
4995609
4996137
4996809
4997015
4997149
4998150
4998943
5002251
5002896
5003208
5003249
5003727
5003883
5004167
5004208
5004743
5005154
5005426
5006086
5006362
5007469
5007797
5008872
5009277
5010545
5011921
5012928
5012932
5013112
5015837
5016103
5016652
5016894
5017943
5018479
5019812
5022560
5025478
5026123
5027305
5028020
5030844
5033437
5036209
5038188
5038963
5038991
5040915
5042315
5042411
5042707
5043325
5044848
5046184
5046372
5046666
5048665
5050685
5052699
5053785
5054039
5054560
5056768
5057802
5060047
5060701
5061177
5062214
5062936
5063506
5063815
5065555
5065744
5065897
5066054
5066654
5067965
5069463
5070956
5072423
5073090
5073668
5075791
5076205
5077379
5078404
5079257
5079457
5081718
5082379
5083568
5083769
5085752
5086785
5087333
5087505
5087567
5089594
5090798
5091784
5093833
5095798
5096188
5099276
5101155
5101852
5102585
5102890
5103281
5103670
5104615
5105283
5108045
5108053
5108197
5108277
5108638
5110728
5111749
5112388
5112941
5114251
5114307
5118330
5118494
5118717
5119048
5125570
5128649
5130305
5131796
5132451
5132716
5133776
5134870
5135700
5136053
5136133
5136599
5141391
5142226
5142446
5142702
5144708
5148533
5151093
5151723
5151739
5153865
5154114
5155219
5156366
5158732
5161715
5163686
5163921
5164857
5165831
5166218
5166722
5167175
5167588
5169709
5170270
5171473
5173497
5173971
5175404
5175715
5175953
5176558
5176981
5177844
5177882
5177891
5178079
5178624
5181005
5181117
5181714
5181892
5181990
5183208
5183847
5184618
5185797
5186048
5188745
5189072
5189815
5191086
5193203
5194140
5194618
5194971
5195589
5195857
5195955
5196490
5202095
5202131
5203080
5203491
5203922
5206157
5207547
5208113
5208812
5208870
5209832
5212376
5212455
5213529
5214945
5216350
5216591
5218086
5218382
5222453
5222711
5224595
5224870
5225188
5225867
5226486
5227787
5229758
5230540
5232410
5236024
5236347
5237130
5237286
5237529
5240830
5242119
5242761
5243734
5244494
5245073
5245227
5248894
5250205
5251977
5252968
5253388
5254039
5254104
5254695
5255976
5256898
5259501
5261731
5264971
5267298
5267586
5269545
5269711
5269800
5270782
5270833
5270870
5271071
5271619
5271649
5272044
5272619
5273067
5274336
5274566
5275214
5275839
5276587
5277079
5277189
5277194
5277530
5278322
5278552
5279396
5279989
5280590
5282039
5283566
5283995
5286088
5291327
5293043
5293145
5293322
5293931
5294539
5295210
5295538
5296753
5298778
5298978
5299009
5299880
5300079
5300096
5302017
5304506
5306200
5306275
5306986
5307619
5308479
5309156
5309254
5310181
5310341
5311218
5311332
5311711
5312678
5313238
5314180
5314414
5315169
5315170
5316551
5316677
5317877
5317997
5320504
5322061
5323451
5323802
5326526
5327304
5327930
5332215
5332424
5333000
5337164
5339236
5339482
5341341
5342651
5343160
5343795
5344036
5344378
5344471
5344553
5345015
5345504
5345688
5345842
5349763
5349990
5350733
5351120
5351579
5353045
5353522
5354272
5354884
5354959
5355354
5356153
5357472
5358048
5358300
5359115
5360088
5360957
5361788
5361916
5362742
5364287
5366583
5370494
5371919
5374835
5376327
5377219
5378160
5378535
5379472
5382222
5383221
5384462
5385342
5386749
5386919
5386994
5387370
5387997
5388644
5388742
5389695
5389847
5393777
5394472
5395058
5396813
5397189
5397675
5398180
5398665
5398900
5399683
5399985
5401218
5401224
5401741
5402097
5402780
5403565
5404174
5408410
5408589
5408622
5408803
5409140
5410276
5411074
5412556
5413832
5414959
5418209
5418244
5418466
5418545
5418675
5420496
5420814
5420954
5422904
5423799
5426584
5426919
5427662
5427799
5428383
5428508
5430089
5430896
5431295
5434380
5435253
5438146
5439425
5439737
5440279
5442643
5445842
5449127
5449221
5450012
5452042
5452155
5452306
5453037
5453622
5455031
5456435
5456665
5456885
5457003
5457530
5458182
5459395
5459826
5459917
5460094
5460432
5461524
5462425
5463858
5465776
5466195
5466785
5469083
5470887
5474330
5476744
5477920
5478183
5478555
5479973
5481005
5482771
5483665
5483745
5484151
5485309
5485555
5488026
5488221
5488998
5489100
5489196
5489233
5490441
5491047
5491231
5492815
5492847
5495825
5495962
5497419
5499774
5502078
5502523
5503164
5503746
5503971
5504276
5506451
5506523
5509127
5509707
5510785
5511179
5512539
5514908
5515202
5516558
5516738
5517087
5520366
5521399
5525307
5525826
5525827
5525951
5529849
5534211
5536881
5539642
5540640
5541892
5542487
5542494
5543014
5543064
5543367
5543530
5543619
5544129
5544147
5544318
5546290
5547384
5549477
5550534
5551397
5551439
5551742
5551822
5552035
5553714
5554633
5557114
5557286
5560405
5561498
5562525
5565217
5565418
5567025
5567479
5567911
5568077
5568744
5568779
5569236
5571570
5574256
5575507
5575833
5577196
5577851
5578765
5579355
5579923
5580098
5580869
5582625
5582909
5583173
5583688
5584795
5585497
5585561
5585762
5585773
5585832
5586587
5589190
5590378
5591199
5592852
5593940
5594596
5597735
5597906
5598854
5599075
5603803
5605599
5606329
5606490
5606549
5606633
5606866
5607879
5609018
5610549
5611163
5611657
5611913
5612755
5613552
5614201
5615952
5619570
5620278
5621248
5624378
5624415
5625316
5630501
5630712
5630991
5631812
5632607
5633500
5634327
5636672
5637716
5638424
5639659
5640210
5643039
5643593
5643735
5644321
5644592
5648150
5648265
5650408
5651516
5652480
5654453
5658638
5658809
5659022
5659846
5660142
5662668
5663887
5664948
5665352
5665435
5667186
5667308
5667486
5669424
5673148
5674030
5675323
5675802
5676197
5676606
5678549
5678914
5679490
5679939
5679984
5680112
5682988
5683526
5684588
5684620
5685648
5686135
5686329
5687150
5688899
5689625
5689752
5689936
5691177
5691234
5691824
5693122
5693427
5693461
5693684
5693757
5693762
5693814
5695820
5697690
5698787
5699336
5699718
5700460
5700991
5704905
5705126
5706198
5706473
5706755
5707845
5708327
5709537
5711825
5711855
5715925
5716225
5716374
5716612
5717320
5717619
5719194
5720557
5723206
5723772
5723916
5724009
5724582
5726334
5726543
5726991
5730132
5733692
5733943
5733949
5734139
5735099
5736384
5736935
5738741
5740472
5740522
5743388
5743807
5744643
5744884
5746338
5747345
5747566
5748867
5749735
5749789
5750092
5751085
5751294
5751654
5752136
5752563
5752793
5753732
5754938
5760298
5762386
5763972
5764426
5764988
5766990
5767277
5769914
5770973
5773121
5773744
5774250
5774510
5774883
5775796
5776565
5777608
5779505
5780071
5781539
5781917
5781982
5784277
5784776
5785294
5786700
5787313
5787830
5788396
5788918
5792067
5792303
5792639
5794178
5794291
5794733
5796990
5797480
5798430
5799784
5800415
5800564
5801381
5801523
5801934
5803312
5803402
5804042
5804483
5804765
5804921
5805128
5805211
5808197
5808367
5808677
5810150
5810260
5810694
5811485
5812601
5812623
5812994
5813686
5814524
5816672
5817113
5818358
5818903
5820016
5821427
5822311
5822349
5822991
5827477
5830489
5830907
5833860
5835014
5835128
5835246
5835369
5835825
5836707
5836776
5838929
5839141
5839575
5839703
5839715
5840090
5840156
5840655
5841274
5842023
5843430
5843536
5843929
5844670
5844918
5845954
5846152
5847165
5847413
5849792
5852437
5853947
5855035
5855684
5858273
5858553
5859050
5859322
5859375
5859642
5859852
5859947
5860419
5862066
5864479
5866042
5866638
5868262
5869318
5869433
5869456
5869489
5870068
5870077
5870315
5870602
5871060
5871815
5872559
5874197
5875259
5875330
5878016
5878631
5879419
5879925
5880196
5880257
5880671
5881293
5882661
5883981
5885428
5886680
5887713
5891524
5893293
5894282
5895271
5896025
5898730
5898795
5900306
5901113
5902167
5902307
5902838
5902954
5903145
5903202
5905314
5908197
5908747
5908874
5910957
5913367
5913404
5914694
5915071
5915826
5916339
5916362
5917460
5918555
5918722
5919731
5920634
5922126
5922469
5923845
5925354
5926349
5926643
5927248
5927548
5927758
5928265
5932275
5934157
5934345
5936518
5937086
5937300
5939345
5939879
5940573
5941233
5943199
5945100
5946174
5946266
5946890
5946990
5947360
5948144
5950037
5953194
5953326
5953886
5955522
5955638
5956175
5956201
5956267
5957177
5957982
5959094
5960282
5961658
5961858
5965745
5966848
5967250
5969488
5970065
5970205
5970463
5970834
5971074
5971422
5972501
5973064
5973976
5974382
5974842
5974895
5975331
5976091
5977525
5977638
5979882
5981444
5981744
5983757
5984012
5984782
5986546
5986566
5987182
5988645
5988879
5989163
5990173
5990806
5993435
5994244
5994434
5996251
5997562
5998065
5999893
5999946
6000041
6001924
6004239
6004781
6006103
6006854
6007489
6007694
6007950
6010328
6011626
6012754
6014874
6016206
6017968
6018450
6018756
6020453
6023233
6023810
6024451
6025869
6025903
6026851
6027555
6029427
6030265
6030903
6032946
6032967
6033246
6036152
6036378
6037574
6037873
6039400
6044421
6044822
6045618
6047249
6047948
6051674
6051885
6052300
6054286
6055641
6056816
6057881
6058426
6058601
6061194
6062068
6062631
6063495
6065452
6067465
6067889
6068519
6070467
6070862
6071342
6071357
6073054
6074272
6075325
6077683
6078526
6079480
6080137
6080335
6083875
6083913
6084802
6086350
6086716
6086810
6086819
6087499
6087565
6090116
6090344
6091798
6094083
6094510
6095756
6100614
6101204
6101599
6101654
6102235
6102522
6104181
6104801
6105317
6105325
6106495
6107109
6108363
6108795
6110132
6110586
6110728
6113148
6113427
6114272
6116502
6116934
6117756
6118697
6119592
6121865
6122072
6122984
6123998
6125289
6125810
6126186
6128178
6129646
6130218
6132791
6133632
6133760
6134014
6134366
6137034
6137128
6137195
6140643
6141168
6142005
6142436
6143184
6144390
6145856
6146662
6147342
6147562
6149515
6149531
6150379
6151431
6151609
6151819
6152402
6152819
6155874
6156285
6158491
6158494
6159792
6162093
6162460
6164025
6166374
6167352
6167381
6168731
6169342
6169981
6170117
6171433
6173751
6173956
6174291
6177348
6178319
6178363
6178492
6180842
6183193
6183215
6183369
6183640
6184513
6185659
6187173
6188235
6188296
6188353
6190579
6191080
6192213
6194462
6195637
6196781
6196925
6197278
6198259
6198535
6198873
6200564
6201047
6203224
6204114
6205176
6205685
6209662
6210565
6212011
6212184
6212435
6214171
6217000
6217214
6217629
6218973
6219949
6220240
6221187
6221207
6221919
6222008
6222502
6223264
6225151
6225832
6226776
6227042
6227507
6227767
6227907
6228558
6228576
6229525
6229688
6230979
6231195
6232186
6232762
6233239
6233786
6235236
6235591
6236744
6237032
6237044
6239030
6241035
6241189
6242688
6242749
6244605
6245234
6246339
6246751
6247019
6247095
6247597
6249686
6249896
6250944
6252395
6252559
6252691
6253333
6254226
6254614
6254952
6255055
6255823
6257370
6258669
6258947
6259147
6261048
6262603
6262981
6264031
6266365
6267180
6268337
6270036
6272908
6274109
6274587
6275854
6277298
6278747
6278932
6279305
6279425
6280821
6281460
6282679
6283034
6283503
6286364
6290772
6291024
6292199
6294063
6296339
6297732
6297753
6298133
6298705
6300304
6301076
6302964
6303307
6303734
6304177
6304520
6304671
6306514
6307774
6307992
6310620
6310703
6315334
6315924
6316008
6317546
6319528
6323993
6324089
6324094
6324504
6327518
6333858
6335536
6336173
6337451
6338694
6338703
6339837
6341566
6342073
6342290
6342778
6345326
6346610
6346730
6350024
6350651
6353510
6354679
6356051
6356683
6356874
6358676
6358799
6360006
6360796
6361304
6361315
6361343
6361627
6364148
6365781
6367181
6370614
6371326
6371333
6373064
6373131
6374757
6375463
6376214
6376626
6378484
6378660
6378794
6379523
6379991
6380028
6380624
6380714
6382212
6382382
6383617
6384278
6385117
6385622
6386875
6387427
6388149
6389841
6390866
6391259
6392740
6392971
6393604
6394969
6398989
6399349
6400106
6400271
6401030
6402331
6403598
6404236
6404420
6406264
6406323
6406378
6409799
6412013
6414828
6416679
6417773
6418866
6420257
6420826
6421423
6424097
6424569
6424983
6426804
6426925
6427025
6427936
6428026
6429248
6429943
6430007
6432008
6432947
6433768
6434099
6436501
6436524
6439696
6441537
6442518
6443484
6443963
6445863
6446076
6449167
6449949
6450414
6450426
6450790
6450966
6451218
6451558
6451928
6452214
6452809
6453832
6457946
6458675
6458744
6459136
6461666
6462397
6463885
6466322
6470168
6471248
6471277
6471484
6471489
6472332
6472588
6473953
6474189
6475230
6477268
6477458
6477505
6478145
6479249
6479277
6479799
6479959
6480148
6481621
6481623
6481882
6482880
6484059
6484438
6485445
6485805
6486252
6486772
6486935
6487588
6488001
6488787
6489335
6489394
6490725
6494698
6494770
6494988
6495698
6496306
6498298
6501774
6503255
6503911
6504634
6505027
6507074
6508006
6508818
6509170
6510071
6511701
6511759
6512056
6512650
6513391
6513508
6515478
6516667
6517014
6518061
6520356
6525794
6526052
6526172
6527397
6527489
6527620
6528557
6528872
6529453
6531203
6532660
6532681
6533392
6533639
6534746
6536202
6536904
6536919
6537363
6538126
6538213
6539736
6541460
6541592
6541615
6542297
6544810
6546558
6547692
6548254
6550045
6550593
6551405
6552216
6552800
6553279
6553284
6553345
6553418
6554450
6554623
6555092
6557166
6558293
6559186
6559530
6559888
6561784
6562053
6565248
6566329
6568201
6569246
6571915
6571942
6572334
6575562
6575601
6575850
6577370
6579024
6579263
6579549
6580122
6581212
6581399
6582198
6583454
6584344
6584678
6584922
6585920
6586264
6586986
6587743
6588173
6590168
6590302
6591280
6594093
6594726
6596893
6597964
6599206
6599368
6600334
6600422
6600831
6601081
6602212
6602374
6603209
6603290
6604655
6605625
6606539
6609401
6609887
6610855
6614046
6615574
6615864
6616793
6617889
6620672
6620825
6621796
6623281
6624161
6625421
6627165
6627623
6628790
6629358
6629471
6630750
6630930
6632905
6633495
6634868
6634939
6637755
6637950
6638171
6638701
6639373
6640617
6641702
6641729
6642407
6642738
6643880
6644434
6644927
6645228
6645621
6646679
6646694
6648120
6648744
6652520
6652860
6653818
6654303
6654346
6654535
6655145
6655460
6657015
6660960
6661165
6663088
6664205
6669071
6669172
6669742
6670202
6671728
6673673
6674851
6675285
6675919
6676740
6677138
6678356
6679546
6680286
6680380
6681244
6683324
6685622
6686983
6690141
6690464
6694147
6694580
6695843
6696289
6696538
6697632
6698603
6699166
6699411
6700602
6701504
6701518
6702639
6703144
6704416
6704512
6706140
6707736
6709054
6710630
6712111
6712456
6712802
6713437
6714771
6715034
6715754
6715904
6716232
6716935
6719647
6720725
6720999
6723950
6724339
6724963
6725321
6726886
6730919
6732518
6732626
6732725
6735315
6739135
6739406
6740610
6741443
6741507
6742107
6742895
6743424
6743456
6745091
6747191
6748916
6752357
6752975
6753200
6754498
6755138
6755898
6757116
6757434
6758104
6759239
6759849
6759858
6760487
6761319
6761321
6762950
6763652
6764612
6766130
6766455
6767453
6768259
6768987
6769577
6769904
6770022
6770538
6770622
6772100
6772711
6773830
6775564
6775933
6778011
6779438
6782242
6782315
6782710
6784194
6785301
6786475
6786842
6788732
6788912
6789344
6789430
6791284
6791452
6791599
6792888
6798067
6799944
6800209
6800523
6800955
6801947
6802328
6802476
6804379
6806433
6807105
6808473
6809511
6810105
6810143
6810295
6810506
6810820
6811275
6812869
6814174
6814506
6814959
6816832
6817717
6818677
6818762
6819395
6824210
6825896
6828400
6831770
6831936
6832634
6832738
6833068
6834367
6835006
6835072
6836261
6837425
6837518
6838180
6838601
6839519
6840328
6841481
6841655
6843182
6846344
6846737
6847508
6849004
6849262
6849803
6852905
6854350
6854919
6855067
6856209
6858346
6858982
6860787
6861040
6861442
6863654
6865964
6866986
6868420
6868562
6870401
6871528
6872429
6872539
6876148
6876694
6877530
6877597
6881998
6883577
6884099
6884603
6884605
6886322
6886574
6887776
6888661
6888973
6889023
6889768
6889903
6890061
6890065
6890803
6891211
6891973
6892541
6892661
6892940
6893428
6894411
6894811
6895695
6895977
6900220
6900315
6900325
6900751
6901926
6903434
6903453
6903894
6905712
6906045
6906071
6906738
6907017
6907195
6907702
6908863
6912106
6912245
6913688
6915719
6915986
6916816
6917169
6919275
6919640
6919833
6920749
6921734
6925069
6925377
6928658
6930076
6930078
6930975
6931697
6934220
6934391
6935163
6936422
6938739
6941784
6942552
6945417
6946541
6947722
6948245
6949780
6951563
6951643
6953379
6954168
6956017
6956592
6957023
6959124
6959248
6962402
6963685
6965570
6966508
6966982
6968221
6968672
6971821
6971823
6972434
6972937
6975414
6977506
6978938
6980550
6980984
6981087
6982800
6984014
6984513
6985344
6985403
6985494
6985709
6985919
6986341
6986370
6990592
6991128
6991585
6994296
6994383
6995812
6995881
6998194
6998688
6999589
6999754
7001495
7002075
7007348
7007790
7007982
7009565
7010560
7010632
7011589
7011977
7012507
7013453
7013646
7015324
7015625
7015954
7017296
7017410
7018758
7018806
7019444
7020382
7022115
7023758
7024317
7024437
7025064
7025697
7028340
7029142
7029288
7030240
7032857
7033065
7034639
7038589
7038666
7041563
7044404
7046092
7046828
7047319
7047396
7048891
7048924
7050306
7052456
7052498
7052682
7053425
7053949
7054356
7054609
7057148
7057782
7058575
7058980
7063189
7063355
7063769
7064810
7064914
7065101
7065159
7066730
7068673
7068681
7069260
7070019
7072155
7072413
7072561
7073172
7074080
7074106
7074322
7074801
7076751
7078136
7080220
7081354
7084725
7086760
7087336
7087630
7088681
7088793
7089373
7090007
7090204
7092475
7092802
7093443
7094341
7094416
7094670
7095021
7096645
7097876
7098622
7099361
7100330
7101138
7102713
7102763
7104165
7106834
7106902
7108778
7108801
7109362
7109443
7110558
7112373
7112871
7113187
7113467
7113535
7113582
7114958
7115097
7116426
7116528
7117850
7118320
7122903
7126179
7128106
7132545
7133027
7133488
7134651
7136057
7136511
7140851
7141704
7142168
7143755
7145114
7145319
7146445
7147373
7149310
7149724
7151189
7152251
7153705
7153902
7154584
7155108
7155876
7156085
7157452
7157745
7158468
7159257
7161485
7162472
7162715
7162873
7162909
7164803
7165499
7166178
7166256
7168507
7168614
7168694
7169027
7170559
7171300
7171520
7172822
7172941
7173771
7174321
7175633
7175974
7176965
7178324
7178843
7181747
7182310
7183155
7186381
7187259
7187549
7187957
7189706
7190266
7190406
7190520
7190594
7191178
7193762
7193888
7194251
7194500
7196263
7197130
7198692
7199443
7199613
7200976
7203168
7203688
7204475
7207719
7211674
7213022
7213502
7214508
7215429
7215928
7216197
7217282
7217476
7219464
7219551
7221114
7222541
7225246
7226638
7226826
7227126
7227258
7227304
7227703
7227796
7228484
7229290
7229988
7232069
7233736
7234084
7234818
7235449
7238794
7238829
7240227
7240911
7241058
7241218
7243814
7243895
7244192
7245129
7246346
7247476
7249506
7250100
7251105
7253572
7254125
7254957
7255321
7256047
7256133
7258639
7259229
7260020
7260847
7262879
7263310
7264044
7266135
7267094
7268904
7270184
7270210
7271635
7271797
7272359
7272876
7273079
7273409
7274253
7276453
7278138
7281808
7282527
7282649
7283056
7283205
7284462
7285301
7285584
7286201
7286379
7287585
7287868
7289078
7289479
7289517
7290558
7292604
7294052
7294983
7296735
7296742
7296938
7297374
7298131
7298656
7299602
7301318
7301385
7302786
7303448
7303471
7305874
7306848
7306987
7307632
7307693
7308455
7308546
7311267
7312835
7313043
7313606
7315132
7315273
7316627
7316642
7316738
7319357
7321042
7321248
7321756
7324051
7324651
7325646
7325915
7326781
7326810
7327583
7327803
7327853
7328623
7329004
7329145
7329218
7330018
7333887
7336098
7336264
7337929
7339419
7339430
7339529
7340916
7341083
7342424
7342964
7344703
7348621
7348966
7349091
7350064
7352503
7352584
7354205
7356993
7357181
7357258
7360220
7360722
7361528
7362451
7362576
7363179
7363625
7364014
7364092
7364938
7365123
7365210
7365768
7366491
7368235
7368853
7369172
7369804
7369922
7370876
7372246
7372361
7372846
7374877
7376124
7377645
7377901
7379550
7380181
7380712
7382890
7383450
7383531
7383551
7386198
7387557
7388236
7389557
7390406
7393926
7395913
7397038
7397979
7398337
7399742
7401716
7402958
7403852
7405496
7405558
7406479
7406920
7406953
7407171
7408884
7409605
7409923
7409973
7410983
7412689
7414794
7416015
7416097
7420353
7420984
7422552
7424639
7426839
7427358
7428241
7428803
7428980
7429215
7429689
7431842
7432069
7432261
7432512
7433476
7433546
7434733
7435223
7437606
7438865
7441383
7443218
7443691
7446053
7447029
7448558
7448874
7449447
7450223
7453009
7453232
7455140
7456498
7456872
7456963
7459430
7462220
7463306
7464646
7465293
7465713
7465894
7467004
7467027
7467948
7468003
7468577
7470432
7472088
7473489
7479647
7479720
7480027
7480819
7481155
7484434
7485696
7486657
7486729
7489044
7489296
7489298
7491145
7492395
7492677
7492682
7492783
7493657
7499062
7499399
7500881
7502555
7502913
7503553
7504341
7505089
7505457
7505945
7506439
7507231
7507403
7508436
7509150
7509303
7510982
7511463
7511902
7512884
7515762
7517100
7517441
7517911
7519032
7519948
7520905
7523324
7523470
7523471
7525203
7525389
7526905
7527982
7534379
7534773
7538010
7539776
7540552
7540713
7541660
7542724
7542977
7548546
7548715
7549748
7550048
7552288
7554518
7554633
7555224
7555899
7558395
7559425
7562221
7563019
7564886
7566040
7566080
7566428
7566479
7567036
7567371
7567397
7568285
7569208
7569627
7571227
7572096
7573307
7573474
7574209
7574392
7574459
7574762
7577219
7577317
7577515
7579301
7582048
7583193
7583871
7586215
7587407
7587465
7587587
7587910
7589051
7589063
7589973
7593774
7595989
7597203
7597641
7599293
7599438
7601651
7603007
7604534
7606651
7607573
7607769
7608064
7610184
7610336
7610357
7611819
7611859
7612192
7612630
7612939
7613164
7613329
7613569
7614892
7617238
7617446
7617564
7619263
7619356
7619728
7621581
7622576
7622768
7623099
7624373
7624696
7625526
7626433
7628954
7629155
7629208
7629703
7629980
7630363
7631245
7633815
7634685
7635913
7638064
7638093
7638191
7644251
7646285
7649052
7650217
7651935
7653149
7655667
7656422
7656650
7660323
7662436
7662743
7663848
7663863
7664910
7665997
7666128
7667074
7671193
7673264
7673665
7674897
7675100
7676568
7679875
7682238
7683354
7683751
7684320
7687105
7687298
7689505
7689881
7690136
7690564
7690712
7690800
7693276
7694533
7695213
7695277
7696512
7697171
7698397
7698937
7699044
7699567
7702551
7703421
7705077
7709065
7709192
7711089
7712486
7713060
7715071
7715653
7717508
7718452
7719208
7719340
7719494
7720065
7720716
7724322
7724722
7726319
7728041
7728948
7729115
7729300
7733054
7734672
7735547
7736972
7740211
7740658
7743989
7744139
7746170
7746255
7746853
7747518
7748512
7751251
7752426
7752725
7753774
7753881
7755094
7755381
7756512
7757556
7759275
7761198
7761424
7762030
7762214
7762647
7763663
7764244
7765334
7765886
7765935
7766846
7768002
7769955
7770445
7771730
7774846
7774910
7776441
7778809
7779082
7779377
7779825
7779994
7780479
7780728
7781849
7782317
7782922
7783027
7784108
7784663
7786618
7788558
7788848
7790134
7790456
7791672
7792119
7793757
7794109
7797311
7797423
7798465
7800782
7801753
7802120
7802223
7802580
7802581
7802817
7803389
7804232
7804338
7805907
7809529
7810165
7811079
7812374
7813006
7813016
7813323
7813336
7814183
7814332
7814712
7814831
7814996
7817515
7817624
7818659
7819736
7819764
7820337
7823001
7823221
7830252
7832281
7833048
7833530
7833962
7835384
7836248
7837081
7837295
7840034
7840605
7841375
7842646
7842678
7844400
7845829
7847062
7848951
7850276
7852213
7852463
7855516
7855935
7856752
7858954
7860107
7860192
7860330
7860918
7861929
7862752
7863126
7863822
7864175
7865666
7866618
7867241
7871063
7871319
7871665
7873372
7874334
7875057
7876169
7876213
7876238
7878255
7881319
7883610
7883678
7883712
7885259
7886539
7888484
7889948
7890192
7890949
7891209
7891227
7893545
7893938
7896021
7896316
7897931
7899681
7899880
7900074
7902162
7902411
7904745
7905398
7906352
7906681
7906743
7907238
7908782
7909280
7911828
7914907
7920836
7923082
7923564
7923786
7924116
7924139
7924684
7925251
7925455
7926570
7927001
7929729
7930313
7930448
7930880
7931736
7932940
7934167
7934431
7935633
7936016
7936779
7937255
7937303
7937415
7937738
7938454
7938588
7938996
7939076
7941576
7943569
7943851
7944044
7946429
7946832
7946834
7947344
7947569
7949623
7950457
7952435
7954219
7956633
7956836
7957319
7957623
7958260
7959743
7960452
7961039
7963496
7963975
7964071
7965250
7968803
7968898
7970675
7970807
7972660
7973194
7973258
7974822
7975460
7976403
7977726
7978273
7979619
7980941
7982147
7983343
7983945
7984054
7984617
7985470
7986041
7987570
7987757
7989405
7989474
7990211
7991415
7991767
7992989
7993043
7993576
7994433
7996308
7998700
7999560
7999620
7999728
8001084
8001094
8001354
8002274
8002753
8002975
8003043
8004892
8006335
8008777
8008895
8009786
8009922
8010220
8010434
8010595
8010839
8011894
8012090
8012738
8014085
8014269
8016039
8017792
8020341
8020605
8021677
8022601
8022771
8022854
8022856
8023073
8023353
8023703
8024065
8025151
8025792
8025906
8025918
8026728
8027079
8027133
8027631
8032845
8032955
8033280
8035336
8036592
8037806
8038843
8039055
8039781
8040360
8040435
8042416
8043844
8046310
8047665
8049969
8050051
8050435
8051790
8051920
8053580
8054059
8054434
8054653
8055003
8055349
8055366
8055662
8057177
8057538
8061033
8063675
8063891
8064357
8065261
8067334
8067519
8069098
8071130
8072279
8072324
8073351
8074183
8074658
8075462
8076310
8078100
8078370
8078554
8079448
8080089
8080700
8082544
8082824
8083119
8085530
8085846
8085956
8086888
8087745
8094657
8096303
8096517
8099532
8099543
8099617
8099786
8100095
8100493
8100583
8103173
8103609
8103978
8104691
8107436
8107488
8109206
8113040
8113393
8114066
8114391
8117366
8118483
8118649
8119023
8119194
8119726
8120857
8121325
8122408
8126669
8126862
8130661
8131295
8131544
8132379
8133251
8133568
8136850
8137971
8138352
8139925
8140312
8140548
8141618
8142182
8142485
8142522
8142538
8144146
8144387
8144418
8147712
8148094
8148476
8149008
8151457
8153102
8156731
8156751
8157338
8159229
8160079
8160644
8161940
8162167
8162633
8163936
8164398
8164999
8168584
8168976
8170690
8173094
8173457
8173745
8174846
8174956
8175892
8175946
8178713
8179299
8179961
8183200
8183394
8183966
8184746
8185564
8187334
8188316
8188393
8188592
8189341
8190230
8191827
8192840
8195616
8195978
8196886
8198385
8198436
8200312
8200668
8201885
8202382
8202826
8203336
8204791
8205012
8207002
8207519
8208570
8210702
8211158
8212752
8213326
8216424
8216609
8216616
8217634
8217828
8218239
8218334
8218386
8218958
8221166
8222968
8223059
8223157
8223292
8224132
8225836
8227454
8227819
8229339
8231603
8232495
8234747
8234897
8235050
8239451
8239519
8242635
8243029
8246082
8246133
8246201
8252540
8253328
8257545
8257598
8258324
8258847
8259261
8259303
8261180
8263351
8263910
8265225
8267731
8269387
8269883
8270676
8272053
8274575
8274833
8275417
8276413
8277722
8278766
8279888
8280981
8280993
8281621
8283151
8283844
8284448
8284963
8286665
8287077
8287522
8287642
8288381
8288514
8292158
8293642
8297984
8298240
8299160
8299405
8299506
8300454
8304500
8305355
8307698
8309163
8310168
8310970
8312463
8312955
8314909
8315158
8315266
8315386
8315449
8315870
8316245
8316675
8318068
8319276
8319392
8320825
8321468
8324036
8325421
8326535
8327778
8327913
8328428
8328674
8331533
8331810
8333400
8334916
8336775
8338006
8340211
8340386
8340953
8341176
8341456
8341477
8341553
8343041
8343341
8344641
8344872
8346646
8348219
8349701
8349998
8351385
8355718
8356095
8356858
8357509
8359832
8361026
8361149
8362161
8362780
8364021
8364995
8365003
8365913
8366775
8368630
8369913
8371094
8375943
8376461
8378420
8378453
8379746
8381134
8381416
8383304
8383892
8384903
8386060
8387398
8388769
8389057
8390866
8392143
8392316
8392524
8393779
8394574
8395174
8397677
8398957
8399942
8400340
8400749
8400862
8401349
8402922
8403052
8403162
8404057
8404093
8405645
8406452
8408412
8408628
8410089
8410285
8410846
8410854
8411957
8412339
8413272
8415973
8416678
8418066
8418140
8418486
8418685
8419506
8419868
8419869
8421979
8422237
8422517
8426277
8427150
8428109
8428280
8429357
8429658
8429905
8430967
8432307
8432571
8434702
8435112
8438173
8439512
8439571
8439641
8439726
8441786
8445745
8447306
8447492
8447759
8448695
8452220
8454373
8456553
8457750
8458260
8460154
8461369
8462498
8464344
8465573
8466458
8466949
8468722
8468752
8469320
8471040
8472373
8472493
8474510
8475190
8475270
8476495
8476666
8478033
8478596
8478661
8478755
8480599
8481459
8483218
8484024
8485310
8486403
8487867
8488351
8489332
8489921
8489976
8491583
8497160
8497260
8497876
8498854
8500782
8501347
8502820
8504562
8504985
8506168
8506522
8506817
8506947
8507095
8508487
8511530
8512845
8513350
8513480
8514246
8515034
8515472
8516261
8516650
8518222
8519525
8519974
8520147
8520826
8520964
8522271
8522696
8523263
8524117
8524130
8524433
8525718
8525837
8526125
8526426
8527313
8528768
8529277
8529462
8530397
8531197
8531313
8531553
8531726
8532759
8534281
8535617
8535965
8536474
8536557
8537749
8538861
8539172
8539977
8541396
8543870
8546323
8547492
8547589
8548755
8550407
8550584
8550902
8551436
8551938
8552168
8552323
8552568
8553108
8553935
8556151
8556612
8557615
8558577
8561921
8562570
8563455
8563647
8564577
8565054
8565337
8567352
8567495
8569696
8570505
8570901
8572050
8572146
8572160
8572536
8572822
8575344
8579035
8580440
8580749
8580956
8581920
8584206
8587284
8589048
8589161
8592741
8593859
8593898
8594429
8595202
8595480
8595682
8595745
8597383
8598157
8598592
8599392
8599448
8599526
8601769
8602120
8602173
8603469
8604674
8604929
8605413
8606112
8607117
8608380
8608576
8608749
8609390
8609515
8610826
8612368
8613070
8613897
8615702
8617873
8618069
8619829
8620826
8621227
8621488
8623650
8625465
8626067
8626159
8626942
8628646
8630285
8630633
8631961
8636185
8638622
8638941
8639273
8640818
8642710
8643055
8643427
8644305
8646739
8647055
8647448
8647650
8647875
8648036
8648404
8649281
8650748
8650994
8651779
8652721
8653440
8655878
8657643
8661149
8661687
8661700
8662575
8663008
8663122
8665847
8666440
8666628
8667345
8667548
8669991
8670058
8670490
8672799
8675643
8675887
8677676
8678033
8678119
8678445
8681305
8681528
8683198
8684489
8685347
8686805
8687790
8688108
8689509
8691204
8691558
8693460
8695075
8696455
8696473
8696735
8696897
8698941
8700596
8702014
8702102
8702168
8702535
8702875
8703439
8705356
8705384
8707840
8708414
8708553
8708570
8710588
8711171
8711509
8712201
8712367
8712730
8714780
8715120
8715177
8715546
8716624
8716654
8716714
8717972
8718254
8718508
8718703
8718794
8719788
8720446
8721465
8721754
8721792
8723337
8723716
8724170
8727054
8729621
8730384
8730951
8731911
8734138
8734580
8735909
8738436
8740634
8743532
8743754
8743891
8747835
8748250
8748282
8748788
8748994
8749465
8751435
8753984
8756109
8756265
8758840
8759908
8760530
8761910
8763051
8763133
8764093
8765348
8765356
8766057
8767168
8768729
8769431
8769723
8770262
8770687
8772641
8775164
8777090
8778630
8778853
8779504
8779597
8779904
8786083
8786829
8787131
8787151
8787158
8787712
8788464
8789482
8791051
8792414
8792664
8793245
8794335
8796193
8796269
8797285
8800837
8803453
8804171
8804970
8805478
8806884
8807062
8809008
8809527
8810550
8811817
8812081
8812108
8813518
8814150
8814508
8814776
8815607
8815846
8816475
8816824
8817029
8817780
8819294
8820116
8821758
8822920
8823776
8825048
8825106
8825804
8826525
8827544
8828832
8828872
8829204
8829541
8832448
8832613
8833001
8833559
8834717
8835138
8836395
8837561
8840161
8840233
8840432
8841210
8841766
8844370
8844463
8846277
8847139
8848123
8848274
8849313
8850295
8853572
8854467
8855128
8856316
8856356
8856640
8857002
8857277
8857475
8858479
8859373
8859712
8860023
8860364
8860583
8860656
8862982
8864081
8864720
8865321
8865574
8866342
8866723
8868813
8869738
8870389
8871513
8871545
8872452
8872545
8874194
8876876
8877203
8880288
8880413
8881652
8883890
8884724
8885173
8885530
8886333
8886861
8888200
8889123
8889212
8889486
8890297
8890958
8891883
8892067
8892360
8892907
8896816
8897000
8897807
8897830
8898779
8898907
8898908
8899314
8899398
8899572
8900759
8900842
8901805
8901899
8902707
8902884
8903308
8904604
8905265
8905401
8906368
8908144
8908895
8912065
8912481
8912989
8913218
8913500
8914195
8915441
8916348
8916672
8918291
8918847
8920336
8920771
8921593
8925330
8925415
8925974
8927197
8930151
8931102
8931268
8932742
8932743
8932981
8933811
8936233
8940082
8940626
8940879
8941623
8942367
8942527
8943404
8947175
8947589
8947696
8947813
8948212
8951214
8951537
8952964
8953146
8953592
8955392
8955876
8955990
8959037
8960838
8960927
8961229
8962179
8963735
8964074
8967104
8967226
8967974
8968913
8969727
8970254
8971808
8974087
8974273
8974832
8974913
8975733
8977069
8979141
8980163
8981847
8984937
8985302
8985550
8986600
8988149
8988444
8993397
8997713
9000195
9000322
9001320
9002043
9006550
9007178
9008338
9011103
9011395
9012268
9013111
9015407
9016680
9017531
9017653
9020702
9021593
9022635
9022711
9023663
9024433
9026264
9026287
9026583
9027113
9027282
9027358
9027751
9027776
9028254
9028743
9030301
9031308
9031852
9031879
9032104
9032159
9032707
9034096
9034757
9034957
9034996
9036344
9037516
9037709
9038921
9039678
9040998
9041615
9042049
9042846
9044745
9045299
9045909
9046479
9047409
9049110
9051008
9052897
9055413
9056102
9056205
9056500
9057212
9058522
9058665
9059215
9060933
9062035
9062148
9064255
9064896
9065093
9065335
9065708
9066238
9066337
9066968
9069176
9069833
9070592
9071484
9073933
9078598
9079488
9079532
9080265
9080523
9080531
9080709
9083004
9083518
9084179
9084570
9085173
9085257
9086084
9086305
9088544
9089719
9090100
9091655
9094032
9094446
9094926
9095462
9096375
9096966
9099086
9100682
9102174
9102993
9103830
9106110
9106416
9107191
9107492
9107817
9109601
9109603
9110570
9111363
9113252
9113519
9114481
9114601
9115982
9116049
9117961
9118516
9119732
9120073
9121984
9123830
9128080
9131030
9131308
9131491
9132541
9132616
9133037
9133745
9134368
9134938
9135301
9135662
9135957
9137756
9140822
9141937
9142047
9142788
9143274
9143679
9144303
9144405
9145294
9146435
9147846
9148077
9148088
9149187
9150683
9150848
9151277
9151344
9151589
9154645
9155189
9156402
9159688
9160670
9160965
9164919
9164928
9165447
9165839
9166431
9168302
9168780
9170093
9170717
9171356
9175893
9176501
9178133
9178385
9178946
9180431
9181340
9181702
9181823
9181988
9182765
9182930
9183403
9183549
9183595
9183995
9184726
9184960
9185748
9186083
9186087
9186518
9188547
9190406
9191160
9192206
9193720
9195051
9196938
9197054
9197730
9198857
9199806
9200104
9200376
9200905
9201039
9201290
9201534
9202475
9203313
9204607
9205052
9205515
9207053
9208602
9209483
9210250
9212316
9213209
9213415
9213832
9215251
9216395
9216924
9220514
9220659
9222191
9226186
9227446
9227503
9228783
9232498
9232806
9233319
9233598
9234452
9237436
9238346
9238611
9239755
9241789
9242391
9244018
9244186
9244261
9245181
9245340
9245392
9248057
9248608
9250836
9252643
9253469
9253928
9254227
9260498
9260562
9263933
9266267
9267120
9267531
9267644
9267828
9268325
9268530
9268777
9271721
9272837
9272873
9274180
9275956
9276914
9277053
9278841
9278965
9280200
9280703
9281658
9284053
9284193
9285078
9287280
9287844
9288042
9288274
9289082
9291285
9291470
9292238
9293117
9294123
9296023
9297538
9297833
9298058
9299590
9301533
9303213
9303402
9304622
9305864
9305869
9305920
9305979
9307554
9308241
9308374
9309854
9310900
9311841
9311987
9312131
9313065
9313205
9314499
9314943
9315676
9316664
9316725
9317332
9317394
9318044
9318132
9318343
9322344
9322518
9322987
9323265
9324823
9325714
9327209
9328278
9328288
9329378
9330157
9330770
9330980
9331131
9331792
9332579
9332595
9334770
9336198
9337130
9338143
9339910
9344241
9345776
9347555
9347938
9349918
9352443
9353191
9354962
9355326
9355542
9356447
9356545
9357426
9358652
9359748
9360246
9360522
9362620
9362972
9364144
9367295
9368065
9369603
9369916
9372078
9372469
9373438
9374072
9374282
9374368
9375035
9375800
9378578
9378596
9381411
9382064
9382306
9382627
9382690
9383443
9383960
9384801
9386872
9388683
9389317
9390723
9391329
9394904
9395264
9397654
9400998
9401131
9402564
9407121
9407410
9407562
9407768
9408232
9409958
9412016
9412053
9412876
9413788
9415186
9416371
9417587
9418781
9418899
9418926
9419333
9419351
9419355
9420341
9422695
9422743
9422855
9423183
9425139
9425295
9425466
9425623
9426010
9432931
9439879
9439965
9440676
9441371
9441521
9443703
9445045
9447379
9447639
9447672
9447711
9449893
9451272
9453414
9456192
9458723
9459808
9459947
9460465
9462963
9465267
9465812
9465931
9467064
9468374
9470213
9471008
9472459
9473221
9477196
9478366
9480338
9480525
9481067
9482266
9482910
9483530
9483622
9483668
9485619
9486305
9487885
9489710
9491596
9491666
9491705
9492712
9493700
9494635
9494961
9497330
9498460
9499453
9499683
9499713
9499992
9500615
9501572
9504729
9506112
9506501
9506747
9507711
9508692
9510928
9511484
9512489
9512590
9512705
9513931
9514302
9514423
9515703
9517471
9517576
9519686
9519942
9520482
9525244
9526288
9527674
9529381
9529614
9529820
9531840
9532005
9534198
9534532
9536561
9537903
9538604
9538714
9540143
9540595
9541556
9543416
9543422
9545830
9547655
9549242
9549351
9552636
9552776
9552798
9553812
9555488
9557822
9557912
9558158
9560045
9560083
9560384
9562423
9562623
9563287
9564303
9565022
9565101
9566472
9568604
9568967
9569554
9570196
9571246
9571294
9572369
9572737
9573938
9574318
9574495
9575163
9575501
9575727
9576701
9576745
9577547
9577626
9577721
9579003
9579993
9580237
9583989
9584985
9585604
9586154
9586381
9588627
9590066
9591247
9593974
9596152
9599228
9599838
9601014
9601817
9601871
9601899
9602721
9603633
9605786
9605924
9606460
9606750
9607346
9607757
9608791
9611092
9612333
9612689
9613064
9613346
9614040
9615761
9616328
9616748
9618553
9619338
9622323
9622325
9625229
9626691
9627032
9627365
9629329
9631216
9631780
9633100
9634279
9634338
9634439
9636370
9637048
9637322
9637549
9640466
9640533
9641429
9642960
9644092
9644111
9644711
9645989
9647025
9647195
9647804
9648117
9648385
9648441
9649038
9649251
9651079
9651196
9654208
9654736
9655441
9656474
9657201
9657557
9658840
9658941
9659737
9659844
9661363
9661445
9662477
9662496
9662862
9663681
9664091
9664929
9665034
9665177
9665879
9666543
9667531
9667756
9668370
9670878
9670950
9672555
9672839
9673433
9673517
9677636
9678190
9678985
9680689
9683476
9686885
9687061
9690802
9691015
9691210
9691759
9692418
9693014
9693021
9694443
9695148
9698910
9698927
9698943
9699948
9701714
9704942
9706663
9706777
9707084
9707491
9707642
9709893
9711762
9714957
9715321
9716272
9716611
9717378
9717834
9717878
9719111
9719432
9721403
9721948
9722492
9724014
9725695
9726815
9728031
9728381
9728388
9728696
9729975
9730303
9730379
9731384
9733617
9736073
9736731
9740291
9742041
9743159
9743318
9743384
9745208
9745240
9745267
9747460
9749472
9749857
9750289
9751513
9751865
9752162
9752988
9753139
9753540
9753882
9754437
9755622
9755817
9759156
9759265
9760377
9760633
9764294
9764622
9765255
9766634
9767405
9770812
9772028
9772044
9772859
9772932
9773178
9774365
9775432
9776716
9776873
9778173
9778686
9778914
9779813
9780332
9780566
9782629
9784126
9785394
9785445
9785735
9786111
9786460
9787534
9787848
9788197
9788535
9788843
9794623
9795140
9795263
9795756
9797196
9799754
9800559
9801043
9801068
9801230
9803058
9803364
9805870
9806375
9807495
9807866
9808832
9813956
9814069
9815959
9816433
9817176
9820658
9820680
9820876
9823358
9825251
9828391
9828435
9831013
9832520
9834004
9834541
9835678
9837209
9837388
9838517
9839647
9840604
9841818
9842038
9842279
9842508
9842697
9843325
9844665
9844846
9846543
9849436
9850521
9850682
9854176
9854759
9855645
9855829
9856364
9859200
9859639
9859737
9860119
9860208
9860867
9862372
9867591
9869432
9869709
9869725
9870332
9870544
9870651
9871242
9871862
9872630
9874453
9875153
9876724
9877494
9878287
9880197
9880578
9880664
9880722
9881027
9881616
9881752
9883286
9883410
9883879
9884753
9884850
9885857
9886109
9886173
9886601
9886658
9888738
9888986
9889063
9890253
9891618
9892431
9894118
9896530
9898684
9902768
9903711
9905431
9906023
9910011
9911538
9911998
9913551
9913840
9914082
9914644
9918082
9918414
9918755
9918974
9919365
9920953
9921529
9922727
9924312
9926357
9926401
9926734
9926765
9926806
9932380
9933405
9933587
9934637
9936350
9937527
9937574
9938584
9938779
9940110
9942957
9945420
9949198
9949330
9950676
9951221
9951504
9955954
9958720
9958970
9960880
9960991
9962472
9963014
9965420
9965543
9966207
9966528
9966922
9968425
9968941
9969812
9970486
9972046
9972233
9972560
9973322
9974195
9975909
9977198
9978389
9980056
9980722
9981901
9982192
9982724
9984292
9984466
9984753
9984924
9985460
9986581
9987293
9988266
9990088
9990426
9990768
9991741
9993762
9995152
9995712
9996182
9996201
9996919
9998958
9999208
9999670
