1045
1517
3668
5122
7995
14351
16078
16367
17943
19474
19925
21074
21578
22035
23575
24120
25730
26213
26312
27256
27747
30789
31137
31610
32917
33622
34806
35658
37715
38860
39579
39778
39897
40540
43108
45861
46565
46870
46950
47344
47428
48253
48728
49011
50868
51906
52564
52622
53040
53414
56896
56941
57031
57732
60624
61446
62549
64572
64672
65423
66179
66414
66881
66889
66948
67255
67393
67951
70901
71307
72789
73327
76597
77755
78202
78603
80403
83048
85204
85843
85923
91558
94619
97208
98286
100568
102006
104652
104844
106449
106914
108383
109756
111326
115764
116136
116161
116343
117847
119300
121169
121759
122079
122231
123415
123728
124118
126108
126911
127835
131272
131535
131676
132187
133003
133119
133349
134115
134117
134126
135192
136583
138074
138134
138241
138312
138725
139402
142565
144263
146789
148131
148674
148817
148925
149500
150888
152445
155307
155585
159551
159615
161558
162046
162332
164252
165345
166493
166545
167490
170040
170389
171381
171478
171549
173369
174101
174319
174776
180556
182677
183020
183090
185248
185730
186420
187026
187044
187990
188404
189142
189156
189378
189962
190281
190865
191702
194067
194980
195245
196036
196070
197013
197976
199077
199756
200497
201106
201212
202654
203496
204113
205523
206544
207144
208350
209618
211989
213113
214165
214821
215212
215332
216126
216272
216745
217312
217338
217789
219089
220341
221412
222665
222844
225190
226264
227555
227577
229146
229577
234349
235874
236526
237796
239818
239820
241537
242510
243377
243557
243599
247360
249179
251375
252528
252839
255589
256231
256319
256755
257075
259564
260435
262069
263733
263931
265747
266207
267264
269290
269997
271538
273778
274232
274700
276009
277023
278800
282002
283431
284063
284192
285438
286643
290493
290529
290660
290756
291031
291328
291965
292792
294159
294336
294412
294425
294545
294798
295373
298369
298526
298573
298608
298984
300772
301026
301769
302797
303115
303269
303350
308861
308933
309886
310010
310300
310693
311725
312161
315552
316359
319027
319354
319363
321121
322059
322453
322965
325617
325673
326668
326706
330632
333369
333744
334361
334468
335760
335779
336250
336252
338752
339125
341143
341361
342605
342750
344001
344259
346190
346269
347056
347693
347830
348127
348790
348806
349369
349885
351179
351300
352617
352973
353434
353693
353812
356631
357119
357192
358870
359380
359738
361153
362078
363247
363970
364181
364280
365329
365826
366175
366937
367601
368267
368435
369126
370013
370250
370354
370723
373193
373389
374585
378036
378110
379714
382042
383748
383794
384555
386525
386632
387440
390862
390986
391140
391276
391555
391621
393678
393906
394830
395812
398098
398401
399073
399862
400119
402630
402745
402859
404242
405186
406036
406318
407571
407720
409329
409419
411025
411147
411685
411916
412336
412754
414269
414818
414946
415501
415700
418401
418415
419094
420642
421049
422316
422512
422767
424222
425993
427753
431290
432630
432838
433397
433447
435448
439014
441328
441738
441819
442740
446626
446929
448755
448982
449682
450653
451177
451559
454321
454754
456486
456521
456715
458333
461720
461767
462892
463296
463925
465535
465760
467916
468132
468734
469314
470213
472767
473158
473835
475300
475758
478713
482795
483376
484613
484666
484742
485184
486360
486617
487372
487527
487590
488064
488540
489496
489568
489584
490124
490204
490801
491376
491579
492459
493963
495596
495648
499282
500965
502243
502496
502799
503850
504277
506207
508132
508909
509211
509410
509560
509565
511204
511366
513530
513906
515406
516320
516374
517011
517432
517496
518573
518910
522437
527884
528211
528541
528827
529213
529291
530995
531745
531807
532331
532478
534115
536622
537194
537695
539167
539616
539900
540190
542560
542816
543165
543949
544655
545385
547243
547424
548514
548653
548705
549220
554065
555266
555326
557337
558789
559595
561602
561670
562751
564477
565927
566025
566688
570661
571931
572921
574043
575393
575493
576381
577998
578271
579561
580819
581260
582263
582811
582897
582927
583309
584790
587109
587215
587442
588680
590397
590910
596517
597290
597589
598261
599002
599880
602085
604535
604986
607218
608011
609643
610972
611055
612857
613266
618949
620180
622085
623224
623980
624087
624125
625121
626350
627045
627630
629274
630131
631093
633278
633427
633895
635353
636342
641006
641237
641950
642618
642728
644987
645093
645325
645723
645732
646003
646106
646989
647586
648128
648690
650611
652626
653084
653250
653470
655045
656131
656215
656555
656626
656681
656730
657954
659133
659674
659980
661553
662814
663155
663736
666018
666360
667510
667949
668977
670859
671478
673767
673883
673955
675644
675826
676062
677272
677476
677911
678683
679494
679669
679700
681585
681688
681811
682588
682988
683532
684225
684299
685122
685615
687549
687613
689280
690309
690545
690841
691855
695560
697540
698341
698364
698633
698943
701696
704570
704795
704991
706195
706639
708650
709658
710364
710485
710881
712171
715910
716255
716778
720426
720665
721430
722065
723190
724392
724792
724837
726604
726706
726947
727253
728426
728764
729355
729470
734363
734513
734773
734807
734951
735142
735333
735917
736389
736870
737869
738127
740275
741237
742043
742198
742236
745298
746518
747005
750146
750222
750237
750861
750893
752404
753239
754416
755915
756700
757101
758684
759134
762221
762432
762568
768307
770538
774645
775245
777099
779729
781364
781564
782184
782439
782757
784023
786252
789423
791029
792544
793037
793844
795160
795275
796282
796584
798205
798216
799244
799691
799983
800011
802004
803105
803184
803937
804474
804822
805114
805874
806730
806895
808175
808524
810250
812735
813133
813830
816026
817163
818636
819630
820577
820898
820950
822552
823149
824978
826319
827106
827567
827802
831114
832684
832731
833098
833500
833822
834348
835133
837551
837573
841576
842342
842583
844782
845814
846130
848183
848971
849078
850348
853049
853100
853715
853786
857104
857136
859245
859718
861056
861081
862590
862719
864547
864773
866058
866485
867359
867723
869697
871934
872506
873641
874722
877681
878018
878476
878579
880019
881312
883192
883509
884823
885567
886714
889423
890740
894219
895136
895323
895745
897651
898187
898716
900640
900711
901076
901776
902647
907069
907167
909796
911389
913125
913164
913717
913784
914361
915136
915434
917585
917783
918581
920100
920321
921872
923504
923570
924357
924736
925224
925336
925921
926418
928314
929057
929354
929402
929497
931818
931926
932443
933104
933364
934993
935345
935431
935597
935716
938314
938461
939905
940787
942603
944797
947453
947673
948144
949210
949973
950198
951842
951939
954739
956751
959116
963520
964142
966852
967055
967612
967906
968309
969488
969604
970457
970894
972236
973829
974607
974682
974886
975502
977303
977472
979545
980066
980994
981121
982822
985396
988594
989681
989849
989910
990742
990932
991105
991944
992447
995147
995888
996208
997049
997626
1000260
1003110
1005040
1005165
1006309
1006691
1006738
1007107
1007789
1010584
1010688
1013230
1013694
1014136
1014308
1015941
1017415
1017949
1018365
1019716
1022972
1023355
1023614
1023693
1023857
1024331
1026216
1026802
1026944
1028038
1029308
1029920
1030273
1030710
1031545
1032051
1033223
1039556
1039642
1040238
1041275
1041602
1041904
1042356
1042585
1043185
1043690
1044530
1044637
1045870
1047707
1048654
1048727
1053903
1056051
1056317
1059157
1060561
1060723
1061959
1063245
1063451
1063455
1064119
1064895
1066208
1066627
1067676
1070538
1073735
1074218
1074497
1078022
1078884
1079030
1079807
1079906
1081197
1081206
1081809
1083911
1084848
1087085
1087654
1087767
1087864
1088140
1088194
1088300
1090481
1091218
1093062
1093880
1094505
1095558
1096489
1097122
1098165
1099349
1099568
1100824
1103483
1104597
1104688
1105135
1106028
1106502
1108271
1108510
1108551
1110986
1111347
1114342
1114691
1114693
1114760
1115537
1117021
1117510
1117961
1118512
1120153
1122304
1122815
1123201
1124268
1126238
1126661
1127164
1127518
1128227
1130543
1130664
1132760
1132861
1133348
1135748
1135905
1135910
1135951
1137007
1138253
1138531
1139119
1140191
1140403
1140908
1141944
1142378
1143661
1145063
1146144
1146389
1146734
1147071
1148007
1148908
1150501
1150820
1152127
1153448
1153835
1155305
1155712
1157835
1159819
1159865
1161926
1162761
1164343
1168196
1170313
1170346
1171117
1171296
1171390
1172685
1174926
1174964
1177858
1177956
1179577
1181659
1182034
1182045
1183477
1184150
1184175
1184815
1188227
1189217
1190214
1191710
1191852
1192327
1192478
1192794
1195343
1196014
1197870
1197992
1198464
1200701
1200843
1204257
1205112
1205776
1206490
1207112
1207876
1208741
1213964
1215702
1216036
1216308
1216405
1218099
1218973
1219597
1219643
1220176
1220350
1220769
1220881
1222858
1223382
1223950
1226524
1231158
1231297
1231752
1233060
1233867
1235611
1236406
1236522
1236781
1238351
1240112
1242305
1243537
1244303
1244717
1245194
1246282
1247383
1247776
1247791
1250607
1251832
1254237
1255356
1255590
1257588
1258414
1258771
1260057
1262217
1262251
1263315
1263508
1264727
1265061
1265092
1265669
1266319
1266717
1266740
1266782
1267499
1269068
1269276
1269432
1270770
1271609
1272152
1274062
1274632
1275044
1275762
1276167
1276306
1277540
1279894
1280160
1280731
1281261
1282666
1282891
1283797
1284353
1284409
1284921
1285940
1286587
1288060
1288082
1288138
1289191
1289239
1291644
1293580
1294505
1295638
1296030
1297527
1298348
1300806
1301020
1302069
1303840
1304371
1307093
1307950
1308167
1310545
1312359
1312663
1313176
1314605
1314928
1315533
1315856
1316857
1318208
1318651
1319824
1320143
1320928
1320952
1321082
1321738
1322064
1322086
1322281
1322458
1324671
1326022
1327029
1327242
1327523
1329547
1331271
1333572
1334253
1336161
1336387
1337210
1341127
1341828
1341841
1343199
1348273
1348964
1349148
1351625
1352400
1352668
1356235
1356392
1361412
1362127
1362208
1365002
1366464
1368913
1369840
1371215
1376220
1376534
1376692
1376876
1377106
1377195
1380375
1385234
1386435
1387759
1388663
1388916
1390663
1391068
1392390
1392668
1393142
1393824
1394222
1394235
1395101
1395222
1396269
1396951
1398910
1401530
1401750
1405760
1411816
1412325
1412327
1413408
1413637
1414392
1414485
1414513
1414747
1415878
1416305
1417662
1419230
1420108
1422453
1423847
1424252
1425213
1427808
1427934
1430658
1431981
1432034
1432286
1432910
1438281
1439197
1439250
1439829
1440390
1440709
1442276
1443768
1445909
1448807
1449919
1450556
1452498
1453960
1454975
1455636
1456430
1456876
1457803
1458066
1461598
1462249
1462852
1462951
1463312
1464973
1465464
1465492
1466369
1466813
1467733
1467820
1468202
1469173
1469777
1471340
1471795
1472256
1472992
1473501
1474440
1474553
1478336
1478690
1479460
1480861
1483306
1484977
1486754
1487389
1487459
1487460
1489888
1491623
1492900
1494793
1494795
1496259
1496974
1498220
1498811
1500589
1501423
1503155
1503653
1505566
1506821
1507511
1507671
1509354
1510213
1510437
1511308
1511562
1513745
1513851
1516923
1516975
1517047
1517421
1517478
1519421
1519736
1520223
1520765
1521634
1522149
1522555
1522664
1525521
1525892
1526243
1526952
1527933
1528029
1529363
1531189
1531990
1534467
1534998
1535177
1536531
1536855
1537381
1538655
1539487
1539680
1539820
1541954
1542354
1542665
1544197
1544569
1545232
1546350
1547396
1549151
1549938
1551407
1551695
1552071
1554068
1554616
1554730
1556210
1556669
1556727
1558071
1561336
1563056
1563091
1565198
1565681
1565971
1566032
1566263
1567390
1568223
1569295
1569827
1570029
1572154
1574595
1576618
1577647
1578604
1580515
1581093
1581825
1582778
1583595
1583731
1584012
1584410
1584559
1584816
1585912
1586623
1587212
1588925
1589411
1592208
1592615
1593125
1594698
1595920
1596837
1597467
1597609
1598646
1599360
1600888
1601019
1602697
1602983
1604213
1605116
1605603
1605790
1606097
1608610
1612640
1614774
1615318
1616458
1617818
1618166
1618171
1619193
1620432
1620950
1621891
1622477
1624758
1624844
1626749
1626819
1628747
1629625
1632123
1634914
1635599
1636760
1637296
1637615
1637639
1638985
1639046
1640567
1641247
1642126
1647682
1648167
1649480
1649541
1649755
1649887
1651190
1657039
1657331
1658197
1661265
1661314
1662269
1663196
1665298
1666783
1672112
1673767
1674410
1674524
1675190
1675964
1676065
1677206
1678457
1679058
1679382
1679630
1680430
1681612
1682591
1683944
1686334
1688867
1689465
1689542
1690257
1690935
1691066
1693269
1693836
1696557
1697832
1698116
1698958
1699351
1699396
1702285
1702930
1704156
1704617
1705715
1706052
1706136
1706267
1707289
1707499
1710786
1711558
1712149
1712285
1712434
1712712
1712995
1713260
1713785
1713865
1714863
1715328
1716912
1717887
1719338
1721178
1721667
1721961
1722156
1723923
1724563
1726005
1727659
1727796
1727984
1730402
1732152
1732831
1733117
1734330
1734975
1736822
1737685
1740523
1740960
1741036
1741230
1743015
1743485
1743532
1744001
1744809
1745342
1745553
1745991
1746199
1746733
1747708
1749647
1750409
1752626
1753581
1753956
1755061
1755425
1755757
1760970
1765543
1770488
1770649
1770783
1770853
1771239
1771893
1772710
1772784
1772828
1773026
1773985
1774774
1776158
1777097
1777296
1777347
1779036
1783794
1783993
1784184
1784198
1784519
1786085
1787627
1788486
1788691
1790774
1790812
1791010
1792422
1796130
1797066
1797684
1798143
1798420
1799377
1801280
1801868
1802186
1803801
1803867
1804909
1806118
1806259
1806781
1807285
1808355
1808409
1808931
1809117
1810753
1810886
1811061
1812159
1812472
1813189
1813192
1813929
1816113
1816654
1817170
1817312
1817673
1819501
1820499
1821055
1821176
1822454
1825644
1829144
1829689
1831526
1832798
1833357
1833964
1834168
1834845
1835894
1837053
1837573
1837888
1838263
1840298
1840317
1840514
1841534
1841961
1842152
1843336
1843441
1843925
1844075
1844264
1846002
1848275
1850166
1850784
1851371
1852470
1853582
1854570
1856263
1857115
1858868
1859056
1859650
1861831
1864159
1866282
1866739
1868129
1870045
1873255
1873331
1873821
1873855
1874355
1875146
1875506
1875756
1877233
1878290
1878314
1878961
1879068
1879390
1879651
1879704
1883068
1883839
1884952
1885514
1887505
1889999
1891069
1891492
1891939
1892611
1894461
1895240
1898135
1898771
1898903
1899809
1901990
1902057
1902097
1902725
1903208
1903861
1905106
1908006
1909001
1909799
1911375
1913376
1914505
1915513
1916061
1916824
1918187
1918756
1919625
1920027
1922535
1922894
1924243
1925580
1925695
1926048
1926472
1932655
1933184
1934836
1935450
1936365
1937903
1938136
1939407
1941443
1945018
1945071
1947681
1948246
1948431
1951132
1951694
1951784
1952682
1952761
1953750
1955438
1956015
1957821
1959884
1959952
1960085
1960188
1960518
1962507
1962773
1964344
1967882
1968318
1968817
1968901
1969747
1971206
1972580
1972666
1972951
1973990
1974768
1974965
1975423
1976559
1978181
1979536
1979649
1980702
1981996
1982118
1983238
1985148
1985947
1988945
1989061
1989445
1989448
1989625
1990708
1990743
1992504
1992815
1993628
1993729
1995676
1999447
2000845
2001853
2003375
2004249
2004280
2004281
2004700
2007697
2008440
2008442
2008779
2010541
2011996
2016478
2019579
2020625
2021162
2021624
2021897
2025484
2027759
2031421
2032293
2033292
2033969
2034767
2035765
2036971
2037321
2038142
2040820
2041367
2043055
2045395
2045653
2047513
2048884
2049823
2051144
2051607
2054513
2055401
2056148
2056335
2056495
2058434
2058604
2059007
2059654
2060665
2060788
2062578
2063647
2064609
2065246
2065512
2065635
2065671
2066373
2067846
2067966
2068482
2069064
2070316
2071149
2071478
2072612
2073228
2074235
2074407
2074607
2076536
2077254
2078142
2078333
2079450
2082001
2082220
2082795
2082931
2083963
2085150
2086280
2086667
2087526
2087717
2088082
2088906
2089082
2089094
2089782
2090012
2090373
2090618
2091136
2091736
2091945
2092416
2093405
2093583
2096290
2096772
2097752
2098261
2098272
2098449
2098491
2099156
2100084
2100259
2102305
2103655
2104024
2105114
2107336
2107524
2107679
2108734
2108970
2109625
2110937
2113197
2113393
2113943
2114191
2114826
2116217
2117578
2117949
2118022
2118877
2119348
2119920
2120643
2120801
2121617
2123445
2124677
2125083
2125708
2126186
2127020
2127487
2129783
2131082
2134551
2135577
2136427
2138145
2141888
2146365
2146509
2148277
2148421
2149542
2151071
2151175
2151197
2153763
2154452
2154540
2154560
2156070
2156276
2156886
2157209
2157560
2161960
2162611
2164715
2165574
2166269
2167347
2168259
2168284
2168315
2171793
2172403
2176337
2176667
2176837
2177094
2177833
2178832
2179340
2179352
2179932
2180963
2183735
2184494
2184572
2184677
2186429
2187536
2187977
2188411
2190771
2193112
2194105
2194596
2196071
2196721
2198338
2198815
2201336
2201849
2201992
2202957
2203613
2204798
2206878
2207775
2208645
2208657
2209148
2214780
2216108
2216730
2216927
2219774
2220792
2221006
2221067
2222058
2222166
2223743
2224096
2225374
2226275
2227225
2227949
2228601
2229328
2230993
2232177
2232705
2233028
2234155
2234429
2234965
2235255
2237525
2237970
2238071
2239504
2240353
2240781
2246028
2246970
2247897
2251076
2252882
2253123
2253340
2253731
2254023
2255837
2256988
2258322
2258526
2258910
2259237
2259653
2261923
2265949
2270060
2270812
2272200
2272586
2274455
2278931
2279269
2279438
2279918
2280082
2281253
2283965
2284231
2285887
2285907
2286685
2287848
2287915
2290236
2291009
2292537
2293128
2294010
2295699
2296240
2296428
2298521
2300219
2303323
2303428
2306984
2308198
2308384
2312022
2312547
2312769
2313455
2313719
2316406
2316975
2318780
2319142
2319593
2320844
2321905
2322937
2323729
2324132
2329605
2332310
2334533
2334941
2336706
2336736
2337885
2338665
2339135
2340430
2340744
2341316
2342647
2343313
2343500
2343910
2346204
2346368
2347079
2347108
2347804
2347896
2348621
2348914
2349343
2349941
2350372
2352277
2352516
2353503
2356218
2356270
2356881
2357629
2357738
2359556
2360565
2360637
2362616
2363610
2365494
2365923
2366196
2366418
2366434
2367216
2367681
2370685
2371725
2373525
2374240
2375646
2375950
2376005
2376139
2377716
2378412
2378435
2378748
2379841
2383649
2383931
2384597
2387598
2388797
2389348
2390100
2391470
2392066
2392224
2393953
2394182
2396164
2400204
2402775
2402889
2406362
2408200
2408938
2413269
2413744
2414461
2415370
2416152
2416388
2417888
2418467
2418590
2419784
2419937
2422631
2424620
2424639
2425100
2425213
2425439
2431706
2432076
2432688
2435101
2435124
2435835
2437252
2438031
2439011
2439777
2440201
2441457
2443531
2443590
2445723
2445985
2448273
2449883
2450745
2451824
2453385
2455034
2456946
2459971
2460213
2460942
2460992
2463444
2464404
2464884
2467207
2472880
2474001
2475010
2475053
2476144
2476417
2477383
2477943
2478204
2478235
2478306
2478319
2479218
2481926
2483160
2483545
2486447
2486918
2486976
2487247
2492416
2494507
2496283
2499394
2501109
2506939
2507602
2508370
2508567
2512714
2513446
2513616
2514659
2518188
2518360
2518856
2520399
2521524
2523048
2523308
2525749
2527010
2527763
2528420
2528995
2530415
2531988
2532480
2532894
2534202
2535954
2537486
2538100
2538661
2539278
2540203
2541841
2541950
2542857
2543711
2544145
2545277
2545743
2547459
2547929
2550261
2550921
2553944
2554205
2555719
2555903
2556363
2556871
2557400
2557962
2558720
2560120
2560892
2561633
2562030
2562961
2563229
2563481
2564441
2565047
2565152
2565334
2565473
2566799
2567170
2568062
2568295
2568372
2568465
2569419
2571852
2572529
2572871
2572905
2575742
2577502
2577765
2579105
2579887
2581399
2582201
2582503
2582999
2585891
2586561
2588131
2589618
2590292
2590888
2590966
2591477
2591480
2591579
2593516
2593603
2598254
2599134
2602653
2602692
2603372
2604254
2605749
2606652
2607527
2609479
2609730
2609743
2611110
2611905
2613372
2614177
2615523
2616577
2617644
2617917
2618383
2621624
2621965
2622253
2622291
2622499
2623387
2623479
2623748
2626694
2627897
2627927
2628338
2631989
2631997
2632848
2632924
2633642
2635368
2635602
2637002
2637050
2637157
2640602
2643595
2643979
2646034
2646168
2649045
2650049
2651516
2652162
2653963
2654705
2654870
2656531
2656935
2657867
2661104
2661883
2662500
2662765
2663292
2665048
2665142
2665856
2666164
2667229
2667812
2668831
2675459
2677831
2678514
2678849
2681544
2682845
2684420
2684920
2685413
2685683
2686707
2686738
2687135
2688717
2689136
2690100
2690642
2691063
2691715
2692086
2694614
2696526
2697283
2699823
2701928
2702994
2704588
2704965
2705129
2705542
2705695
2706321
2707808
2711238
2711580
2712662
2713761
2713972
2718848
2719161
2719873
2720221
2721736
2725310
2726905
2728287
2728346
2728401
2728740
2728961
2729092
2730574
2730782
2732315
2732406
2733067
2734028
2735646
2736431
2737057
2738483
2738815
2744422
2744563
2746775
2747509
2747859
2748003
2748956
2752833
2753163
2755867
2758298
2758378
2759190
2760191
2760288
2762114
2763060
2764134
2764472
2764743
2766088
2766910
2769668
2769805
2771506
2771740
2772443
2773815
2774625
2775180
2777081
2778100
2780221
2780622
2781108
2782241
2782329
2782600
2782653
2782756
2784434
2785628
2786118
2786153
2786875
2788361
2788697
2791131
2794395
2794622
2796476
2798078
2798936
2804374
2804493
2806831
2806984
2809952
2812093
2814185
2816420
2816490
2817828
2821354
2824064
2825457
2826245
2827385
2827598
2827617
2829987
2831689
2832706
2833140
2833723
2835554
2835586
2836660
2837327
2838356
2838620
2843681
2844995
2844999
2845340
2846359
2846364
2848107
2848184
2850860
2856514
2856579
2856703
2857025
2858334
2859060
2861177
2861457
2862944
2865363
2866458
2866565
2868195
2869468
2869639
2869668
2870235
2870612
2871449
2872357
2872487
2873892
2873984
2874090
2874689
2875329
2875419
2876021
2876769
2877190
2879400
2880079
2880522
2880627
2881091
2882326
2882511
2884894
2886608
2886762
2887255
2887474
2887518
2887824
2888261
2889146
2889199
2890866
2891183
2892440
2892639
2894242
2894336
2895562
2896245
2896313
2897795
2899975
2900514
2901787
2902569
2903451
2904589
2905440
2906259
2907339
2908926
2909787
2909900
2910270
2912110
2912683
2915105
2915218
2915318
2916090
2916962
2919588
2921162
2922276
2922316
2923410
2924022
2926397
2926758
2927410
2927419
2928125
2928361
2931723
2932902
2933406
2935009
2935406
2937319
2938079
2939157
2939788
2942244
2943537
2944128
2947371
2949678
2950917
2952255
2953693
2954402
2954414
2956398
2958039
2958760
2961288
2961593
2962700
2962785
2963357
2964552
2966135
2966389
2966548
2967321
2967508
2967545
2968170
2968494
2970663
2970751
2971389
2974222
2974315
2974347
2974755
2975819
2976950
2976976
2980807
2981286
2984099
2985586
2986367
2986629
2988090
2988780
2989218
2989231
2990037
2990267
2990940
2991042
2992173
2992198
2993525
2996911
2999012
3000233
3001627
3001653
3001824
3002155
3002505
3003277
3003982
3006125
3006535
3007957
3008117
3009150
3009262
3010192
3010568
3010611
3011255
3013596
3013937
3014752
3015867
3016013
3016683
3020628
3021708
3024203
3025014
3025871
3027489
3032051
3032687
3035205
3036453
3037459
3037797
3038070
3038769
3039102
3040552
3042116
3043705
3043726
3044077
3044972
3046053
3046911
3048552
3048908
3050739
3050903
3051653
3051753
3053837
3054409
3054477
3054534
3056295
3057199
3058843
3059247
3060304
3060549
3060617
3061841
3061973
3062287
3063633
3063761
3064678
3065027
3065151
3068229
3071104
3071519
3072392
3073251
3073295
3073588
3074066
3075641
3076078
3076124
3076683
3077960
3078170
3079292
3079779
3081275
3081642
3082667
3082775
3083573
3085570
3086167
3086999
3087747
3088517
3089869
3091996
3093141
3093246
3093725
3093800
3093872
3095611
3097178
3098941
3099306
3100344
3100905
3101094
3101419
3101663
3102901
3103548
3104139
3104496
3104787
3104812
3104942
3106860
3107876
3109205
3109995
3110719
3111479
3111657
3112003
3112225
3112502
3113210
3113950
3114844
3116714
3119410
3121141
3121861
3123288
3126335
3126430
3130329
3130778
3130969
3131783
3134383
3135533
3136366
3137378
3137783
3138301
3138490
3138687
3138788
3138918
3139922
3140109
3142453
3142733
3145153
3148148
3148773
3149043
3149508
3152191
3152287
3152610
3152686
3154056
3154124
3156594
3160276
3160387
3160893
3161511
3163454
3163867
3164331
3165061
3165287
3165918
3168193
3169350
3170858
3172141
3173171
3173766
3174185
3174946
3176439
3177432
3177610
3178553
3181291
3183329
3183429
3183930
3184122
3187615
3187938
3188104
3188938
3189992
3191764
3192789
3193828
3195154
3195453
3196612
3202398
3203103
3203616
3204054
3204329
3205154
3205592
3207377
3208254
3208735
3209280
3212788
3213519
3215255
3216485
3216495
3216979
3218274
3218844
3219202
3219928
3220280
3220649
3220913
3220978
3221556
3221999
3222028
3222452
3223708
3224055
3224778
3224905
3226333
3227241
3227557
3228851
3231309
3233749
3234140
3235289
3235585
3235836
3240300
3240327
3240403
3240653
3241068
3241151
3242536
3242882
3243016
3246683
3248368
3248548
3250306
3250591
3250740
3251489
3252549
3253274
3253327
3254314
3254510
3255544
3256590
3256722
3257041
3258624
3259383
3260416
3263305
3263428
3264201
3264880
3264919
3265690
3274275
3274409
3274490
3276327
3276784
3277779
3279563
3280434
3281175
3281381
3281823
3282228
3284247
3286002
3286102
3286598
3287154
3288851
3289435
3289494
3289966
3290717
3291406
3292686
3292833
3292855
3293890
3295313
3295516
3295900
3295937
3298729
3299177
3300255
3300651
3301369
3302253
3303667
3304052
3305306
3306192
3306227
3308210
3308869
3311507
3311688
3313189
3316723
3317472
3319022
3319144
3319227
3320074
3320167
3320776
3328218
3328825
3329433
3330939
3332406
3334234
3336168
3337650
3337864
3338370
3338629
3339485
3340294
3343700
3344356
3345246
3345279
3347545
3348177
3348732
3349737
3351948
3355478
3356556
3356694
3359903
3360137
3361142
3361360
3361515
3362074
3365834
3366594
3367197
3368194
3368585
3369597
3369984
3370676
3372315
3373647
3373883
3374134
3374342
3378099
3381033
3381240
3382260
3382751
3384185
3384849
3386481
3388028
3389246
3391143
3391212
3392063
3393677
3394061
3394802
3395419
3396431
3397697
3397779
3398108
3403036
3403903
3404301
3406753
3406862
3407071
3410590
3412766
3413534
3414340
3414947
3416111
3416172
3418229
3422210
3423122
3426720
3427427
3427653
3427885
3427951
3428811
3429168
3430083
3432176
3432388
3435521
3435678
3435769
3437185
3438417
3439695
3441891
3443012
3443720
3445694
3447950
3449082
3449797
3451550
3452069
3452074
3452490
3452765
3453250
3453574
3454548
3455133
3455606
3456345
3457665
3459126
3459189
3459217
3460973
3462037
3462272
3464914
3465231
3467869
3468209
3468821
3470854
3470913
3471625
3474582
3475933
3476454
3478041
3478632
3483635
3483784
3484710
3484970
3486544
3486927
3487538
3490149
3490225
3490656
3493859
3494025
3494117
3496459
3498139
3499491
3500320
3500355
3500372
3500429
3500781
3500975
3502375
3503053
3503698
3504404
3505446
3505945
3507889
3508907
3511676
3512125
3513111
3514111
3514291
3516044
3516964
3519214
3519239
3520055
3521613
3522476
3522517
3523840
3524889
3525893
3525970
3526213
3526865
3528169
3530266
3532519
3533179
3533869
3534500
3535276
3537466
3537589
3539806
3540882
3541065
3542065
3543074
3543297
3543603
3544363
3544434
3544518
3546747
3549210
3551395
3552406
3553342
3553651
3553940
3554003
3554067
3554797
3556229
3558474
3558651
3560541
3562116
3562226
3562480
3563701
3564372
3564831
3567059
3567500
3567810
3567950
3568365
3568420
3570152
3570833
3571400
3571478
3571727
3571922
3572006
3572302
3572866
3572974
3573092
3574814
3576096
3577883
3579728
3582820
3584038
3584223
3585203
3585229
3585799
3586200
3586641
3586744
3588993
3590209
3590438
3591999
3592025
3592214
3592610
3593042
3596172
3597443
3597990
3598509
3601828
3602963
3603649
3604433
3605614
3607514
3608985
3609609
3612599
3613148
3617281
3618437
3620458
3621359
3622065
3623231
3623996
3625397
3626394
3628261
3628326
3629840
3631008
3631914
3633602
3635128
3635679
3636601
3639111
3641065
3641257
3642275
3643231
3643792
3645068
3646184
3646219
3646349
3646791
3648171
3648703
3648954
3648997
3649837
3650293
3652243
3657340
3659837
3659961
3660433
3661280
3662297
3662648
3662687
3663014
3663194
3663918
3664479
3664704
3665452
3666397
3666885
3667422
3667489
3668130
3668694
3668788
3669108
3669192
3669511
3670605
3671499
3672222
3672328
3672443
3672836
3673741
3673982
3674099
3675071
3676250
3676575
3676613
3678225
3678279
3681112
3681579
3683658
3684183
3685083
3686525
3687470
3688849
3688963
3689719
3689969
3690060
3690371
3690672
3691767
3692801
3693071
3693073
3693478
3694569
3696538
3696779
3698166
3698968
3700049
3701163
3703871
3703964
3704452
3704494
3704605
3705523
3708748
3709460
3709755
3709832
3710478
3710611
3711455
3711457
3713813
3714829
3717492
3717559
3717981
3718515
3719057
3719474
3719598
3720083
3720160
3720345
3721102
3721502
3724027
3724245
3724683
3727397
3727498
3727822
3729149
3730045
3730971
3733016
3734226
3736950
3738516
3739357
3739539
3739757
3740053
3741179
3741637
3742904
3744911
3745653
3746505
3748875
3748878
3749013
3749460
3749760
3751035
3752832
3753873
3754161
3754267
3756281
3760356
3761549
3761826
3762507
3763783
3765205
3767541
3770477
3771867
3773700
3775517
3776165
3776641
3776768
3780742
3781188
3781798
3782070
3782123
3782188
3782253
3782280
3782320
3782338
3784163
3784689
3785044
3785214
3786118
3786848
3787562
3789650
3790787
3791435
3791508
3794536
3794932
3796484
3796879
3797561
3798107
3799311
3801208
3801598
3802660
3803781
3804611
3805213
3806298
3806408
3806773
3807854
3808735
3809854
3811119
3811402
3812155
3813266
3815701
3816012
3816083
3822404
3823006
3823543
3826127
3826622
3826815
3828199
3830195
3830507
3831731
3831936
3832174
3832619
3832871
3833745
3834303
3834869
3837136
3838374
3839714
3842209
3842453
3842822
3844547
3846619
3848145
3850243
3850802
3855495
3855746
3855826
3856388
3856389
3856590
3858380
3858874
3859660
3861190
3861451
3862344
3862503
3862773
3863166
3863422
3864063
3865352
3866293
3867553
3867749
3868320
3868463
3869123
3869677
3871243
3872268
3876228
3876259
3877517
3877647
3878214
3878520
3879969
3880610
3881992
3882985
3883159
3883245
3884478
3887075
3887502
3890647
3894457
3894564
3894639
3896195
3896323
3896326
3898198
3899296
3899873
3901364
3902998
3907388
3907926
3908002
3908005
3908610
3909325
3910505
3912402
3913352
3915365
3915963
3924000
3924756
3924816
3925484
3926685
3927207
3928446
3930090
3930368
3930831
3930894
3932767
3932965
3933921
3934471
3935267
3935405
3935825
3935940
3936339
3939727
3941612
3942581
3944336
3945028
3945465
3945867
3946056
3946165
3947301
3947975
3948165
3949621
3949854
3950040
3952574
3952579
3952621
3952786
3954342
3954347
3955027
3956765
3956903
3957873
3958582
3959108
3959862
3961480
3963797
3965614
3965935
3968337
3970227
3971030
3972035
3972833
3974016
3974729
3975087
3976246
3976887
3977186
3977646
3978785
3978947
3979459
3982137
3982308
3982551
3987561
3987812
3991482
3993366
3995516
3995580
3995648
3996353
3997884
3997956
3998122
4000826
4001277
4003776
4005847
4007498
4007674
4008111
4008554
4009548
4010397
4011281
4012072
4014747
4015831
4016020
4017045
4018098
4018532
4019189
4019842
4021996
4023701
4023779
4023834
4024070
4024479
4024934
4025163
4025191
4026358
4026677
4027307
4027702
4030079
4030711
4031322
4031361
4031916
4032796
4034079
4035594
4036240
4036825
4037904
4037962
4039589
4039850
4040538
4040812
4041188
4042136
4042416
4043046
4043975
4044011
4044278
4044652
4045679
4046829
4046861
4048186
4049666
4049987
4050113
4050646
4051066
4053051
4053816
4055659
4056088
4058099
4060299
4063105
4063418
4063731
4067848
4068009
4068655
4070226
4071017
4071084
4071355
4071414
4071810
4072625
4072868
4072967
4073000
4073093
4074144
4074290
4074962
4078386
4078572
4079173
4079195
4083503
4084653
4085811
4087457
4087816
4088997
4089492
4089758
4090160
4092021
4093216
4094798
4096975
4097382
4097410
4098222
4098955
4099692
4099865
4100004
4100244
4100606
4103321
4105430
4105883
4106141
4106433
4106943
4107618
4108153
4108229
4108629
4109433
4109880
4110806
4111183
4111388
4111413
4112946
4116846
4116991
4117367
4118090
4118275
4119465
4119522
4119890
4119893
4121189
4121684
4122803
4124165
4124753
4125964
4127500
4127558
4128518
4129003
4129503
4130885
4132724
4133564
4133866
4134221
4134610
4135374
4138131
4139062
4139943
4141878
4141892
4144532
4145302
4147404
4148192
4149282
4149583
4150767
4151263
4151589
4152912
4153270
4155110
4155127
4156826
4158484
4158642
4159018
4160681
4161269
4161554
4162490
4163340
4164615
4164883
4166828
4166924
4167391
4168491
4168622
4170322
4171376
4171538
4171697
4172105
4176164
4176261
4177079
4177605
4178244
4178809
4179197
4179914
4180849
4180906
4185160
4188103
4188224
4189494
4194760
4198095
4198754
4198963
4200388
4200639
4205999
4206224
4208714
4209786
4211691
4211907
4212721
4213526
4215462
4216724
4218004
4218022
4218677
4218686
4219799
4220317
4220363
4222569
4223240
4224867
4225821
4226374
4226413
4227872
4228153
4228242
4228830
4230624
4232956
4234066
4235830
4236194
4236687
4236887
4237025
4237110
4238008
4240643
4240715
4241043
4241608
4241862
4243516
4244020
4244113
4244827
4248334
4248654
4249323
4251946
4252195
4254423
4255399
4255987
4256779
4258993
4259272
4259294
4261200
4261591
4263891
4264688
4265445
4265861
4268818
4269258
4271949
4274715
4276160
4276306
4278150
4278199
4279832
4280642
4281029
4281282
4281324
4282722
4283041
4283136
4284050
4288446
4288579
4288602
4292746
4292764
4292893
4292937
4293225
4293402
4293606
4293765
4293798
4296724
4297547
4297940
4298821
4299534
4299770
4301219
4301367
4303296
4303515
4303989
4304447
4305127
4306203
4306580
4307729
4308057
4312124
4314173
4315155
4315499
4315808
4316077
4316172
4316918
4317244
4319108
4321161
4322742
4323306
4324846
4326858
4327036
4327230
4327312
4330703
4330898
4330994
4332185
4332339
4332795
4334074
4335017
4335077
4336489
4337193
4337558
4338416
4339134
4340032
4340275
4340924
4341254
4341751
4343895
4345328
4345834
4347242
4349035
4349785
4351540
4351762
4353155
4354059
4354299
4357033
4357154
4357264
4358008
4358726
4359299
4361873
4362926
4363481
4365744
4366202
4366536
4366622
4366667
4367007
4368584
4370026
4371528
4372371
4374687
4375159
4375511
4377797
4378205
4378245
4378632
4382354
4382395
4384231
4385666
4388501
4390585
4392580
4393414
4393457
4393484
4394646
4397963
4399949
4402093
4403333
4404592
4405158
4406475
4407890
4408241
4408333
4409963
4410137
4410974
4411035
4411226
4411230
4414218
4417009
4417358
4417372
4417493
4417546
4417695
4418051
4418754
4420964
4421718
4422808
4425136
4425465
4427239
4427923
4428758
4430153
4430166
4430909
4434337
4434984
4435924
4436446
4436948
4438053
4439137
4441556
4442461
4443019
4445042
4446796
4447375
4447870
4448270
4448622
4449927
4450900
4452443
4453670
4454961
4455645
4456331
4456582
4456829
4459819
4462678
4463793
4464244
4466764
4467537
4469001
4470413
4472420
4474050
4474471
4474615
4476796
4477684
4480630
4482005
4485897
4488392
4489236
4490893
4492236
4494236
4494480
4495294
4495328
4496236
4499606
4500378
4500403
4500833
4501599
4502123
4502652
4509339
4509460
4510126
4511193
4511365
4511906
4512297
4513055
4517342
4517437
4517810
4517946
4518513
4520215
4521480
4521603
4522908
4523057
4523258
4523586
4524170
4524667
4527093
4527168
4528511
4529083
4529549
4530069
4530383
4530958
4530959
4532507
4534698
4535099
4535285
4536020
4536334
4538889
4540144
4541356
4541472
4541965
4543482
4543610
4547312
4548613
4548992
4549755
4550326
4554062
4557443
4557617
4559861
4560199
4560219
4562461
4563004
4563397
4564548
4564943
4565735
4566895
4567874
4571181
4572365
4572910
4575214
4577557
4577868
4579304
4580296
4581402
4582146
4584671
4585082
4585928
4587105
4588548
4591379
4591701
4592137
4593372
4594981
4602584
4602740
4603165
4606851
4607837
4607851
4608007
4608026
4609051
4609520
4609824
4611257
4612918
4613435
4614042
4614251
4615694
4616038
4616897
4617055
4618070
4618801
4620039
4620048
4620454
4621204
4625014
4625655
4627721
4628450
4629053
4629538
4629611
4630710
4630740
4631026
4631624
4632104
4632130
4636291
4636649
4638626
4639983
4640375
4641689
4641952
4643506
4645838
4646561
4646894
4647822
4648477
4648593
4649855
4650383
4650858
4651225
4651364
4653990
4656209
4656970
4659667
4659963
4660093
4660285
4662621
4662774
4664049
4666382
4667324
4668118
4669867
4670881
4671050
4671269
4671788
4672082
4672514
4672869
4675232
4677412
4678224
4678435
4679503
4680584
4682099
4682684
4683140
4684214
4684785
4687269
4687537
4687926
4690981
4691065
4691353
4691743
4691789
4697456
4697770
4699171
4702788
4703737
4704428
4704583
4706004
4706234
4708403
4709476
4710362
4711237
4712288
4713920
4713930
4714398
4715340
4715551
4716423
4722818
4725023
4726060
4726553
4727406
4727900
4729329
4730580
4730717
4731004
4731364
4733954
4736860
4737888
4739205
4740789
4741715
4741902
4742319
4743428
4744328
4744573
4745013
4746274
4747366
4748182
4748779
4750048
4751545
4752081
4752585
4752932
4753381
4754108
4754529
4755434
4756600
4757746
4759499
4760060
4760462
4761140
4761552
4764005
4764148
4765081
4765560
4765634
4771541
4773015
4776292
4776475
4777608
4777644
4778595
4779759
4780540
4782202
4782508
4783793
4787510
4787731
4787904
4787948
4790521
4793324
4794211
4794741
4800561
4800724
4801245
4801325
4801521
4801807
4802602
4804283
4804436
4804970
4805144
4808202
4809148
4810466
4810759
4811160
4812479
4814614
4816198
4818309
4818419
4818717
4818972
4819681
4820730
4820849
4821460
4823271
4823852
4825869
4826935
4826973
4828256
4829022
4829049
4829178
4829863
4830066
4832477
4833449
4833604
4833616
4833646
4834456
4835050
4836043
4839244
4839913
4840036
4840743
4840840
4841983
4842082
4842677
4843242
4845434
4848433
4849383
4850331
4850540
4850624
4852489
4852815
4854420
4854990
4855483
4859647
4860147
4861360
4862069
4862215
4863381
4866351
4866876
4867594
4870653
4872915
4876698
4876859
4878604
4879985
4880281
4882654
4883035
4884896
4886515
4887238
4888703
4890632
4891981
4892438
4892989
4893097
4893288
4893340
4893886
4897570
4897731
4897737
4898946
4899101
4899604
4900141
4900524
4900749
4900875
4901442
4902292
4902408
4904636
4908941
4909330
4910201
4910518
4911916
4912019
4913945
4913996
4914458
4915332
4916430
4916446
4916883
4918002
4918016
4920218
4920340
4924435
4924503
4927896
4929328
4929882
4930577
4932531
4932647
4932997
4933034
4935059
4936569
4938915
4939487
4941136
4941228
4942014
4943168
4943988
4945417
4945585
4946415
4948144
4949310
4950621
4950836
4951443
4951540
4961166
4962961
4963129
4963242
4966430
4967092
4968124
4969254
4970957
4971626
4972256
4972697
4973385
4973755
4973832
4974023
4976959
4977139
4977315
4978917
4980423
4980949
4981914
4982118
4983278
4984753
4985971
4985980
4986167
4986229
4986701
4988539
4989647
4990086
4994130
4996888
4997711
5000989
5001150
5001405
5002256
5002266
5002478
5003558
5004361
5008172
5008270
5011630
5011678
5012361
5014065
5014796
5016530
5019305
5019492
5021739
5023333
5024286
5025290
5025611
5027253
5028035
5028208
5029316
5029818
5030011
5030064
5030639
5031338
5031529
5032260
5032665
5033004
5035564
5035847
5036216
5037113
5039294
5039385
5039698
5040995
5041021
5042721
5043684
5047831
5050016
5050161
5050321
5050591
5055643
5057100
5060235
5061347
5063108
5063344
5063743
5064104
5065392
5066914
5067144
5067445
5068013
5069200
5073065
5075543
5075930
5076796
5079960
5080572
5080699
5080775
5081980
5083000
5085233
5085614
5086944
5087723
5089723
5090152
5090809
5091672
5092863
5093015
5093093
5093576
5093810
5094230
5094900
5095142
5095556
5096008
5096238
5096803
5098348
5099075
5100724
5102303
5103187
5104689
5107900
5110003
5110824
5112889
5114058
5114657
5114908
5116698
5117332
5118171
5119077
5119948
5120401
5123296
5123844
5123862
5124065
5126478
5127029
5127906
5130253
5134543
5135491
5137497
5139182
5139845
5140391
5141908
5145319
5145545
5147983
5148824
5150526
5150556
5150579
5151207
5151536
5151706
5151773
5151972
5154334
5155019
5155728
5156148
5157748
5160561
5161388
5162193
5163252
5164326
5164405
5165617
5166176
5168607
5169632
5170836
5173509
5175634
5176624
5177011
5177181
5179376
5180703
5180912
5181319
5183370
5183928
5184450
5184903
5191002
5191033
5191248
5191409
5192094
5192546
5192824
5193644
5194167
5194455
5194946
5195544
5197475
5199370
5199906
5200504
5202908
5204049
5204534
5209099
5209121
5209168
5210831
5212096
5212750
5213644
5214265
5214645
5215685
5216772
5218133
5218754
5218995
5219929
5222364
5222966
5223047
5223493
5224195
5225003
5225741
5229013
5231825
5231870
5233565
5233912
5234541
5234601
5235595
5236535
5238315
5238613
5239029
5239068
5239986
5241761
5241876
5243046
5243372
5244604
5244684
5245355
5247529
5247632
5248345
5249699
5250240
5250324
5250348
5251421
5254240
5255808
5257171
5257485
5258844
5258955
5259787
5260574
5260916
5261811
5262325
5262782
5262917
5262933
5264319
5265029
5269513
5270872
5273538
5273584
5274948
5276321
5278054
5278108
5278660
5279381
5279624
5280049
5281893
5283169
5283358
5283538
5284535
5285293
5285599
5287438
5287777
5288269
5288439
5289287
5293786
5293955
5295962
5297863
5298163
5298931
5299375
5300066
5300303
5300767
5301315
5302371
5305988
5307007
5308216
5308866
5309849
5310135
5310225
5311582
5312883
5313324
5313833
5314510
5315767
5315953
5318847
5319757
5319800
5319941
5321082
5321455
5321644
5323080
5323682
5325845
5326171
5328474
5328549
5328769
5330808
5331148
5331226
5331788
5331933
5333742
5334996
5338574
5340949
5341189
5342359
5342690
5344340
5344987
5346256
5346287
5346453
5346748
5346768
5346874
5347210
5347720
5352853
5353313
5354213
5355381
5357229
5358549
5359221
5360944
5361142
5363935
5364663
5367025
5368590
5369044
5369709
5370778
5374256
5374369
5374595
5375532
5376672
5377288
5377681
5379251
5380447
5380569
5381142
5381198
5381608
5383358
5383718
5383946
5384027
5384614
5384983
5386353
5387866
5387967
5390164
5393096
5394983
5395380
5395575
5396367
5396962
5397346
5397386
5397631
5398417
5400525
5402057
5403461
5404522
5404737
5406283
5407815
5407852
5407998
5408094
5409772
5410920
5412870
5413076
5414049
5414683
5414755
5414921
5415630
5416063
5417371
5418540
5421270
5421629
5422615
5423341
5425042
5425195
5426544
5429337
5433259
5433826
5434947
5435597
5435916
5436949
5441350
5441528
5443999
5447221
5447685
5448270
5448322
5448360
5449539
5450146
5450361
5452036
5452793
5455619
5455927
5456756
5457126
5457493
5457837
5458532
5463223
5466593
5466829
5467032
5467146
5467531
5468093
5471202
5471810
5472589
5474058
5474262
5474453
5474881
5475577
5478647
5478782
5479171
5479437
5479559
5480179
5481090
5481199
5483623
5483880
5485356
5486371
5486693
5488290
5488888
5489907
5491513
5492217
5492400
5492537
5494743
5496283
5497452
5498074
5500590
5500746
5500748
5502097
5502984
5504290
5505800
5505808
5505871
5506124
5508938
5509508
5510938
5515014
5515393
5515947
5517116
5517473
5517982
5518144
5519725
5519937
5520307
5520767
5523205
5524312
5524470
5526407
5527608
5528666
5530360
5531104
5531762
5533503
5534049
5534875
5535923
5537003
5537923
5538889
5538955
5539099
5539728
5541656
5542847
5544908
5545361
5546091
5547215
5548191
5549191
5549524
5552411
5552959
5553599
5553815
5554056
5556612
5556831
5556833
5557023
5558497
5559067
5560774
5562923
5565237
5566892
5568116
5568196
5570632
5571581
5572534
5573339
5573466
5573696
5573873
5575768
5577313
5577492
5577931
5578036
5578878
5578992
5579449
5579759
5580525
5581186
5582330
5584307
5586312
5586349
5586713
5588889
5590226
5591694
5591944
5592071
5593129
5594153
5594557
5595813
5596187
5596475
5598255
5601062
5602231
5602516
5603538
5603866
5603882
5604306
5606082
5606748
5607574
5608865
5609326
5610740
5612973
5613277
5613349
5613718
5614362
5615486
5617977
5618330
5619442
5620181
5621110
5621984
5623450
5623617
5623721
5625801
5628445
5629252
5629619
5629700
5631252
5631919
5631963
5632016
5632141
5635735
5636029
5638521
5638534
5638732
5639391
5640556
5641843
5642028
5642411
5642453
5645350
5645787
5646358
5646955
5647966
5649475
5650784
5650897
5652086
5652284
5652321
5652991
5653679
5655104
5655824
5659737
5660909
5661174
5661858
5664516
5665622
5666262
5666472
5672338
5673131
5675402
5676591
5678643
5680197
5680204
5681679
5681784
5681942
5682493
5682671
5682784
5683900
5684632
5685089
5686037
5686066
5686745
5687331
5687807
5688335
5689196
5689265
5689667
5689870
5690367
5691212
5691923
5693388
5693430
5693529
5693980
5694084
5694429
5694447
5695016
5695639
5695771
5696646
5698511
5698734
5699434
5702534
5702917
5703011
5706130
5706174
5707162
5709255
5710506
5710805
5711399
5711992
5715358
5717820
5718029
5718678
5718718
5720477
5720520
5721013
5721296
5722168
5723059
5723531
5728374
5729039
5729643
5730094
5731135
5731287
5731309
5731884
5732999
5733503
5734728
5735552
5737227
5737974
5738081
5739566
5742228
5742246
5742569
5743262
5743396
5743545
5743824
5744303
5745157
5745261
5745726
5745918
5746065
5750061
5750453
5752198
5752437
5753661
5754399
5754937
5755501
5755883
5756665
5758528
5759414
5759476
5760299
5761660
5761765
5762812
5763039
5764017
5771194
5772086
5772405
5773230
5777169
5777225
5779390
5780574
5784330
5784737
5784854
5785763
5786016
5786440
5787354
5788499
5789331
5789698
5791298
5793398
5794002
5794006
5795572
5796439
5803101
5803231
5806189
5808581
5808873
5809581
5812476
5813568
5813855
5814678
5814859
5821337
5822043
5822710
5823513
5823705
5825363
5828108
5828566
5830192
5830897
5831449
5833195
5833352
5833720
5834657
5835414
5835780
5837113
5837137
5837960
5840024
5841307
5841468
5843290
5843482
5844213
5848558
5850096
5850983
5851934
5851953
5852486
5854196
5854776
5855006
5856177
5856432
5856979
5858621
5859339
5859784
5865374
5868053
5869245
5869741
5870417
5870496
5870814
5871705
5871999
5872248
5872548
5873120
5873317
5873381
5874269
5874500
5876090
5876782
5878779
5880500
5881175
5881907
5882162
5882163
5883151
5884419
5885305
5887781
5888019
5888026
5888276
5888285
5888813
5888956
5888987
5890781
5892203
5892444
5893625
5894258
5896327
5896452
5897809
5899253
5899690
5900930
5903507
5905372
5906492
5906755
5907289
5909540
5910863
5912883
5913081
5915059
5916846
5918867
5919657
5923130
5924436
5925045
5925856
5925857
5927125
5927213
5929651
5930329
5930725
5931084
5932026
5932178
5932751
5933592
5933714
5933817
5934490
5935373
5935497
5937373
5938592
5940848
5941673
5942899
5944185
5944578
5944962
5945412
5946259
5946660
5946989
5947972
5949547
5950252
5950809
5951018
5952017
5954345
5954732
5955583
5958725
5960135
5960194
5961468
5963254
5963611
5965626
5967728
5968524
5969861
5971215
5971577
5972603
5972674
5973536
5973617
5974126
5974318
5976399
5977356
5979061
5980322
5980619
5981338
5981502
5982441
5983007
5983857
5984282
5985541
5987061
5988315
5989406
5990805
5991516
5991922
5992231
5993203
5997262
5999594
6000120
6000430
6001299
6001327
6001869
6002460
6002666
6002766
6003365
6003852
6004034
6006366
6007821
6007911
6009423
6011003
6011900
6012767
6013036
6013056
6013832
6015989
6016079
6016821
6018447
6021212
6022113
6024602
6024783
6026379
6026448
6028295
6029275
6029832
6029855
6030445
6030953
6031294
6033176
6033426
6033544
6034729
6036608
6037996
6038404
6038493
6039005
6039207
6040492
6040888
6041703
6043185
6043392
6045710
6046942
6046980
6047520
6047857
6049230
6049713
6049962
6051167
6052010
6052360
6052423
6054084
6058849
6059166
6059349
6059838
6060675
6060886
6061154
6062001
6062172
6062229
6062257
6062833
6065317
6065441
6068208
6068633
6069497
6069913
6070246
6073138
6074595
6075834
6075944
6075999
6077431
6077906
6078109
6080493
6080861
6082093
6082781
6084060
6086025
6086136
6087367
6087410
6087885
6089466
6089541
6090438
6090992
6091777
6092502
6092906
6093190
6093794
6094537
6094956
6096505
6097969
6099013
6099380
6100019
6100462
6100592
6100870
6101021
6101319
6102083
6103069
6103970
6104372
6104988
6107786
6108596
6108679
6108733
6109119
6112957
6113602
6114721
6115102
6115461
6116078
6120591
6121219
6122270
6122687
6122770
6124496
6124716
6126158
6127190
6127286
6127828
6128182
6128342
6129547
6130373
6131498
6133586
6133906
6134153
6135106
6135270
6137360
6138844
6139025
6141523
6142909
6143253
6145190
6145192
6145288
6146316
6147631
6148227
6148995
6149250
6149818
6150371
6150967
6151355
6151883
6152273
6152619
6152759
6154487
6154875
6155027
6157227
6157322
6157353
6157821
6158755
6159612
6160034
6160332
6161200
6161207
6162049
6164206
6164437
6164536
6165411
6165484
6166508
6167338
6168849
6170207
6172488
6173654
6174494
6177509
6177638
6178677
6178724
6182824
6186136
6186403
6188846
6191895
6192875
6193386
6195507
6197067
6198959
6199406
6200164
6202199
6202326
6202850
6202886
6203325
6203830
6204611
6205416
6205444
6205634
6209783
6210100
6210231
6211669
6212341
6212694
6214306
6214669
6216217
6217773
6218887
6219652
6219777
6222828
6224088
6225263
6225602
6227842
6229812
6231334
6232422
6232901
6233302
6234227
6234814
6235013
6236212
6237769
6238179
6239184
6241860
6244537
6245529
6246847
6247137
6247301
6248631
6249266
6249678
6249822
6251522
6253008
6254227
6258422
6259301
6261063
6264608
6268693
6270198
6271318
6271362
6272438
6273626
6274563
6274999
6276158
6277536
6279523
6282057
6282384
6284243
6284620
6284762
6285482
6285985
6288383
6290129
6291278
6291609
6292008
6292250
6292661
6292697
6295265
6296984
6297147
6298122
6300384
6304157
6304915
6305040
6306071
6306092
6307905
6308032
6308519
6308875
6309475
6311174
6312544
6314369
6315085
6316081
6318586
6320751
6321784
6322740
6325405
6325689
6325899
6326051
6326925
6326945
6327645
6329800
6330008
6330803
6330911
6332174
6332717
6333905
6335246
6336920
6337462
6338659
6342556
6345109
6347242
6351597
6352062
6352105
6353275
6354816
6355115
6355592
6355905
6356361
6357506
6357874
6359307
6359479
6360098
6366515
6366577
6366898
6367659
6369591
6369838
6370923
6374018
6374235
6375590
6377962
6378059
6380318
6380505
6382461
6382909
6383740
6383875
6384313
6385219
6386050
6386168
6387444
6387672
6388769
6390607
6391152
6391278
6392848
6396396
6397453
6397700
6398039
6398540
6399454
6399592
6399879
6399942
6399983
6400206
6400368
6400397
6401701
6404270
6405324
6406213
6406626
6407006
6409852
6412056
6412373
6414357
6416087
6417128
6417154
6418063
6421039
6421495
6422843
6424263
6424434
6426223
6427254
6427378
6430487
6434481
6434789
6434841
6435056
6436250
6436516
6437736
6438335
6440401
6440714
6440954
6443290
6443869
6444169
6444580
6446264
6448053
6449719
6450145
6452421
6452563
6452947
6454028
6454583
6456012
6456244
6457074
6457309
6457677
6458354
6461278
6462576
6462699
6463339
6466004
6466057
6466252
6467262
6467308
6467513
6468113
6468293
6468348
6470938
6471414
6471440
6472399
6472930
6473358
6474965
6475913
6478560
6480427
6480547
6482058
6486061
6486334
6486582
6490938
6491226
6491238
6492047
6493489
6494334
6495018
6496427
6496563
6497186
6497248
6497463
6498585
6498735
6500191
6503768
6504145
6504285
6505126
6507065
6509008
6509890
6512406
6512895
6513026
6514399
6515358
6515459
6516741
6519079
6520748
6520967
6522382
6523068
6525231
6527264
6528264
6528854
6529942
6530629
6530772
6534137
6534559
6535065
6535615
6536034
6536052
6536405
6537876
6539245
6541481
6541648
6542148
6543248
6543519
6543542
6544864
6545215
6545510
6545866
6546368
6550780
6553994
6554289
6554346
6554707
6555222
6556026
6556520
6557780
6557958
6559757
6560290
6560564
6561380
6561505
6561568
6562191
6562337
6563860
6564742
6569486
6569860
6570176
6572226
6572548
6573022
6574160
6574327
6574579
6574669
6574830
6575115
6575337
6575348
6575531
6575909
6576721
6579847
6579981
6580002
6580884
6581095
6583427
6583624
6584067
6585832
6586259
6586978
6590136
6591101
6591427
6591445
6591792
6592024
6592258
6592899
6592982
6593341
6593972
6595409
6595697
6595911
6595960
6596691
6599686
6600713
6600853
6601657
6601674
6601992
6602705
6603417
6605214
6605494
6609757
6612070
6612493
6613548
6614113
6614307
6614325
6614909
6615255
6622135
6624617
6626075
6626723
6628287
6629843
6630578
6631803
6631820
6632198
6632474
6635201
6635394
6635910
6636808
6637393
6639817
6641416
6642422
6648635
6648852
6648867
6648889
6649463
6650381
6650516
6650773
6651217
6652302
6653449
6653836
6654511
6654560
6655050
6655568
6655755
6656266
6656304
6656305
6657047
6657946
6658546
6658945
6660178
6660293
6660546
6661089
6662033
6662248
6663011
6667918
6673777
6674537
6677137
6677613
6679049
6680468
6681037
6681215
6682467
6682526
6685024
6685472
6686013
6687898
6688873
6691858
6691994
6692076
6692086
6692108
6692964
6695707
6701868
6701947
6703870
6704564
6706177
6708318
6709183
6710800
6710962
6711885
6713386
6715124
6715609
6716506
6719121
6719148
6720402
6721899
6723615
6723992
6725823
6726939
6728552
6728767
6729154
6729490
6732356
6732550
6733140
6733428
6734198
6737311
6741952
6742055
6742226
6742425
6745933
6746590
6747987
6750369
6750599
6751326
6752131
6752618
6756642
6756763
6757376
6757519
6758001
6759770
6760406
6760591
6761225
6761366
6761606
6761925
6762296
6763737
6765188
6766829
6766853
6769466
6770508
6775833
6776697
6780196
6780850
6781516
6781934
6782716
6783836
6784147
6784872
6785922
6787352
6788961
6789649
6790973
6791509
6791577
6791979
6793505
6794749
6796003
6798181
6798969
6801078
6801834
6803611
6807754
6808249
6808385
6808433
6809832
6811440
6812229
6814191
6818151
6820364
6821961
6823543
6824733
6825119
6825933
6826100
6826614
6827232
6828193
6832623
6834855
6835597
6835689
6836946
6838269
6839621
6839860
6839912
6840800
6843155
6843800
6844856
6846428
6846939
6847547
6847618
6847893
6851122
6851675
6852206
6853604
6854575
6855025
6855367
6855626
6856666
6857548
6860060
6860775
6861363
6862987
6863520
6864411
6866406
6868439
6868803
6868821
6869087
6869507
6870442
6870900
6871345
6872231
6872907
6874574
6876499
6876711
6877192
6877684
6878387
6878653
6878852
6879321
6880439
6881211
6882810
6883027
6884237
6886500
6887257
6888271
6888295
6888806
6889022
6891122
6891313
6891797
6891805
6893700
6893769
6894242
6895542
6896341
6896665
6899008
6899987
6901412
6901739
6901815
6905503
6905846
6905924
6906902
6907223
6908379
6908675
6909100
6909512
6910187
6911724
6914108
6915195
6915978
6916611
6917949
6918578
6919669
6922567
6929479
6929780
6931246
6931449
6931557
6932981
6933815
6934234
6935373
6935816
6936161
6936990
6938355
6938384
6939758
6941552
6941926
6944345
6944462
6944469
6944821
6949509
6951072
6951929
6952014
6952954
6955724
6956184
6957697
6958195
6958568
6960427
6960948
6962097
6963712
6964547
6964677
6965021
6965209
6966056
6966539
6967720
6973144
6976348
6977351
6978491
6978552
6979218
6979521
6979729
6981228
6981795
6986040
6987404
6988544
6989412
6989429
6989620
6990085
6990157
6990927
6992948
6993495
6993659
6994241
6997127
6997866
6998591
6999553
7000764
7002715
7003277
7003331
7005974
7006715
7008659
7011395
7011800
7012703
7014242
7014905
7016519
7018078
7019142
7020243
7020338
7023793
7023877
7024688
7025260
7025663
7027104
7030029
7030244
7030692
7032419
7032805
7034794
7035382
7035939
7036038
7036192
7036824
7038162
7039017
7040489
7041127
7041507
7041759
7041893
7042267
7042871
7043119
7043365
7044137
7047500
7047619
7048404
7051970
7052699
7052940
7053497
7054828
7057230
7057749
7058196
7058838
7062510
7063351
7065063
7065184
7067106
7067167
7069023
7070094
7071915
7071921
7072000
7076535
7077200
7079009
7080902
7081647
7083033
7083342
7084628
7086362
7086743
7088645
7088893
7089105
7089541
7090456
7093219
7094446
7094705
7095024
7095645
7097044
7097490
7101883
7103176
7103599
7104430
7104447
7104505
7105438
7105498
7107185
7107563
7108756
7110495
7113520
7113645
7113909
7114287
7115456
7115555
7116481
7117387
7117561
7119386
7120824
7122885
7123722
7124559
7127476
7128906
7129608
7130057
7130389
7132305
7134276
7135102
7137428
7137460
7138316
7138395
7138786
7139261
7139504
7141720
7141977
7141996
7145277
7146078
7146685
7147046
7147139
7149584
7153690
7154400
7154917
7155016
7155489
7155800
7157070
7158373
7159165
7159280
7160167
7160219
7161862
7162994
7163562
7164831
7166507
7167401
7168493
7168901
7169139
7171659
7173874
7178450
7179448
7180962
7182225
7182937
7186989
7188684
7190233
7192208
7198061
7198176
7198212
7199261
7202915
7205906
7206486
7207819
7209170
7210527
7211413
7213563
7214671
7215151
7215802
7217585
7222602
7222895
7223377
7223628
7226323
7226456
7226655
7227701
7230051
7230316
7231037
7231420
7231437
7232585
7233500
7237364
7237376
7237560
7237980
7238933
7239009
7239721
7240707
7241314
7241437
7241733
7242427
7242459
7242563
7242885
7242942
7244402
7244551
7249460
7251851
7252795
7253348
7255059
7255227
7258214
7258837
7259628
7259705
7259970
7260041
7260650
7261578
7261688
7262266
7263415
7264383
7264404
7265847
7266435
7268523
7268728
7268745
7269839
7270016
7270096
7271970
7273290
7273368
7273681
7273899
7274074
7277520
7278983
7279359
7279590
7281732
7282300
7282597
7282999
7283015
7283027
7286108
7286899
7286914
7289542
7290128
7294547
7294606
7296824
7298539
7300701
7301532
7301874
7302246
7302719
7302758
7303307
7304326
7305055
7305263
7305708
7307359
7307422
7309051
7310315
7311350
7311671
7312102
7313067
7314868
7316048
7316676
7317825
7319816
7321131
7321675
7322893
7323575
7323862
7324921
7325382
7327603
7328716
7329264
7330625
7331388
7331494
7331830
7333506
7334326
7334656
7335284
7336126
7336608
7337673
7338095
7338854
7341894
7341935
7342076
7342992
7344059
7344189
7344247
7345394
7347085
7347190
7347225
7347490
7347536
7347624
7350799
7352750
7353234
7355205
7356010
7357105
7357170
7357458
7358500
7359075
7361921
7362179
7362511
7362687
7363398
7368175
7368240
7368704
7370237
7370371
7372054
7374136
7376218
7379606
7379683
7380976
7383586
7386360
7386568
7388006
7388404
7389901
7390358
7390697
7391553
7391624
7391876
7392293
7392498
7395353
7395618
7398442
7401475
7401590
7402184
7403188
7403774
7404829
7408195
7408398
7409413
7411657
7419985
7420537
7420974
7423659
7424122
7427238
7429233
7429409
7429421
7430152
7430737
7432372
7433686
7435430
7437147
7437472
7437486
7438577
7438606
7439225
7439387
7439889
7440372
7440525
7440560
7444508
7444949
7446639
7449524
7450110
7455132
7455979
7456514
7457049
7457953
7458481
7459476
7459677
7459960
7461157
7461475
7461667
7462013
7462366
7463722
7465870
7465889
7465893
7466784
7469046
7469210
7471538
7471550
7471783
7471788
7471967
7472165
7472490
7472672
7473107
7473567
7473978
7474408
7474754
7479122
7479309
7479455
7479791
7483520
7483928
7484715
7487648
7489375
7490273
7491852
7493205
7494221
7494827
7494838
7495224
7495363
7497179
7497762
7498145
7499092
7500280
7500921
7501105
7501401
7502922
7503200
7503771
7504541
7505102
7506071
7506106
7507569
7507880
7509735
7510725
7511152
7512154
7514072
7514595
7516375
7516668
7517988
7518385
7519105
7521397
7522413
7522809
7525371
7525886
7526116
7528151
7531759
7533193
7534233
7534621
7535588
7536366
7536571
7538761
7539014
7539508
7539621
7540613
7540909
7541313
7545536
7546383
7547184
7547815
7549765
7550217
7550467
7551491
7551756
7551979
7552846
7553259
7553393
7554113
7554843
7555251
7555643
7556649
7556681
7557757
7558133
7558205
7558568
7559911
7560278
7563120
7563694
7563914
7569887
7571261
7571668
7571878
7573138
7573514
7575754
7576706
7577389
7579219
7580701
7582327
7582470
7582543
7583445
7584087
7585580
7585827
7586929
7587036
7587924
7588041
7588415
7588524
7589631
7590329
7590482
7590926
7591787
7591890
7593142
7596139
7597023
7597069
7597098
7597371
7597445
7597906
7598327
7599928
7599978
7601009
7602708
7604537
7605252
7605601
7605788
7608288
7608370
7608783
7608974
7609014
7609057
7609654
7612125
7615529
7617504
7618180
7618768
7619157
7621131
7621781
7623519
7623888
7627381
7628654
7628708
7628935
7629801
7630986
7631090
7631431
7631541
7631890
7632331
7632711
7632960
7633145
7634396
7635276
7635888
7636049
7636376
7637817
7637928
7637958
7639264
7640791
7641449
7642355
7647107
7647517
7648596
7649048
7649520
7651230
7654372
7654614
7655190
7655637
7657555
7658235
7661141
7661808
7663019
7663446
7663457
7663736
7664717
7665084
7665204
7666462
7667566
7669094
7669152
7669664
7672935
7676714
7676821
7678017
7679036
7679334
7679425
7681294
7681777
7682145
7682963
7683002
7683423
7683784
7683887
7684434
7685004
7686296
7687018
7687995
7691283
7693688
7693753
7696582
7697084
7697660
7701555
7702140
7704424
7706036
7706108
7707883
7708271
7709376
7709986
7710351
7710510
7711823
7712831
7714318
7714606
7715143
7715269
7715349
7715700
7715983
7716619
7717117
7717629
7718931
7719940
7720577
7721369
7721762
7722491
7723221
7724308
7724394
7725205
7726268
7726670
7726687
7727565
7729266
7729282
7729812
7730629
7731099
7731450
7732403
7733721
7734436
7734447
7735565
7736062
7736084
7736097
7736293
7737327
7739160
7739585
7743562
7745176
7745305
7746196
7746617
7746798
7747441
7747581
7747927
7748367
7748556
7749002
7750216
7750292
7750964
7752094
7752110
7752982
7754390
7755753
7755987
7756331
7760950
7762013
7764191
7766372
7767199
7769556
7770462
7772220
7772221
7772275
7772735
7773596
7774680
7774820
7775504
7775604
7777597
7778209
7778644
7778794
7779752
7780544
7781152
7784303
7784843
7785146
7785264
7785705
7786316
7792328
7792522
7792721
7793188
7794619
7794715
7797743
7806325
7807076
7808959
7811185
7811893
7812074
7813493
7813875
7814788
7816143
7816921
7817818
7819567
7820363
7820690
7821006
7821918
7822970
7826281
7826808
7827639
7827981
7828091
7829263
7830591
7830853
7833686
7835290
7836592
7836981
7839373
7839562
7839582
7840005
7840855
7841092
7841612
7841915
7845460
7846317
7849818
7852188
7852985
7854413
7854436
7855534
7858329
7859652
7861578
7863523
7863936
7864365
7865429
7866312
7866763
7866793
7868145
7870575
7870621
7871145
7871269
7871774
7871916
7872557
7873342
7873771
7874093
7874102
7874529
7874843
7875231
7875582
7876461
7876928
7877437
7878671
7879823
7879853
7879861
7880333
7880370
7881744
7883624
7884124
7884705
7884884
7884903
7887147
7887158
7887423
7887550
7887690
7887982
7888914
7890449
7890632
7890666
7891590
7892128
7893366
7893738
7894609
7895236
7897282
7898060
7900551
7901109
7901397
7901523
7901581
7901694
7902547
7902554
7903032
7903701
7903984
7904005
7904508
7904933
7904966
7905906
7906349
7907091
7908752
7908989
7909416
7909861
7909872
7911505
7912212
7912896
7913365
7914058
7915205
7916550
7917267
7918076
7919232
7919536
7920109
7921322
7921374
7921972
7923785
7925576
7928994
7930304
7930713
7932961
7934617
7934737
7935251
7935450
7937081
7938079
7939967
7940287
7941122
7941530
7942026
7944260
7945028
7946256
7946784
7952086
7952249
7952289
7952305
7952789
7954161
7954836
7957397
7959032
7961903
7962192
7963315
7963614
7964013
7965309
7965573
7968273
7968276
7968323
7969582
7970705
7970755
7970893
7971465
7973933
7976566
7976795
7976811
7979602
7979609
7981159
7981468
7983887
7984718
7984721
7984781
7985907
7988895
7989268
7989379
7990855
7991090
7992313
7994123
7994847
7995011
7997033
7997094
7998180
7999208
8001248
8002721
8003569
8003667
8004777
8004998
8006230
8006247
8006285
8006374
8007541
8007706
8008907
8010157
8012742
8012784
8013839
8013902
8014153
8016137
8016842
8017942
8019069
8023310
8023866
8024136
8024282
8025766
8026980
8026998
8031940
8033121
8035646
8035678
8036062
8037939
8039125
8039520
8039594
8039938
8040230
8041199
8042575
8043079
8043531
8043827
8044711
8045592
8045778
8046942
8052325
8053136
8053349
8053461
8054848
8055101
8055174
8055223
8056484
8059819
8060019
8060183
8060415
8060646
8063193
8063453
8063865
8064144
8064563
8066431
8066595
8066860
8067705
8068197
8069652
8070541
8070949
8071984
8072759
8072790
8073607
8074162
8074165
8075898
8076258
8077066
8077192
8078027
8078643
8081182
8081331
8082208
8084381
8085415
8088909
8089139
8090216
8095688
8096626
8097402
8098004
8098509
8098612
8101031
8102005
8102303
8106275
8106298
8106591
8108448
8110366
8111611
8112097
8113312
8114129
8114173
8118376
8120412
8124244
8124811
8125085
8126311
8128169
8128642
8129202
8129929
8130058
8130444
8132389
8132881
8133236
8133864
8135467
8136381
8137709
8137717
8139802
8142272
8142306
8142514
8145198
8146012
8147255
8147755
8148449
8148947
8149059
8149497
8149952
8150157
8151983
8152826
8154059
8155924
8156294
8156599
8158223
8160725
8160950
8161919
8162504
8163843
8164277
8167831
8167899
8168683
8168792
8169024
8170826
8171042
8172014
8172712
8174044
8174816
8175207
8176466
8177382
8177521
8179569
8180661
8181014
8184627
8185781
8186262
8186278
8189413
8189823
8190068
8190530
8190561
8190940
8191022
8191410
8191694
8193103
8193206
8196014
8196583
8197800
8199925
8200836
8202252
8202371
8203327
8203456
8203507
8203940
8204620
8204698
8205152
8205600
8208829
8211172
8211521
8215338
8217287
8218372
8218818
8219146
8220152
8220289
8222531
8223978
8225952
8228502
8229468
8230146
8230313
8231020
8232424
8233307
8239079
8241814
8243639
8245287
8247293
8252044
8252135
8252557
8253803
8254368
8256218
8259812
8260804
8263062
8263606
8264237
8264830
8265514
8269109
8271095
8271207
8272269
8273605
8275849
8275893
8278098
8278938
8278971
8280114
8281428
8283528
8283798
8285722
8285955
8287303
8287337
8287447
8288000
8290368
8291694
8291813
8292316
8293880
8294502
8294773
8294994
8295217
8296768
8298434
8299264
8300701
8301627
8302105
8304085
8305379
8305761
8305765
8305891
8310193
8310734
8311491
8311890
8312205
8313368
8315208
8315723
8315738
8316303
8317044
8318183
8318812
8319856
8320398
8320883
8322690
8323560
8324313
8324833
8325036
8325214
8325260
8325669
8326660
8328203
8330972
8331509
8332424
8334167
8335807
8336525
8336748
8337222
8339967
8340134
8341078
8341127
8342101
8342197
8343044
8346286
8348884
8348959
8349608
8349790
8349891
8351045
8351082
8352464
8353534
8353592
8353843
8354038
8357406
8357483
8357535
8358096
8360209
8360532
8361014
8361304
8363171
8364591
8366347
8367260
8368911
8370652
8371890
8372186
8374683
8375171
8375462
8376500
8377595
8377913
8381465
8383066
8385360
8385556
8386016
8386184
8386342
8386783
8387168
8388737
8389590
8389840
8389920
8390219
8391718
8392131
8392322
8392723
8393507
8393755
8394862
8395655
8396347
8399072
8399207
8400481
8400941
8401259
8401600
8403250
8403393
8405224
8406800
8406975
8409276
8412851
8413090
8413529
8415879
8416674
8417130
8417819
8417838
8419231
8420274
8420532
8421037
8421526
8421736
8421942
8423339
8424324
8427766
8428546
8429437
8430044
8430135
8430407
8431346
8432727
8433544
8434434
8434831
8436780
8437509
8437950
8439320
8439954
8441017
8441787
8442859
8443813
8443928
8444186
8445667
8447101
8447110
8447822
8448215
8448702
8448837
8449141
8451009
8451038
8453002
8453230
8454254
8454351
8454985
8455457
8456498
8456536
8456594
8456903
8457772
8458112
8459798
8464186
8464320
8464881
8468544
8469167
8469313
8470235
8471669
8472850
8473393
8474199
8474298
8475549
8475879
8476313
8477230
8477624
8478552
8478713
8479290
8479855
8479990
8481222
8482223
8482882
8483529
8485930
8486855
8487778
8487840
8487843
8489830
8489964
8490418
8490618
8490771
8491637
8492304
8492461
8492934
8493555
8493904
8496099
8497779
8499216
8499623
8499789
8499871
8501184
8502579
8504599
8506014
8506192
8507187
8507892
8511369
8511628
8512357
8513450
8513520
8514963
8515042
8515763
8517562
8518518
8518640
8519014
8519182
8519429
8520591
8521661
8522125
8522176
8523461
8523832
8525256
8525880
8527011
8529700
8530545
8530967
8531401
8531435
8532867
8533064
8533322
8533917
8534074
8534347
8534773
8535638
8536046
8536095
8538351
8540551
8540705
8541393
8541664
8543527
8545211
8546408
8547137
8547138
8547645
8548105
8548937
8549142
8549178
8551943
8552455
8552495
8552619
8552751
8554717
8559308
8559738
8560361
8560529
8560766
8561834
8561984
8562235
8564372
8564821
8564955
8565979
8568181
8569825
8572862
8573361
8573434
8574088
8574142
8574751
8574926
8575393
8575924
8576021
8576573
8577104
8577667
8578463
8579619
8580259
8580514
8581591
8582743
8584020
8586452
8587338
8587394
8587402
8587537
8588697
8590427
8590672
8591274
8591945
8592118
8593650
8594340
8594463
8596620
8597092
8598461
8598519
8601205
8603824
8604651
8604728
8605330
8605598
8606896
8607185
8608630
8608765
8609725
8612681
8613617
8615300
8618131
8618611
8618723
8619503
8623181
8623441
8623848
8624157
8624206
8624381
8625808
8625930
8625952
8626519
8627643
8627744
8628256
8628823
8629010
8629768
8631529
8632086
8633019
8633397
8635422
8637108
8637342
8638073
8638780
8638871
8642345
8642369
8643141
8646938
8647168
8647783
8648514
8648790
8649041
8649392
8650428
8650550
8651399
8651835
8651959
8652085
8652143
8652209
8654118
8655709
8655720
8656715
8656747
8658007
8660884
8660898
8663120
8663367
8664512
8664859
8666154
8666614
8667405
8669054
8671082
8671249
8671606
8672560
8672609
8672837
8673281
8673826
8675266
8677898
8678421
8679498
8679968
8680160
8681534
8682645
8683218
8683432
8683456
8684689
8684807
8685605
8686054
8688784
8690329
8690706
8690976
8691073
8691092
8691345
8691384
8692037
8692569
8692891
8693108
8693182
8695653
8696984
8699084
8699205
8700713
8703699
8704321
8706932
8707905
8708145
8708395
8708781
8709660
8709758
8710383
8710465
8712803
8713557
8713740
8714776
8718298
8718871
8718918
8719226
8720123
8725518
8725717
8725875
8726958
8727801
8731752
8732332
8732568
8732865
8734154
8734181
8734285
8736749
8736832
8738033
8738284
8739661
8739720
8739974
8741367
8744081
8744342
8745606
8747260
8747944
8748184
8748658
8748742
8749061
8750015
8750616
8751631
8751873
8752614
8753579
8754302
8754352
8754906
8755976
8756106
8756228
8756515
8757525
8757864
8758625
8758648
8759640
8759677
8760893
8761035
8762451
8763718
8765399
8767259
8768536
8769625
8773074
8774303
8774512
8776484
8778075
8778939
8779449
8781229
8781694
8781725
8781798
8782371
8783115
8783372
8783960
8785158
8785366
8789823
8792602
8792847
8793560
8793970
8795362
8795778
8795933
8796725
8797241
8798135
8798865
8798937
8800516
8801575
8804766
8805321
8805756
8806838
8807052
8808509
8808679
8808681
8808841
8809205
8810236
8813719
8814833
8816123
8816163
8816983
8816989
8818153
8818862
8819641
8820792
8822430
8822743
8824157
8825928
8826072
8826230
8827471
8828457
8829065
8832396
8832639
8839006
8839161
8839856
8840107
8840304
8840980
8842160
8843726
8844567
8844805
8845260
8848416
8850313
8850319
8851889
8852678
8854082
8854357
8855219
8855475
8856434
8857105
8857452
8858401
8858954
8859466
8860598
8861108
8861812
8862498
8866401
8866608
8868329
8868739
8870681
8871027
8871107
8871530
8873798
8873899
8874007
8876598
8877070
8877188
8878491
8878662
8878769
8879170
8879238
8879276
8879661
8880084
8880237
8881471
8881876
8883120
8883806
8884100
8884200
8884337
8885018
8886038
8887958
8888187
8889601
8896670
8896694
8897130
8897148
8897600
8899496
8900131
8900881
8901583
8902034
8902035
8903685
8904088
8904260
8904758
8904769
8905233
8905527
8905670
8905808
8906940
8910048
8910135
8911796
8914795
8915727
8916272
8916974
8919336
8920590
8920662
8920973
8924614
8924868
8925511
8926194
8926567
8927229
8927361
8931967
8932702
8936053
8936653
8936865
8937086
8940777
8941529
8941540
8943664
8944025
8944875
8945427
8946375
8946752
8947164
8948168
8950561
8950839
8951005
8951145
8951561
8951598
8952475
8954175
8956755
8957248
8957475
8957609
8959499
8961290
8962611
8964660
8964897
8965967
8966532
8967852
8968526
8968653
8970040
8972280
8976052
8976189
8977354
8977574
8977628
8978586
8978719
8979722
8980240
8981677
8982999
8983802
8984946
8985643
8987092
8987517
8988527
8992298
8993613
8994211
8994428
8996572
8997313
8997611
8997878
8998157
8998363
9000113
9001396
9002888
9004472
9005026
9005901
9006477
9007939
9009652
9012967
9013179
9013199
9014206
9014442
9014663
9016212
9016759
9016981
9017985
9018330
9018739
9019619
9019654
9020404
9020816
9021300
9021910
9022390
9024776
9026679
9026821
9030088
9030557
9031063
9032372
9036196
9036235
9037164
9037681
9040221
9042610
9043303
9043448
9043881
9045638
9046072
9046823
9047138
9047353
9047762
9050043
9050974
9051426
9052129
9052816
9053057
9053595
9054174
9056284
9056874
9058447
9059572
9059944
9060855
9062011
9062319
9062510
9064946
9066187
9066974
9067411
9067555
9071096
9072078
9072128
9072237
9073164
9073399
9074422
9074905
9075303
9075812
9077626
9078019
9080006
9082259
9082268
9082395
9082607
9083138
9084319
9085184
9086509
9087182
9088051
9088609
9089005
9089976
9092524
9092938
9094407
9094908
9095392
9097462
9098016
9098109
9098169
9098845
9098863
9099185
9102862
9103820
9104106
9104193
9105227
9106247
9107293
9109741
9110005
9110576
9111996
9113227
9113382
9114689
9116626
9117578
9118924
9121233
9121322
9122129
9122164
9123038
9123215
9123884
9124205
9124898
9125266
9126834
9126945
9128055
9128337
9128553
9130072
9130811
9130927
9131305
9131448
9131559
9132251
9132983
9133470
9134649
9135754
9136688
9138258
9138306
9138471
9140072
9141081
9141287
9142150
9143232
9145252
9145283
9145594
9148476
9149231
9150475
9150590
9150875
9151729
9152122
9152215
9153539
9155245
9155427
9156501
9157500
9158302
9160930
9161038
9161124
9161510
9163955
9164386
9167636
9167732
9167897
9168059
9168816
9169619
9171126
9171556
9172129
9172203
9172320
9175547
9176066
9177278
9178519
9178889
9180783
9181350
9182917
9183767
9184074
9184785
9185295
9186809
9189756
9190011
9190168
9190396
9190494
9191162
9193019
9193108
9193365
9193644
9194067
9194474
9194764
9195539
9196526
9197595
9199335
9199987
9200030
9200455
9200648
9200877
9206367
9206744
9207261
9207601
9208562
9208661
9209233
9209604
9210091
9211292
9212679
9213916
9215277
9215493
9216431
9218685
9219059
9220670
9220915
9223229
9223502
9223864
9224148
9225962
9226599
9227078
9227150
9229923
9231082
9231464
9232981
9233153
9235273
9235512
9235886
9236395
9236934
9237213
9237255
9237822
9238702
9239119
9239903
9241567
9241689
9244838
9246961
9248549
9249249
9250067
9251151
9251348
9251743
9252030
9253654
9253820
9254488
9255251
9255340
9256296
9257694
9258843
9261979
9263082
9263595
9265173
9265611
9266125
9266225
9266298
9267665
9267932
9269480
9269606
9270508
9270848
9270896
9271139
9271436
9273813
9274524
9274714
9275279
9275601
9278611
9280666
9281139
9281316
9281672
9284356
9285635
9287707
9287726
9287754
9287789
9288470
9290436
9290486
9290843
9291227
9292294
9292850
9293870
9293920
9294016
9294215
9295103
9295254
9295457
9296143
9296625
9296871
9297495
9297777
9297880
9298730
9300309
9301054
9303556
9306305
9306571
9309529
9310004
9311747
9313575
9314930
9314978
9315069
9315876
9316692
9317368
9317908
9318013
9318439
9319108
9319363
9320299
9320523
9321573
9323646
9324571
9324798
9324849
9325760
9327705
9328494
9328973
9329758
9331147
9333114
9333806
9334123
9334377
9334956
9335428
9335509
9337874
9338957
9339935
9339943
9340805
9341319
9341415
9343053
9345137
9345951
9346617
9348297
9348597
9349350
9352392
9353517
9355351
9355620
9355845
9356222
9360167
9360753
9361703
9364527
9364955
9366019
9366425
9369035
9369412
9369615
9371337
9371816
9373986
9374014
9374066
9379128
9381677
9385152
9385383
9386408
9386556
9386830
9388084
9388300
9389358
9389487
9390307
9390766
9391427
9392439
9393181
9393228
9394430
9394437
9394591
9395032
9396653
9396984
9397182
9397368
9397698
9399802
9399916
9399918
9403112
9403401
9405463
9407131
9408393
9410364
9410665
9411150
9411640
9414026
9414649
9414734
9414790
9414861
9415517
9419890
9421325
9421480
9422116
9422252
9422520
9424642
9424892
9426101
9427932
9428582
9429651
9430003
9431141
9431245
9432065
9434965
9435761
9440505
9441202
9442982
9443194
9446133
9446305
9446666
9447072
9447868
9447975
9448309
9448527
9452921
9453642
9453976
9454656
9455162
9455462
9457677
9457818
9458007
9460294
9460536
9461193
9461371
9461705
9463511
9467821
9471378
9473010
9473982
9474231
9475393
9476405
9476697
9476747
9477291
9478594
9479812
9480593
9481807
9481956
9482244
9482818
9483484
9483587
9484219
9484623
9484913
9485119
9485329
9486788
9486946
9487684
9490734
9491163
9492804
9492807
9493001
9493387
9494664
9494976
9496794
9499245
9501366
9502396
9504923
9505610
9507465
9508551
9510298
9510932
9511822
9512782
9513312
9514667
9514708
9516538
9516905
9517377
9521009
9521245
9521595
9523193
9523766
9525315
9525858
9527473
9528734
9529205
9529514
9530215
9534047
9535190
9535320
9536033
9541042
9543641
9544545
9545372
9545721
9546673
9547778
9548379
9551234
9552535
9554721
9556215
9556235
9556879
9556916
9556944
9557746
9558843
9560943
9561565
9562394
9562397
9563479
9564576
9565822
9566138
9567307
9569057
9569510
9571090
9571295
9572301
9573701
9575216
9575668
9576909
9578575
9579328
9580186
9580881
9581766
9583401
9583517
9585583
9586646
9586667
9587414
9590465
9591586
9591885
9594750
9595972
9596665
9597115
9597123
9597332
9597470
9598483
9598610
9599015
9600370
9600389
9600553
9601869
9603704
9605891
9607018
9607219
9607639
9608261
9609631
9611522
9611672
9611742
9614272
9616443
9617808
9618366
9621432
9621514
9621787
9622756
9622907
9623790
9628018
9628442
9628630
9629398
9630261
9634393
9634723
9635415
9636722
9637919
9638768
9639085
9639181
9639187
9639821
9639894
9640825
9642200
9642272
9643045
9643475
9644288
9647466
9648313
9649805
9653465
9654248
9654310
9654470
9655770
9655798
9655920
9656268
9656585
9658558
9659381
9659907
9660937
9661747
9663267
9663620
9664624
9664723
9665433
9665734
9666668
9668156
9669464
9672763
9673057
9673099
9673148
9673666
9674197
9674409
9674960
9675034
9678339
9679092
9680730
9681748
9682569
9683792
9684234
9685594
9685767
9687297
9687758
9688804
9689174
9689552
9690577
9691688
9693255
9695183
9696976
9697119
9697280
9698125
9699601
9700001
9701919
9704596
9705843
9706423
9709266
9711742
9711844
9712865
9713985
9714541
9715503
9715607
9715899
9717911
9718483
9719788
9719962
9720214
9723132
9723338
9724278
9724617
9724973
9725005
9728273
9729086
9729911
9732987
9733473
9736634
9736927
9738752
9739584
9741208
9743080
9743232
9744199
9746912
9748092
9748744
9749361
9750162
9750352
9751752
9753893
9754320
9755073
9757384
9757736
9758006
9759176
9759449
9760121
9761139
9761362
9762209
9762517
9762798
9762913
9763062
9763086
9764990
9765337
9765448
9767126
9767761
9767850
9767964
9772158
9773058
9774385
9775694
9777264
9779760
9781043
9782428
9782479
9783142
9784714
9785884
9785996
9786123
9787560
9788264
9788794
9789016
9790018
9790295
9792457
9792481
9792894
9792963
9792989
9794330
9794531
9796204
9796773
9797014
9797069
9797156
9797267
9797349
9797417
9798287
9798808
9798820
9800293
9800838
9801766
9802822
9802850
9803522
9803615
9804321
9804689
9806226
9806446
9806952
9807545
9808351
9811085
9811107
9811424
9815602
9816008
9816228
9816442
9816855
9817092
9818394
9818877
9822162
9823684
9825261
9825558
9826476
9826481
9826670
9827971
9828629
9829059
9829240
9829792
9831749
9832095
9832194
9836892
9839031
9839860
9840749
9841310
9841802
9842539
9843096
9843748
9843996
9844653
9844680
9845200
9845568
9846393
9847248
9847715
9848314
9848664
9849100
9850564
9851221
9852021
9852179
9853022
9853319
9854493
9856205
9858319
9858414
9859144
9860523
9862770
9864811
9866782
9867377
9868682
9869261
9870184
9870806
9870963
9871140
9873172
9873237
9873442
9875557
9877366
9877954
9879138
9881905
9881965
9883066
9883445
9886184
9888454
9889374
9891743
9891934
9892622
9893389
9893844
9893939
9896465
9898026
9899671
9900877
9904274
9904725
9905168
9906788
9908074
9908651
9911432
9911841
9912182
9912509
9912892
9913775
9916900
9916925
9917866
9917990
9918544
9918948
9920225
9921856
9922659
9923357
9924375
9924471
9924942
9926353
9927464
9927531
9928043
9929398
9933347
9934463
9937005
9937215
9939364
9939485
9939632
9940698
9941557
9942066
9943100
9944178
9944801
9945033
9946036
9946176
9946200
9947556
9948402
9950703
9954980
9955067
9955226
9956258
9957766
9959922
9960233
9961255
9963311
9964057
9964121
9966373
9967202
9967453
9967777
9968702
9969339
9970399
9971238
9972874
9973452
9975078
9975534
9979439
9980353
9980490
9980737
9983032
9984418
9984717
9985457
9988830
9989252
9989403
9991416
9992703
9993496
9995294
9995995
9996992
9998631
9999871
