123
1429
2413
5064
6725
7996
8534
10069
11230
11819
11937
12058
14117
14323
14563
15399
17205
17307
20986
21080
22424
24326
25291
26991
27102
28519
29367
30845
31772
32323
34868
34898
36596
37059
37631
37791
38070
38357
39443
40357
40712
41193
42675
42942
43102
43534
44551
47985
48072
48603
53775
54826
56032
56621
56965
57489
57906
57957
57966
58314
60732
61080
63626
63837
65921
67268
68255
68714
68774
69243
70237
70563
70583
70875
71863
71955
76860
76872
77076
78189
78193
79428
80100
82103
82238
82284
83610
84974
85602
90648
91082
91087
92221
94764
94773
95086
95351
97016
99582
102718
102955
103804
104186
105051
107318
107895
108172
108513
109020
110011
111042
111289
112548
112828
114288
115660
116651
116661
116681
119011
119469
121036
123848
124444
125484
125765
126123
126130
126317
126526
127992
128828
131642
131867
131993
132183
132798
132985
133296
133637
133961
134400
134768
135175
137973
138483
139827
139845
140121
140914
142694
143147
143308
143610
143708
144476
145598
145713
146124
147116
147188
147204
147210
147298
147918
148819
148902
149418
149840
151074
152740
153831
154610
155256
156779
157400
159266
163928
164246
164488
164773
165909
166715
167819
168362
169044
169377
170656
172332
172424
173288
173739
175676
175752
176399
177146
177738
178380
179472
179910
181884
182689
183217
183653
183792
183912
184606
187802
188029
188111
188134
188381
189663
190401
191415
193114
194030
194669
195348
196492
197097
197293
197344
197563
198349
198384
200670
200723
202346
202960
204098
205289
206331
206944
207384
207575
208957
209486
210549
212236
215918
217829
217869
220888
223030
226503
227035
227181
230391
232987
236318
236398
236741
237104
237628
238641
240495
243029
243293
243671
244832
245413
245479
246037
246647
247820
248027
250367
251689
251875
253678
258033
258882
259354
261869
263143
263577
264027
264520
265851
268904
271462
271621
272052
273085
275140
276877
277500
278252
281283
282371
282782
283151
284328
287681
287898
288314
289697
291389
291497
294506
295085
295307
295574
296424
298025
300337
301158
302168
302204
303331
305743
306323
309314
311265
311449
312094
312562
312772
314781
315142
315343
315797
315948
316238
316879
317248
319041
319439
320794
321296
322533
324043
326326
327971
328688
329040
329114
329917
329977
329999
330984
331969
332003
332159
333982
334978
335218
336759
338607
339755
341325
341838
341978
342253
343559
343907
345258
345425
345437
345565
346339
346368
347740
348582
348837
349971
350057
351186
351325
351438
354104
357158
357212
357436
357972
358592
359097
359331
359840
359986
360713
361671
363006
363653
363691
364513
366045
366465
366711
367136
367740
369197
370327
370767
371978
373059
374332
375097
377253
377524
377530
377733
377865
378373
378684
379669
379825
381757
382280
382795
383360
384986
385332
386586
386962
387531
388336
388549
388716
389498
389590
392612
392642
396259
396706
397054
398388
399344
399907
403774
404384
404467
405758
406460
406933
408274
408430
408756
409845
410802
412442
413108
413843
415443
415931
416861
417232
417594
420897
421820
422290
425143
425560
426766
428391
428908
428956
432944
434395
434873
435412
440381
442049
442251
443459
444813
445446
445976
446278
446512
446899
447438
448287
448288
448651
448866
448955
448957
450497
450675
451694
452290
452587
454113
455157
456839
459512
459912
460387
460530
461152
461888
462935
462989
463199
463969
465091
466592
467632
468661
470023
471391
474764
476796
478770
478887
479090
480940
482296
483316
483758
484786
485201
486278
487737
488156
488475
488934
489781
490221
490481
495819
496078
497655
499911
499952
500352
500758
501248
501505
502263
503341
504939
504949
505580
506384
507381
507874
510297
510334
510888
510972
512023
513144
518188
518305
518725
518895
519032
521269
521994
523287
524019
525433
526483
526835
528258
530592
531700
532129
532398
532760
533109
536126
537067
537079
537429
538217
538496
539205
540616
540796
540926
542203
543768
544359
544701
546043
547100
547708
548980
550540
551197
551945
552171
552491
553507
554712
555232
556241
556382
557232
557499
557612
557787
557819
557978
559678
560650
561752
561974
561980
562066
562175
565547
566126
566591
568133
570949
573440
575503
575943
577678
577734
579128
580158
580410
581140
581742
583132
583520
584591
585998
586193
586877
588277
588862
589074
589524
593062
593787
594364
594489
594762
596196
599061
599766
600943
601381
601441
602394
603104
604738
604918
605520
605600
607908
608143
608275
608778
611148
611487
611920
612629
612711
614452
614475
615301
615761
619791
621801
624197
625857
626881
627766
627896
629382
630660
631208
632743
632864
633589
633879
633938
634427
635759
635999
636095
637210
638065
639209
640911
641821
643274
643793
643906
644414
645863
646214
646923
647045
649140
654727
654912
655544
656036
657522
658097
658718
659899
660046
662239
662456
663822
664485
664772
666524
666575
667725
668561
670200
670375
671072
672648
673831
674414
677017
678773
680832
683292
684642
685191
690416
692181
692970
693816
693925
694145
696192
697990
699973
700225
700515
701423
702167
702870
703119
703174
703435
703672
705670
706428
706905
707028
710077
710773
710958
711676
713535
713627
713659
714181
714183
716335
717052
717277
718047
721332
721385
722070
724842
725734
727136
729323
730489
732624
733718
734024
736222
737764
744427
745797
745857
746839
746957
747611
749638
749838
753221
755085
756511
756525
756537
757504
761847
763049
766357
768000
768690
770087
771050
772553
773988
774778
776060
776920
778034
779041
779476
781238
781664
782428
782446
782721
783285
783349
783937
784138
784407
785357
786700
787975
788079
789237
789613
795887
796336
796690
797119
797673
798536
799406
800907
801420
801497
802176
802223
803282
803615
804675
805092
805436
807976
809876
811592
812137
812530
813048
813177
813493
813505
813600
813612
814530
814924
816059
816414
817556
817663
819056
820755
821845
821854
823207
824889
826571
826889
827169
827174
828124
829034
829776
829936
829988
830068
830224
833208
833465
833792
833884
836061
841196
841627
842796
845503
847775
848591
848759
849361
850284
851066
852334
855079
855376
855681
856415
858211
858533
859475
859518
859729
861355
863030
864150
865324
866217
868434
871054
871297
873099
875126
876408
876537
876636
877937
879748
880648
880857
881467
881790
882669
883005
883332
884130
885034
885057
885142
885949
886341
887463
888649
888732
889142
889771
890641
890764
890829
890960
891453
891780
892505
893558
894531
895862
896536
896643
896876
897002
898493
898572
902225
903076
903357
904589
905999
907272
907455
908762
909872
910101
914845
915682
916598
916711
918183
918266
918985
923145
924588
924657
924797
925964
930163
931004
931438
931581
932635
933238
933794
934235
934268
935118
935419
935481
935764
937222
937518
938936
939808
941603
942917
944601
947136
948597
948612
948958
950621
954325
955418
955542
955942
956766
958487
960990
961784
961851
964029
969440
969586
971524
974231
976989
977708
978775
979120
979132
980253
980988
981292
982664
983536
984979
987279
987335
988812
989252
989255
992738
993097
993743
993797
994334
1001842
1001909
1001993
1002475
1004418
1004459
1005341
1005389
1005457
1006198
1007437
1008225
1008658
1009023
1009981
1010940
1011237
1011372
1012450
1012726
1014241
1016349
1016379
1017220
1017397
1017601
1018012
1019618
1020569
1021732
1022174
1023010
1023013
1024318
1024583
1024647
1025137
1025499
1025518
1026566
1026675
1027600
1029141
1029253
1029769
1030602
1031275
1032321
1034339
1036236
1038658
1041960
1042552
1043644
1043895
1044260
1046625
1048710
1050174
1050586
1050638
1050646
1051274
1052676
1053633
1053987
1055290
1056198
1057488
1060406
1060657
1061988
1062547
1062947
1064871
1066398
1066720
1070232
1071746
1072492
1073205
1074208
1080505
1082007
1082628
1083148
1086989
1087968
1087988
1088058
1088263
1088851
1090713
1091309
1093262
1094619
1094832
1094979
1097039
1097513
1098799
1100259
1101391
1102345
1103083
1104070
1106810
1106833
1108151
1108217
1108489
1111027
1113242
1117007
1117016
1117584
1119681
1121212
1124980
1125392
1127201
1127471
1127885
1129615
1130209
1131312
1131952
1132294
1133748
1133976
1135170
1137425
1140220
1141245
1141895
1142376
1142760
1148176
1148223
1149542
1150819
1151724
1154546
1156475
1157323
1157614
1157914
1158212
1160032
1160681
1161104
1164346
1168396
1168688
1168774
1170750
1171317
1171724
1172593
1172639
1174836
1175029
1175062
1175072
1176835
1177928
1182159
1182618
1183142
1183692
1184217
1184736
1186020
1188928
1190120
1190420
1190812
1190988
1191381
1191987
1192536
1193642
1193812
1196117
1197670
1199200
1199281
1199901
1200135
1201250
1202545
1203126
1203488
1205297
1206249
1207022
1209377
1209904
1211006
1211170
1212197
1212350
1213261
1213441
1213833
1214042
1214182
1214816
1215692
1216127
1216545
1217366
1218747
1218769
1218840
1218975
1219281
1221263
1221277
1223341
1223676
1224197
1224357
1224922
1225228
1227446
1228881
1231646
1231717
1231934
1231970
1232494
1233658
1233768
1237637
1239663
1241652
1241856
1242373
1245053
1245229
1245659
1248909
1249512
1249779
1250292
1250474
1250765
1250932
1252519
1255117
1255406
1257085
1259333
1261757
1262767
1263781
1266579
1267300
1267391
1268019
1268100
1268331
1269156
1270394
1270419
1272638
1273997
1274250
1274626
1275067
1283914
1284187
1284203
1284240
1285161
1285604
1289902
1289974
1290660
1292295
1292337
1293345
1294245
1295209
1295748
1295887
1296350
1296770
1297183
1297932
1299077
1301722
1301795
1302779
1304085
1306200
1306675
1307470
1310934
1310942
1311056
1311610
1312497
1315348
1317301
1317898
1318499
1319765
1320059
1322868
1324123
1324642
1324818
1325836
1326223
1329673
1330153
1330590
1330660
1331099
1332744
1334084
1334131
1334165
1338451
1338671
1339868
1342322
1342413
1342436
1343213
1344120
1344164
1344969
1346980
1347467
1347864
1348065
1348210
1349139
1350326
1351685
1353600
1353631
1354381
1354799
1355352
1356950
1357047
1357440
1357952
1358578
1358625
1359413
1361828
1362100
1362818
1363043
1364863
1365128
1366061
1367704
1370560
1370766
1372469
1373593
1375085
1376165
1377541
1379214
1379326
1379436
1381425
1382125
1382656
1385877
1387022
1387627
1387634
1387637
1388801
1389146
1389403
1389744
1390152
1390468
1391063
1391446
1391759
1392085
1392565
1393518
1395355
1396314
1396552
1397904
1398952
1399081
1399751
1401079
1401550
1402711
1403760
1403852
1406943
1407068
1408533
1410120
1411811
1415163
1416600
1416623
1416951
1416983
1418238
1418409
1419968
1423506
1423985
1425978
1426063
1426467
1427736
1428528
1428783
1428808
1431385
1431420
1431618
1431914
1432465
1434609
1434778
1435564
1438507
1438927
1439732
1440755
1440919
1441741
1441980
1442042
1443036
1443607
1443655
1444322
1445809
1448259
1449096
1449990
1450110
1450427
1450947
1451585
1453690
1456231
1457322
1458572
1459694
1460707
1461348
1461845
1463862
1464381
1464645
1466063
1466918
1468048
1468485
1469911
1470209
1470657
1471151
1473651
1475135
1475914
1476690
1476706
1476898
1481930
1481980
1482181
1482635
1483457
1483840
1483976
1484536
1485292
1486835
1487254
1487927
1490488
1492693
1494541
1495492
1497038
1497643
1498255
1498364
1499162
1499209
1499452
1499984
1501580
1501978
1507021
1507434
1508036
1508055
1509657
1510046
1510086
1511351
1511655
1512744
1513819
1515397
1516472
1517812
1521690
1523468
1524254
1524979
1525952
1527213
1529045
1530330
1530690
1530975
1531714
1532885
1534311
1534322
1536590
1537218
1538236
1538714
1541493
1543327
1544338
1544960
1545063
1546724
1547143
1548094
1548762
1552014
1553985
1555005
1556721
1556794
1556803
1557726
1560877
1561419
1564357
1564837
1565980
1566692
1567051
1567432
1568540
1569100
1569288
1569390
1572236
1572717
1574242
1574553
1575692
1576632
1576926
1577181
1577312
1577314
1577423
1577499
1578516
1579013
1580415
1580791
1582095
1582293
1583182
1584008
1584414
1585589
1585929
1586944
1587881
1588649
1590102
1591122
1592140
1594298
1595312
1596043
1599755
1601175
1601208
1602980
1603210
1603645
1609599
1611103
1612205
1612261
1618532
1619064
1619987
1620166
1620729
1620767
1620852
1621701
1622232
1623040
1623128
1624125
1626950
1628133
1628178
1631322
1631940
1633245
1636090
1638096
1638813
1640018
1640085
1640462
1641537
1641592
1641958
1642259
1642722
1643311
1643648
1644726
1645266
1646753
1647269
1648478
1648486
1649085
1650665
1651312
1651498
1653829
1658025
1658231
1658951
1662311
1662658
1663105
1664226
1665414
1665662
1665707
1667458
1667590
1668960
1671809
1671872
1672030
1672275
1673596
1673710
1673782
1673976
1674478
1674901
1676697
1676803
1676981
1677699
1678121
1679522
1680610
1680793
1681396
1681542
1682363
1684888
1686235
1688241
1689166
1689333
1692237
1694831
1695623
1697218
1699211
1699421
1700929
1701178
1701337
1702215
1702321
1702793
1703925
1703956
1705221
1706199
1708600
1709021
1710849
1711766
1711771
1712590
1713419
1715655
1716532
1717485
1718923
1718966
1719840
1720241
1720486
1721088
1722668
1722980
1725038
1725969
1727007
1727941
1729299
1729769
1730480
1730964
1731241
1731281
1731332
1733095
1733576
1735452
1735488
1735816
1735928
1736028
1736255
1736347
1738326
1738626
1739737
1739958
1740234
1740451
1740463
1740966
1741266
1745359
1747445
1747639
1748023
1748618
1748832
1749020
1750696
1750731
1751146
1751394
1752371
1752575
1753398
1754819
1754885
1755133
1755462
1755694
1756581
1760314
1761568
1763824
1763954
1765062
1766400
1766410
1766994
1768549
1768696
1768726
1770056
1770187
1771270
1772130
1773596
1773650
1775608
1776809
1777024
1778699
1778964
1779000
1779444
1779691
1779693
1780867
1782151
1782928
1784363
1785529
1786238
1786425
1786630
1787433
1787435
1789057
1789251
1789507
1790279
1791211
1791361
1793138
1793719
1795045
1795553
1797289
1797541
1798149
1800458
1800953
1801317
1802185
1803611
1804687
1804848
1805181
1810068
1810690
1813926
1814185
1815842
1817711
1819684
1820009
1820407
1821624
1822793
1825605
1826142
1826153
1826533
1826638
1830932
1832316
1832504
1835358
1836633
1837231
1837448
1837636
1837665
1837944
1838943
1839299
1839434
1840159
1841290
1842076
1844468
1845598
1845603
1845765
1848235
1848809
1849622
1849684
1850860
1850975
1851851
1852969
1853477
1854316
1855045
1855947
1858855
1859101
1859510
1859747
1861916
1862308
1862320
1863672
1863851
1865442
1866066
1866092
1866250
1866285
1868674
1869998
1870528
1872020
1872446
1872576
1872580
1872990
1873408
1874057
1874321
1874759
1880304
1883151
1883641
1884454
1885886
1886950
1886993
1888039
1889908
1891574
1891805
1892218
1892728
1892879
1894217
1894704
1895492
1896205
1896533
1896892
1898488
1898583
1898971
1901274
1901429
1903462
1903924
1904021
1904040
1905017
1905716
1907047
1908034
1908676
1909967
1910141
1910209
1910268
1911032
1911443
1912970
1913520
1915192
1915327
1915714
1915760
1916893
1917994
1918549
1919085
1919888
1919930
1923402
1923562
1924076
1924264
1927399
1927861
1928025
1929446
1930362
1930526
1932498
1935787
1936523
1937514
1938370
1938836
1938917
1939936
1940756
1944847
1946044
1948330
1950640
1950702
1950973
1951357
1952084
1954637
1955201
1957348
1958395
1959328
1959745
1960114
1962438
1963988
1965140
1965981
1966159
1966505
1966821
1968205
1968679
1969270
1970111
1971210
1971222
1971405
1972145
1972240
1972922
1974748
1975952
1978640
1979403
1979877
1982364
1983008
1984575
1984617
1984624
1985693
1985725
1989940
1990042
1990413
1991417
1994243
1994674
1995634
1995899
1997377
1998353
2001599
2002646
2005603
2007932
2012308
2012322
2016607
2018039
2021121
2022591
2023102
2023163
2023727
2024017
2024070
2025477
2025678
2025869
2026198
2026745
2026936
2028092
2030570
2031330
2032651
2032821
2034287
2034972
2035345
2036439
2036891
2038815
2039876
2040853
2040929
2041791
2042312
2042525
2043127
2043372
2043393
2048310
2049088
2049815
2050076
2051076
2054132
2054490
2056363
2056926
2057982
2059848
2059915
2063665
2066346
2067664
2067898
2068372
2070631
2070968
2071684
2073036
2073943
2073986
2074215
2074759
2076079
2077437
2079010
2081602
2082430
2082484
2083962
2087269
2089504
2091838
2092524
2092850
2093566
2097093
2099078
2099132
2100313
2100634
2100797
2101899
2102146
2104334
2104821
2105527
2105745
2106538
2107151
2108425
2108502
2111577
2112221
2112387
2115854
2118182
2118359
2119301
2119337
2120039
2121878
2121947
2122499
2124109
2125755
2127725
2130418
2131663
2132373
2132754
2132954
2135269
2135634
2136484
2139450
2140878
2142444
2143493
2143644
2143765
2145861
2146138
2146200
2147212
2147500
2148225
2148600
2149196
2149243
2150867
2151985
2152154
2152387
2152528
2152580
2152890
2153749
2154996
2155352
2155976
2156987
2157710
2158076
2159992
2162396
2162563
2164231
2165535
2165894
2167208
2167395
2167759
2168216
2169046
2169480
2169551
2170310
2171009
2171809
2172102
2173465
2178549
2179166
2180481
2180704
2181044
2181078
2181620
2183064
2183451
2185350
2187431
2187733
2188121
2189841
2190374
2191347
2191635
2193010
2193097
2195560
2197236
2198957
2200628
2201134
2201197
2201357
2202094
2203287
2203579
2204608
2205072
2206223
2206610
2206762
2209398
2209576
2209996
2210413
2211405
2211725
2214586
2216701
2217019
2217439
2218077
2219216
2219323
2220746
2220785
2222692
2223412
2223543
2223918
2224311
2225049
2225241
2225468
2225477
2225974
2226451
2227729
2228302
2231227
2231738
2232496
2232818
2235393
2235884
2236064
2236660
2237925
2237993
2238033
2240726
2241908
2242406
2243654
2244042
2244095
2246605
2246825
2247447
2248011
2249658
2252484
2252795
2254694
2256834
2257152
2258689
2258734
2259565
2261783
2262374
2263183
2264879
2266154
2266954
2267088
2268099
2268203
2268478
2268666
2270531
2271292
2271769
2271946
2272308
2272494
2273581
2273648
2281597
2281780
2282802
2283731
2286757
2286923
2287727
2289426
2290944
2291162
2291316
2292768
2292779
2294891
2295700
2296702
2296809
2297845
2299597
2300212
2300284
2300833
2303425
2303487
2303737
2303820
2304888
2305171
2306620
2308881
2309546
2311063
2311346
2312519
2312643
2313908
2314847
2315900
2316845
2318221
2318493
2318735
2318960
2319546
2321294
2321516
2322372
2322809
2323024
2323080
2323448
2323494
2324095
2325335
2326356
2326761
2326848
2327377
2327681
2328955
2332030
2332814
2336314
2336828
2339294
2340199
2340353
2341725
2342354
2343779
2345061
2346148
2347463
2347999
2349088
2349458
2349788
2349812
2350348
2352268
2352460
2352732
2352966
2353139
2353422
2354262
2354279
2356271
2357262
2358644
2360232
2360731
2361877
2362548
2365664
2365894
2366012
2366467
2367182
2367459
2367663
2368688
2369444
2369453
2371696
2372691
2373716
2374197
2374524
2374822
2375659
2377175
2377865
2378008
2379598
2379963
2380576
2381175
2382203
2382969
2383090
2383227
2383398
2384260
2387684
2388188
2389050
2389107
2390513
2390519
2390910
2390979
2392192
2392258
2393210
2395006
2395595
2396721
2396961
2400620
2405293
2406275
2406507
2406924
2407124
2407125
2407514
2409216
2410668
2412091
2413551
2414151
2414598
2414682
2415350
2416518
2418615
2419863
2420421
2420424
2422177
2422357
2423139
2423641
2425054
2426984
2427462
2428332
2430132
2431578
2431605
2431724
2432400
2434344
2435969
2435995
2436459
2436614
2437775
2440089
2440409
2441019
2443045
2443509
2445550
2447142
2448199
2450669
2451392
2455011
2455479
2457298
2457358
2458724
2461644
2462969
2465527
2465930
2467416
2469468
2469956
2470226
2470427
2472524
2472630
2474312
2478114
2479097
2479614
2480415
2480995
2481737
2485277
2485781
2485821
2486264
2486845
2487322
2489051
2491669
2491949
2492932
2493242
2494358
2495303
2497393
2497560
2498720
2500563
2500739
2502101
2502851
2503500
2504511
2505016
2505836
2506003
2506960
2507479
2507599
2509013
2509657
2510302
2514113
2515085
2516132
2516274
2516646
2516863
2517185
2519142
2521144
2521934
2522086
2522567
2523874
2524096
2525003
2526112
2526961
2527045
2527310
2528250
2531355
2532211
2532850
2533399
2533407
2534636
2534778
2535442
2536301
2536820
2538513
2541274
2541745
2545000
2546573
2547308
2548445
2550515
2550935
2551061
2551242
2551631
2551741
2552192
2556921
2557485
2559140
2560216
2562522
2562817
2565431
2566291
2567941
2568534
2569444
2569695
2570242
2571120
2572986
2575675
2576536
2578405
2578768
2580216
2580498
2581050
2581120
2581691
2581738
2584040
2584657
2585200
2585756
2585932
2586766
2587989
2588711
2590290
2591118
2592159
2592893
2593017
2593468
2595013
2595423
2595690
2596100
2599197
2602296
2602987
2603078
2603575
2603775
2604072
2607810
2607986
2608723
2608804
2608983
2609487
2610156
2611204
2612568
2613592
2613965
2614847
2616136
2616197
2618373
2620329
2622334
2622534
2624194
2628943
2630047
2634376
2636459
2639831
2640710
2641480
2641528
2642222
2644416
2644771
2645155
2645204
2645377
2646480
2646808
2647322
2649188
2649266
2652796
2652993
2654301
2654448
2655712
2656714
2656736
2656954
2658005
2659732
2659970
2662111
2663774
2665478
2665836
2666842
2667632
2668454
2668781
2669515
2671634
2673704
2676292
2677876
2678448
2679861
2681864
2684972
2685774
2686478
2689375
2689561
2689782
2689834
2690081
2691262
2693314
2695678
2696330
2696495
2696756
2697890
2699175
2699794
2702526
2703018
2705652
2707825
2708523
2709218
2709859
2710432
2710960
2711245
2712455
2712771
2712863
2713718
2713896
2714472
2714981
2716305
2716701
2717791
2717953
2719135
2720317
2721366
2722711
2724275
2724324
2724809
2725135
2725612
2728204
2729256
2729556
2730316
2730937
2732303
2732418
2733347
2734428
2734514
2735125
2737820
2738454
2738534
2742377
2742844
2745432
2746735
2746843
2747663
2747806
2748044
2748125
2748989
2749701
2750211
2751349
2752507
2754517
2755201
2756072
2756464
2757302
2758671
2759144
2760271
2760571
2761738
2762987
2766334
2766522
2766649
2768446
2769480
2770119
2770227
2770377
2770408
2771001
2772219
2772408
2773031
2773988
2781176
2781981
2782158
2782857
2785680
2785786
2786250
2787923
2788239
2788324
2789679
2793515
2793604
2794855
2797101
2798855
2798958
2799126
2799687
2800440
2802068
2802893
2803695
2803926
2805999
2807345
2808326
2808570
2810202
2810869
2812208
2812458
2814576
2814958
2815309
2817257
2818402
2818964
2818999
2819338
2819804
2820907
2822022
2822094
2822409
2822698
2824018
2824331
2824464
2828648
2829151
2832702
2833112
2834039
2836831
2837492
2839628
2839747
2839804
2840787
2841163
2842892
2843141
2844773
2844894
2845610
2845650
2845813
2846655
2846747
2848359
2848686
2849993
2850289
2850451
2851211
2853679
2855248
2856297
2857175
2859173
2859272
2859670
2860497
2861862
2862228
2862446
2862784
2865226
2865311
2866245
2868352
2868590
2869306
2870650
2870884
2871642
2873549
2876754
2877288
2877877
2878087
2879451
2879474
2879557
2880491
2881565
2886644
2886759
2887102
2890571
2891870
2892463
2895412
2896738
2898327
2898919
2899383
2899715
2900002
2900805
2901555
2902159
2903609
2903875
2903967
2904347
2904453
2905819
2906432
2906991
2906993
2907303
2908720
2911695
2911708
2912377
2913764
2913997
2914249
2914577
2916722
2918891
2920228
2920556
2923038
2923709
2924116
2924359
2924405
2924618
2925242
2927764
2928345
2928547
2928702
2928869
2929472
2930022
2933741
2937250
2937326
2939979
2942882
2943967
2944808
2945299
2946463
2948577
2950200
2954043
2955947
2958305
2959654
2960312
2960345
2960870
2963001
2963841
2963911
2965557
2966359
2967800
2968611
2968791
2968815
2968981
2969578
2969596
2970936
2971353
2971755
2972858
2974501
2976293
2978054
2978682
2978926
2980032
2981138
2981641
2985839
2986782
2986990
2987383
2987673
2990820
2991374
2992730
2993899
2995428
2996893
2997057
2997675
2998940
3001879
3001887
3002537
3002978
3003635
3007955
3009058
3010221
3010415
3011543
3014007
3015808
3016411
3016997
3020264
3020516
3020922
3021014
3021569
3022065
3022497
3023347
3024410
3024765
3024953
3025818
3026255
3027309
3027399
3028027
3030730
3031544
3033693
3036070
3037440
3037925
3037964
3039360
3040671
3041641
3042712
3044618
3044694
3045478
3046786
3047847
3050275
3050938
3053990
3054123
3054177
3054959
3055971
3056135
3057700
3057787
3058014
3058947
3059081
3060217
3060979
3061206
3061788
3064118
3064983
3065576
3067325
3067543
3070292
3070680
3072997
3073941
3075980
3076373
3076945
3077856
3078052
3078379
3078606
3083021
3083488
3085152
3087184
3088840
3088856
3090292
3092470
3092771
3092999
3097014
3097190
3097352
3097968
3101558
3101712
3101805
3102946
3102966
3104300
3108870
3112198
3113913
3115294
3119212
3119970
3120806
3123058
3124036
3125733
3128453
3128498
3128939
3129928
3131612
3133682
3133872
3135141
3136518
3137762
3139987
3141271
3143271
3145579
3147456
3148110
3148547
3149149
3149264
3150766
3152839
3154689
3155571
3156236
3156368
3156411
3156895
3156969
3157502
3157905
3159789
3160488
3161679
3162353
3163460
3163766
3164585
3166270
3166747
3166991
3167072
3168052
3168294
3172321
3172323
3173881
3174373
3175841
3176722
3180450
3180504
3181455
3184289
3184552
3185421
3187216
3189214
3189236
3189763
3191473
3192581
3193730
3194410
3194643
3196680
3197455
3197958
3198140
3198623
3199637
3202183
3205062
3205894
3207730
3208721
3209090
3211317
3211582
3213404
3213469
3215296
3216634
3217556
3217844
3218081
3218127
3218215
3219738
3220728
3222929
3224628
3224944
3226737
3227272
3227304
3227455
3227850
3229441
3229950
3230966
3231071
3231207
3231458
3231484
3233549
3234869
3235627
3237250
3240706
3241255
3242260
3242362
3242723
3243118
3245742
3245816
3247774
3249255
3250438
3253265
3253866
3254094
3254959
3258946
3259983
3261825
3263130
3263169
3263300
3265062
3265849
3266302
3266870
3268801
3271302
3271457
3272084
3274167
3276222
3276685
3278023
3279270
3279599
3280431
3283332
3284688
3285578
3285785
3287380
3287865
3287999
3289689
3290579
3291167
3291271
3291607
3291960
3292098
3293081
3294395
3295184
3296477
3296924
3298361
3298712
3298735
3298741
3299063
3300367
3302317
3303056
3303466
3303698
3303909
3305537
3306451
3307419
3307646
3308908
3310867
3311450
3312444
3312734
3312955
3313203
3313302
3313982
3315050
3315275
3316620
3317492
3317948
3318103
3318564
3319629
3319717
3321241
3323018
3323487
3324412
3328916
3329658
3330510
3331265
3331534
3333583
3334774
3334964
3335540
3336186
3337382
3338521
3338765
3339215
3339656
3340460
3341597
3342213
3342790
3343666
3344175
3344271
3345605
3346473
3346526
3346947
3347872
3348567
3350557
3350730
3351011
3355291
3355602
3356454
3357218
3357397
3357671
3358767
3361260
3362021
3363073
3363640
3365921
3366325
3368923
3369523
3370288
3370289
3371837
3373288
3377835
3378297
3379328
3379867
3382192
3382532
3382666
3384109
3384831
3385817
3385964
3386283
3386894
3387840
3388399
3388694
3389451
3390305
3392361
3392474
3392917
3394517
3395283
3396604
3397253
3397466
3397489
3399817
3400284
3400360
3401181
3401367
3401954
3403682
3403738
3403983
3404597
3405391
3406857
3407049
3408194
3408596
3410239
3410799
3413355
3414228
3415088
3416257
3419164
3420294
3420999
3421295
3422251
3422469
3425253
3425425
3427097
3427952
3429725
3431678
3433621
3437173
3438711
3440181
3442500
3442782
3443028
3444160
3444437
3445343
3445363
3447679
3450969
3451967
3453594
3454918
3459035
3459082
3465372
3467974
3468075
3468869
3469602
3470268
3470968
3471795
3472448
3473090
3473329
3473380
3473902
3474124
3475401
3481093
3481770
3482617
3482748
3483087
3483153
3484470
3485180
3485259
3486229
3486452
3487202
3487320
3487598
3488569
3489594
3491767
3492532
3494001
3494691
3495553
3496221
3496616
3501427
3503775
3504312
3504335
3504626
3506005
3506665
3508784
3510084
3510219
3511958
3512941
3513556
3515084
3515752
3515902
3516054
3519957
3520053
3520612
3521102
3522011
3522336
3524545
3525790
3526120
3529568
3529938
3531252
3531639
3532567
3533212
3533995
3534481
3534811
3535674
3535709
3536531
3537292
3538151
3538562
3540243
3540372
3541133
3541977
3541979
3542318
3543139
3543194
3543592
3544187
3544334
3544567
3545368
3546554
3548173
3548812
3550884
3551385
3555139
3555523
3556401
3556904
3557551
3557924
3558044
3558208
3558583
3559792
3560471
3562188
3563904
3564577
3565596
3567054
3567225
3567385
3569406
3572031
3573024
3573374
3573529
3574875
3575283
3576987
3579396
3579835
3579865
3579994
3581343
3584009
3585248
3585305
3586516
3588099
3588856
3590081
3592044
3593417
3596178
3599115
3599173
3599634
3600183
3601301
3601304
3601458
3603373
3603907
3606238
3606292
3606924
3607996
3608192
3608554
3611233
3614312
3614376
3622328
3622857
3624824
3626517
3628314
3629158
3629384
3630305
3630476
3631046
3632166
3632206
3634404
3635791
3636512
3637984
3640387
3641403
3641556
3644437
3646444
3646535
3647687
3648972
3649896
3651350
3652072
3652232
3657667
3660160
3662550
3662988
3663954
3664502
3664935
3665863
3667663
3667708
3667740
3668609
3669486
3669908
3670114
3671935
3673842
3674372
3674956
3676339
3678445
3679049
3680233
3682925
3683645
3686893
3688088
3689543
3690477
3692058
3692389
3693203
3694122
3694344
3694694
3695588
3695719
3696585
3696874
3697042
3701392
3701504
3702444
3702978
3703035
3703697
3703954
3709465
3711280
3712507
3713189
3713851
3715424
3715991
3717806
3717951
3718604
3720615
3721409
3724130
3726174
3727484
3727782
3727998
3729913
3730015
3731272
3733068
3733860
3735823
3735891
3735895
3736820
3737700
3741814
3742211
3742393
3744024
3745101
3746528
3746880
3748063
3748439
3750091
3750633
3750906
3752195
3753345
3757412
3757905
3759888
3760133
3760569
3761493
3765528
3765734
3769203
3770553
3775344
3775669
3776099
3776369
3777488
3777689
3777999
3778761
3779276
3781413
3782127
3782670
3783135
3786941
3787579
3788104
3788773
3790468
3792371
3792934
3792978
3793591
3794392
3795954
3796098
3796389
3797924
3797968
3798246
3798590
3798650
3798854
3802444
3802895
3806543
3808211
3808869
3808897
3809804
3810004
3811616
3812391
3813098
3813231
3813558
3818017
3819313
3819987
3821810
3823522
3823950
3824537
3825123
3826899
3828445
3828687
3830018
3831330
3831423
3831469
3831692
3832000
3832599
3834026
3834291
3834475
3835455
3839858
3840518
3841207
3841907
3842707
3843537
3844976
3846570
3847621
3848592
3849026
3849122
3849952
3852421
3853061
3854504
3855540
3856274
3856342
3858437
3859727
3860574
3860810
3861257
3862158
3863487
3864617
3865133
3866365
3866453
3867401
3867813
3867974
3869194
3869574
3869947
3871882
3872153
3875057
3875123
3877480
3880297
3880943
3881638
3882248
3884059
3884985
3885179
3885393
3885744
3886206
3886517
3886620
3886977
3887370
3887922
3888577
3888847
3890270
3891414
3891520
3893892
3893962
3894525
3894609
3894720
3897621
3898478
3898858
3899359
3899647
3899935
3901020
3901442
3902639
3903839
3904719
3904834
3905504
3907239
3910724
3910888
3911371
3911390
3911830
3912079
3912284
3912592
3913391
3913454
3913894
3913953
3914834
3916671
3917093
3919248
3920057
3920430
3920791
3922222
3922986
3923643
3924867
3926205
3926405
3926727
3927473
3928756
3930957
3931619
3934058
3936970
3937104
3937970
3937985
3938068
3939056
3939312
3939944
3940408
3942024
3942998
3945369
3945544
3945879
3947772
3947941
3948282
3948805
3949275
3950966
3950970
3951401
3954141
3954584
3954704
3955247
3956231
3956245
3957218
3957805
3959825
3960963
3964765
3964956
3967858
3969477
3969684
3971905
3973792
3973982
3974056
3974294
3974558
3975503
3975662
3975900
3977356
3977469
3979914
3979972
3980247
3980852
3980980
3981260
3981648
3981699
3982200
3982685
3982854
3983975
3984152
3984725
3984864
3987116
3992326
3992676
3993377
3994348
3994765
3994854
3995492
3996482
3997180
3997613
3997967
3998422
4002729
4002798
4003523
4004032
4005112
4005213
4006345
4006721
4008057
4009889
4011016
4011560
4012293
4013551
4014513
4014861
4018998
4019978
4021156
4021813
4022122
4022611
4025149
4025594
4026987
4028109
4028773
4029732
4029824
4030662
4031062
4031704
4032068
4034308
4036098
4036658
4037354
4038270
4041052
4041702
4041707
4042235
4043835
4043980
4044521
4045664
4046130
4048401
4048856
4049378
4050488
4050901
4053406
4054766
4055861
4056130
4056175
4056301
4056616
4056873
4057323
4057394
4058699
4060348
4060922
4061474
4062086
4062139
4062228
4063300
4064377
4066798
4066964
4066979
4067594
4068171
4068536
4069423
4070487
4072214
4072488
4077061
4077298
4078282
4080216
4082258
4083681
4088109
4089041
4089130
4089736
4090094
4092266
4092411
4094220
4094933
4095695
4097248
4098287
4098480
4099370
4100279
4100674
4101197
4102107
4103084
4104129
4104206
4104645
4105035
4106207
4106719
4106736
4106907
4110239
4110548
4112570
4112881
4114065
4115175
4116466
4116534
4116752
4117650
4119729
4120000
4120202
4120982
4123077
4126257
4128493
4129237
4130161
4130620
4131416
4133496
4135375
4135738
4138388
4140078
4140203
4140720
4144675
4146363
4147279
4147495
4147566
4148840
4151474
4151911
4152283
4153102
4153145
4154057
4155292
4155919
4156722
4156941
4156974
4159655
4159749
4160631
4160771
4163201
4164121
4165210
4165232
4167431
4167507
4167773
4168249
4168270
4169086
4169087
4169402
4170462
4171456
4171458
4172059
4175151
4175799
4176059
4178039
4178970
4181293
4181480
4183091
4184030
4184454
4185669
4188744
4189821
4192122
4192702
4194748
4194840
4196458
4197242
4197994
4198114
4199456
4200389
4200690
4200927
4202159
4204518
4204555
4204597
4205055
4206041
4206225
4207046
4207852
4208253
4208871
4209037
4209294
4209344
4210019
4211721
4212125
4213073
4214265
4214392
4214617
4215847
4220407
4221220
4221278
4224321
4224818
4224861
4225123
4227308
4228480
4228997
4231467
4231544
4231873
4231876
4232066
4232531
4233481
4233703
4234899
4236440
4237798
4238607
4238641
4238721
4238833
4239253
4240179
4240584
4241418
4243313
4243467
4244356
4244971
4246799
4247039
4250596
4253720
4254496
4255068
4255487
4255986
4256383
4256821
4260748
4261322
4263807
4264218
4265316
4266039
4266660
4267038
4267617
4270454
4270632
4271328
4271778
4272110
4277065
4277420
4278748
4280380
4281293
4281460
4286533
4286984
4287327
4288156
4289729
4291642
4292882
4293641
4294313
4294352
4294448
4294451
4294465
4295708
4297746
4297930
4298639
4299907
4300746
4301383
4301878
4302169
4303008
4303430
4304065
4304787
4305654
4308799
4309906
4312659
4313681
4314179
4315050
4315444
4316663
4317157
4317952
4320994
4322905
4323432
4324841
4325120
4325668
4327639
4330771
4331636
4332427
4335595
4337495
4337822
4338167
4339601
4339777
4342344
4343292
4343407
4343762
4344175
4344875
4347526
4348047
4348957
4349189
4349534
4350786
4350997
4351420
4351642
4351977
4352154
4352863
4355341
4356431
4356519
4356525
4357677
4358442
4358689
4359750
4359971
4361044
4361358
4361629
4362397
4364063
4364717
4364784
4366990
4368273
4370181
4371745
4371964
4372703
4375138
4379736
4381831
4382697
4382785
4383978
4384172
4385257
4385275
4386991
4387002
4389987
4390200
4390967
4391044
4394017
4394104
4395278
4397237
4397543
4398312
4400462
4401894
4402366
4402432
4403730
4404476
4404699
4404731
4407219
4408873
4408930
4411885
4411991
4412208
4412936
4413204
4415476
4419238
4420292
4420765
4421873
4423546
4424533
4424712
4425974
4427535
4429119
4429205
4429216
4429274
4429520
4429738
4431350
4431859
4432197
4432219
4432333
4433877
4435127
4435417
4437126
4437381
4438582
4440220
4442233
4443946
4444708
4446007
4447643
4448878
4449407
4449685
4449977
4450723
4451992
4453109
4453617
4455502
4455820
4457772
4458339
4458862
4460025
4463111
4464209
4464982
4466384
4467776
4467904
4470407
4471531
4472257
4472728
4473129
4473414
4473509
4473746
4474838
4475260
4475763
4477719
4479065
4481147
4481787
4483319
4489056
4491515
4493077
4493385
4494636
4495272
4496331
4497182
4497213
4497229
4497231
4498201
4500098
4500676
4500830
4503182
4503653
4504181
4505199
4505759
4505885
4507017
4507525
4507700
4508135
4508571
4509415
4510533
4510784
4511525
4511795
4512662
4512829
4513494
4514451
4515016
4515411
4516853
4517348
4517623
4517993
4520320
4521632
4522274
4523536
4523622
4526078
4526966
4528095
4530042
4530492
4530978
4531676
4533853
4534686
4534886
4535819
4538396
4538428
4540087
4541153
4541506
4541627
4544906
4549732
4550228
4552265
4558430
4558686
4559128
4560472
4562026
4563355
4563733
4563842
4565119
4565502
4567734
4569712
4570269
4572280
4574323
4575005
4575318
4575511
4576220
4576317
4576985
4577572
4578290
4578998
4580553
4581784
4583071
4584782
4585881
4586587
4586592
4586943
4587018
4589586
4589953
4590544
4591062
4593133
4593497
4594140
4595034
4595278
4595716
4595848
4596971
4597314
4597554
4598467
4598664
4599836
4601691
4606934
4607519
4609049
4609787
4610285
4610700
4611332
4611498
4611562
4612690
4613312
4613647
4614877
4615576
4615667
4615718
4616661
4616689
4617471
4618178
4620320
4623094
4623130
4623334
4623641
4623677
4623764
4625581
4629241
4629540
4629893
4631019
4631485
4632047
4632567
4632726
4635268
4635897
4638743
4640043
4643312
4644293
4644369
4647695
4647781
4648067
4648930
4650311
4651806
4653885
4654358
4656175
4658116
4658456
4660998
4661243
4661633
4661733
4664725
4665429
4665614
4665704
4668122
4668127
4668134
4668495
4670014
4670920
4673280
4674583
4674970
4674972
4675426
4677203
4678240
4679095
4679153
4680327
4680647
4681816
4682260
4684690
4686542
4686922
4689938
4691311
4694810
4695880
4696636
4697771
4698188
4699091
4699852
4701918
4702183
4702413
4703156
4703556
4704425
4704437
4704532
4704854
4706062
4706064
4707536
4708095
4708423
4709403
4710437
4710893
4711548
4712148
4713034
4714177
4714486
4716282
4716635
4716758
4718626
4719793
4720117
4721042
4721505
4722070
4723804
4726038
4728097
4728601
4729785
4731198
4733118
4733853
4734055
4734314
4735273
4736826
4739471
4741344
4744952
4749291
4749771
4751244
4751523
4752261
4752857
4754273
4754389
4755154
4756385
4757311
4757747
4757934
4759188
4760385
4761582
4762699
4762948
4763268
4766614
4767778
4768733
4772261
4775189
4777649
4778401
4779246
4780405
4780809
4782022
4783586
4786106
4786116
4788478
4788614
4790631
4790701
4792588
4793054
4794814
4795609
4795767
4795855
4797119
4798107
4801069
4801345
4801425
4801830
4804807
4805077
4808461
4809542
4811177
4812190
4814133
4814210
4815533
4816004
4816787
4817756
4819256
4819389
4820738
4821852
4823549
4823823
4824411
4824441
4824722
4825655
4825707
4825865
4827611
4828429
4828513
4829487
4830646
4831870
4831881
4834589
4834982
4835094
4835658
4837873
4837899
4838215
4838216
4839877
4841458
4843862
4844961
4845056
4847384
4848076
4848769
4849463
4852136
4852166
4852300
4852495
4854474
4854726
4855278
4855821
4855931
4859037
4860930
4861007
4862266
4862311
4862610
4863318
4863859
4865364
4865495
4866198
4866981
4867365
4869388
4869490
4870460
4871169
4873174
4873434
4874877
4874982
4875015
4876040
4877901
4879053
4880491
4881593
4882619
4886723
4888786
4888889
4889292
4891002
4893754
4894790
4894859
4897401
4897796
4898836
4899968
4903083
4903684
4904036
4907369
4908029
4908507
4909653
4909676
4910015
4910307
4911145
4911652
4912449
4912583
4913102
4913150
4915260
4915360
4915486
4915870
4916486
4916941
4918998
4919201
4919759
4924511
4924616
4925129
4925195
4926596
4927330
4928274
4928810
4928845
4931184
4931808
4933560
4933978
4936671
4936865
4938064
4938967
4939903
4940594
4943569
4943740
4944558
4945944
4946998
4947455
4947654
4948609
4949493
4951529
4951911
4953000
4953270
4953514
4954884
4956830
4958673
4959078
4959151
4959191
4960556
4961839
4962112
4962152
4962376
4963036
4963166
4963260
4963397
4964455
4964590
4964943
4966898
4967988
4967992
4968760
4968884
4969017
4970761
4974123
4974227
4974752
4975693
4975696
4975843
4976020
4976454
4976745
4977413
4977770
4978740
4982975
4983511
4988715
4992400
4996656
4997294
4997713
4999471
4999620
5000144
5000486
5000551
5001848
5001872
5002590
5002917
5003420
5004156
5005267
5006253
5006850
5007887
5007908
5007919
5007944
5008208
5009106
5009492
5015624
5017402
5017936
5019907
5020721
5022281
5022632
5023025
5025245
5025601
5026687
5027314
5028930
5029212
5030845
5030931
5032450
5033993
5035178
5036224
5036297
5037195
5038190
5041776
5043004
5043919
5044521
5045136
5046494
5047398
5047516
5049115
5049261
5050423
5051105
5051507
5052132
5052639
5054499
5054916
5055223
5055403
5055554
5055796
5056762
5058190
5058282
5060635
5060963
5062118
5062334
5062598
5065141
5066757
5067275
5067465
5068717
5069728
5069770
5071228
5071836
5072190
5072193
5072286
5072301
5074041
5074350
5074532
5075890
5078013
5079038
5079613
5079907
5080858
5081759
5084226
5084986
5086692
5087092
5087348
5089071
5089145
5089587
5089605
5089743
5090125
5091724
5091756
5092931
5093265
5093610
5096667
5097028
5099821
5100758
5102129
5102713
5104290
5104839
5105476
5106110
5106788
5107956
5110276
5112873
5113107
5114334
5116027
5116092
5116781
5116835
5117088
5119267
5119492
5120814
5121347
5122966
5126188
5126456
5127040
5128922
5130767
5130878
5132625
5133435
5133903
5133988
5136450
5137792
5138238
5138938
5149230
5149645
5150926
5152178
5152286
5154900
5155714
5157901
5159386
5160261
5163004
5163837
5164240
5165312
5167995
5168096
5169671
5170109
5170511
5171928
5172690
5173853
5173983
5174823
5174974
5176063
5176185
5176223
5176384
5182771
5184385
5184718
5185193
5185940
5186773
5186947
5187165
5190111
5191117
5191903
5193671
5194294
5196484
5197074
5197738
5197903
5198292
5198512
5198674
5199652
5199842
5202074
5202344
5202356
5203802
5204014
5204306
5204560
5207147
5207728
5208256
5212005
5212254
5214339
5214805
5215263
5215290
5215518
5215523
5215800
5216144
5216160
5218084
5218140
5218807
5219730
5220275
5225564
5225785
5225851
5227430
5227620
5229816
5231183
5232215
5232787
5234625
5234722
5235730
5236148
5237157
5237860
5237932
5239836
5240615
5241647
5242416
5242906
5243153
5244779
5244805
5244997
5245673
5247366
5247454
5249540
5251580
5251692
5251958
5252985
5254330
5255295
5255393
5255420
5256582
5256890
5256965
5257110
5257362
5257465
5259254
5259438
5259751
5260074
5260937
5261925
5263085
5263472
5263598
5263625
5263919
5265315
5265653
5270753
5271903
5272939
5273096
5273282
5273829
5274902
5278250
5278429
5281321
5282026
5282188
5282838
5285083
5285692
5289774
5290374
5291539
5293583
5293607
5294716
5294755
5295247
5295589
5298139
5298202
5299685
5300704
5300879
5301414
5303876
5304958
5305004
5305481
5305546
5306758
5307373
5309793
5310317
5310539
5310951
5311796
5313311
5313608
5314622
5314653
5315134
5315248
5315806
5315895
5316492
5317460
5317536
5318359
5319139
5321535
5321640
5321710
5322149
5322809
5323555
5326904
5327036
5327684
5328635
5329504
5330010
5330769
5331019
5331821
5332969
5334258
5338395
5340110
5343283
5348216
5349286
5350112
5350875
5351607
5351638
5352531
5352549
5355501
5355982
5356567
5357700
5357983
5359199
5360653
5361968
5363294
5363379
5365488
5368495
5368584
5368697
5369187
5369371
5370361
5371063
5372402
5375077
5375899
5376647
5377005
5377215
5377727
5378809
5378915
5380115
5380182
5381067
5381847
5383191
5383354
5383980
5384335
5385046
5385642
5386617
5388551
5389447
5390184
5391070
5395708
5396972
5397582
5397762
5397952
5398009
5399117
5399144
5399265
5399475
5399491
5399820
5401392
5402657
5402673
5405309
5405477
5405686
5405818
5407940
5408732
5409407
5409424
5410139
5411290
5411737
5411881
5412894
5412955
5413304
5413443
5414060
5415646
5417875
5419061
5419717
5420059
5420720
5421852
5423840
5429139
5430647
5431133
5432944
5433053
5433120
5433592
5434747
5436000
5436594
5436927
5438839
5440093
5440253
5440949
5442360
5443046
5445020
5445717
5447736
5448193
5448336
5448854
5449217
5449318
5451252
5452980
5453933
5455514
5457893
5457955
5460142
5463608
5464447
5465516
5465997
5467890
5468119
5469024
5469092
5470046
5472341
5475322
5475608
5477229
5477755
5478072
5481433
5482669
5485017
5485285
5485287
5488412
5489447
5489721
5489866
5490412
5490543
5491985
5493190
5494321
5495658
5498550
5500588
5501557
5501988
5503329
5503373
5505337
5505461
5507017
5507113
5508765
5512210
5512286
5512537
5513633
5516693
5517143
5517310
5517670
5518066
5518608
5519554
5524445
5529981
5530042
5533080
5535422
5535883
5539967
5541490
5542012
5542549
5542593
5542970
5543494
5544515
5544894
5545929
5546632
5547168
5547752
5548461
5548485
5548557
5549870
5553222
5556212
5556945
5557384
5558450
5558800
5559667
5559828
5562811
5563158
5563987
5564026
5564706
5566749
5568534
5568869
5570312
5570750
5571492
5573973
5574403
5575131
5575346
5575481
5576046
5576958
5577827
5578276
5580243
5580757
5582636
5582658
5583527
5583817
5583989
5585510
5585969
5586455
5587383
5587528
5587563
5590062
5590607
5590792
5590918
5592449
5594806
5595258
5597915
5598846
5598916
5599909
5601315
5603564
5606099
5609258
5610287
5610350
5610645
5610927
5611092
5612303
5613643
5614073
5614155
5615018
5615060
5617798
5618791
5618978
5619451
5620336
5620518
5620801
5622569
5623037
5625966
5626540
5627211
5632085
5633702
5633824
5634776
5636173
5636186
5636949
5638220
5639060
5639892
5639970
5640142
5641664
5642795
5645879
5648002
5648034
5648222
5649672
5651995
5653079
5653484
5653563
5654612
5655992
5657410
5660249
5660553
5663945
5665448
5673714
5674486
5675587
5676336
5677550
5678586
5679864
5681298
5682367
5685065
5687044
5687273
5687598
5688519
5689006
5689565
5690715
5692708
5693033
5694008
5695563
5696224
5697272
5697529
5698417
5699353
5700289
5701128
5701317
5702707
5703585
5705691
5707470
5710952
5712499
5712936
5714053
5716935
5717597
5719303
5719460
5720713
5720945
5721197
5722315
5722347
5723608
5723614
5726360
5726401
5727694
5728844
5730230
5730699
5730976
5731545
5731900
5736127
5736189
5736286
5737014
5738638
5739773
5740214
5740856
5741934
5742828
5743590
5744028
5744682
5744862
5745311
5745390
5746895
5747515
5748186
5750996
5751479
5751595
5751875
5752014
5752317
5752496
5753574
5754423
5755147
5755325
5756123
5757898
5758311
5759009
5760235
5761068
5761832
5762803
5763592
5764134
5764852
5765971
5766411
5766658
5767207
5767386
5768749
5768768
5769219
5772005
5772488
5774824
5775915
5776335
5778995
5779874
5780722
5783526
5785456
5785961
5787139
5790120
5790851
5790940
5791179
5792678
5793710
5794773
5795329
5797041
5797452
5797926
5798178
5803666
5803918
5804307
5805643
5806182
5808468
5809832
5809982
5810746
5813116
5815603
5816271
5817162
5818342
5818597
5819992
5821917
5822891
5823647
5823942
5825586
5826767
5828433
5828949
5829304
5829820
5830319
5830662
5831952
5833787
5835011
5836130
5842923
5843255
5844247
5845544
5845719
5846824
5846977
5847147
5847693
5848240
5849320
5851434
5852494
5852709
5853259
5853913
5854460
5856408
5856420
5858087
5860018
5860283
5860839
5860900
5861170
5861805
5861851
5862687
5862768
5864107
5864174
5864396
5865538
5867905
5869338
5869652
5870618
5871069
5871187
5871503
5871504
5873473
5874359
5875656
5875658
5876886
5878491
5879218
5881004
5881602
5882527
5883279
5883435
5883561
5884527
5884894
5885583
5886404
5888438
5892121
5894296
5896020
5896411
5898696
5900467
5901051
5901677
5902097
5902566
5905220
5905436
5905939
5906324
5907234
5907762
5907813
5907930
5908859
5909196
5909764
5909906
5910648
5910793
5914098
5916500
5916852
5917759
5918398
5920226
5922618
5922771
5922987
5923454
5924314
5925677
5927363
5931436
5932766
5933007
5933293
5934054
5934094
5935287
5935542
5935786
5936381
5936788
5937368
5938932
5940247
5941790
5942278
5943375
5944075
5945328
5945560
5946255
5946256
5948890
5948896
5949706
5950181
5950190
5950311
5954780
5955640
5956615
5958141
5958282
5958686
5958829
5959425
5960156
5961072
5962776
5962815
5964817
5964848
5966669
5967812
5968811
5968819
5969399
5969803
5971287
5973185
5974343
5974443
5977594
5977763
5979252
5981496
5985138
5985819
5987546
5988471
5988517
5989897
5991037
5991124
5991682
5992158
5992190
5994612
5995572
5995667
5996375
5997495
5999015
6000279
6000344
6000636
6002762
6004820
6008502
6008786
6009922
6012558
6012756
6015442
6016891
6020120
6020850
6021654
6026204
6027302
6030144
6030777
6031451
6032020
6033290
6034596
6035939
6039655
6040734
6041335
6041473
6042466
6043145
6043771
6044033
6044442
6045464
6047001
6047198
6047199
6048829
6051049
6052616
6052774
6054129
6054951
6055564
6056338
6057041
6057479
6058300
6058577
6060217
6061901
6062612
6063266
6063704
6068037
6068103
6068301
6068969
6071703
6072284
6073046
6073863
6075846
6077609
6078500
6080894
6081497
6082796
6088714
6089078
6090306
6091202
6092080
6097426
6097455
6100131
6102382
6103005
6103469
6103688
6103736
6104188
6107010
6107352
6108594
6109427
6109543
6111132
6111499
6116008
6116649
6116863
6117226
6118279
6119278
6119696
6121864
6122715
6122849
6123218
6126793
6127489
6127566
6127639
6127999
6128318
6128949
6130242
6132056
6132367
6134446
6134515
6134602
6137923
6137997
6138102
6138910
6139235
6142002
6142534
6144284
6144384
6147183
6148246
6148439
6150159
6153168
6153436
6155779
6156929
6158284
6160418
6161070
6161488
6162242
6162716
6164099
6164582
6164941
6165296
6166381
6168172
6168684
6171300
6171720
6172170
6173232
6174591
6176133
6177004
6177197
6179495
6180862
6180898
6182289
6184035
6184740
6185850
6188472
6188943
6189313
6189477
6190295
6192392
6193693
6194277
6195378
6199073
6200335
6202156
6204157
6204837
6206647
6209699
6209809
6210047
6211183
6211396
6212132
6212699
6212753
6214038
6215045
6218184
6219901
6220790
6221161
6222379
6223325
6223502
6226010
6226851
6229205
6229566
6229847
6230618
6231030
6231562
6232991
6233275
6235938
6236305
6236452
6237200
6237801
6239213
6241457
6242419
6242439
6243515
6243951
6244150
6245753
6245985
6246877
6247069
6251316
6251629
6253722
6256479
6257568
6258195
6259626
6259811
6260103
6262571
6262706
6262996
6263221
6264411
6265044
6265596
6266210
6266353
6267060
6268210
6268277
6268883
6269208
6269281
6269343
6273712
6274309
6275050
6275669
6276049
6278186
6278720
6284233
6287343
6287849
6289761
6290807
6290813
6292257
6292872
6293007
6294715
6295596
6296154
6296898
6298522
6298947
6299228
6300024
6301278
6302331
6305882
6307208
6307619
6310249
6310686
6312929
6314132
6314309
6314610
6315460
6316038
6316701
6317859
6318026
6319717
6319868
6320623
6320808
6321732
6322736
6323309
6323361
6323363
6324955
6326704
6326826
6326901
6327388
6328438
6330107
6330150
6331282
6332299
6332411
6333759
6334962
6336313
6338914
6339609
6339796
6340321
6341114
6343570
6344626
6346935
6347993
6348001
6350341
6350500
6350708
6351311
6351496
6353245
6353311
6353355
6356715
6360351
6360618
6361929
6361996
6362663
6363330
6366436
6367015
6367313
6367715
6368283
6369240
6369261
6369841
6370536
6371309
6371883
6372087
6372337
6372385
6372698
6372840
6373148
6374554
6375251
6375899
6376570
6377195
6378486
6379843
6380427
6380595
6384209
6385798
6386350
6387613
6389207
6389890
6390075
6390710
6392040
6393642
6394653
6395227
6395896
6396676
6396775
6398428
6398815
6400196
6400424
6401520
6406380
6406415
6406765
6408236
6409308
6411224
6413208
6413688
6414612
6415038
6415298
6416044
6417945
6418248
6418546
6422996
6423223
6424589
6427250
6427939
6427987
6428025
6428527
6429031
6429107
6429893
6430562
6431489
6433592
6435545
6436972
6438800
6440095
6440116
6442582
6442727
6442967
6443861
6444171
6445239
6446545
6448749
6449089
6449163
6450799
6453407
6454689
6455396
6455483
6456041
6458678
6458968
6459055
6459124
6459743
6462436
6463939
6464010
6464869
6464912
6466549
6466984
6468625
6469765
6469913
6469948
6470316
6470975
6471972
6472782
6475074
6478961
6480475
6482945
6483765
6483815
6484383
6484560
6484766
6485151
6485592
6486002
6487260
6487652
6487686
6488458
6488647
6490217
6493178
6495770
6497736
6498896
6499855
6501652
6501769
6502047
6505095
6505272
6505370
6507413
6508028
6509068
6510494
6511783
6512769
6513122
6514677
6516209
6516852
6516894
6517097
6517757
6517765
6518649
6519217
6519830
6522943
6523470
6523628
6523877
6525489
6525843
6526619
6528582
6528654
6529041
6530561
6531357
6532776
6535744
6536748
6536915
6537810
6539985
6540488
6542841
6543038
6544508
6544794
6545100
6545281
6547048
6547235
6547987
6551031
6551217
6551870
6552693
6552831
6553317
6553725
6553940
6554298
6555842
6556310
6556542
6558037
6559565
6560544
6561105
6561450
6563656
6564593
6565728
6566589
6567195
6569447
6570128
6570766
6571192
6571441
6571896
6571934
6572335
6574867
6575320
6575391
6576161
6577178
6578602
6578931
6580062
6581202
6585727
6586150
6586638
6588013
6588231
6593040
6593917
6595008
6595524
6596583
6596593
6597744
6598586
6600385
6601048
6601288
6603646
6606177
6607526
6607806
6608659
6609431
6609486
6610385
6610765
6611509
6611943
6612927
6613096
6613273
6616168
6616298
6616697
6617943
6618035
6618707
6619689
6620254
6620983
6624518
6626602
6629223
6629401
6631330
6631914
6634692
6634706
6635179
6636005
6636417
6636586
6636876
6637466
6637872
6638960
6639814
6641145
6641293
6641867
6642901
6643504
6643794
6644234
6644714
6644781
6645255
6645840
6646162
6646947
6651302
6652796
6653848
6653996
6657379
6657480
6657688
6658966
6661425
6661768
6662573
6662640
6662654
6663237
6663473
6664546
6664746
6665182
6665745
6666876
6667534
6669039
6669993
6672391
6677474
6678157
6678390
6679321
6681139
6683323
6684304
6685582
6685803
6687483
6688134
6688263
6690158
6691985
6700590
6700952
6701895
6702191
6703864
6704317
6707387
6708301
6708580
6708683
6709292
6709445
6709794
6710898
6711432
6711562
6712158
6713200
6714877
6715418
6718502
6718623
6721133
6721628
6721794
6721801
6722119
6722147
6722535
6722792
6725684
6726401
6726541
6726640
6726787
6727209
6727877
6728969
6729531
6729539
6729622
6731872
6732322
6732595
6732687
6733738
6736489
6738917
6739049
6740144
6740172
6742135
6744427
6746064
6747472
6747724
6749238
6749670
6752523
6753430
6754182
6756258
6756365
6757648
6759841
6761154
6764405
6765259
6765466
6765809
6765869
6766452
6766836
6767117
6767741
6767845
6769636
6769997
6772299
6773247
6774206
6775220
6776105
6778144
6779708
6781107
6781333
6782283
6783579
6786573
6787362
6789679
6790023
6790901
6791957
6792976
6794365
6795910
6796201
6798404
6799017
6799191
6799470
6802627
6802714
6803896
6804205
6805698
6806074
6806694
6807002
6807259
6809028
6809305
6809915
6810339
6812497
6813173
6813840
6814673
6816284
6817411
6817685
6818137
6818142
6819065
6819307
6821305
6821663
6821918
6822256
6823408
6824309
6825370
6825565
6827330
6828117
6830025
6830084
6830140
6830587
6830713
6832655
6833643
6834458
6835479
6839759
6840892
6841198
6844777
6844854
6846703
6847720
6848450
6849729
6854308
6855670
6857703
6859732
6859746
6861079
6862427
6862897
6863713
6865249
6865252
6865270
6866841
6867602
6868317
6868915
6868942
6869204
6870389
6871503
6871810
6871975
6873213
6873251
6874162
6875202
6876995
6877170
6878997
6879060
6879259
6881320
6881644
6883136
6883238
6883889
6885418
6885510
6885714
6886342
6887909
6888650
6888717
6889014
6889297
6889549
6889595
6891282
6892241
6893072
6893661
6899027
6899841
6904501
6905245
6905372
6906728
6907224
6907369
6909048
6909130
6909900
6909959
6913638
6915334
6915643
6917118
6918179
6919577
6919696
6922483
6924386
6924813
6925956
6926418
6928452
6929119
6929542
6930638
6930974
6931033
6932069
6932678
6932836
6932884
6934446
6936757
6941403
6941870
6942040
6944109
6944347
6944890
6944920
6947898
6948825
6949274
6949340
6949681
6950108
6951625
6952074
6953133
6955628
6956401
6956538
6956804
6957554
6958376
6958623
6961388
6961478
6961985
6962514
6962716
6963207
6963463
6964015
6965240
6965538
6965605
6966995
6967410
6969282
6969626
6973639
6974322
6974898
6975288
6975502
6977222
6978392
6978805
6983407
6984151
6987268
6987861
6989738
6990805
6991702
6992119
6992818
6994263
6996236
6997574
6997651
6999235
7000211
7001187
7001688
7001910
7001976
7002836
7004038
7004739
7004760
7005040
7005320
7005744
7008031
7008122
7010220
7010501
7010613
7010867
7011399
7011991
7013081
7014567
7015006
7015450
7015594
7015907
7018028
7018115
7018625
7018789
7019362
7019746
7023368
7023774
7024380
7025168
7027870
7029909
7033595
7033661
7034027
7034533
7037422
7038408
7039073
7042972
7044623
7046216
7046937
7047285
7047791
7049425
7049799
7050270
7051698
7052324
7052365
7056079
7056200
7057516
7057661
7057703
7059353
7060130
7060190
7062146
7062171
7063089
7063242
7064649
7065537
7065579
7065678
7066573
7068197
7068530
7068582
7069280
7070013
7070078
7070214
7070665
7070983
7072673
7076668
7076758
7078866
7079336
7080938
7082961
7083804
7085668
7087147
7087721
7088203
7089435
7090046
7090111
7090891
7091478
7092841
7094243
7098391
7100832
7101351
7101438
7101811
7101919
7103308
7103592
7104077
7104969
7105606
7106159
7107164
7107340
7107509
7108568
7109840
7112008
7112620
7114090
7114263
7115011
7115531
7115814
7117498
7117878
7120471
7120475
7120821
7121543
7121735
7123383
7125204
7127247
7127416
7128191
7128554
7129167
7130126
7130253
7130521
7133163
7133736
7134353
7134395
7135114
7135744
7137258
7138470
7139511
7139828
7140923
7141471
7141787
7142106
7142827
7143009
7144593
7146561
7147082
7147840
7149905
7149955
7150532
7150547
7151208
7151254
7151677
7151875
7152242
7153084
7153595
7154980
7155175
7155204
7156009
7160003
7161894
7162541
7162743
7164788
7167023
7169222
7169800
7170148
7170292
7170678
7171021
7172603
7173757
7174720
7175931
7176597
7176985
7179234
7179812
7184032
7185009
7185069
7185104
7187127
7187345
7188477
7189235
7189557
7191829
7192112
7192982
7193547
7193705
7193814
7194191
7196592
7196920
7202643
7202792
7203033
7208496
7208556
7208660
7208691
7211591
7212332
7212350
7212367
7213311
7213640
7214358
7214944
7216834
7217647
7217848
7220439
7223990
7224286
7225209
7225667
7226184
7226370
7226407
7228808
7231275
7231949
7232236
7234457
7235081
7237587
7237595
7238103
7238635
7238708
7238984
7239506
7239559
7241566
7241835
7242768
7242933
7244154
7244213
7244566
7244696
7245201
7246312
7247600
7247757
7248959
7249060
7250755
7252238
7253165
7255578
7255679
7258284
7260913
7262767
7264358
7264386
7264889
7265158
7268194
7269193
7269223
7269725
7271167
7271527
7272268
7273701
7274239
7274255
7275277
7275839
7276649
7279145
7280833
7281066
7281777
7281852
7281920
7281950
7283288
7283516
7283703
7287957
7288059
7288605
7288796
7289288
7290160
7290350
7291990
7292344
7292380
7292518
7293556
7294309
7298099
7298589
7298699
7299698
7303985
7304744
7305981
7306925
7306954
7308404
7309431
7309845
7310238
7311475
7311635
7312337
7314400
7314551
7315680
7317475
7318067
7318366
7318578
7318690
7319605
7320550
7321251
7321419
7321647
7322454
7322899
7323318
7324015
7324160
7325340
7325754
7326552
7326975
7328809
7329897
7330029
7330367
7332439
7333065
7333434
7338137
7338267
7339462
7340791
7342516
7343364
7344597
7345328
7347751
7350051
7350327
7351025
7351775
7354082
7355519
7356400
7356770
7357602
7358217
7358610
7359219
7360493
7363453
7364180
7366066
7366471
7367455
7368186
7369658
7372117
7372355
7374477
7375993
7377781
7377955
7379209
7380349
7381199
7381826
7383246
7384689
7385287
7385597
7387328
7388232
7388612
7390824
7390994
7391133
7392308
7392480
7394009
7394826
7395330
7395399
7395555
7396008
7403299
7403839
7404961
7405276
7407928
7407973
7413097
7414026
7415479
7415519
7417887
7419101
7419719
7420704
7423486
7424584
7424982
7425675
7426225
7426525
7426891
7427991
7428978
7429805
7430471
7430915
7431535
7432058
7433641
7434169
7434950
7436265
7436806
7436880
7437719
7438641
7438893
7439878
7441875
7443224
7444626
7445252
7446125
7446987
7448094
7448814
7448918
7450076
7451670
7452464
7453683
7453743
7454988
7455515
7456801
7458796
7458820
7461935
7461951
7463938
7464687
7465649
7467469
7468284
7469796
7470420
7471544
7471729
7472068
7472789
7473991
7475044
7475199
7476082
7478626
7479358
7481060
7481389
7483737
7484336
7485921
7486259
7486738
7486886
7487796
7489263
7490139
7490394
7490709
7490797
7492051
7496779
7498215
7498750
7499376
7501422
7501607
7501703
7503391
7503619
7505540
7506667
7507037
7507538
7508788
7509874
7510589
7511789
7511930
7513167
7514637
7514769
7516938
7517043
7519059
7519624
7521134
7521214
7521676
7522064
7522294
7523098
7523155
7525806
7526588
7528269
7529079
7530460
7533276
7533991
7534791
7536055
7537388
7537468
7539098
7543910
7544517
7545268
7545618
7546002
7550136
7551742
7553351
7554176
7555989
7556161
7556470
7556471
7556532
7557903
7557920
7558258
7558613
7559152
7563234
7563643
7564994
7565508
7566286
7566623
7567239
7567440
7569498
7570699
7571372
7571383
7571839
7572077
7572228
7572506
7574218
7574342
7575935
7576243
7576625
7577465
7578886
7579635
7579872
7580947
7581520
7582197
7582916
7582960
7583514
7584549
7585790
7586927
7587525
7587781
7588167
7588955
7589173
7589250
7591751
7594457
7594601
7594647
7596603
7599497
7599669
7600397
7600451
7600563
7600932
7603911
7604309
7604437
7605626
7607446
7607786
7607941
7608362
7611365
7611464
7612959
7613043
7613446
7613915
7616087
7617554
7621427
7622335
7622874
7623060
7624229
7624672
7624683
7627835
7627850
7628461
7628800
7631480
7632147
7632552
7633018
7633301
7634068
7637160
7639583
7639940
7640755
7642196
7642634
7644908
7647327
7647687
7647833
7647878
7649037
7649885
7652121
7652676
7654549
7655813
7656693
7657152
7657680
7657696
7658868
7666067
7666595
7666889
7668171
7668223
7669415
7671354
7671984
7672492
7673566
7673771
7674720
7675215
7676006
7676354
7676738
7677054
7677312
7678086
7678093
7678889
7679413
7679420
7680701
7681535
7681798
7682212
7682332
7682379
7682773
7683243
7686798
7687338
7688007
7688381
7689732
7690046
7690439
7690666
7691607
7691950
7693400
7694952
7695624
7696116
7696959
7697300
7697722
7697989
7698512
7702409
7703384
7706055
7706085
7706302
7706338
7709651
7711413
7711862
7711869
7713244
7714010
7714314
7716584
7717082
7720797
7721941
7722389
7722897
7723575
7723716
7724507
7725298
7726740
7727723
7728557
7730188
7730383
7732210
7733630
7733878
7734791
7736784
7737077
7740469
7740717
7740783
7742785
7743023
7743160
7743560
7744286
7744733
7744926
7745260
7746751
7747953
7748283
7751323
7752392
7752755
7754670
7755336
7755443
7756379
7756492
7758884
7759626
7759739
7760241
7761409
7764389
7764636
7767163
7767323
7767471
7767474
7769060
7771184
7771655
7772387
7774810
7774995
7775648
7777163
7777416
7777875
7778562
7780388
7780535
7781334
7782883
7783553
7785037
7786439
7787487
7788691
7792047
7792341
7792953
7793599
7796279
7796604
7797604
7797921
7798481
7799218
7800127
7802054
7803008
7804225
7804229
7804333
7805754
7806481
7807309
7807325
7807623
7807963
7808309
7809374
7809579
7811078
7811392
7811487
7813152
7813556
7814078
7814562
7814707
7815606
7816735
7817415
7817948
7818728
7819224
7820251
7821926
7823354
7823673
7824049
7825836
7826074
7827334
7827503
7830002
7831692
7831775
7834306
7834591
7836092
7836539
7836993
7837434
7837446
7837708
7838318
7838406
7840041
7843792
7844390
7844621
7846237
7846598
7847514
7847828
7848152
7848417
7849969
7849992
7850753
7850758
7851099
7853167
7853799
7855169
7855923
7856987
7857172
7858335
7858656
7859508
7860198
7861150
7863035
7863215
7863807
7864353
7864889
7865216
7866126
7866881
7868528
7873358
7873867
7874258
7876760
7877299
7878142
7878814
7882287
7882897
7884416
7884854
7889466
7889860
7890676
7891332
7891920
7892261
7892704
7894104
7895222
7895691
7896340
7900768
7900884
7900913
7901902
7902906
7904065
7904305
7905057
7905129
7905334
7908174
7909281
7910607
7910729
7911470
7911526
7913887
7914141
7914554
7916411
7918440
7918563
7920030
7920344
7922655
7923093
7925175
7926518
7927823
7928369
7928631
7929298
7932801
7933407
7933493
7933786
7934503
7935442
7937660
7938534
7939303
7939621
7939747
7939903
7940358
7944899
7945160
7945409
7948332
7949667
7949673
7950796
7950933
7952029
7952595
7952698
7954355
7955584
7956280
7957004
7959064
7960037
7962930
7965400
7966187
7966355
7967848
7968014
7972595
7975063
7977214
7977783
7978237
7979058
7979643
7980757
7980839
7981358
7984103
7989394
7991295
7992166
7992492
7994102
7994233
7995304
8000119
8000278
8001710
8002632
8007889
8009309
8009622
8010233
8010643
8015635
8016050
8016062
8017651
8017886
8018488
8018793
8019176
8019367
8019512
8021004
8021349
8022551
8024399
8027023
8027483
8028277
8029195
8031156
8031626
8032901
8036416
8037749
8037972
8039619
8041408
8041830
8042902
8043667
8044256
8045511
8045640
8046441
8047555
8047576
8047675
8050523
8050818
8050848
8053305
8055393
8056666
8057521
8058373
8058910
8059612
8060711
8060866
8061266
8061353
8061899
8062724
8066500
8066730
8066766
8071882
8071941
8072348
8076447
8076483
8077187
8079156
8079408
8079498
8079584
8079850
8080336
8080468
8080762
8081980
8082715
8083998
8086422
8086458
8087755
8088443
8089000
8089720
8089738
8090021
8090437
8090887
8091148
8092025
8093022
8093635
8093773
8094567
8095612
8098078
8098542
8100007
8100328
8100342
8100398
8104376
8105174
8105678
8108003
8108862
8110103
8111340
8111480
8112909
8113226
8113799
8115263
8116309
8117734
8118432
8119855
8121850
8124839
8125895
8125917
8127240
8127918
8130106
8133315
8133985
8136056
8138888
8140024
8141916
8142165
8142355
8144657
8146269
8147946
8153640
8156863
8158516
8160545
8162349
8162435
8163592
8163616
8164518
8165515
8165573
8166288
8166747
8168089
8171238
8171578
8172812
8172898
8173292
8175551
8177247
8177262
8177385
8177411
8178721
8179587
8179967
8180959
8181352
8181393
8182059
8182417
8182978
8183923
8185466
8185644
8186301
8186835
8186878
8187661
8188307
8189338
8189461
8190057
8190594
8190840
8191392
8191419
8191834
8192002
8193466
8193890
8195073
8199407
8200180
8200185
8201023
8201868
8202336
8205116
8205296
8205521
8205892
8206531
8209710
8209730
8211039
8213256
8213379
8213684
8214187
8214266
8214389
8215965
8217375
8218553
8221292
8222029
8224164
8225133
8225174
8226208
8226556
8226660
8227449
8227737
8227773
8231321
8231700
8233397
8236649
8236807
8237079
8237790
8239728
8239853
8240123
8240174
8241979
8242495
8242549
8243224
8243283
8244326
8245698
8245809
8247291
8248050
8249529
8250240
8250527
8251380
8253580
8254617
8254704
8255153
8255188
8255332
8255855
8256055
8256157
8259582
8260625
8260978
8261397
8261664
8262199
8262326
8262383
8262998
8263747
8263902
8264482
8266078
8267507
8267708
8268388
8271034
8271045
8272318
8272645
8274040
8275896
8276887
8277491
8278543
8279423
8279755
8279777
8280277
8281034
8283467
8283641
8284067
8284265
8285039
8286196
8288547
8288975
8288989
8290069
8290463
8291121
8291374
8291411
8292754
8294896
8295678
8298297
8299247
8302564
8302690
8303117
8303421
8303496
8303743
8304061
8304727
8304740
8306382
8306807
8307406
8307435
8307980
8308028
8308236
8308571
8309507
8309612
8309673
8311295
8311359
8312090
8314125
8315013
8315875
8315894
8317594
8318674
8320680
8321012
8322212
8323772
8325961
8327355
8327452
8328510
8328623
8328942
8329390
8329655
8331066
8331088
8331214
8332561
8333120
8333648
8335158
8336855
8338233
8340806
8341190
8341328
8341506
8341857
8341998
8342617
8343759
8343800
8347089
8348074
8348310
8352870
8353397
8354801
8357180
8357740
8358662
8358960
8360897
8361211
8362481
8363244
8364019
8364267
8365306
8366656
8367075
8367617
8368974
8369264
8371120
8372534
8372696
8372859
8376064
8376070
8378075
8378202
8380725
8383377
8384913
8388610
8389242
8391231
8393093
8393752
8394446
8394732
8395222
8396565
8399065
8400052
8400146
8400490
8402390
8406187
8407087
8408998
8409642
8412262
8413719
8414497
8415168
8415467
8417256
8417314
8417366
8417370
8420874
8422196
8422344
8423024
8425044
8426082
8426116
8426931
8428851
8429549
8429848
8430954
8432482
8434925
8437040
8438717
8441710
8443892
8444520
8446698
8447475
8449674
8450381
8450456
8452264
8452563
8453023
8454105
8454959
8455235
8455417
8457093
8457309
8458204
8458607
8458655
8458663
8459657
8460085
8460653
8461049
8461208
8461983
8462552
8462598
8462671
8462851
8462882
8464114
8464600
8465843
8466896
8467595
8468838
8469512
8470945
8470980
8471377
8472036
8472101
8472226
8472270
8476875
8477164
8478178
8480811
8481039
8483946
8484858
8485462
8486844
8487547
8492073
8493573
8499671
8499725
8502560
8503049
8503188
8503479
8504267
8504786
8505602
8505800
8506904
8507938
8508043
8509242
8511251
8511337
8512227
8512495
8512788
8513125
8513569
8514184
8516263
8516719
8517084
8518309
8518367
8518440
8523593
8523727
8523771
8524591
8525996
8526404
8529255
8529445
8530015
8530345
8530821
8532875
8535796
8537974
8538355
8538547
8540785
8540859
8541184
8541600
8541846
8543778
8544126
8544525
8544836
8546046
8546114
8546705
8547302
8547982
8549995
8550425
8551614
8552019
8553828
8554987
8555446
8555558
8556224
8560946
8561018
8561580
8563025
8564926
8565747
8565808
8566124
8567408
8568546
8568758
8569380
8570766
8570953
8571296
8573134
8573291
8573303
8574240
8574338
8574846
8575526
8576250
8576276
8577914
8578381
8578442
8578469
8579113
8579470
8580614
8581311
8583266
8583341
8584329
8585597
8586887
8587858
8588599
8588636
8591744
8592491
8593511
8595553
8601038
8601044
8601386
8601559
8601613
8602143
8602223
8602857
8603774
8606502
8607095
8610331
8611055
8611444
8611799
8612359
8615621
8616437
8617382
8617407
8617774
8618641
8621132
8622928
8623969
8624504
8624632
8626855
8627628
8629762
8629957
8630691
8630881
8634313
8634314
8635073
8635155
8635403
8635597
8635945
8636422
8638657
8638907
8640087
8640326
8640499
8640738
8641325
8642095
8644979
8644998
8645430
8647296
8647353
8651257
8651543
8653044
8653611
8654842
8655656
8655987
8656496
8658724
8659066
8659299
8659523
8660825
8662796
8666129
8667187
8668700
8669623
8670196
8670263
8670504
8670528
8670915
8671802
8673504
8673864
8675509
8676624
8679401
8680664
8682521
8683870
8684840
8686277
8686458
8686519
8687451
8687602
8687675
8688460
8688573
8688703
8688728
8689576
8690314
8690673
8692014
8692958
8693848
8694299
8694637
8695659
8696252
8697053
8699352
8701110
8701546
8701583
8702068
8702070
8702199
8702564
8703135
8703402
8704447
8704972
8706279
8706584
8706714
8706792
8707005
8707246
8708918
8709148
8709214
8709515
8710790
8711385
8712255
8713060
8713173
8713886
8714248
8715079
8716665
8717037
8717782
8719169
8719503
8720823
8723324
8723543
8725418
8726833
8728006
8728130
8728735
8728922
8729288
8729349
8730991
8731427
8733337
8735509
8735608
8738392
8740248
8740398
8741520
8742442
8743148
8744331
8744590
8744950
8746842
8747451
8747702
8749330
8752052
8752193
8753495
8756293
8756342
8758669
8760051
8761228
8761726
8761771
8763662
8763963
8764479
8766123
8766126
8775103
8775870
8776513
8776753
8780013
8781501
8783078
8783965
8785785
8787573
8791450
8791510
8791550
8791700
8793391
8793507
8794675
8795398
8795530
8796249
8798822
8800342
8801338
8804638
8805223
8806617
8807726
8809537
8810356
8810859
8811497
8811754
8812798
8813118
8813153
8813371
8814372
8814528
8815004
8815045
8818228
8818369
8818396
8819262
8820118
8821645
8823799
8826171
8829895
8829966
8832722
8833125
8833817
8837961
8841237
8842298
8844093
8845113
8846168
8846829
8847196
8849058
8850002
8851144
8852441
8853877
8854536
8855062
8857599
8860970
8861660
8862241
8863802
8864155
8865044
8865270
8869814
8870656
8870876
8871750
8872293
8872563
8872686
8877316
8878761
8880588
8881556
8881592
8881703
8881944
8883053
8883575
8883596
8884220
8884510
8885605
8885779
8886977
8889159
8896028
8897006
8897250
8897680
8897773
8898630
8898861
8900496
8900729
8900734
8902138
8903401
8903880
8904156
8905205
8906148
8906458
8906683
8907352
8907633
8908027
8911761
8911944
8912239
8912666
8912765
8913653
8913708
8914154
8916635
8917551
8918093
8918389
8919696
8919954
8920783
8920905
8921207
8922258
8924605
8924871
8925971
8926352
8929496
8930191
8930677
8931387
8931573
8932588
8935330
8936952
8937782
8937834
8938473
8939168
8939387
8939965
8942293
8943332
8944217
8944608
8944645
8944683
8944758
8945513
8946042
8947777
8947785
8947875
8948231
8950556
8951129
8951273
8952102
8952598
8952957
8953881
8957274
8957312
8957465
8958459
8958600
8962454
8962967
8963142
8964207
8965083
8966661
8968766
8969538
8971190
8972657
8972910
8973762
8975430
8975896
8977584
8980371
8983192
8984769
8984944
8989078
8989354
8990798
8992606
8993747
8994188
8996584
8997381
8997585
8997936
8999318
9000070
9000265
9000390
9000495
9002266
9002701
9005201
9005791
9006870
9008268
9008522
9009047
9012513
9014473
9016778
9017389
9017900
9020559
9020807
9020995
9022206
9022686
9022692
9024823
9024924
9025011
9026344
9030305
9032574
9037144
9037942
9038840
9039762
9040214
9040432
9040934
9042093
9042874
9042912
9043775
9044251
9045197
9045393
9046251
9047751
9048361
9048695
9049376
9052139
9052777
9053902
9057669
9057800
9058546
9058817
9059212
9060211
9060918
9062000
9062123
9062749
9063121
9064179
9064182
9064454
9065089
9065768
9066680
9067642
9068774
9069173
9070121
9071282
9073453
9073546
9073659
9074596
9075589
9076233
9080511
9081512
9081830
9081877
9082286
9082770
9083807
9085525
9087961
9089431
9090665
9090715
9091504
9091843
9091898
9094495
9097718
9101093
9101589
9102450
9102495
9103606
9104014
9106638
9107788
9108808
9109714
9110766
9111383
9111787
9114461
9114548
9117580
9118214
9118809
9119612
9119633
9122771
9123081
9123902
9124157
9124161
9124776
9124808
9125077
9126682
9128466
9128772
9129891
9130621
9131116
9131576
9132771
9133195
9133341
9133599
9135066
9135502
9135573
9137989
9138163
9138303
9139063
9139232
9139361
9144111
9144166
9145500
9147619
9148024
9148258
9149293
9151340
9152037
9152224
9152308
9152361
9153957
9154726
9154749
9161210
9161272
9161564
9162247
9162484
9163183
9163789
9164792
9165818
9166998
9171341
9173371
9174518
9175527
9177183
9177335
9180965
9181569
9184504
9184576
9186069
9186365
9186922
9188502
9188818
9189540
9189912
9190596
9190835
9191211
9191330
9191635
9192014
9196058
9196734
9200675
9200681
9202585
9203581
9205267
9206052
9208604
9208802
9208877
9210913
9212349
9213749
9214593
9214651
9216071
9216408
9218808
9220735
9222837
9223061
9223228
9224647
9226073
9226807
9229127
9229133
9229776
9230306
9230356
9231210
9232271
9232357
9233898
9234880
9236142
9238270
9239581
9241876
9242119
9242658
9243003
9243282
9243586
9244866
9245381
9246152
9247053
9248392
9249243
9250457
9250722
9253277
9254569
9255198
9255703
9257387
9257894
9259471
9259916
9261068
9261309
9261371
9261394
9262788
9263593
9263714
9264660
9265282
9265324
9265949
9266351
9267409
9267842
9269015
9269451
9269899
9271878
9272430
9273385
9275409
9275872
9279271
9279652
9281376
9282992
9283000
9283550
9285377
9285450
9286505
9288140
9288573
9288728
9289192
9289232
9289596
9289671
9290257
9291054
9292820
9292896
9294483
9296746
9297290
9301733
9303015
9303190
9306117
9307238
9307253
9307377
9308012
9309013
9310629
9310792
9311688
9312869
9312877
9318503
9318748
9319276
9320057
9320366
9322536
9323023
9323123
9324603
9327116
9327556
9329254
9330466
9330673
9331796
9332316
9333233
9334126
9334313
9334471
9334653
9334944
9336468
9336764
9337717
9338382
9338877
9341189
9341664
9342460
9343923
9344262
9345903
9347842
9349520
9351887
9354107
9354772
9355193
9355736
9355994
9357291
9357943
9358096
9358688
9359362
9360667
9363532
9363543
9365835
9366673
9368196
9368223
9369633
9369734
9371390
9373878
9373926
9374302
9374630
9376655
9377101
9380354
9382711
9383612
9385989
9386265
9388703
9388794
9390514
9390536
9391061
9393450
9394260
9394653
9395321
9395784
9399707
9399903
9401040
9401457
9402396
9403286
9403790
9404053
9404145
9405737
9406761
9406802
9407065
9408790
9408886
9409028
9409618
9409764
9413798
9413915
9415325
9417005
9417112
9417974
9419298
9419771
9421081
9422736
9423487
9424310
9427523
9427778
9428216
9431341
9431993
9432993
9434908
9435578
9436319
9437072
9437107
9439835
9440810
9444431
9446856
9447341
9447410
9447476
9448250
9451464
9454048
9455005
9455365
9455674
9459752
9465046
9467187
9467445
9469803
9471302
9471680
9474115
9474127
9474704
9475369
9477169
9477400
9478329
9478751
9480058
9480484
9480669
9480966
9480983
9481058
9481100
9481637
9481724
9482904
9484042
9484249
9485768
9485950
9486225
9486639
9486964
9487919
9489408
9490479
9491628
9492651
9492685
9493682
9494435
9495118
9496360
9496763
9498204
9499846
9502621
9503883
9505287
9506462
9508223
9508447
9514519
9514998
9517109
9517224
9518835
9520247
9521511
9521974
9523497
9525146
9525243
9527609
9527727
9528593
9528716
9529045
9532389
9534667
9535344
9536450
9536862
9538929
9539439
9541594
9541664
9541837
9542255
9543574
9544105
9544128
9545594
9547688
9548645
9548935
9550294
9551014
9552471
9553426
9553601
9554562
9555762
9556702
9556934
9559414
9560628
9562287
9562878
9563301
9563377
9564963
9565134
9565953
9566464
9566983
9567041
9567556
9567987
9568287
9569454
9571923
9572108
9574043
9575610
9575950
9576665
9577179
9579167
9579563
9582117
9582329
9583481
9583638
9584123
9586625
9589109
9592031
9593059
9593061
9594102
9594917
9594954
9595504
9596226
9596774
9597569
9599695
9601066
9601198
9601485
9601607
9601653
9601695
9606431
9609090
9610245
9611144
9614578
9618679
9620125
9621260
9624256
9624376
9625213
9625847
9628039
9630807
9631520
9632485
9633038
9633417
9635186
9636023
9637700
9638514
9640085
9640439
9642538
9644537
9645629
9645996
9649100
9649630
9650126
9650965
9651475
9652977
9653092
9654863
9655242
9659696
9660929
9661029
9661229
9664117
9664287
9664375
9665888
9667520
9668142
9669130
9671497
9672400
9672682
9674944
9675149
9675679
9676879
9677015
9677351
9677472
9678932
9681457
9681905
9682233
9683286
9683973
9684330
9689353
9690033
9691605
9692871
9694981
9695217
9695596
9695925
9697057
9698188
9702490
9703063
9703353
9703902
9705254
9706260
9706446
9706487
9706524
9707070
9709687
9713306
9715335
9715796
9716789
9717158
9717817
9718447
9720587
9722428
9722468
9723200
9723444
9725407
9725723
9729637
9729893
9731282
9731837
9735188
9737111
9737187
9738130
9738582
9739591
9739785
9740539
9741149
9741282
9741755
9742998
9743171
9745235
9746646
9749204
9749451
9749687
9750207
9750955
9751108
9751628
9752440
9752543
9752877
9753078
9753492
9754130
9754617
9755993
9756540
9757125
9757607
9758415
9758455
9758822
9759046
9759625
9759687
9760050
9760751
9762311
9763115
9763769
9764901
9765859
9766979
9767643
9768025
9769028
9770157
9770593
9770774
9770879
9771720
9771804
9771893
9772995
9773673
9774802
9775678
9775741
9778590
9779056
9779803
9780112
9781972
9783781
9784450
9786004
9786066
9786199
9787121
9787367
9787772
9788392
9788533
9788707
9788791
9789293
9790594
9790869
9791965
9792506
9792631
9792726
9792898
9793217
9793791
9794859
9799000
9799193
9803750
9806083
9807747
9807840
9809543
9810126
9811177
9811339
9811835
9812055
9812349
9812735
9814358
9815660
9816754
9818306
9818617
9818876
9820916
9821603
9822959
9823545
9825054
9827117
9828249
9829156
9829464
9835739
9837253
9838239
9838409
9838715
9840112
9840206
9841349
9841358
9841418
9843336
9843627
9843900
9844533
9844570
9844778
9845083
9845343
9847121
9847916
9848000
9848398
9848862
9849429
9849949
9850753
9851921
9852693
9854308
9854939
9856276
9856561
9857180
9858079
9858351
9858633
9859717
9861685
9861981
9862142
9862670
9863075
9864050
9864524
9865425
9868016
9868366
9869166
9870313
9872455
9873104
9875223
9875533
9876356
9878797
9878852
9879941
9880848
9881401
9882843
9883373
9884906
9885150
9887487
9887589
9887648
9888718
9889041
9889309
9889339
9890111
9890359
9892000
9892834
9893363
9893477
9893669
9893840
9894242
9895012
9896536
9897646
9897727
9899404
9900609
9900854
9906442
9907100
9907590
9908441
9908728
9908991
9910749
9911141
9914028
9918458
9918495
9920417
9921535
9921688
9921884
9921939
9922823
9923871
9924905
9924919
9926873
9926906
9926976
9927427
9930245
9930810
9933482
9933811
9933853
9935001
9935030
9937275
9939210
9939776
9939832
9940128
9940300
9941979
9942717
9943023
9944038
9946131
9949221
9949725
9949869
9950109
9950289
9951001
9951230
9952452
9953395
9954240
9954515
9955181
9955449
9956011
9956349
9957219
9957763
9959307
9960894
9962261
9963539
9964268
9964487
9964497
9964547
9966459
9966497
9967212
9967277
9968564
9969376
9969976
9971380
9973988
9975448
9978333
9979372
9979561
9979706
9981594
9981697
9981932
9983675
9984831
9985508
9985606
9986241
9986520
9986754
9987682
9989114
9990730
9991022
9992817
9992847
9993170
9997595
9998244
9998294
