189
1702
1894
4546
5185
8520
10195
11774
12536
12549
12704
21999
22320
24259
30438
32192
32988
33819
34741
34971
35878
35974
36143
37313
39508
39931
40315
41916
41974
42655
43567
45248
45443
45578
45899
47417
47748
48531
50999
51664
52942
53051
54047
54661
55139
55177
55566
57544
57614
58460
58967
60168
60376
61896
61949
62362
62613
64736
65447
65576
65830
66729
66875
66947
67218
67687
69963
70399
71209
71496
72296
73959
74266
75883
75941
76879
77131
78282
78721
79484
80080
82317
83426
85067
85802
87119
88502
88810
89059
89342
89786
92415
93404
94223
95995
96267
97100
97979
100172
101381
102097
103526
104299
105112
105628
106046
106097
106430
108081
108325
108757
110619
111412
112364
113448
114420
115721
116033
116777
116952
117801
118614
119133
119849
120228
121106
122449
123167
123934
124055
125050
125655
125735
127240
128225
128868
128916
128936
129139
131061
132077
132734
135344
135445
137415
137638
141551
141600
142217
142748
146781
147871
148447
148585
149236
149786
150092
150131
152390
152538
152853
154668
155113
155292
157690
158610
159096
159364
160028
161538
162341
163069
164183
165017
167984
168879
170323
170608
171553
171681
171890
173454
174611
175054
175446
175613
176039
177513
178496
178576
178629
179183
179812
181426
182820
184580
185126
185319
185538
186056
193201
193716
194473
195136
197434
198089
199047
199280
200841
200869
200947
201600
201991
202203
202643
202683
203624
205333
206584
208106
208619
208627
208829
209625
210107
211085
212458
214594
214718
215524
215583
216410
216795
217361
217898
219612
219764
220886
223847
224520
228655
228870
229496
230727
231787
233612
236327
236560
237427
237636
239681
240574
241127
241457
244152
244714
246043
246213
246807
247090
247582
248251
248841
250585
252309
252582
253369
253727
254000
254965
255425
255500
256762
257623
258108
258545
259495
260498
261422
261815
264448
264922
266189
267043
267603
272205
272606
275145
275514
276029
276483
277245
277983
278340
278895
280056
281099
281897
281994
282035
283609
284742
288449
289492
292276
292803
293045
293646
294692
297732
298195
298495
300081
304153
307635
307835
308332
308480
308622
310188
311379
314151
314953
321382
323818
323953
324313
325060
325222
325452
325826
326908
327818
328198
328463
330515
330741
330991
331867
332334
334463
335986
336771
339458
340803
340908
343869
344746
345453
345824
347119
347416
349061
349534
351583
352192
354819
355011
355379
359120
360535
360702
361850
363043
363140
364464
365253
366570
367922
369405
371502
372686
373917
374319
376289
376608
377564
377593
378183
378240
378711
379118
379908
381045
381180
381831
383695
383782
384396
387245
387725
388146
389157
389665
390181
390749
391172
392616
393218
393599
394246
394468
394644
395815
396177
396502
397881
398405
398452
400022
400051
400908
401223
403067
403191
403381
403658
405137
405139
405673
405960
407596
409221
409415
411287
411426
411449
412746
414123
415080
415292
416134
416485
418597
419394
419491
420068
420254
420436
423626
424762
426027
427173
429295
429474
430010
431311
432169
433185
434064
435493
437564
441293
441415
441829
442948
444385
445123
445278
446492
446865
447636
448592
449078
452848
453693
457766
458248
458249
458325
459348
459768
460094
460157
460694
462184
462544
462657
463265
463452
464137
464159
464212
464215
466725
466889
467718
469969
471597
472999
473499
474166
477090
479562
479626
480121
481110
481686
484694
485769
486489
487293
488687
493817
495514
496187
497670
497815
498340
501477
504136
505421
505501
505961
507951
510631
510685
510755
510923
511878
513195
514499
514725
516273
516595
517614
517765
517951
517959
519186
519286
519313
520141
521220
521693
522208
522842
524312
525047
527086
527768
528070
528093
528391
529098
531044
533255
533946
534264
534906
535417
537367
538993
539135
540682
540781
540948
543565
544011
549132
552210
552533
553177
553250
554351
554818
556798
556973
557330
563003
564573
564845
566527
568027
568787
570216
571022
573842
574321
575501
578616
578706
579536
580485
584788
585747
586732
587477
588742
589060
591266
592722
593872
594994
594995
599253
599501
603010
603516
605912
606916
607558
607885
608082
609429
609721
610381
611103
611785
612564
612621
613079
613452
615636
617203
617431
617861
620616
623405
624414
626547
626999
627714
627862
629751
630997
631075
631944
632166
633454
633596
634537
634734
636655
636733
637096
638130
639168
639675
640839
641568
642046
642293
644958
646317
646717
648405
648563
650427
652924
653241
653508
654184
655118
655663
656866
657848
658239
659507
661285
662175
662222
663845
664070
667492
668337
668359
668383
669586
669979
669990
670948
672705
672853
673202
673486
673536
673633
674116
674853
675779
675860
676581
677926
679274
680064
680277
680613
683900
684033
684757
684892
684983
685069
685746
686608
687056
687076
688302
688864
690258
690533
690793
692565
694490
696002
696382
698489
699378
701403
702238
704415
705038
705104
705533
705871
707489
708887
713836
714421
714570
714958
716554
716858
719926
720476
722006
723464
724802
725039
725546
727986
728089
728813
728977
730182
733299
733441
734153
736756
738881
738931
742968
743809
744234
744377
748843
749112
750720
753580
754620
754656
754993
755916
756050
758481
759558
760585
761176
762009
763417
763556
764046
765850
766836
767639
768427
770482
771598
772612
772948
773984
776624
778275
778532
780253
780597
782617
783564
784826
786911
788523
789837
789972
790748
793560
794761
802725
803174
803772
804477
804526
805596
805759
805882
807025
808118
808557
811255
811626
811731
817755
817927
819286
823070
824422
825768
828782
829137
834773
837376
837556
837947
838932
839718
840247
841343
841958
842223
842462
842845
843768
844546
845474
847817
854259
855919
856967
857940
859977
862172
862564
863316
866622
867067
867279
867439
867591
867619
868170
869022
870893
871120
871851
871852
872118
873052
873429
874241
876467
877229
878073
880960
882190
883505
884068
884409
884567
884714
884909
885185
885781
886453
886487
887624
888098
888457
889042
889431
890332
892632
893671
893836
894950
895587
897453
898341
899747
899845
900226
900657
900991
904166
906465
907976
909244
909641
910541
912942
914497
914498
914963
914992
916045
917792
918041
919824
919895
921016
921502
921711
922079
924345
926656
926803
926854
930733
934086
934245
934756
935316
938050
939051
939686
939814
940582
941862
942085
944020
945030
945256
946558
949133
949248
949390
950624
951495
952985
954927
956499
957407
959063
959357
961260
962116
962242
964667
965536
965674
966239
967756
968791
969133
969348
969827
971693
973001
974253
974431
975274
975398
977904
980341
980353
982644
983488
984615
984658
986761
986813
989307
989852
990924
994151
994539
995368
995853
996308
996809
996865
997467
997765
999480
1002428
1002784
1003751
1004862
1005570
1006958
1009840
1010201
1010204
1010247
1012451
1012539
1014056
1015556
1015711
1016679
1016996
1017115
1017487
1018263
1018398
1021181
1022250
1022928
1022952
1025475
1028399
1028917
1029607
1029856
1029938
1030744
1031385
1032138
1032678
1034938
1035942
1037381
1038283
1038602
1041482
1043066
1043808
1044654
1045423
1047288
1047449
1047795
1048472
1049375
1050785
1050823
1051103
1051808
1052136
1052717
1054913
1055337
1055596
1056320
1059381
1061133
1061733
1062056
1062080
1062601
1063304
1063444
1063503
1063915
1066575
1066912
1067576
1072303
1072366
1072511
1075582
1078109
1078217
1078338
1079120
1080375
1080854
1086063
1087519
1088749
1089782
1090788
1091034
1091514
1091660
1092962
1093129
1093879
1094061
1094938
1097152
1098364
1099340
1099810
1100451
1100681
1101082
1103548
1104297
1104780
1105844
1108229
1108604
1110899
1111033
1111224
1113587
1114191
1115966
1116725
1117047
1121887
1123361
1123670
1124346
1127271
1129921
1129956
1133982
1140815
1141992
1142321
1142665
1142703
1143612
1146859
1147276
1147662
1151573
1151908
1151939
1152126
1153000
1153248
1155720
1156045
1156549
1157787
1157983
1158774
1160899
1162136
1162231
1163944
1165199
1165974
1168311
1169324
1170618
1171488
1173486
1174011
1174554
1176654
1176656
1176953
1178720
1178843
1179419
1180276
1180843
1181028
1181161
1183795
1185577
1187798
1189400
1189999
1190068
1190184
1190912
1192215
1196986
1199349
1199869
1201361
1201861
1202715
1203544
1204122
1204523
1204670
1205042
1205196
1206706
1206793
1208446
1209268
1209473
1211562
1212857
1216314
1216962
1218484
1222866
1222945
1225375
1226011
1226525
1227707
1228700
1229057
1230389
1230489
1231106
1232387
1232541
1233349
1233450
1236117
1236544
1236752
1237190
1237910
1238756
1239580
1239908
1241776
1242896
1243730
1245945
1246539
1248105
1248485
1248549
1248785
1250041
1250696
1252527
1253817
1254394
1255884
1255890
1256778
1258750
1260684
1260914
1261399
1264246
1264604
1265640
1266554
1267832
1268437
1268715
1269614
1270725
1271362
1271420
1271908
1271910
1272535
1273229
1273748
1274086
1274485
1276103
1278732
1279508
1279526
1279908
1280717
1283310
1285632
1285645
1287915
1288246
1290714
1290889
1295446
1295525
1298343
1299056
1299470
1299946
1300390
1301718
1302656
1304297
1304342
1305035
1310287
1310350
1311964
1312074
1315804
1315816
1315883
1316418
1317417
1317825
1318181
1318857
1320152
1320606
1321020
1321541
1322343
1322455
1322543
1322704
1323285
1324551
1325896
1326241
1326322
1326976
1330547
1332432
1332789
1333602
1335358
1335740
1337016
1337098
1338195
1338488
1338581
1338758
1338868
1339429
1339606
1339731
1340371
1340677
1341875
1342650
1342654
1342758
1344400
1344563
1344641
1345746
1347193
1349529
1350185
1351962
1352194
1352350
1352367
1352745
1353359
1353597
1353833
1354348
1356423
1358564
1359265
1359361
1359653
1360147
1362884
1364337
1365864
1366117
1367846
1368979
1369811
1369956
1370376
1371222
1373018
1375630
1376553
1376685
1377861
1378195
1382893
1384038
1384413
1384626
1391321
1391374
1391404
1392332
1392423
1393830
1394353
1394868
1395518
1398005
1398577
1400465
1401782
1402093
1402104
1402583
1403128
1403272
1404595
1404721
1405038
1405490
1407518
1407581
1409071
1409307
1410530
1410994
1412589
1412627
1414434
1414507
1414852
1415719
1417313
1419178
1421110
1422877
1422911
1423660
1423731
1423891
1425523
1426961
1427095
1427147
1428045
1428778
1428936
1430513
1430858
1431030
1431427
1432584
1433033
1441384
1442051
1442550
1444035
1445849
1446825
1449141
1449596
1449678
1449757
1449768
1452286
1453156
1454080
1455457
1455463
1456182
1456577
1456744
1457547
1457943
1458510
1458516
1459419
1459549
1460025
1460761
1462780
1463984
1464358
1464473
1465702
1467168
1468819
1473718
1473779
1475293
1475895
1476843
1478342
1478369
1479140
1479630
1479664
1480241
1480947
1485210
1489272
1491998
1493165
1496630
1499407
1503104
1504875
1505437
1506421
1506483
1506928
1506979
1508748
1509263
1509286
1509892
1511385
1511520
1511702
1512003
1513200
1514563
1514599
1515174
1515599
1516554
1517457
1519781
1523731
1524854
1526400
1526862
1527579
1528987
1531405
1533476
1535235
1539150
1539171
1539320
1539416
1539585
1540274
1540729
1541091
1542670
1543713
1543799
1545230
1546437
1546842
1547613
1549066
1551054
1554053
1555672
1557413
1557732
1558565
1560330
1562272
1562305
1563200
1563716
1564024
1564338
1564529
1565295
1565374
1566511
1567587
1570561
1571643
1574293
1574310
1574580
1575395
1575420
1576197
1576666
1577666
1577739
1578235
1579662
1579816
1580360
1581379
1582701
1583896
1584106
1584118
1584365
1584700
1585605
1586955
1587478
1589162
1590683
1590722
1590802
1590940
1593954
1594732
1595144
1595278
1598509
1599496
1603599
1603997
1604166
1605411
1605908
1607826
1609110
1609924
1610962
1611340
1611785
1612595
1613531
1614673
1614738
1615713
1616615
1618267
1619735
1620092
1621727
1623240
1623665
1623976
1625511
1625749
1626547
1627290
1630216
1630575
1631559
1632075
1633551
1635410
1635539
1637477
1637816
1637971
1639018
1639347
1641845
1641969
1642041
1643652
1643697
1643711
1644440
1647636
1648197
1649493
1649517
1650024
1650791
1652174
1652470
1652923
1652981
1653488
1654569
1659180
1660057
1660504
1661015
1661245
1665228
1665499
1665645
1666799
1666867
1669796
1670894
1671349
1671755
1672328
1673416
1673824
1676574
1676662
1678265
1682878
1682970
1685539
1686329
1687550
1687719
1687980
1688781
1689065
1689960
1690838
1693235
1696014
1696140
1698882
1700003
1700092
1700686
1701192
1701217
1702019
1702293
1702934
1703891
1704841
1707793
1708218
1708557
1708591
1708846
1709583
1709586
1710047
1710456
1710599
1711845
1713540
1717031
1720559
1721343
1722760
1723127
1723343
1723410
1724228
1725175
1726137
1726998
1729246
1729508
1732168
1733848
1734240
1734841
1737591
1738163
1738449
1739081
1740093
1740242
1740632
1740799
1741129
1741570
1742837
1743761
1744868
1745084
1746219
1746483
1746652
1748129
1748224
1748986
1750626
1756230
1756300
1756448
1757923
1759343
1760482
1760630
1760730
1760968
1761644
1761740
1762129
1763284
1763576
1766708
1769326
1769744
1770191
1770363
1771011
1772356
1774092
1775025
1775465
1775750
1776003
1776110
1776481
1777251
1778363
1779765
1780426
1781444
1781459
1784498
1785090
1785509
1785790
1786116
1786819
1789353
1793310
1793616
1795453
1796569
1796922
1799351
1799369
1802226
1802995
1803928
1804633
1804704
1806803
1809150
1809893
1810358
1811386
1813842
1814187
1814230
1814852
1816733
1816882
1816931
1816983
1817064
1817077
1818119
1820258
1821528
1822040
1823414
1828270
1829404
1831587
1832210
1832266
1834072
1836327
1837112
1837678
1838776
1841318
1841676
1842416
1843545
1843823
1844265
1845693
1846322
1848515
1849043
1849724
1850448
1850629
1850826
1850977
1852394
1852901
1853097
1853826
1853940
1854016
1854078
1854499
1855029
1855817
1857024
1857079
1857192
1858498
1858533
1862855
1863152
1866435
1867315
1867365
1868088
1868344
1872404
1872449
1874158
1874304
1876201
1877224
1877701
1877922
1878120
1878563
1878942
1879501
1879669
1883118
1884124
1886246
1886305
1887162
1889342
1890947
1891243
1892215
1894440
1894536
1894991
1895069
1895338
1897471
1900733
1901177
1902075
1902110
1902739
1904506
1907263
1908017
1908248
1909312
1909765
1910344
1910451
1913090
1913558
1915134
1916303
1916377
1917559
1917640
1917661
1918195
1918212
1919984
1920643
1922229
1922643
1922912
1926020
1926632
1927940
1928959
1929032
1929459
1931893
1932700
1933624
1934184
1935688
1937649
1939252
1939315
1939524
1940380
1942167
1943777
1945562
1946677
1946788
1948070
1949149
1949421
1950854
1953769
1956520
1957404
1958570
1960527
1960574
1963176
1963766
1963878
1964275
1965410
1965923
1968127
1968958
1969510
1970267
1972430
1973143
1973638
1975275
1975792
1976018
1976515
1976623
1979132
1979360
1979495
1980629
1980856
1981479
1981860
1984232
1984588
1985596
1985984
1986687
1986985
1987590
1988170
1988516
1988978
1989378
1991463
1992110
1993829
1994688
1994851
1995477
1996658
1996662
1997243
1997810
2001066
2001526
2002041
2002293
2003037
2005266
2005389
2007226
2008279
2009092
2010117
2010577
2011870
2011906
2012643
2013810
2014900
2016556
2016888
2020102
2020201
2021305
2023073
2026468
2028213
2029355
2030062
2030639
2031309
2031961
2031975
2032596
2035021
2035683
2037261
2039651
2039923
2041448
2042681
2043768
2045789
2048759
2049295
2049913
2050416
2051036
2053337
2055488
2056343
2056484
2056817
2057470
2057588
2058780
2059300
2059704
2060557
2062112
2062272
2063803
2064031
2064758
2069353
2070463
2070899
2072608
2073079
2074974
2076922
2077299
2077453
2077957
2078381
2078852
2081019
2082246
2082327
2082662
2084663
2086192
2086642
2088207
2089568
2089878
2089961
2089966
2090101
2093493
2095302
2096503
2097671
2098275
2098630
2098737
2100161
2100933
2102339
2103080
2103914
2104425
2106660
2108820
2109105
2109932
2110472
2112479
2114118
2115363
2116397
2116812
2117669
2120822
2121283
2121478
2121649
2122221
2122466
2122635
2123443
2124187
2124508
2125052
2125055
2125312
2128171
2128605
2128660
2129206
2129886
2130981
2133360
2134172
2135182
2135261
2135985
2136250
2136889
2138341
2139138
2141575
2141582
2142132
2143382
2144661
2144663
2149879
2150331
2151716
2152252
2154721
2155925
2158419
2158598
2159398
2159672
2160260
2160385
2160929
2161236
2161687
2161774
2161986
2165130
2165712
2165970
2166366
2167167
2167632
2167783
2168365
2168431
2168731
2168971
2169161
2169278
2172163
2174758
2175738
2176796
2177055
2178359
2182890
2183515
2184794
2186247
2187488
2191667
2192288
2193187
2193520
2196816
2196903
2199089
2199478
2199653
2200412
2200490
2200682
2201374
2202077
2203925
2204015
2206427
2206517
2207625
2208033
2209808
2212016
2212045
2212202
2212390
2212777
2213512
2215179
2216229
2218049
2218495
2218512
2218677
2218688
2218857
2219417
2220022
2220529
2221407
2222438
2222958
2223141
2227214
2227540
2228212
2228269
2229656
2229918
2230475
2231194
2231536
2231578
2231662
2235389
2235414
2235834
2236675
2238049
2238127
2239541
2239900
2240589
2241760
2241886
2243151
2245339
2247278
2250270
2251449
2255460
2256025
2256179
2256287
2256749
2257009
2257137
2258451
2258650
2258829
2259341
2260476
2261095
2261975
2263877
2264375
2264738
2266591
2267165
2269611
2271979
2272201
2273398
2273593
2273957
2274417
2277947
2278462
2279520
2280582
2282131
2283085
2283275
2283997
2284946
2284981
2287044
2287954
2291786
2291843
2292852
2293568
2294483
2296278
2297653
2301739
2302049
2302423
2302791
2302861
2303990
2305454
2305721
2306819
2309092
2309594
2310768
2311089
2311710
2312675
2313067
2313752
2316129
2316577
2318125
2318131
2319175
2320299
2320313
2321345
2322489
2323191
2324918
2326456
2328269
2328489
2329156
2331400
2332425
2332910
2333111
2333932
2336105
2337463
2337622
2337654
2342397
2343132
2344422
2345062
2345588
2345801
2346484
2347221
2349052
2349552
2349883
2350020
2350434
2354858
2355174
2357080
2357759
2359149
2359281
2359827
2359873
2361229
2361484
2361684
2361880
2362473
2364304
2365945
2368602
2368829
2368934
2370180
2371114
2372713
2373061
2374081
2376213
2378123
2378732
2379123
2380961
2381101
2381705
2383284
2383580
2385602
2386051
2387655
2388240
2388266
2388632
2390237
2391168
2392554
2393735
2395819
2399120
2399943
2400491
2404059
2404575
2405198
2405448
2405869
2406961
2407705
2408225
2408913
2409289
2410119
2411427
2412107
2412925
2415816
2415985
2417007
2418154
2418998
2419256
2419617
2421133
2422494
2422820
2424533
2424953
2425503
2425836
2425929
2428437
2430247
2432804
2433206
2433854
2439453
2439603
2441828
2443097
2446121
2446895
2448898
2448945
2449201
2449298
2455254
2455548
2455589
2455857
2457247
2458472
2458928
2460999
2462935
2463634
2464098
2465152
2465978
2467081
2467452
2467665
2468622
2469274
2470078
2470281
2470377
2470906
2470921
2471818
2473208
2473465
2475093
2477169
2481781
2482600
2485964
2486383
2487000
2487802
2488333
2489773
2491714
2492176
2492391
2493681
2495806
2495988
2496298
2499010
2499033
2501258
2502257
2507061
2507235
2508108
2509094
2510525
2510995
2512123
2514229
2514955
2515631
2517165
2517844
2518490
2519448
2520908
2521109
2521154
2521458
2521856
2522534
2523864
2524115
2524180
2525295
2525536
2526466
2527420
2527879
2529198
2529653
2531250
2532123
2532269
2533354
2534629
2534726
2534753
2535878
2538085
2540468
2541011
2541768
2541834
2542296
2542961
2543420
2544315
2544821
2545003
2545186
2545362
2546131
2546632
2547329
2547951
2549583
2550451
2550799
2552029
2552644
2553205
2554938
2557467
2558048
2558284
2558904
2560674
2560747
2564059
2564888
2565769
2567722
2569093
2573179
2573523
2573808
2574458
2575137
2576214
2576543
2577077
2578543
2579123
2579452
2579580
2580337
2580752
2581454
2581546
2583220
2583685
2583892
2585088
2585156
2585381
2586862
2588050
2588612
2589869
2589992
2592351
2592834
2593254
2595393
2595605
2597187
2600502
2600706
2601215
2601372
2601589
2602969
2604822
2605726
2605913
2606176
2606494
2607735
2608233
2609646
2609804
2611003
2611224
2611920
2613532
2615103
2615584
2617194
2618437
2618554
2620451
2623878
2625302
2625520
2625953
2626528
2627757
2628218
2628299
2628974
2629064
2629731
2629840
2630224
2631792
2632800
2633754
2634940
2635636
2636553
2638443
2639383
2639784
2640343
2641007
2642789
2643316
2644817
2645126
2645382
2646163
2647164
2647359
2647788
2648027
2648028
2648664
2651699
2654242
2654911
2655281
2655607
2656222
2658059
2658435
2658534
2658748
2659225
2662861
2663134
2664274
2665606
2666101
2666819
2667361
2669728
2674316
2674715
2675169
2675524
2676375
2677389
2677763
2678534
2679501
2680330
2681492
2683424
2683881
2684650
2686084
2686862
2687646
2690207
2690228
2690372
2692091
2692108
2692809
2695900
2696136
2697421
2698869
2699688
2700127
2700802
2702492
2702707
2704420
2704888
2704996
2705858
2706341
2706665
2709375
2710380
2710682
2712160
2712530
2713049
2714304
2716484
2716725
2716789
2718095
2719308
2719338
2720485
2721798
2723386
2727315
2727319
2730390
2730808
2730837
2730898
2731740
2733633
2733897
2734378
2734659
2735131
2735995
2736006
2737071
2737139
2738113
2738285
2738756
2739738
2740100
2740670
2741032
2741591
2744091
2744414
2744469
2744485
2747337
2747373
2747689
2748298
2750058
2750259
2751247
2751452
2753872
2754972
2756479
2757529
2757763
2757880
2758160
2760711
2761569
2762598
2763269
2763339
2765600
2765679
2766629
2768083
2769819
2771625
2772668
2773267
2774355
2774593
2776190
2776531
2778694
2779762
2781864
2781872
2782094
2782477
2783233
2783809
2783992
2784077
2786669
2787926
2788252
2788860
2789249
2789945
2792024
2792145
2792424
2793960
2795018
2796879
2798651
2799829
2800579
2801751
2801965
2802378
2804861
2807508
2807661
2807804
2807868
2808373
2808520
2808860
2809880
2812262
2814016
2814344
2814789
2814893
2817877
2823491
2826032
2834674
2835622
2839720
2839848
2840392
2841065
2841422
2844357
2845896
2850368
2850836
2851157
2851278
2851778
2853700
2855262
2855813
2859052
2860692
2863467
2865330
2865875
2866373
2866489
2868875
2869634
2869990
2870740
2871339
2871865
2872191
2872981
2875124
2876241
2877252
2877355
2879450
2879587
2879739
2879812
2880799
2882610
2883364
2886180
2887174
2887559
2888464
2890817
2892005
2892085
2892201
2893980
2894874
2895973
2896526
2898420
2899009
2901195
2902186
2904279
2904474
2904626
2905431
2905675
2906230
2906424
2910170
2910920
2911669
2912966
2914148
2914279
2914387
2914779
2914909
2915060
2915088
2915805
2916477
2917473
2921795
2923315
2925716
2926210
2926305
2926431
2926476
2926653
2927969
2928093
2928224
2929082
2929127
2929774
2930345
2931555
2932032
2932610
2932774
2933522
2934366
2934652
2936168
2936418
2938561
2938707
2939598
2939700
2939927
2940191
2940423
2940559
2941978
2942560
2942576
2944502
2944532
2944841
2945315
2946634
2947395
2948454
2949340
2951371
2951794
2953423
2955300
2955521
2957268
2958430
2958595
2958720
2959709
2959844
2960288
2960512
2961219
2964005
2964130
2965521
2967147
2967476
2969138
2972032
2974184
2975122
2975291
2976680
2976970
2977708
2978356
2978609
2979094
2979877
2981689
2982087
2983372
2983767
2983829
2984511
2986342
2986803
2987764
2991779
2992547
2992625
2992975
2993115
2995191
2996693
2996766
2997894
2998891
2999782
2999985
3000525
3000934
3003099
3004448
3006266
3006649
3008088
3009138
3009211
3009669
3010564
3011015
3011868
3012004
3012126
3012271
3013924
3014837
3016746
3016967
3019206
3019664
3020463
3021198
3025092
3025168
3025310
3026075
3026567
3026930
3027318
3028832
3029154
3031280
3031388
3032630
3032643
3034640
3035236
3035519
3037123
3037671
3040022
3041188
3041773
3043072
3044187
3045265
3045409
3045527
3047719
3047745
3048286
3048339
3048923
3050543
3050549
3050735
3051704
3052015
3052198
3053207
3053943
3054650
3055788
3056370
3056709
3058678
3059803
3060830
3065121
3066025
3066117
3067665
3069263
3069559
3070099
3070931
3071284
3072661
3073715
3075199
3075201
3076817
3078078
3078105
3079335
3079794
3079840
3080822
3081551
3082488
3083659
3083845
3085262
3085862
3087957
3089460
3089997
3090033
3090118
3092511
3093540
3093995
3094666
3096397
3097229
3097506
3097588
3099144
3099455
3099466
3101085
3102575
3102779
3103178
3104285
3104523
3105137
3105204
3105210
3106287
3106741
3107788
3108227
3109612
3110282
3111289
3113107
3115868
3118765
3122435
3125385
3125970
3126530
3127572
3128548
3129168
3130113
3130356
3131815
3133605
3134186
3135158
3135734
3136987
3137996
3138306
3142644
3144857
3145787
3145873
3147927
3148259
3148327
3150134
3150550
3150980
3151277
3151779
3152725
3152854
3155492
3156215
3156891
3157551
3161015
3161879
3163753
3165195
3166928
3167591
3167672
3168330
3168345
3170578
3171793
3172725
3173218
3177169
3177186
3177957
3179007
3180368
3180513
3181276
3181486
3182767
3183488
3183503
3184002
3184412
3186457
3187675
3189017
3191715
3192880
3192988
3193913
3194660
3194854
3195868
3196186
3198333
3198619
3198681
3199129
3199893
3200137
3201018
3201377
3205500
3205909
3206307
3210386
3210805
3211632
3211707
3212923
3212986
3214126
3214975
3215802
3217101
3217178
3220041
3221135
3222085
3223615
3224922
3225603
3228018
3229495
3229566
3230182
3230862
3232004
3232370
3233610
3233866
3235154
3235679
3236570
3238145
3238311
3239054
3239350
3239680
3240391
3243783
3243888
3243932
3244673
3245268
3247698
3248468
3248877
3248921
3249662
3249781
3250338
3251623
3252559
3254851
3254976
3255533
3255757
3255877
3257126
3257138
3257491
3258342
3258721
3260403
3264610
3265616
3266544
3267116
3267664
3267747
3267892
3268031
3268104
3269224
3270241
3270594
3273140
3273763
3276365
3277996
3278605
3279426
3280258
3281070
3281906
3282854
3283031
3283607
3283618
3283832
3284123
3285675
3286071
3286273
3287126
3287701
3288305
3289186
3292224
3292340
3293423
3293963
3294624
3296015
3296158
3296447
3297072
3297778
3298094
3300765
3305640
3306473
3308004
3310871
3311449
3311820
3313482
3314980
3315138
3315220
3315249
3319279
3319411
3319553
3319904
3320105
3320618
3321884
3322321
3322841
3323687
3323719
3324199
3324647
3324817
3325769
3326125
3327532
3329768
3331646
3332061
3332071
3332457
3334315
3334421
3334455
3334613
3335225
3335385
3335390
3335933
3335998
3336589
3336813
3339002
3339087
3339842
3342896
3344442
3344908
3345428
3346784
3349429
3350021
3350232
3350282
3351166
3354167
3354336
3354655
3356142
3357815
3359774
3360245
3360731
3361020
3363999
3364053
3365063
3365359
3367159
3368744
3371519
3372824
3374262
3374702
3375065
3376315
3378884
3378968
3379280
3379674
3379735
3382543
3382839
3384119
3384209
3387258
3387269
3387804
3387894
3389510
3391059
3392837
3393974
3394301
3395344
3401365
3401527
3402030
3407858
3409918
3412741
3413784
3416567
3416887
3417592
3418675
3420114
3421148
3421298
3422149
3423264
3424556
3425421
3428366
3429075
3431658
3431809
3432222
3433743
3433927
3434194
3434476
3434774
3436033
3436639
3436863
3439040
3440057
3440527
3441192
3445535
3447031
3449532
3449736
3449936
3451302
3451935
3453221
3454378
3457947
3462131
3462228
3462437
3464664
3466223
3466560
3468619
3471936
3472842
3472966
3473443
3475032
3475087
3478918
3479472
3480795
3480913
3481113
3481264
3482363
3483129
3483674
3485885
3487525
3488359
3488484
3488817
3489112
3490966
3492007
3492540
3492772
3494515
3495428
3496331
3497348
3498395
3499955
3500036
3501364
3501862
3502394
3502558
3504359
3505577
3505947
3507815
3509138
3509587
3509862
3510653
3511694
3511938
3512064
3514633
3515589
3516710
3517652
3518640
3521523
3521634
3521805
3521979
3522215
3523055
3524215
3524482
3525163
3525835
3526717
3527788
3529026
3529829
3531646
3531910
3532265
3532438
3533120
3533939
3534956
3537568
3538785
3539647
3539863
3542115
3546244
3546880
3547852
3548560
3548651
3551079
3551940
3553118
3553521
3554565
3554814
3555642
3556999
3557527
3557646
3557763
3558656
3560464
3561803
3562192
3562286
3562692
3563918
3564375
3564460
3565095
3565201
3565472
3567295
3569663
3570523
3572402
3573450
3574185
3575066
3575207
3575914
3576633
3576733
3577163
3577744
3579263
3581227
3581665
3582543
3583431
3583717
3584644
3585003
3585115
3586187
3587386
3589784
3590943
3592322
3593488
3593619
3594171
3594210
3594578
3596534
3599354
3599842
3600101
3600830
3601399
3601625
3601695
3605000
3606204
3606737
3608051
3609374
3609906
3611059
3612890
3613723
3613879
3615178
3619168
3619583
3622056
3623379
3623547
3624177
3626193
3626277
3627313
3628913
3629231
3629954
3629978
3630680
3632951
3637209
3637979
3638210
3639370
3639421
3641769
3642433
3642603
3643298
3643427
3643835
3644340
3645315
3646632
3648199
3648236
3648818
3650990
3652121
3652325
3652845
3653685
3654911
3656053
3656675
3657306
3657824
3658487
3659636
3661881
3662323
3663727
3664340
3664592
3664748
3666832
3667406
3667596
3669368
3670105
3670208
3670449
3671115
3672167
3673001
3675150
3676305
3677079
3677677
3678504
3680456
3682378
3683088
3683646
3683715
3683809
3684201
3685929
3686175
3686215
3687297
3688448
3688645
3689475
3689847
3690754
3691496
3691500
3692019
3692096
3692251
3693222
3693832
3693863
3695579
3698229
3699685
3699706
3699853
3699901
3700021
3700309
3701799
3702518
3704696
3705635
3705798
3706353
3710428
3711223
3711370
3711522
3711896
3712723
3713150
3713152
3714867
3715058
3715330
3716570
3716790
3717993
3718189
3719721
3722674
3723595
3726516
3726998
3727208
3730012
3730155
3730549
3730650
3730690
3731341
3731644
3732179
3734403
3735094
3735840
3738933
3739122
3740815
3740866
3741428
3742692
3742999
3743213
3743666
3746061
3746744
3747742
3749443
3752141
3752345
3755411
3755780
3756890
3757013
3757761
3758619
3760425
3763534
3764766
3765136
3765348
3767088
3767750
3770060
3773819
3773932
3774266
3774645
3774977
3775122
3775356
3776050
3776282
3776370
3776882
3778386
3778818
3779403
3781410
3782161
3784214
3785461
3785620
3785969
3787323
3788456
3788909
3789060
3792017
3792460
3792473
3792971
3793143
3795164
3795165
3795454
3796851
3797521
3797547
3797890
3798096
3798261
3798834
3800704
3800973
3803320
3803418
3804111
3805877
3807138
3807594
3807991
3809870
3810161
3810455
3811376
3811868
3813972
3814044
3814999
3815357
3816141
3818221
3819083
3819113
3819133
3819281
3819426
3821559
3822274
3822450
3822585
3822748
3822769
3824851
3825004
3825814
3825925
3828097
3828927
3829259
3831219
3832092
3832296
3832431
3832956
3834363
3839279
3839422
3840651
3842279
3844072
3844451
3844815
3845262
3846104
3847334
3848688
3850324
3851285
3852110
3852551
3852812
3854799
3855363
3855696
3858278
3858946
3860672
3861529
3862245
3863491
3863850
3865954
3869641
3869808
3871440
3872287
3872318
3872891
3873236
3873315
3873443
3875097
3875941
3875976
3877278
3880032
3880668
3883061
3883095
3883329
3884627
3885702
3886465
3888214
3888813
3888816
3889045
3889718
3893402
3895119
3895136
3897128
3897644
3897672
3898515
3899852
3900665
3902855
3904640
3906309
3906693
3910581
3911161
3911344
3912108
3917252
3918005
3921048
3921294
3921653
3921916
3921949
3922679
3923178
3923215
3924154
3924304
3926966
3927665
3928616
3929232
3929368
3930502
3930950
3931233
3932375
3932578
3932862
3933686
3933821
3935104
3935313
3935559
3935896
3937289
3943177
3943287
3945305
3945360
3945960
3947539
3949904
3950065
3954031
3955818
3957327
3958660
3958734
3960079
3961354
3962002
3962003
3962284
3962799
3965012
3965846
3966628
3968672
3970554
3971247
3972771
3972775
3976381
3976556
3977202
3977775
3979171
3979773
3982302
3982802
3983243
3983791
3984141
3987209
3987437
3988660
3989150
3989271
3990285
3990875
3991226
3991721
3991982
3992882
3995423
3995740
3996143
3997664
3997955
3998587
3998792
3999006
3999427
4000879
4002068
4002363
4002948
4003602
4006863
4007878
4010298
4012204
4012250
4012667
4015075
4016457
4019385
4019460
4020152
4023074
4025362
4027168
4028433
4030124
4030974
4033068
4033896
4034454
4035843
4037159
4038110
4039204
4039593
4040393
4042656
4042753
4044380
4045423
4047024
4048469
4050554
4051409
4052306
4052365
4052460
4052952
4057561
4058343
4059388
4059870
4060926
4063209
4063612
4063876
4065564
4065660
4069262
4071223
4072171
4072547
4072598
4073415
4075628
4076187
4077522
4077790
4077857
4077876
4077955
4081324
4081391
4081485
4082973
4083099
4085406
4087741
4088616
4088896
4091837
4092531
4092640
4094633
4095052
4095288
4095980
4099530
4100084
4100400
4100898
4101457
4103135
4105018
4105894
4106533
4106534
4108351
4108635
4109173
4110742
4114958
4115773
4115860
4115868
4117553
4117575
4117673
4118155
4118665
4119126
4119723
4123727
4126264
4126689
4127314
4127826
4129081
4129227
4129585
4130855
4132767
4132844
4135926
4136143
4137207
4138660
4138889
4139230
4139928
4140241
4143416
4143647
4146471
4147223
4147763
4150177
4150919
4154343
4154668
4155156
4156037
4157138
4158251
4158370
4158616
4159902
4160915
4161691
4161867
4162227
4164423
4164789
4164851
4166611
4168140
4169777
4173912
4174097
4175472
4175621
4175665
4177128
4177917
4178206
4179114
4179402
4180941
4181294
4181603
4184153
4184398
4185197
4185399
4185840
4186917
4186995
4187043
4187795
4188151
4191723
4191938
4192707
4195736
4196699
4201163
4204007
4206588
4208893
4209254
4210153
4211315
4211834
4212361
4212616
4215441
4219074
4219456
4219947
4221979
4226296
4228484
4230174
4232550
4232672
4233412
4233413
4234235
4234947
4235703
4236156
4236157
4236386
4237500
4237899
4237981
4238531
4239683
4242431
4242846
4243575
4243663
4243745
4245708
4246862
4248146
4248516
4251476
4251800
4251824
4253271
4253276
4254846
4255770
4259604
4261865
4263419
4263881
4266010
4266018
4266072
4268784
4270124
4271695
4273239
4273889
4274834
4275882
4276140
4276980
4277909
4278623
4279182
4280362
4281558
4281712
4283441
4283442
4284172
4285569
4285739
4285832
4286185
4286959
4287608
4288070
4288300
4289294
4290297
4291040
4291499
4292598
4293064
4293649
4294938
4295020
4296784
4299305
4299447
4300124
4300633
4300857
4300879
4308234
4308314
4308979
4309436
4310244
4310706
4310875
4311676
4311847
4312240
4313214
4314291
4317138
4317312
4318968
4319398
4320092
4320145
4320155
4321183
4321732
4321746
4322098
4322681
4323552
4324327
4324791
4325150
4325807
4326455
4329585
4330715
4331684
4331736
4335397
4337567
4338791
4338877
4341410
4344301
4346857
4347340
4347575
4349832
4351124
4351286
4351338
4352815
4353247
4353762
4355144
4356503
4357051
4357742
4358077
4360803
4362450
4365324
4366325
4366753
4366933
4367220
4367694
4367701
4369388
4369543
4369766
4377123
4378279
4378630
4379189
4380796
4381953
4382838
4384712
4385775
4385867
4388873
4388975
4389672
4390878
4390921
4391394
4391398
4391577
4391663
4392054
4392269
4392991
4395202
4395781
4397312
4398169
4400178
4400211
4402116
4402753
4402996
4403060
4405122
4405765
4405870
4406118
4407902
4408177
4410205
4411216
4413705
4414025
4414965
4415489
4415671
4416330
4417060
4420420
4422503
4422512
4423014
4425104
4425439
4425545
4426244
4426959
4427264
4430241
4430271
4430827
4431101
4432896
4432973
4434370
4434447
4436120
4438014
4438595
4438996
4439305
4439639
4440058
4441594
4443268
4444977
4445066
4445344
4447221
4451368
4451442
4451797
4452242
4453482
4454775
4455220
4456186
4456926
4457236
4457521
4457526
4458984
4459715
4459778
4460376
4460658
4461639
4461950
4462284
4462313
4462492
4466582
4467775
4467837
4467868
4468008
4468249
4468959
4470735
4473045
4474075
4474411
4475056
4475576
4475790
4478308
4479911
4480171
4480652
4481902
4482663
4487312
4488716
4489850
4489857
4489915
4490169
4490676
4490777
4492319
4493985
4496478
4496631
4497326
4497665
4498499
4500064
4500179
4500828
4500917
4501055
4502088
4502292
4503462
4504935
4505529
4507438
4508472
4509568
4509918
4510565
4515230
4517458
4518489
4519041
4520102
4521399
4523321
4524293
4525753
4526028
4528001
4529207
4529628
4529926
4532479
4534986
4536432
4537277
4537947
4541749
4543991
4544162
4544992
4545048
4546422
4547076
4547264
4548320
4550699
4551492
4552904
4554475
4555106
4555196
4555922
4557177
4562038
4562817
4563062
4565919
4566275
4567722
4568062
4569432
4569439
4571998
4572507
4574010
4575411
4577727
4578030
4578125
4579900
4580535
4580816
4580858
4581576
4582788
4583364
4583369
4583914
4585342
4585816
4587216
4587284
4587872
4588960
4589498
4590231
4590871
4591364
4592306
4593700
4594749
4594956
4595062
4595190
4595689
4597772
4599171
4600696
4600850
4601280
4603511
4605496
4605538
4607451
4607758
4608106
4608423
4609818
4613172
4614864
4615732
4618036
4618309
4618894
4620277
4627206
4627338
4627463
4629175
4629990
4631883
4632795
4633051
4636075
4636423
4639786
4640487
4642545
4643618
4644115
4646431
4646911
4647297
4647563
4647925
4648256
4648809
4652119
4652171
4652620
4652735
4652870
4653288
4653456
4653756
4654003
4655048
4655320
4655898
4657156
4659705
4661722
4662642
4663076
4663491
4664468
4664980
4665218
4665570
4667293
4668011
4668043
4668138
4669842
4670942
4671673
4672821
4673003
4673103
4675370
4675399
4676573
4676787
4679183
4681261
4681644
4682372
4684383
4685417
4685632
4687360
4688119
4689268
4689888
4690320
4690803
4691775
4691917
4692165
4692211
4693402
4693774
4694164
4694492
4694857
4694861
4695015
4696217
4696613
4697152
4697407
4698576
4698849
4700500
4702233
4703338
4704740
4706629
4706820
4707223
4709234
4711672
4713201
4714092
4715296
4715400
4715436
4716793
4716923
4717125
4717702
4718201
4719129
4720580
4720620
4721069
4721369
4722576
4722723
4723330
4725115
4726062
4726762
4729311
4730866
4730923
4732477
4733953
4734430
4737010
4739875
4740577
4742534
4743229
4743306
4743583
4745079
4745680
4745769
4746208
4747560
4749183
4749672
4751027
4753175
4754600
4755397
4756670
4756943
4757424
4757444
4759637
4760897
4761192
4761212
4761742
4763294
4764451
4765039
4768031
4770574
4771009
4771761
4771834
4772196
4773077
4773324
4774513
4775490
4775707
4775908
4776838
4777846
4777996
4778431
4778701
4778959
4779466
4779920
4780371
4781037
4782775
4783271
4787197
4787390
4792928
4795082
4796184
4797675
4797932
4798587
4798623
4799119
4800623
4802010
4802994
4804509
4806443
4807569
4809118
4810932
4811719
4812579
4812942
4813115
4813269
4814854
4815895
4815941
4816548
4816893
4818353
4818896
4819534
4819661
4819888
4820284
4820872
4823126
4823704
4824825
4826122
4826468
4827273
4829868
4830822
4836064
4838105
4838883
4839689
4841343
4841397
4842892
4843735
4843914
4843969
4844199
4844613
4845061
4847163
4847556
4848756
4849681
4850218
4850286
4850928
4851806
4851928
4852274
4859321
4859331
4859977
4860278
4861264
4863045
4864761
4866633
4868119
4868121
4869495
4871700
4871938
4874698
4875186
4878907
4878932
4879283
4882100
4882790
4883080
4883840
4883884
4886691
4887619
4890625
4891029
4891257
4891918
4892885
4893015
4893427
4894581
4895353
4895590
4896065
4897226
4897418
4897820
4898222
4898808
4900374
4900434
4900663
4903011
4904345
4906066
4906182
4908043
4908314
4908422
4911861
4912912
4912958
4913036
4914009
4914471
4916750
4916983
4918447
4919645
4920402
4922020
4922054
4922970
4925007
4925328
4926292
4927291
4927574
4928273
4929521
4930073
4930502
4934283
4936587
4937382
4937785
4938765
4939720
4939750
4940529
4940996
4941409
4941759
4941961
4942254
4942774
4944464
4944677
4944917
4946343
4947841
4948004
4948337
4950676
4952450
4953607
4955405
4956106
4956860
4956909
4957883
4959119
4959594
4961027
4961669
4962478
4963355
4963706
4964450
4965056
4965781
4966253
4966481
4967571
4967620
4967762
4968812
4969269
4970101
4970156
4970267
4970404
4970691
4972145
4972997
4974485
4976238
4977429
4977990
4979299
4979643
4979709
4980242
4981201
4982405
4982875
4983015
4983588
4986361
4986460
4987358
4988648
4990289
4990359
4991427
4993180
4993336
4993434
4994615
4996653
4997235
4997596
4997705
4998108
4998436
4999941
5000472
5000973
5001229
5002624
5004236
5004341
5004444
5004899
5005699
5005753
5006437
5008966
5009198
5010586
5011366
5012200
5012285
5012662
5012696
5012804
5012955
5013499
5014927
5015197
5016433
5017410
5017544
5017855
5018012
5018107
5019699
5019719
5020180
5020222
5022360
5022927
5022957
5023514
5026835
5027161
5028267
5028688
5028838
5029263
5031228
5031770
5032217
5032698
5034341
5035312
5035822
5035998
5038376
5039600
5040671
5041752
5045206
5046851
5048390
5049085
5049563
5051417
5051744
5051934
5052166
5053736
5057681
5058616
5058715
5059086
5059899
5060997
5061371
5061587
5062129
5062298
5062830
5068829
5069334
5069491
5069733
5070743
5071188
5071407
5071433
5073479
5074081
5075354
5078807
5080109
5080365
5081279
5081310
5081527
5082124
5083791
5084007
5085027
5085651
5086091
5088667
5088898
5088982
5089764
5090529
5091715
5094894
5095275
5097278
5097467
5097908
5101106
5101769
5102596
5104331
5105522
5105725
5107800
5109751
5109776
5110062
5110644
5110809
5113774
5114339
5114785
5115995
5117721
5118763
5119013
5119187
5121954
5122910
5124027
5124179
5124775
5125693
5126482
5127653
5128115
5129009
5133341
5133346
5133695
5136373
5136899
5138300
5138491
5139165
5141255
5142439
5142958
5143545
5143963
5144357
5145157
5145399
5145494
5145889
5145906
5146084
5147406
5148505
5149144
5151321
5151584
5153328
5154148
5155817
5155880
5160295
5161207
5162267
5162511
5163333
5163755
5163789
5163906
5164591
5164933
5165155
5166287
5169030
5169644
5171041
5172945
5173288
5176823
5177439
5177555
5178108
5178563
5179243
5179307
5181269
5182462
5183009
5183381
5183419
5183737
5185374
5185511
5186195
5187777
5189202
5190744
5191271
5191592
5193305
5193669
5193885
5194873
5195184
5197539
5198473
5198961
5200247
5202140
5202223
5204794
5205376
5206891
5208056
5211093
5211616
5212833
5213843
5215811
5217183
5220593
5220777
5222213
5222276
5222533
5222882
5224668
5225224
5228033
5230053
5230711
5231232
5232590
5234052
5235919
5236808
5237918
5240408
5240517
5241565
5241727
5241833
5242359
5243234
5244056
5244196
5244499
5244824
5245140
5245865
5245869
5247699
5248423
5248993
5249379
5250355
5250733
5251249
5251649
5253581
5253785
5255481
5256262
5256622
5257181
5258689
5261702
5262543
5262999
5263269
5265523
5266063
5266377
5266516
5267753
5267830
5269103
5269952
5270098
5270626
5272635
5272911
5273958
5274406
5275958
5276315
5276348
5277202
5277504
5278669
5279604
5279793
5281020
5281116
5286009
5286655
5287063
5287642
5287666
5289005
5290270
5291095
5291119
5291334
5291895
5295099
5295742
5296156
5296220
5297149
5298413
5301532
5302071
5302092
5302460
5302685
5302800
5303709
5304831
5306508
5307638
5307945
5307994
5308049
5308686
5309386
5309568
5310003
5311212
5312764
5313113
5313200
5313871
5313987
5314646
5317956
5319051
5322238
5322554
5322951
5323700
5324055
5324499
5324628
5325332
5325797
5325965
5326131
5327655
5327721
5327809
5329028
5330253
5334049
5341021
5342186
5342191
5342984
5346959
5347012
5350061
5352843
5354500
5355397
5356774
5360964
5363694
5364275
5364763
5365406
5367436
5368464
5369608
5370402
5370989
5371033
5373699
5376662
5376985
5377907
5378015
5379307
5380602
5380807
5380839
5385621
5386455
5386565
5386743
5387576
5388139
5388159
5388336
5390051
5390318
5391247
5392767
5393203
5395503
5396668
5400730
5401050
5402176
5402184
5402240
5402504
5402563
5402855
5403060
5404206
5404869
5408146
5408835
5410901
5412574
5412674
5412877
5412971
5413336
5413349
5415777
5416074
5416635
5417921
5419195
5420122
5421928
5423064
5425788
5425899
5426050
5426051
5426161
5428762
5429371
5431407
5432528
5433153
5433372
5434015
5436562
5436806
5437082
5440044
5440234
5441485
5441616
5441775
5442566
5444721
5448277
5448646
5449371
5452011
5453105
5453137
5454708
5454861
5456459
5457271
5457298
5458799
5460366
5462723
5463741
5464886
5466729
5466804
5468152
5468735
5469053
5469469
5469628
5470106
5471122
5471577
5473864
5474220
5474735
5475249
5475340
5476623
5477215
5478493
5480361
5480553
5480592
5480709
5481824
5482316
5482389
5482538
5483009
5483126
5483199
5483647
5483719
5484728
5485378
5489144
5491417
5492362
5492620
5494302
5495239
5495586
5497058
5498380
5498668
5499781
5499971
5502824
5503474
5504917
5505708
5505797
5506155
5506907
5507640
5508439
5508853
5509249
5509518
5510225
5510449
5510755
5511036
5515503
5517981
5518256
5518886
5521010
5523179
5526006
5527272
5528703
5530542
5530596
5534868
5536351
5536911
5537314
5538094
5538532
5539227
5541195
5542718
5542721
5543173
5543201
5544528
5545419
5547003
5547066
5547831
5547964
5548035
5550997
5551322
5551414
5551581
5553504
5555148
5555280
5556535
5556814
5557182
5560141
5560596
5561205
5563065
5564988
5567608
5570004
5571401
5572200
5573390
5574558
5574809
5577384
5578067
5579897
5580076
5581150
5582390
5583641
5583937
5584608
5585134
5585421
5585528
5585842
5585956
5586038
5587579
5587947
5589763
5590080
5590535
5591159
5591330
5592370
5595606
5596369
5596637
5598735
5599313
5599450
5599584
5599852
5599890
5600032
5600798
5602153
5602813
5604179
5604908
5607211
5607332
5608732
5609937
5611081
5611502
5612084
5612126
5612246
5612356
5612680
5616169
5616755
5616904
5618687
5619841
5620183
5620553
5621257
5624120
5624621
5624683
5624722
5626214
5626859
5627682
5627795
5628837
5630920
5632007
5632011
5633814
5636915
5638126
5640166
5640186
5640445
5640700
5640989
5641610
5641674
5642497
5643722
5644174
5644858
5645929
5647585
5657138
5657697
5658761
5658800
5659895
5660713
5662374
5665159
5665912
5665928
5666717
5668384
5669715
5671482
5671973
5671984
5672015
5672861
5673361
5674239
5675242
5675559
5679964
5680077
5681211
5682509
5685126
5685791
5686753
5687943
5692537
5693346
5694393
5699502
5699810
5699922
5700028
5700239
5703520
5703725
5706358
5707002
5707389
5710410
5711545
5712259
5713590
5713929
5715582
5715879
5716463
5717839
5718198
5719044
5719147
5719449
5720141
5720727
5720783
5721045
5721401
5726831
5729511
5730687
5730847
5731685
5734674
5735677
5737053
5737626
5738586
5739910
5740598
5743259
5743738
5744703
5745554
5745881
5745983
5746668
5747242
5748382
5749098
5749782
5750057
5751684
5751969
5752710
5753234
5755179
5756606
5759484
5759702
5764210
5764998
5767166
5768325
5768415
5769295
5769766
5769798
5769898
5770580
5771745
5776395
5776815
5780579
5781388
5783159
5783230
5785476
5785670
5793512
5794459
5794793
5797152
5798847
5800123
5800256
5801666
5802759
5803103
5805057
5807555
5807851
5808259
5809515
5811932
5812262
5814439
5815003
5815358
5819044
5819252
5819711
5820045
5824391
5824894
5827342
5827586
5828056
5828761
5828849
5829904
5829978
5830814
5832485
5832569
5833613
5834118
5834685
5834919
5834941
5835284
5835700
5836557
5838389
5838547
5839321
5839397
5843087
5845866
5846917
5850805
5852602
5852732
5853558
5853586
5853923
5854078
5854866
5855117
5855759
5858378
5858679
5860522
5860790
5860969
5863903
5864083
5864133
5865177
5867896
5868105
5869708
5869993
5870498
5870874
5872228
5872277
5873041
5873358
5875093
5876157
5876229
5876358
5876489
5877175
5877182
5877933
5878843
5879232
5881409
5881590
5883022
5883947
5884022
5884925
5886109
5887261
5888844
5889011
5891166
5891282
5893606
5894833
5895678
5895844
5897171
5897236
5897511
5898024
5898157
5898744
5899799
5900222
5900438
5900876
5902525
5902686
5902955
5902974
5905030
5906392
5906824
5908141
5908227
5908670
5908796
5908921
5909220
5909223
5910343
5911588
5912425
5912456
5913460
5916471
5916807
5917330
5918968
5920346
5920855
5921634
5923789
5923995
5925356
5927942
5929284
5929555
5930730
5931360
5932062
5932336
5932558
5932755
5933047
5933828
5934418
5934479
5935201
5935221
5936351
5936649
5937420
5939018
5939075
5939534
5939659
5940614
5941651
5942198
5943256
5943471
5943703
5948757
5948951
5949183
5949463
5951349
5952284
5953972
5956480
5957173
5958273
5958336
5959567
5959730
5960671
5960715
5962978
5963035
5963123
5963791
5964698
5965691
5966756
5967311
5967960
5968918
5969210
5969384
5972284
5972377
5972937
5973363
5973550
5973820
5973879
5974325
5979428
5979813
5981685
5984540
5984545
5984692
5984809
5987038
5987917
5989884
5990721
5991173
5992333
5992392
5992604
5992783
5994366
5995027
5995840
6000304
6002743
6003219
6003655
6003754
6004449
6005128
6005374
6008524
6008868
6008954
6010108
6010262
6010570
6010664
6013553
6013928
6014374
6014472
6014685
6015068
6015462
6015482
6016876
6018435
6018778
6019058
6020348
6020642
6021784
6023408
6026216
6026964
6027490
6029416
6030306
6030597
6031645
6033322
6033381
6033496
6034847
6035322
6035720
6036119
6036641
6038625
6040105
6040344
6042164
6042269
6042823
6043506
6044070
6045188
6045606
6045877
6048035
6050409
6050463
6051697
6052648
6054043
6054066
6054328
6055054
6055060
6055162
6056574
6056991
6057081
6058623
6059043
6059726
6060558
6060989
6061464
6061904
6062452
6063408
6064114
6066112
6066248
6067244
6067761
6068273
6069466
6069872
6070633
6071549
6072449
6073738
6074064
6074217
6074991
6076266
6076304
6078007
6079171
6079737
6081666
6081885
6082636
6082661
6085461
6085851
6087262
6087498
6088271
6088552
6088928
6089813
6091293
6092833
6093086
6093127
6093424
6093699
6093712
6093768
6094622
6095105
6097013
6098065
6098096
6099585
6100535
6102168
6103481
6103603
6105583
6106599
6106846
6107032
6107525
6108944
6109920
6110116
6110204
6110427
6110916
6112680
6113820
6114124
6114279
6114767
6115512
6116393
6117754
6117851
6117921
6118831
6119160
6121080
6124602
6130155
6130189
6132218
6132247
6132644
6133561
6136362
6137247
6137296
6137375
6139200
6139201
6139794
6141619
6144570
6144830
6145094
6148612
6148714
6148732
6149812
6150611
6151273
6153197
6154488
6155850
6160255
6160289
6160845
6161215
6161323
6161490
6163509
6168067
6168223
6169765
6175819
6180684
6181696
6183033
6184647
6184780
6185482
6185848
6187181
6187960
6188513
6189848
6190570
6192674
6193306
6193785
6194605
6196005
6196250
6196788
6197353
6197646
6197741
6200193
6200243
6200710
6201918
6203226
6203988
6204078
6206175
6206387
6207080
6213047
6213232
6214321
6214508
6216494
6217608
6219160
6219631
6221453
6222300
6224656
6224920
6225880
6227046
6227585
6228007
6229497
6231194
6232869
6236087
6236857
6236968
6237126
6237274
6237982
6238390
6238552
6241241
6241374
6241748
6241784
6241979
6243104
6243269
6243540
6245609
6246652
6247371
6249126
6250932
6251089
6251816
6253087
6262561
6263798
6267447
6267825
6269292
6269434
6269556
6271696
6273808
6274441
6275173
6275898
6275994
6277937
6278441
6281031
6281092
6281472
6289322
6289807
6290180
6290971
6291351
6292873
6294069
6294801
6295421
6296518
6297670
6298666
6300854
6301100
6303209
6304580
6305679
6306441
6306717
6307401
6308699
6309643
6313195
6318192
6318557
6318572
6318949
6323736
6324913
6324935
6325226
6325750
6325995
6326006
6326733
6328714
6329219
6330323
6330445
6331237
6331873
6332392
6333220
6336293
6336992
6337503
6340179
6340300
6340361
6340490
6340863
6341606
6342737
6343371
6343377
6343429
6343618
6348014
6348217
6350174
6351777
6353603
6353780
6354722
6354910
6355002
6357377
6361268
6362176
6363799
6366126
6366999
6367631
6370104
6371921
6373259
6373301
6373960
6374811
6375106
6375295
6376204
6376762
6378807
6379243
6379359
6380759
6382073
6383263
6383615
6383943
6384144
6384472
6384484
6386617
6386958
6387077
6387148
6387911
6389497
6389803
6390274
6391069
6391614
6391680
6393756
6395055
6395514
6396116
6396573
6397566
6399059
6399328
6400303
6401250
6401682
6401755
6405624
6407179
6407510
6408140
6408452
6409910
6410691
6411467
6413257
6414351
6414680
6415325
6419326
6420348
6425039
6426034
6426587
6426960
6428232
6428729
6428842
6428932
6430341
6430644
6431033
6431255
6432110
6433239
6433658
6435856
6436375
6436460
6437710
6437788
6439569
6441129
6441364
6442299
6442603
6442920
6442979
6443923
6444010
6445017
6447071
6448195
6448372
6448505
6449510
6450871
6457529
6457595
6458629
6459091
6460117
6460906
6462326
6462487
6462690
6463921
6464475
6465870
6466153
6466636
6468896
6470520
6470621
6472544
6473307
6475949
6476238
6480240
6482754
6483509
6483987
6485697
6485732
6486029
6486322
6486984
6487452
6487601
6487861
6488230
6488928
6489074
6491278
6491307
6493254
6493315
6494646
6494935
6498042
6499919
6500620
6501180
6502010
6502637
6503593
6504324
6506317
6507348
6507629
6508289
6508313
6508801
6509246
6509326
6509567
6513127
6513321
6513454
6514223
6514261
6514827
6514912
6515041
6515952
6517063
6517429
6517899
6518578
6518797
6520094
6520776
6521817
6524952
6525925
6527133
6527299
6530708
6532648
6533236
6533254
6534509
6534585
6535253
6536185
6538844
6539614
6539623
6539721
6541646
6542115
6544471
6544549
6547121
6547861
6547994
6548513
6552458
6553414
6555623
6557394
6558723
6559642
6561056
6561555
6564280
6564694
6565107
6565762
6565879
6566411
6567328
6567677
6567939
6568067
6568642
6575706
6575842
6576316
6577534
6578254
6578735
6579099
6579920
6583346
6584715
6585494
6586728
6587526
6588117
6589502
6590748
6591258
6594762
6595265
6596050
6597782
6597996
6598541
6598816
6600075
6601456
6601479
6603961
6606080
6606197
6607718
6608043
6608834
6609331
6610876
6611387
6613405
6613760
6614267
6614274
6615178
6615540
6616248
6616763
6618295
6618902
6619447
6621630
6622335
6622701
6623860
6624053
6624205
6626428
6626843
6627745
6627765
6627813
6628410
6628650
6630130
6631000
6632386
6632425
6635651
6637313
6638106
6638301
6638746
6639798
6641155
6641652
6641814
6642078
6642972
6645467
6646335
6647091
6648172
6649292
6651242
6651738
6652812
6654494
6654687
6655135
6656608
6656956
6657106
6657394
6657972
6658560
6658754
6659524
6660369
6660550
6660554
6662223
6663709
6663910
6664245
6664714
6665875
6666573
6667194
6667404
6667884
6668874
6669967
6670635
6670645
6670681
6671189
6671541
6672142
6673039
6674640
6675420
6676141
6676292
6677619
6678688
6679246
6679828
6679854
6679939
6680327
6680953
6681204
6683925
6684619
6685987
6686750
6686923
6686998
6688064
6688195
6690231
6690498
6691305
6692528
6692703
6694825
6696200
6696310
6696321
6696881
6697270
6697940
6699441
6699865
6700103
6700946
6701497
6701931
6702300
6704813
6707962
6709033
6709546
6711723
6712476
6713255
6713835
6713982
6715856
6717945
6718414
6720074
6720872
6721371
6724118
6724475
6725324
6727654
6727798
6727824
6728777
6729455
6730987
6732077
6732120
6732898
6733358
6733448
6733519
6733536
6737056
6737633
6737869
6738733
6740557
6742473
6742475
6742850
6742877
6743589
6743606
6743926
6745612
6746645
6746921
6746962
6752288
6752852
6754715
6755395
6756744
6756822
6761253
6761805
6762339
6762364
6764741
6769481
6771314
6772038
6772645
6773427
6774509
6774542
6775234
6775650
6775907
6777550
6779015
6779374
6780444
6781992
6782373
6782511
6784475
6784861
6790404
6791675
6792080
6793375
6793538
6795813
6796580
6796985
6798300
6798826
6799141
6800546
6803467
6803916
6804022
6804234
6805023
6805785
6806664
6807574
6808210
6811480
6811506
6811575
6813791
6814226
6815062
6816032
6817337
6818127
6819161
6819496
6819893
6820501
6820832
6826410
6827180
6828767
6828816
6829362
6831359
6831717
6832177
6832767
6833242
6833278
6834117
6834741
6835725
6836754
6837467
6839778
6841603
6842476
6843983
6845300
6848625
6849912
6852028
6852129
6853544
6854004
6855201
6855373
6855965
6856659
6856731
6856741
6858391
6858502
6858772
6859040
6859426
6861966
6863019
6863626
6866769
6869401
6869992
6870467
6872605
6873861
6875598
6875700
6876182
6878419
6879699
6880698
6881082
6883739
6883848
6884324
6886310
6887452
6888096
6888188
6888448
6889656
6892715
6896895
6897009
6897941
6898472
6898541
6899542
6900880
6901817
6903670
6903674
6903784
6906393
6908388
6909355
6910099
6910942
6911335
6913180
6918423
6918558
6920090
6920151
6921419
6924012
6926804
6927201
6928278
6930709
6934206
6936482
6937150
6939470
6939981
6940411
6941146
6941797
6942255
6943107
6943819
6946667
6947756
6948211
6948287
6948652
6949988
6951243
6952451
6955069
6955384
6958340
6959122
6960102
6960192
6960282
6961436
6962517
6962773
6967300
6967981
6968046
6970564
6971038
6971730
6972025
6972626
6974442
6974532
6975276
6975401
6975834
6976710
6976794
6976849
6979411
6980486
6980640
6981110
6981495
6982834
6982967
6983485
6983613
6984377
6984704
6985490
6986215
6986523
6987010
6987135
6988184
6989017
6989772
6990880
6990983
6991685
6993313
6994162
6996858
6998044
6999773
7001070
7002005
7002954
7003731
7004149
7005718
7005762
7006314
7006415
7007070
7010041
7011065
7012578
7013393
7013679
7016737
7016801
7017599
7018855
7019691
7019763
7020698
7021774
7021775
7021973
7022540
7022560
7022823
7024653
7027228
7029081
7029763
7030117
7030709
7035095
7036373
7037305
7038174
7040453
7040836
7044320
7045309
7046559
7047740
7048062
7048430
7050184
7051160
7053020
7053881
7054219
7054604
7055639
7056952
7058426
7058766
7059802
7059807
7060505
7062135
7063197
7063210
7065074
7066743
7067861
7068534
7068546
7069532
7070781
7071518
7073237
7073408
7075187
7075277
7075766
7076078
7076392
7076400
7076793
7076885
7077833
7077849
7078535
7078557
7078876
7078886
7080834
7081183
7081291
7081489
7082652
7082754
7083288
7085494
7085907
7087357
7087401
7087452
7087568
7088971
7090848
7092359
7093939
7094311
7096021
7096691
7096988
7097011
7097627
7098613
7099440
7100460
7100503
7101894
7102327
7102647
7105745
7106576
7107072
7108881
7109980
7110804
7112046
7112355
7112403
7112442
7114405
7115491
7116868
7120271
7121689
7124290
7124339
7124992
7125448
7126128
7126647
7127306
7127537
7127748
7128042
7129519
7129858
7131746
7134093
7135111
7136658
7138105
7138845
7139142
7140209
7140942
7141851
7142599
7142909
7143339
7143376
7144229
7144702
7145337
7145619
7146782
7147750
7150209
7151694
7153648
7154224
7155143
7156727
7159360
7160429
7160753
7161909
7162155
7162456
7162654
7162780
7163837
7163979
7164838
7165062
7165126
7165500
7165769
7168249
7170515
7172105
7172376
7173449
7174400
7174779
7176981
7178589
7178854
7180235
7180998
7183643
7184283
7184346
7184432
7185796
7187233
7188380
7188733
7192371
7193087
7195139
7195526
7196741
7197300
7197489
7197713
7197956
7198781
7199003
7199462
7200324
7200802
7201274
7201835
7202531
7202733
7203031
7203221
7203575
7204740
7205830
7206848
7207372
7209128
7209513
7212464
7215195
7216524
7217234
7219800
7220871
7221004
7221828
7222226
7222660
7222754
7224658
7225280
7225561
7225894
7227216
7229004
7229871
7230305
7230735
7231159
7231490
7231749
7231816
7232320
7233873
7236572
7237048
7237111
7237408
7237956
7238243
7238330
7240895
7242030
7243003
7243478
7244646
7249004
7249072
7249172
7249216
7251032
7251895
7254427
7255212
7255796
7256099
7256968
7257963
7258230
7258978
7259034
7259963
7261458
7261823
7262214
7262576
7263404
7265939
7266169
7267116
7268491
7268920
7269328
7269396
7270024
7271439
7272706
7275689
7276270
7276282
7276669
7278737
7278746
7280469
7282622
7283206
7283846
7285552
7287030
7287083
7287433
7287963
7288340
7291726
7294612
7294839
7294922
7296464
7296542
7297598
7297731
7299218
7300206
7301805
7304613
7304876
7304921
7305031
7305890
7306393
7307370
7307644
7310588
7310911
7312062
7312280
7312330
7314820
7315473
7315596
7316424
7318010
7321887
7322512
7323524
7325837
7326153
7327099
7327575
7327760
7329903
7332802
7332883
7334508
7336514
7338142
7338232
7338669
7339963
7340853
7341220
7343043
7344157
7347797
7348191
7350060
7351326
7352000
7352327
7352487
7354015
7355031
7355101
7356554
7357665
7361769
7363491
7363987
7365526
7365929
7367358
7367757
7367829
7372274
7373527
7373928
7374505
7377066
7377657
7378190
7378324
7379343
7380018
7380158
7380965
7380985
7381011
7381652
7381815
7381991
7382716
7383358
7384575
7384608
7385670
7385935
7385963
7386093
7386102
7388708
7388874
7389833
7389838
7392003
7392202
7393366
7395072
7395280
7396358
7396546
7397533
7398455
7399420
7399881
7400559
7400970
7404643
7404757
7405029
7406017
7406429
7408028
7408075
7412805
7413210
7413358
7414834
7415701
7417075
7417537
7419815
7420363
7421580
7422133
7424609
7425550
7426711
7427077
7427420
7429678
7430035
7430385
7430449
7431209
7432238
7432402
7434361
7435186
7435793
7436843
7438219
7441955
7442588
7442751
7442859
7445268
7445861
7446005
7448550
7448985
7450534
7451052
7451267
7451971
7452054
7453758
7454180
7455767
7456696
7457994
7459438
7461263
7462274
7462458
7462725
7462898
7463457
7464356
7464909
7465007
7466677
7467081
7467164
7467313
7467627
7469955
7470276
7470634
7473555
7478297
7479048
7482277
7482705
7482890
7483860
7483964
7484289
7484880
7485625
7487943
7488553
7488888
7489049
7489739
7490195
7490198
7490998
7491382
7491668
7493152
7494236
7494640
7494973
7495273
7498128
7498528
7500651
7501055
7501757
7501766
7504145
7505034
7505442
7509205
7509472
7509616
7511142
7511678
7511773
7511921
7512682
7514663
7516409
7516930
7518461
7518943
7519189
7519276
7519515
7520408
7523044
7524835
7524895
7528732
7530427
7530493
7531252
7532339
7532478
7532581
7535448
7536318
7537535
7540292
7540932
7541459
7542803
7546233
7547715
7548606
7549033
7549120
7549163
7550365
7551590
7551712
7551969
7552775
7553246
7554047
7555309
7555705
7555711
7556872
7557768
7557928
7558145
7559163
7559789
7560088
7560117
7561259
7562791
7563475
7564367
7565481
7565682
7566441
7566980
7567894
7568883
7569216
7569906
7571117
7571429
7571685
7574084
7576311
7578501
7579702
7580084
7580475
7581671
7582350
7582410
7583207
7585525
7587710
7587839
7588366
7589406
7589619
7589698
7589871
7589910
7590395
7593280
7594952
7597166
7597338
7598962
7600703
7602545
7602602
7602896
7603906
7604466
7606024
7606222
7606814
7608937
7609757
7610659
7610969
7612049
7613610
7615345
7615936
7616631
7616696
7619062
7619194
7620324
7621514
7622251
7623815
7626306
7627321
7629625
7630292
7631104
7633322
7633691
7634265
7634727
7635400
7635418
7636072
7637167
7638732
7638781
7640216
7640373
7641802
7642739
7643892
7643909
7645421
7646001
7647976
7649974
7653410
7653943
7654183
7657150
7657897
7657998
7658052
7658272
7658388
7658438
7659253
7659719
7661368
7662818
7663323
7663587
7665390
7667274
7667328
7668908
7669470
7672999
7673063
7674258
7674883
7675034
7675161
7675709
7676282
7676459
7676681
7677528
7680081
7680875
7681726
7682047
7682647
7684532
7685670
7686393
7687603
7688220
7691656
7691838
7692716
7694009
7694611
7694620
7694649
7695481
7695927
7697248
7698634
7698814
7698906
7698957
7699483
7699616
7701822
7703457
7704092
7705276
7705466
7706211
7708662
7717938
7718882
7719228
7719708
7719915
7720771
7720971
7722151
7724385
7724440
7725393
7725782
7726277
7727669
7727788
7730952
7732564
7733391
7735555
7735863
7737126
7738279
7738988
7739835
7740146
7740425
7740446
7742554
7742592
7743815
7743862
7744390
7744818
7745484
7745900
7748444
7748886
7750054
7750954
7751610
7754293
7756830
7760551
7761323
7761608
7762524
7762555
7762644
7762901
7763720
7763948
7764970
7768452
7768734
7768944
7769379
7769483
7769852
7770233
7770694
7772521
7774093
7775093
7775802
7776267
7778123
7778359
7780706
7780945
7781563
7782136
7782382
7782965
7783663
7783885
7785831
7787358
7787429
7787918
7789238
7792145
7794816
7796063
7796109
7796445
7800485
7800591
7801247
7802420
7803687
7804499
7805416
7805818
7805877
7805932
7806249
7808401
7811105
7814316
7815253
7815254
7816591
7817831
7817959
7819833
7822068
7822075
7822815
7823506
7823931
7825179
7827790
7828037
7828157
7829079
7829699
7831897
7834082
7834300
7835569
7836816
7837917
7839839
7841798
7841919
7844095
7844286
7845035
7846385
7847422
7850223
7850641
7855707
7855863
7857397
7857476
7857626
7858698
7858715
7859326
7859385
7861046
7861437
7861548
7861590
7863127
7864246
7865099
7865894
7866797
7869081
7869942
7870166
7872000
7874191
7875064
7878925
7880206
7880220
7882249
7884790
7885486
7885735
7888686
7889057
7891084
7891554
7893176
7893230
7893827
7894277
7895328
7896549
7897057
7897063
7897241
7897893
7898033
7899895
7900920
7900959
7904149
7904791
7906840
7907009
7907304
7908152
7908198
7909563
7910404
7910628
7910853
7911052
7911747
7912608
7913453
7914553
7916459
7917162
7917660
7918179
7919954
7920891
7922586
7925687
7926458
7926525
7927362
7929521
7931735
7931764
7932618
7933198
7933803
7933899
7934602
7936083
7936288
7936612
7937788
7938093
7938527
7938760
7939111
7939582
7940855
7941519
7942396
7942858
7943430
7944484
7944816
7944847
7945199
7947907
7948003
7949446
7951004
7951805
7951893
7952467
7954051
7954071
7954172
7955176
7956149
7956537
7956772
7956898
7957480
7958396
7959183
7959478
7959677
7961003
7961537
7962363
7963577
7964363
7966535
7968152
7968433
7969141
7969181
7970336
7970392
7970405
7970557
7971704
7971719
7973491
7975090
7976510
7977125
7977382
7977556
7977670
7978373
7980180
7980365
7981431
7981708
7982908
7985200
7988350
7989968
7990125
7990359
7990519
7990874
7991338
7992840
7995003
7995592
7996119
7997253
7997815
7998491
8000485
8001827
8004094
8004181
8004315
8009399
8012513
8013012
8013476
8014228
8015133
8015242
8015434
8016691
8018230
8018845
8019299
8021404
8023594
8024384
8026038
8026785
8026829
8030693
8031970
8032132
8032307
8034136
8036546
8036794
8038319
8039304
8039357
8042159
8044413
8046672
8048663
8051372
8053720
8054890
8055183
8055992
8058762
8059085
8059880
8063668
8064082
8066304
8069688
8069884
8071199
8071564
8071648
8071663
8072572
8072938
8073977
8076324
8076474
8076831
8077104
8079474
8081180
8086178
8086744
8086900
8088036
8088665
8088728
8091116
8091592
8094388
8094506
8094899
8094990
8095491
8096486
8097875
8098588
8099469
8100374
8100657
8101251
8101787
8101812
8102802
8103097
8103283
8103851
8104443
8104847
8105023
8106430
8107612
8108140
8108704
8109419
8110139
8111995
8113063
8113466
8114855
8115684
8116147
8116367
8118544
8119235
8119479
8119545
8121853
8121881
8122577
8122748
8123179
8123345
8124049
8125062
8126690
8127034
8128810
8131128
8131255
8132234
8132763
8133273
8133625
8133947
8134489
8135978
8136476
8136587
8138408
8138566
8139259
8139437
8141259
8142769
8144297
8147509
8148180
8148701
8149568
8151403
8152610
8153502
8154472
8157657
8158260
8158583
8159928
8161978
8162719
8162845
8164040
8166945
8167225
8169454
8170261
8170356
8172743
8174945
8176073
8176243
8176813
8177661
8179674
8182410
8183283
8183340
8184694
8186687
8187399
8191107
8191130
8191475
8191569
8191837
8192157
8192607
8192868
8193274
8194209
8194878
8195076
8196057
8196106
8196536
8196587
8196802
8196878
8198499
8201386
8201680
8201820
8201928
8203093
8203115
8203561
8203712
8204875
8206098
8207572
8208694
8209429
8209590
8209968
8210182
8210381
8210486
8211098
8211410
8211433
8213017
8213370
8215158
8216984
8216992
8218950
8219185
8219695
8220596
8221530
8222700
8225423
8226155
8226536
8227236
8228339
8230557
8231087
8232050
8233205
8233445
8233721
8236801
8240073
8240712
8241496
8244334
8244698
8247222
8247367
8247672
8249324
8249500
8250358
8250883
8251550
8251566
8252927
8253179
8254752
8255094
8255347
8259290
8259708
8263622
8265883
8267351
8267378
8268933
8271168
8271846
8274246
8276697
8278777
8279910
8280678
8282541
8282754
8283303
8284749
8287478
8288970
8289949
8290472
8291752
8292194
8294039
8294437
8295426
8295762
8297636
8298069
8300010
8301319
8301688
8303400
8303784
8304164
8304224
8305038
8305825
8307320
8308940
8309878
8310470
8314010
8314094
8315293
8316974
8318503
8320096
8320204
8321356
8321780
8324677
8324952
8325286
8327585
8327789
8328884
8329451
8329642
8330312
8331012
8331673
8332195
8334945
8335069
8336574
8336623
8336752
8337619
8338890
8338896
8339007
8344179
8344378
8344578
8345295
8345760
8348473
8348689
8348708
8348761
8349114
8349415
8349573
8350481
8352009
8352385
8352428
8352663
8352814
8353796
8355168
8359383
8362684
8364705
8366731
8367228
8367277
8367837
8370444
8371069
8372295
8372896
8373835
8375264
8375669
8379035
8382450
8383219
8383844
8384139
8384905
8385302
8385472
8387780
8388364
8388709
8389062
8389735
8390128
8390496
8392138
8392200
8392626
8393724
8393940
8394234
8397259
8397305
8398413
8398494
8398761
8398909
8400605
8401398
8401526
8402653
8402697
8403711
8405818
8406668
8410109
8413007
8413308
8413336
8414336
8415262
8415574
8416387
8424859
8424920
8425457
8428519
8428549
8430010
8430631
8432155
8433084
8433522
8436728
8436880
8437791
8438072
8440717
8441441
8445314
8445519
8446310
8447721
8448284
8448447
8450111
8451061
8451281
8453818
8454337
8455987
8456442
8457412
8457501
8457795
8459360
8459769
8462322
8462500
8463214
8463799
8465151
8466054
8467882
8468130
8468679
8470594
8471304
8471549
8471820
8473975
8474216
8474730
8474772
8474847
8474967
8476082
8477697
8477772
8478566
8479986
8480354
8480493
8481210
8484384
8484847
8485031
8487226
8487359
8487476
8487579
8487728
8488763
8490816
8493289
8493295
8494403
8494901
8496043
8498942
8499561
8499907
8502345
8504301
8504581
8505817
8506293
8506575
8506715
8509757
8510203
8510515
8512154
8512658
8514278
8516083
8516588
8516928
8519976
8523953
8526386
8526490
8527060
8527598
8528737
8529036
8529259
8530466
8530729
8531622
8535156
8536993
8537409
8538043
8538273
8539382
8539892
8540537
8543102
8544913
8544924
8545812
8547042
8549403
8549735
8553538
8554449
8557293
8558305
8559338
8561305
8561568
8561962
8564160
8566726
8569525
8569550
8569800
8571605
8572393
8573049
8573732
8575546
8575918
8576501
8577190
8577593
8577595
8578216
8580949
8580958
8581754
8586012
8586062
8586281
8587969
8588723
8588789
8592967
8593080
8593363
8593779
8593918
8596244
8596667
8596782
8597402
8599862
8600861
8601533
8602560
8602737
8602742
8603694
8604033
8604304
8604926
8606208
8606332
8608552
8609327
8609765
8612308
8612909
8613683
8615318
8617402
8618193
8621293
8623714
8626131
8627695
8627787
8628443
8628715
8631699
8632744
8633313
8634315
8635049
8635322
8638218
8638850
8638873
8638988
8639219
8640126
8641731
8644613
8645815
8645926
8646792
8646796
8647187
8647723
8648835
8649249
8652515
8652657
8654951
8655306
8656585
8657172
8657398
8657745
8657956
8658234
8658683
8658790
8660265
8661164
8661757
8662100
8662382
8662454
8662983
8663328
8664911
8665082
8665090
8668378
8668861
8670861
8672613
8673849
8675915
8676645
8676964
8677463
8679318
8679398
8680841
8681789
8681981
8683797
8684122
8685496
8687448
8688053
8688849
8689038
8691721
8692536
8692553
8692770
8693349
8694255
8694974
8694984
8695091
8696420
8696699
8697703
8697740
8699527
8705706
8706179
8706539
8707991
8708597
8710357
8710490
8711454
8711695
8711809
8711916
8712728
8713318
8714097
8715264
8717656
8717818
8719963
8721651
8722165
8722507
8724500
8728591
8728661
8728665
8730862
8733139
8733144
8734214
8734643
8734699
8735447
8736544
8736683
8738383
8739390
8739482
8740895
8741057
8741097
8742284
8742513
8743331
8744023
8745509
8748014
8748300
8748904
8750283
8752171
8753746
8755852
8757150
8758200
8758513
8759552
8760265
8762614
8763739
8764450
8769245
8769844
8770996
8771355
8771685
8775260
8775470
8775742
8776638
8778151
8778196
8778695
8779456
8780060
8780165
8780971
8781904
8782280
8782438
8783906
8784026
8786047
8786241
8788919
8789788
8792059
8793346
8793398
8794279
8795839
8796127
8801089
8801607
8802500
8802543
8803926
8804523
8807773
8808857
8809964
8810180
8812415
8814891
8815228
8815852
8816700
8819025
8819728
8821594
8822662
8824203
8826049
8829373
8829415
8832885
8834100
8835419
8835449
8836141
8838032
8838731
8840376
8845036
8845491
8847290
8847578
8847868
8848089
8848857
8849180
8849829
8849919
8850929
8851212
8851555
8853180
8853409
8855571
8855671
8856560
8857338
8857400
8857505
8857735
8858386
8859042
8860126
8860602
8860726
8862073
8862075
8862468
8864275
8864801
8865486
8865776
8866135
8866217
8870165
8870982
8871284
8871553
8872044
8872972
8875037
8877339
8878730
8881526
8882132
8883749
8883774
8887316
8889222
8889280
8889518
8893094
8897183
8899501
8900173
8900627
8901676
8902106
8902370
8902436
8903586
8906966
8907195
8909980
8912820
8913188
8914114
8914290
8914765
8915272
8915621
8917202
8918046
8919668
8919674
8920860
8921114
8923612
8923989
8924198
8926534
8926750
8927364
8928104
8929003
8929134
8930492
8932905
8932979
8933831
8935196
8935549
8936393
8937537
8940667
8941673
8941803
8942020
8942380
8944592
8944793
8944808
8947201
8949349
8950189
8950220
8950596
8951224
8955627
8956339
8957856
8957967
8958000
8958371
8958668
8959314
8959357
8959486
8962433
8963206
8964195
8964600
8967141
8967204
8967449
8968070
8968175
8968235
8970019
8970095
8970244
8972251
8973182
8973819
8974168
8974470
8976122
8976497
8979324
8979600
8979793
8980547
8981304
8981965
8982252
8982985
8986715
8986734
8987712
8988190
8989154
8989323
8989396
8989527
8991078
8996838
8998427
8998825
8998882
8998982
8999536
9000719
9002082
9002568
9004408
9004541
9004778
9006289
9006332
9007009
9007887
9007907
9009614
9011044
9011574
9013245
9015744
9016911
9017506
9018613
9018869
9019516
9020220
9022510
9024149
9028557
9028598
9032089
9032245
9032847
9034223
9035389
9036000
9036077
9036784
9037022
9037564
9039601
9040835
9042278
9043329
9043823
9044435
9044610
9047614
9049098
9051190
9052453
9053165
9053904
9054195
9054535
9054992
9056293
9057626
9058294
9058538
9059115
9059522
9059550
9060819
9061629
9061779
9061988
9062769
9064527
9065096
9067017
9067101
9067295
9068576
9068696
9070576
9071115
9071189
9072213
9072905
9073161
9075943
9076867
9077018
9078014
9078530
9079112
9080045
9080428
9081068
9081360
9082485
9087544
9089116
9092377
9095938
9096180
9096482
9096888
9096953
9097052
9099726
9102298
9102337
9104714
9104907
9105052
9105092
9105460
9105657
9105714
9108017
9108688
9109361
9110765
9111492
9111751
9113053
9113439
9113908
9114762
9115340
9115996
9117817
9118058
9118986
9120086
9120270
9120446
9121145
9121331
9122041
9122130
9123685
9125291
9125772
9125915
9126416
9127194
9129939
9130398
9130472
9134069
9134381
9135983
9136921
9139026
9140522
9143849
9143874
9144464
9144755
9145033
9145106
9146230
9146891
9148243
9148879
9149998
9150499
9150811
9151367
9151645
9152084
9152611
9153268
9153695
9154410
9155490
9156722
9157389
9158310
9158706
9158766
9159593
9159612
9160927
9161160
9161476
9162146
9162953
9162964
9164512
9165240
9165466
9165978
9166130
9166793
9170073
9170918
9171680
9172672
9172935
9174123
9176191
9177681
9179568
9180107
9180519
9180640
9180746
9183823
9184747
9185300
9185992
9186860
9188668
9189360
9192334
9192578
9196766
9198648
9200468
9200479
9202527
9204212
9204745
9205702
9207829
9209733
9210797
9211647
9215152
9215710
9216454
9216754
9218564
9220126
9220672
9221636
9222415
9226323
9226359
9226755
9227964
9228018
9228196
9230383
9231265
9232126
9232433
9233992
9236062
9236518
9236576
9239004
9239341
9239843
9240044
9241267
9242847
9244471
9245596
9245643
9247009
9247862
9248405
9248496
9250460
9250802
9251117
9251586
9252379
9253184
9257814
9258186
9258216
9260296
9260537
9260805
9261631
9262768
9262805
9263105
9265120
9265941
9266025
9268190
9268747
9269971
9270711
9270828
9271280
9275731
9276931
9277358
9277988
9279042
9279167
9279220
9279697
9279821
9279927
9280000
9282059
9282084
9283937
9284862
9286226
9286462
9286511
9287161
9288521
9288791
9292544
9292751
9292794
9293434
9293903
9296744
9298692
9298935
9299095
9302455
9302547
9305199
9307781
9308026
9308219
9308757
9308850
9309079
9311033
9311354
9312825
9313298
9315841
9316196
9316249
9316822
9317071
9318699
9318982
9319685
9319857
9320324
9321896
9322595
9325565
9325933
9327444
9327474
9328320
9329038
9331734
9332873
9333503
9335940
9335999
9337410
9337790
9337893
9338813
9340923
9345213
9347103
9348346
9348582
9350766
9351011
9353498
9353690
9356881
9356989
9358773
9358803
9358864
9362930
9364698
9365435
9366876
9367277
9367747
9368024
9368035
9369067
9369557
9369621
9370043
9371744
9372419
9372930
9373141
9373946
9374004
9379261
9381572
9381729
9382952
9384141
9384862
9385083
9389554
9390779
9390907
9391027
9391282
9393613
9394429
9396871
9396980
9398465
9398986
9401204
9401228
9401945
9402186
9403316
9405053
9405470
9407249
9411756
9411972
9412168
9412698
9415803
9415857
9417770
9419731
9420614
9421085
9421162
9421433
9422572
9424899
9425223
9425405
9425631
9427135
9427587
9427647
9427893
9429384
9430077
9430180
9435683
9435777
9436711
9437299
9437524
9438110
9439621
9441298
9441767
9443034
9444548
9445052
9447247
9449133
9454904
9455323
9455639
9455910
9456565
9456964
9457551
9459593
9460709
9462024
9467211
9468542
9468882
9471230
9472064
9472470
9472742
9474218
9476009
9479152
9479177
9479697
9479843
9480045
9482040
9482723
9484062
9485107
9485475
9485831
9486533
9487487
9489431
9489778
9489989
9491639
9493070
9493257
9494681
9496795
9496801
9499058
9501582
9501740
9503460
9503555
9504086
9504635
9504866
9505420
9506410
9507713
9509536
9510906
9511580
9512573
9512788
9513580
9513639
9514498
9515677
9516287
9517485
9518083
9518567
9519946
9520474
9522791
9524313
9525045
9525163
9526385
9526507
9528303
9528634
9530737
9530934
9532734
9533023
9536329
9539748
9540222
9543837
9544205
9545246
9545412
9546080
9546104
9548130
9548621
9549561
9549896
9550513
9551061
9552343
9552967
9554726
9554836
9555344
9555937
9556786
9558773
9559275
9561020
9561720
9561779
9563077
9563656
9564101
9564507
9564861
9564942
9565258
9566521
9566925
9567967
9568219
9569522
9574082
9576678
9577664
9579308
9580271
9580956
9582112
9584357
9587225
9587280
9589296
9590433
9591248
9591432
9591476
9594205
9595423
9595638
9596029
9596543
9596927
9597356
9598093
9599019
9603055
9603550
9606027
9606128
9608671
9610225
9613988
9614159
9614355
9615231
9615901
9618752
9619058
9619485
9625942
9626325
9626474
9626808
9629103
9630401
9630483
9631389
9632008
9632427
9633255
9634286
9634420
9634824
9635590
9635596
9635815
9637967
9638066
9639393
9639500
9639737
9642045
9642862
9644903
9645288
9645781
9646941
9647329
9648699
9651215
9651975
9652808
9653867
9654723
9654897
9655072
9656774
9658786
9658790
9659396
9660013
9660837
9661411
9661468
9662151
9662386
9663884
9665268
9667590
9669208
9670512
9672705
9675742
9676605
9677072
9678896
9679253
9679312
9679450
9680452
9683288
9684566
9685152
9685194
9686485
9687063
9687527
9688912
9690313
9690366
9690911
9692859
9693961
9697971
9698579
9700171
9701854
9709346
9709985
9712060
9713833
9714148
9714271
9714375
9716415
9716622
9716827
9716945
9717937
9718599
9718754
9719992
9722991
9723014
9724385
9726566
9727785
9729839
9730803
9731599
9734608
9734772
9734783
9735858
9736096
9736340
9736599
9738149
9739214
9739682
9741694
9741851
9744715
9745105
9745690
9747151
9747527
9748157
9749799
9749903
9750712
9752226
9755611
9755957
9756485
9756776
9757529
9759557
9761902
9762079
9762238
9762783
9763028
9763155
9764125
9766221
9766270
9767458
9768439
9769408
9769982
9770848
9772948
9773013
9774237
9775481
9775706
9776508
9777935
9778453
9778732
9779151
9779910
9780883
9781744
9781770
9782262
9782855
9782967
9784296
9785888
9787322
9788282
9788562
9788729
9789054
9789196
9789355
9791319
9791398
9791671
9792945
9793013
9793524
9794473
9796270
9797186
9798352
9799444
9799664
9799820
9799915
9801030
9802047
9802162
9803970
9804953
9805917
9806762
9806890
9808701
9811410
9812126
9812431
9813072
9813161
9813789
9815313
9816119
9816715
9818536
9818680
9819016
9820689
9823388
9823845
9824823
9825566
9825642
9826188
9827195
9828580
9829662
9830893
9831130
9831281
9832275
9833091
9837479
9838795
9839520
9840236
9841044
9842673
9843824
9844162
9844277
9844468
9846818
9848008
9849131
9849434
9849456
9852824
9856629
9858670
9860752
9860774
9861532
9861910
9863618
9867260
9868206
9869266
9869768
9870656
9870890
9874379
9874889
9876426
9878961
9880492
9880820
9881426
9883699
9884407
9884960
9887002
9887474
9887823
9890985
9891800
9892470
9892678
9892697
9893871
9894507
9896723
9896737
9896917
9897331
9898635
9901086
9901109
9901546
9902748
9903780
9904107
9904311
9904770
9904892
9905762
9906273
9906416
9907264
9908241
9908272
9911665
9912306
9913626
9914113
9915294
9916298
9918306
9919439
9919874
9920790
9921882
9921957
9923452
9924146
9924969
9925594
9926833
9928112
9928303
9930367
9930824
9931970
9932068
9932755
9933988
9936246
9936577
9937912
9938441
9939076
9939219
9939551
9939642
9940010
9940472
9942002
9943649
9945176
9945512
9945911
9946743
9949207
9949305
9950787
9954081
9955008
9955029
9955883
9958377
9958694
9959466
9960534
9962544
9962789
9963614
9963829
9964670
9965121
9965314
9967170
9967474
9967660
9969833
9971363
9972840
9974542
9974881
9974971
9975689
9975960
9977878
9978436
9979051
9980341
9980649
9982156
9983133
9984021
9984249
9984393
9986541
9986626
9990729
9991028
9996286
9998004
