633
2047
2933
4018
6839
7404
9216
11447
13152
15947
16842
18417
19981
21656
22472
22766
25497
27192
27540
27622
27835
28258
28279
29301
30588
30818
35401
37179
37514
41153
42699
43795
45516
46273
47750
48662
49064
49069
49554
50346
50553
50967
52533
52608
53035
53760
55491
55733
55796
55868
57618
58328
61232
61962
63056
63667
66512
66751
66944
67384
67474
68416
70235
70553
73232
73714
74748
77582
78308
78504
78686
78921
79657
80313
82948
84155
85593
87260
87597
89238
90095
90271
91409
93013
94168
94715
96032
96389
97438
98945
99705
100384
100615
101683
101728
102138
103277
103975
104244
104411
104968
106044
106432
107974
109328
110442
110515
112225
113633
115531
115612
116969
116996
117188
118429
119344
119525
119536
120391
122491
123022
123118
123864
124048
125282
126140
126616
126716
130799
131343
131587
133883
134435
135194
137649
138771
139808
140170
140175
140191
143209
145505
146912
148248
151408
152061
154035
154834
155489
155787
158513
161137
161306
161925
161983
164483
166698
168440
170313
170723
171916
172510
173150
173942
174173
176648
177079
178656
178695
180207
182498
183143
183200
183251
184282
184737
185996
187147
188156
189052
189712
191215
191267
192352
192460
193508
193620
194706
195168
197350
198001
198056
199968
200193
201154
202624
202999
203065
205521
205695
206356
206746
207045
208646
208677
208718
208794
209402
209561
210261
210666
212235
212678
213361
214048
216595
217224
217740
218623
219228
220322
220963
222465
228348
228622
229334
232600
232818
232895
233375
235583
236932
238182
239708
240977
242885
243074
244992
246510
247281
248337
251362
252196
252518
252896
256267
257139
258516
259315
259698
260108
261197
263835
263932
264819
265463
267183
267858
268290
268955
269683
274553
274901
275861
275990
279208
280192
280414
280984
282645
283392
283639
286303
286356
286692
288137
289100
289342
290167
291832
293225
293482
293827
304891
305525
306897
307777
307922
308366
310937
312857
312907
313559
313563
314103
314516
314680
315061
315508
316196
316770
317684
318580
318673
319347
319484
320379
321681
322198
323378
323827
324371
324901
325020
326598
326837
327561
328282
329980
330450
330540
332431
333208
333710
334209
334631
335584
335903
336425
337192
337396
337775
338076
341133
341455
342152
343330
343676
346875
348818
350279
350449
351509
353762
355170
355232
355274
355719
355960
355981
357842
358070
360079
360506
361886
363337
364168
364757
366014
366180
366605
367569
367779
367945
368035
368858
370805
371069
371392
372536
373965
374521
375420
378016
378094
378098
378262
378418
378870
378898
381510
383545
384472
385560
386911
387940
389301
389591
390020
390709
391418
392114
394091
395136
395281
396091
396929
397558
397739
398970
400622
401230
401867
402127
402982
404385
404496
404524
406116
406220
406617
406870
407360
407859
408544
409749
410153
410395
410459
413507
414238
414404
414503
415488
417189
417496
417503
418636
419822
423228
423494
423819
426906
427191
427480
428556
429206
429728
430755
430894
430956
433279
434044
435753
436295
437507
438472
439737
440408
441764
442603
443251
445206
445222
445555
445876
446904
447791
447860
448137
449025
449463
452330
453743
455882
457002
457116
458829
460053
460067
460451
460754
460768
460943
461369
461821
463505
463941
465324
465482
466673
466732
472505
474105
475169
477128
477471
479145
479364
480326
480396
480421
482310
482873
483135
484845
485090
487358
488057
489398
489429
490454
492005
492013
495141
495696
496380
496677
497099
497143
497976
498815
500121
504204
504873
505547
506480
506590
506834
507447
507936
508740
509204
509262
510714
511263
511311
512244
512716
516448
517893
518303
521225
524060
524544
525057
525369
526753
527027
528064
529612
529863
530571
531292
531691
531873
532110
533924
536175
536714
537089
537999
540776
542187
543128
544597
544769
546714
547200
551119
551641
552017
553095
553737
556059
556489
556781
557444
557579
558452
559134
559800
560814
562553
562642
563250
564068
564255
565326
567157
568193
569239
569936
571048
571606
572928
573459
576027
576986
577333
577539
578839
579698
580320
580953
581173
581337
581744
582311
583747
583931
586111
587182
588098
588154
588434
588599
589125
591883
592342
592844
592905
594419
595199
596281
597787
598130
598701
599020
599390
600427
601776
601954
602727
604567
604948
605826
606196
606445
610829
612089
612464
613587
613836
614841
617649
618431
622419
622577
623208
623705
623720
624078
625851
626064
627479
628803
631532
631793
632083
632862
632863
633567
635167
636408
638880
639459
639714
640574
641383
642118
646956
650117
650268
651727
651887
652922
653010
653651
654738
655143
655785
657487
658285
658334
658642
659118
659241
659657
660394
660835
661719
662147
665048
665365
665480
666162
668223
669579
670822
671033
673544
673607
673864
675358
679533
680094
680815
681994
682265
682670
682906
685418
686580
687696
690080
691022
692085
695097
696596
697229
698732
698872
699479
700617
701199
701286
701368
704783
705282
706479
708316
708703
712410
712985
713317
714553
718089
720039
720397
722450
722671
723854
724754
726606
728556
729564
729570
730497
731627
732187
732371
733287
734130
734858
735199
735440
736358
736599
737097
739047
739930
740900
741495
742404
746913
748416
748858
750326
750948
754756
755456
756005
756364
756468
759628
759937
760484
761809
763226
764212
764259
764799
765646
766599
767506
767691
768233
768997
770562
772582
772648
773671
774413
776108
777026
778974
779602
782008
782447
782670
782813
783243
784438
784708
785090
787041
787583
788203
788558
790865
791246
791367
792674
793092
793265
794342
794343
794767
798235
798360
798521
798640
798726
799455
800060
800486
800724
801098
804421
805420
806011
806878
807431
808735
809395
810161
810271
813201
813646
815177
815229
818477
818920
820243
822846
823765
824818
824876
825530
826536
827211
827231
827461
827780
828385
830822
831394
833833
834072
834134
834944
836405
838254
839213
839651
840594
840604
840867
844602
844649
845668
846367
847237
847719
848323
851199
851375
851630
853040
856897
859053
859236
861049
861618
861885
862334
862985
864138
864672
868805
869929
873023
873433
874077
874417
874566
875136
876538
877311
877585
880874
881431
881923
883087
884691
886303
888183
888358
888631
890529
894010
895988
896365
896878
897017
898800
898943
899001
900914
901764
902456
903178
905454
905962
907162
908799
909061
909197
914308
916806
917138
921700
921896
922413
924651
924930
926924
928999
929554
930162
930569
930591
931552
931825
932518
934829
934903
935125
935688
935997
940542
941541
941613
941880
942150
942437
942781
943966
944758
945233
945573
946125
946252
946587
947307
948483
948631
951060
952441
953281
954303
955016
955105
955120
956201
957319
958050
958061
958461
958576
959563
959764
959784
963101
965272
965380
965709
965869
968452
969608
971674
977119
977167
979165
979242
980628
983982
984243
988831
989509
991594
992116
992327
992336
992626
996573
997137
999106
1000001
1000356
1000666
1000922
1002553
1004053
1004109
1004591
1005757
1005977
1008674
1009762
1010123
1010491
1011953
1014988
1016667
1017711
1017777
1019012
1019578
1019868
1020300
1020393
1021736
1023027
1023178
1026217
1027018
1027324
1028266
1029229
1030777
1033186
1035311
1037836
1038032
1043409
1043448
1045864
1046450
1047512
1048639
1049278
1052914
1053491
1054358
1054494
1054512
1055445
1056036
1056451
1057399
1059038
1059255
1059955
1060064
1060153
1061120
1065089
1065808
1068242
1069437
1071382
1071548
1073952
1078984
1079679
1080075
1081826
1084430
1084853
1085283
1085878
1086803
1086874
1087544
1088044
1088746
1089824
1090327
1091232
1092552
1092909
1092983
1093260
1093919
1095845
1095941
1097049
1098036
1100066
1100388
1100540
1101586
1102088
1102998
1103162
1103670
1103855
1105417
1105629
1105965
1106261
1106888
1108477
1109208
1109931
1110181
1110682
1112575
1113079
1113519
1116294
1117737
1118126
1118500
1120577
1121289
1123585
1124319
1125193
1125650
1126401
1126712
1126784
1126912
1128913
1129328
1130097
1131026
1131105
1131527
1131989
1132527
1132792
1135768
1137296
1137535
1139920
1140577
1141202
1141447
1141900
1144064
1145598
1146110
1148066
1148523
1151265
1152367
1152509
1153220
1153292
1154421
1154912
1158044
1158050
1158251
1158460
1159878
1160722
1161028
1162846
1163415
1163609
1164313
1165602
1165757
1166918
1166955
1167887
1168347
1170201
1170515
1172153
1173308
1173685
1174731
1175796
1178114
1178574
1179128
1179623
1180225
1182523
1183123
1183991
1184570
1185309
1185469
1186107
1186817
1187824
1187875
1188809
1189426
1189920
1190364
1192167
1192706
1195055
1196447
1196836
1197995
1198537
1205284
1205575
1211741
1212030
1212617
1215220
1217901
1221406
1221651
1222974
1225500
1226333
1229444
1231225
1231696
1233512
1234976
1237035
1237086
1237278
1237958
1238096
1238371
1240658
1241319
1243133
1243467
1246505
1246990
1247992
1248226
1248579
1249155
1249856
1250974
1251847
1252529
1253335
1254322
1255095
1256661
1257100
1257123
1258293
1259726
1260025
1260199
1261425
1262508
1262966
1263679
1263861
1264710
1265157
1265312
1266689
1267185
1269634
1270461
1272465
1275234
1275389
1276513
1278617
1278769
1279513
1280244
1282269
1282465
1284930
1285454
1285685
1285698
1286056
1289698
1289702
1289951
1290477
1292787
1295893
1296720
1296951
1298657
1304339
1304689
1305715
1308059
1308200
1309082
1310459
1311249
1311822
1312720
1314891
1315534
1316087
1317318
1318035
1320597
1322773
1323076
1323694
1324172
1324647
1325579
1326491
1328145
1328164
1329270
1331770
1333011
1333415
1335138
1337846
1338042
1339608
1340354
1341221
1342197
1342688
1344426
1344491
1344663
1345080
1345203
1345925
1346300
1346309
1347468
1349974
1350305
1351336
1353299
1353618
1355393
1355615
1356281
1357776
1359706
1360036
1360488
1361180
1362415
1364401
1364784
1365808
1365932
1366420
1367596
1369405
1370450
1371351
1379095
1379467
1380216
1380621
1382727
1385794
1385919
1386704
1387296
1391271
1392317
1394189
1394474
1394616
1395993
1397544
1398029
1398318
1399461
1399798
1401217
1403317
1404658
1404724
1405669
1405865
1407556
1407609
1408679
1410049
1411596
1411674
1412429
1412641
1413471
1414383
1414452
1414511
1415371
1419600
1421350
1422644
1428052
1430571
1431019
1432207
1434012
1434602
1435291
1435499
1435782
1435919
1436078
1436234
1436384
1440467
1441228
1442158
1443330
1445326
1445333
1446157
1446207
1447727
1449207
1459926
1459989
1462091
1462259
1465834
1465892
1466276
1466309
1466829
1468463
1470170
1470303
1473802
1474558
1475056
1475421
1477316
1477384
1480462
1481258
1481506
1482301
1483862
1484012
1484345
1485108
1486364
1486859
1488841
1489210
1489566
1489584
1490311
1491703
1492256
1492760
1493641
1494066
1494147
1494170
1494466
1496463
1497464
1498130
1498298
1498900
1501263
1502109
1502506
1502595
1504992
1505358
1505536
1506415
1506591
1506986
1507644
1507821
1510928
1511360
1511785
1513641
1517555
1518665
1518738
1518947
1519469
1520577
1522155
1522822
1523649
1524834
1525071
1525162
1527228
1528034
1528179
1528472
1528770
1529814
1531278
1531553
1532434
1533300
1536259
1536802
1536883
1537046
1537948
1541192
1541938
1543011
1543063
1543145
1546002
1546712
1546992
1549866
1552316
1552732
1553467
1553570
1554018
1556300
1557141
1557590
1559762
1560065
1562195
1563792
1564718
1565150
1566265
1570440
1573149
1574041
1575372
1576423
1576810
1577070
1578132
1578668
1579284
1579901
1580202
1583999
1584439
1584795
1586418
1587850
1588466
1589909
1590065
1592643
1593049
1593463
1593848
1593926
1595169
1596173
1597571
1597903
1598615
1599014
1599099
1600960
1601299
1601734
1602336
1602517
1603394
1603956
1604965
1605536
1606071
1608522
1610358
1611220
1613935
1615761
1616550
1617547
1618771
1619968
1620553
1621375
1623271
1623817
1623842
1624126
1624262
1625454
1625736
1626023
1628161
1629048
1629248
1629536
1630689
1630854
1631008
1631969
1634312
1637469
1637953
1638486
1640314
1641152
1641612
1641910
1642923
1643398
1643399
1643429
1643658
1643862
1647857
1648352
1648928
1651241
1651508
1651951
1652362
1653024
1655110
1655334
1655779
1656143
1656905
1657907
1658101
1658185
1658402
1658565
1659343
1660186
1661169
1661196
1661413
1663725
1665085
1667880
1669758
1669789
1672850
1674408
1675094
1675533
1677589
1677732
1678310
1678627
1680026
1680711
1680832
1682206
1683233
1687974
1689538
1691190
1691431
1691730
1693397
1695512
1696603
1697714
1700022
1702644
1704550
1704915
1707140
1707800
1708476
1708667
1708684
1709936
1711094
1711117
1711210
1711317
1711914
1712642
1715298
1715486
1715836
1716249
1716478
1716707
1716760
1718712
1719488
1720525
1722828
1723119
1723845
1724090
1724355
1725203
1725873
1726618
1726900
1728076
1730034
1730410
1730700
1730818
1731361
1735215
1735504
1735798
1737162
1739248
1741082
1741126
1743017
1743050
1746066
1746130
1746599
1746708
1748543
1753551
1755375
1756365
1756996
1757958
1759451
1759485
1759518
1760377
1760873
1760884
1762159
1762651
1765010
1765229
1765701
1766467
1767406
1768870
1769839
1771445
1772492
1773437
1773704
1775535
1776571
1776916
1777936
1778439
1779770
1780224
1780450
1781245
1782504
1784908
1787284
1787862
1788561
1788944
1788995
1791497
1794599
1794872
1795658
1795826
1796438
1796969
1797352
1797601
1797945
1800183
1800640
1802302
1803491
1804048
1805009
1805427
1806855
1808172
1808266
1809242
1809943
1810188
1810953
1811956
1815915
1817007
1817113
1817433
1818459
1820013
1820042
1820253
1820947
1823117
1824675
1825734
1826369
1827900
1828572
1829841
1829895
1830626
1830704
1833101
1833390
1833867
1834788
1836077
1836457
1836996
1837189
1839050
1839475
1839547
1840349
1844061
1844237
1844964
1845057
1847858
1848539
1849045
1849481
1852941
1854369
1855062
1855337
1855692
1855700
1856762
1857383
1857533
1860593
1861161
1861185
1862248
1862802
1862999
1863155
1864605
1865019
1867001
1867267
1867734
1868999
1869395
1869832
1870481
1870599
1872640
1874442
1875390
1877486
1878158
1878198
1879037
1881808
1883691
1884176
1884682
1885900
1886192
1887736
1888099
1888344
1890566
1891601
1892228
1892721
1894529
1895433
1895548
1895902
1896398
1897085
1897223
1897840
1898401
1898728
1900134
1901036
1904810
1905652
1909043
1910442
1911974
1913601
1913990
1916524
1916922
1917707
1918425
1919452
1919800
1921339
1921616
1921666
1923589
1926742
1927487
1927998
1928854
1930539
1930913
1931665
1932728
1934522
1936667
1936715
1939794
1940510
1941312
1942432
1942667
1942701
1943368
1943454
1944606
1944776
1947268
1948554
1950624
1950763
1950815
1950863
1950937
1950990
1951154
1951431
1953170
1953474
1953592
1953802
1954069
1954861
1956370
1957324
1957427
1960969
1963489
1963838
1963874
1965679
1965745
1966375
1966427
1966539
1967240
1967833
1967970
1968504
1969669
1970007
1970932
1971362
1971566
1975098
1976255
1976792
1978070
1978927
1980795
1981033
1981520
1982028
1982858
1985642
1985845
1988277
1989521
1989552
1991049
1991796
1991847
1993763
1994824
1995380
1995813
1996425
1996639
1999298
1999340
2000093
2000254
2002105
2002432
2004255
2004747
2008730
2009460
2009560
2010413
2011660
2012497
2013076
2014569
2016962
2017895
2018146
2019141
2023139
2023301
2023303
2026794
2027322
2028447
2029434
2030362
2030772
2034379
2034797
2035709
2036403
2036462
2036552
2036906
2038446
2038562
2038705
2038970
2039545
2040145
2041980
2043330
2044161
2044846
2046004
2046213
2048221
2048589
2049476
2051494
2051715
2052282
2053552
2053631
2056249
2056705
2057445
2057972
2058290
2061661
2063635
2064473
2065012
2065471
2066789
2066970
2067658
2070031
2070421
2074213
2075292
2080170
2081118
2081420
2082373
2083699
2085710
2086349
2086817
2088871
2091655
2091753
2093211
2093237
2094369
2094615
2094804
2095177
2096012
2097807
2099304
2099531
2099835
2100604
2102456
2103534
2103690
2104302
2104972
2106582
2106892
2107677
2107810
2111137
2111701
2112616
2112619
2113409
2113506
2113679
2114023
2114531
2117173
2118667
2121096
2121132
2122740
2123159
2123420
2124072
2124959
2126882
2129778
2130044
2130920
2131089
2131422
2132155
2132409
2133039
2133119
2134005
2134126
2136632
2136936
2137024
2137155
2137398
2138128
2140243
2141722
2142233
2142260
2142401
2142823
2144479
2145141
2146983
2148516
2148932
2151166
2151367
2155218
2156312
2156439
2158428
2159495
2161136
2161232
2162119
2162194
2163034
2163314
2163455
2164640
2166239
2166981
2167362
2167421
2167511
2168109
2168111
2168849
2170131
2170705
2170798
2171016
2171157
2171963
2172305
2172832
2173139
2173511
2174132
2175240
2176152
2176613
2180269
2182373
2183793
2185391
2186491
2186756
2186798
2188221
2189938
2191197
2192286
2192822
2193491
2194298
2196375
2196470
2197871
2198676
2198773
2198788
2202400
2204644
2205370
2205736
2206121
2206799
2207959
2208664
2208673
2208804
2208935
2210008
2210745
2212394
2214782
2215306
2215729
2216347
2219084
2219926
2220000
2221063
2221259
2221357
2221641
2222368
2225662
2225696
2226629
2228951
2231262
2231309
2232469
2233698
2234379
2235162
2236967
2237957
2238452
2238469
2238518
2239225
2239254
2241029
2241477
2241948
2243374
2246249
2246537
2247210
2247403
2248789
2250209
2250306
2252074
2252485
2256715
2262050
2262439
2262452
2263173
2263331
2264417
2264447
2265382
2266175
2266462
2266520
2267448
2270145
2270638
2271639
2272097
2273092
2273821
2273847
2273909
2274136
2274169
2276998
2278338
2278427
2278611
2279546
2279639
2280136
2280554
2284807
2285180
2285242
2287879
2289459
2289708
2291184
2293497
2294002
2294407
2294909
2295327
2296074
2299292
2300224
2300289
2302660
2303580
2305872
2307648
2308822
2308840
2310201
2311414
2312379
2314289
2314627
2316924
2318324
2318910
2320800
2321279
2321955
2322188
2322951
2324137
2324712
2324778
2326454
2326701
2327800
2328017
2328872
2329303
2331200
2334007
2334289
2334547
2337706
2337811
2337945
2340097
2340117
2340256
2341086
2341182
2341504
2343128
2343455
2343460
2345050
2345270
2345519
2345751
2348694
2349110
2349139
2349499
2350404
2350776
2350912
2351115
2351616
2351800
2354612
2354654
2356180
2356402
2358432
2359190
2359347
2359381
2362090
2362180
2363843
2364632
2368034
2371060
2371967
2372521
2373863
2375043
2375256
2375679
2375833
2376201
2377484
2379204
2379247
2382143
2382998
2383727
2385368
2386524
2388001
2390153
2390763
2391293
2393188
2393508
2393747
2393867
2396819
2398133
2400963
2401172
2401511
2402333
2403072
2404567
2404784
2405459
2405500
2405692
2405908
2406181
2406389
2407162
2408956
2410084
2410845
2412893
2413069
2413802
2414368
2414974
2416613
2416724
2417232
2418248
2418676
2418724
2418735
2419384
2419960
2420003
2420722
2421547
2421966
2422149
2422480
2422880
2423676
2423920
2424601
2424734
2426328
2428573
2429633
2429935
2430143
2430154
2430262
2430390
2430690
2432294
2433186
2433937
2434494
2434943
2435088
2435512
2435892
2436125
2438874
2439821
2440802
2442420
2444153
2444615
2446705
2446746
2447231
2450726
2451584
2452422
2452599
2452640
2457775
2458007
2458856
2464794
2465004
2465687
2465700
2467476
2467716
2468821
2470475
2471884
2471990
2472287
2472410
2472540
2473149
2473281
2474152
2474321
2474491
2475304
2478345
2479048
2479054
2479226
2479649
2481878
2482485
2482811
2484321
2487356
2487635
2488202
2488338
2488863
2488875
2489591
2489865
2490470
2491237
2491503
2491872
2492272
2492792
2494313
2494647
2495340
2497870
2499208
2501969
2502004
2502419
2502597
2504366
2504413
2504802
2506940
2507343
2509914
2510315
2510701
2511414
2511607
2511979
2512493
2512538
2513316
2513946
2514886
2515849
2516719
2518404
2518569
2521318
2521322
2522375
2523105
2523585
2524455
2524546
2527999
2528403
2529466
2529754
2530124
2530667
2531057
2532338
2532349
2533577
2538382
2538638
2538835
2539840
2541607
2542267
2542630
2543154
2543483
2544450
2544668
2544748
2545717
2546499
2547629
2547698
2549297
2549358
2549471
2549629
2549731
2550333
2552437
2552788
2553973
2555285
2556220
2556406
2558953
2560252
2563733
2563966
2566830
2567371
2568217
2570061
2570598
2572412
2573763
2574940
2575681
2576645
2577263
2578947
2581149
2581592
2581593
2581780
2583748
2583987
2584744
2585131
2586043
2586327
2586895
2587960
2589385
2589716
2590171
2590179
2590756
2592380
2592685
2593582
2596547
2597647
2598971
2599038
2599502
2600053
2600451
2600574
2601357
2601532
2601591
2602076
2602194
2602491
2602910
2603011
2603872
2604464
2604892
2606524
2606833
2609117
2609612
2609858
2610261
2610862
2611551
2611718
2612611
2613134
2613357
2613865
2614128
2615631
2616299
2617133
2619470
2620120
2620668
2625204
2625573
2627240
2628869
2628989
2629282
2629508
2631645
2633964
2634450
2635251
2635300
2635727
2636177
2637015
2637641
2637882
2638380
2638909
2640991
2641064
2641155
2642712
2642731
2643111
2643564
2643586
2643841
2644946
2645249
2646033
2646161
2646206
2646862
2647353
2647433
2649077
2649555
2650112
2650813
2652408
2652952
2654034
2654300
2654370
2655817
2656117
2656916
2658085
2659089
2659304
2659647
2660129
2661072
2666773
2667303
2667972
2668080
2668118
2668438
2670659
2671872
2672283
2672608
2674220
2674476
2674606
2676685
2677013
2679879
2681669
2681803
2683419
2683824
2687259
2687734
2687878
2688131
2688687
2689376
2693793
2694568
2694888
2695021
2695176
2695728
2697307
2697848
2699670
2701401
2701974
2702576
2703124
2703336
2703648
2704016
2704892
2705315
2705361
2708261
2709071
2709203
2709685
2711896
2715244
2715304
2717098
2717622
2718063
2719219
2720391
2720500
2721967
2722246
2722448
2724301
2725081
2725126
2725193
2728781
2728820
2729150
2729572
2729953
2730285
2730340
2731366
2731773
2732223
2732261
2734638
2738134
2738616
2738921
2739218
2740640
2741053
2742387
2743302
2744392
2745794
2746768
2746986
2747336
2747827
2749277
2749432
2752730
2752798
2753244
2753411
2755424
2756951
2757924
2757957
2759721
2761668
2762067
2762778
2763010
2764379
2764486
2764710
2764861
2764950
2765390
2767277
2767763
2767905
2768761
2770431
2771396
2772075
2772773
2774939
2775525
2775800
2778931
2779087
2779481
2779517
2780040
2782122
2782562
2782885
2783005
2783921
2784013
2785986
2788055
2790836
2792063
2793277
2795346
2796834
2797166
2798572
2801253
2804103
2805304
2808767
2808993
2815402
2815403
2817639
2817710
2819442
2821656
2823704
2824675
2826857
2830258
2830831
2831442
2832956
2833236
2833708
2834269
2834580
2837159
2839851
2841184
2842990
2850376
2852721
2852741
2855336
2855398
2855508
2856596
2857032
2857316
2857749
2858349
2858907
2860884
2861101
2861892
2863101
2865712
2867154
2867889
2872461
2873455
2873559
2875389
2875987
2876006
2876172
2876217
2876363
2876402
2876504
2877052
2877996
2878013
2878209
2878842
2880955
2883346
2884587
2887445
2887811
2888132
2890611
2890864
2891921
2893652
2895026
2896117
2896591
2897112
2898052
2898982
2901493
2903006
2904212
2904554
2905892
2910667
2910951
2911115
2912204
2912994
2913099
2916716
2917194
2918475
2919389
2921125
2921956
2922183
2923789
2925070
2926190
2926730
2927359
2929940
2930400
2930408
2931513
2932222
2933956
2934564
2935258
2935659
2936096
2938897
2939224
2940146
2941650
2942350
2942529
2942775
2944247
2944390
2945750
2946361
2946756
2946902
2947257
2947850
2948374
2951419
2951688
2952416
2952780
2952784
2954747
2955675
2956024
2956661
2957028
2958409
2961221
2962135
2962490
2966779
2967005
2967906
2968524
2971225
2973280
2974206
2974329
2976702
2977304
2979380
2980885
2985711
2987645
2988566
2988984
2990214
2991082
2992103
2992239
2992733
2996105
2997099
2997259
2999287
2999678
3001334
3001714
3003686
3003926
3003929
3003988
3004451
3005362
3006431
3006659
3007514
3009229
3009320
3010363
3010786
3011017
3011784
3011897
3012924
3013704
3014284
3014637
3014946
3015349
3016132
3016781
3017961
3022583
3023799
3025779
3026877
3029158
3029755
3034308
3035559
3037293
3037362
3038051
3040099
3040798
3041469
3042515
3043414
3044012
3046769
3047298
3047630
3050452
3051440
3052480
3052725
3053385
3053432
3054067
3054258
3054852
3055302
3055507
3059476
3060861
3061332
3061407
3062902
3064031
3064651
3064788
3065381
3067033
3068255
3069310
3070003
3071218
3071316
3072527
3072616
3073163
3073561
3073946
3074137
3076702
3078961
3080280
3080346
3082352
3083252
3084630
3085451
3085478
3085863
3085969
3086455
3088770
3090163
3092069
3099276
3101486
3101932
3102496
3102805
3103169
3103476
3103829
3104596
3105273
3106491
3108237
3109713
3110703
3111110
3112900
3114774
3114852
3115017
3115328
3116017
3117623
3118902
3121582
3126994
3128525
3128710
3130185
3130917
3133193
3134046
3135262
3136059
3137572
3138007
3139028
3144327
3145032
3146455
3146538
3147628
3148240
3149858
3151889
3151917
3152133
3153137
3153296
3153382
3153678
3154904
3155638
3156360
3156562
3157274
3157647
3160487
3160758
3161663
3161665
3164688
3166703
3166800
3167037
3167204
3173033
3174361
3174593
3174895
3175740
3178123
3180230
3180776
3181055
3181797
3183438
3187849
3188457
3189553
3191415
3192665
3194952
3195113
3196537
3199077
3199176
3201672
3202103
3203124
3204051
3205575
3206782
3207102
3207201
3209418
3210468
3211946
3212057
3213203
3213380
3215326
3216786
3217468
3218327
3218398
3218607
3219231
3219833
3220342
3220730
3221221
3221274
3223198
3223420
3223920
3226108
3227317
3227926
3229093
3229322
3232726
3235512
3239324
3239436
3240444
3240657
3241354
3242033
3242125
3242487
3243628
3245117
3245267
3245453
3245693
3249306
3250018
3252067
3252150
3253868
3256774
3258668
3260448
3260581
3263498
3263798
3265400
3265437
3265507
3266233
3266846
3266990
3267631
3268003
3268297
3269424
3269870
3269897
3272316
3273137
3273420
3275359
3275670
3276325
3277037
3278228
3279263
3279632
3280691
3283257
3283843
3284015
3284539
3286135
3287779
3289696
3290214
3290319
3291297
3291464
3292087
3292182
3292710
3293459
3294552
3294973
3295322
3295850
3296467
3299171
3299999
3301480
3301808
3302223
3302573
3303085
3304897
3305213
3306356
3307294
3307308
3307326
3307406
3308887
3309104
3310963
3311682
3313496
3314170
3314938
3316231
3317329
3318551
3319254
3320899
3322465
3324835
3326304
3326732
3328987
3329646
3330563
3333058
3334708
3335916
3337394
3338786
3339443
3339510
3341259
3341287
3342603
3342916
3343106
3346843
3348446
3349739
3352977
3353523
3354814
3355497
3355961
3358405
3358530
3358971
3359338
3359881
3359920
3360541
3360588
3361160
3362004
3362035
3364699
3365809
3366239
3368540
3369671
3369727
3369820
3370199
3370236
3371010
3371095
3371494
3372035
3373847
3374598
3377765
3379807
3379997
3382497
3382645
3383098
3384082
3384415
3386595
3386904
3388347
3388502
3390043
3391113
3392853
3393768
3393794
3394100
3398529
3399406
3401965
3403079
3403254
3404728
3405908
3408140
3408847
3409471
3409730
3409981
3410889
3411791
3414096
3414644
3417383
3418413
3418598
3418767
3420187
3422936
3423384
3424465
3425084
3427348
3427421
3428229
3429662
3429800
3431191
3433080
3435058
3435233
3436366
3437355
3438939
3439269
3439340
3441400
3443132
3443160
3444508
3446787
3448661
3448853
3449194
3449363
3450484
3456544
3457164
3457835
3460853
3461446
3463839
3463894
3464907
3465445
3466373
3466930
3467078
3467936
3468694
3469858
3471580
3471645
3471735
3472169
3472476
3472695
3472992
3473252
3474444
3475324
3477056
3478023
3478872
3479250
3480847
3481636
3481969
3481991
3483255
3485496
3485781
3486014
3486253
3488342
3489294
3489549
3490300
3492054
3492359
3494116
3495437
3497953
3499516
3499775
3499985
3500196
3500343
3501496
3504116
3504469
3506192
3507587
3508057
3508778
3509169
3510676
3510951
3511176
3512021
3514329
3514401
3514438
3515351
3519206
3520593
3520862
3521815
3522643
3523454
3526122
3526951
3529134
3529263
3530840
3533071
3533503
3534280
3535616
3536008
3536118
3536129
3536724
3537260
3537765
3539089
3541042
3542324
3542680
3546496
3547085
3548423
3548954
3549376
3549518
3549549
3550159
3550300
3550389
3550453
3550611
3551650
3552165
3552187
3553681
3553837
3554191
3558806
3559117
3559267
3559312
3559824
3561336
3562717
3563700
3564028
3565170
3565342
3566247
3569010
3569764
3570141
3570713
3571117
3572044
3572239
3572645
3573802
3575355
3575996
3577067
3577397
3580896
3581242
3581247
3581268
3581425
3581977
3584360
3585414
3585846
3586243
3586747
3586785
3587314
3587634
3588592
3589008
3589357
3590182
3590668
3590880
3592564
3593618
3595674
3596802
3597328
3598663
3600808
3601037
3603134
3606400
3606808
3606910
3607580
3608958
3611724
3612774
3613297
3613897
3615445
3615977
3616354
3616424
3616895
3617470
3617689
3618541
3618850
3619085
3619503
3620420
3621126
3624937
3624998
3626387
3626939
3627908
3628280
3628896
3629901
3630915
3630917
3634061
3635309
3636252
3637030
3638201
3640022
3640317
3641378
3641980
3642394
3642551
3644181
3644287
3644628
3646266
3646432
3647543
3647942
3650480
3651073
3653857
3655550
3656589
3656777
3659497
3659799
3664671
3664871
3666176
3666330
3666533
3668031
3670178
3672110
3672467
3673324
3673535
3673849
3675891
3677312
3677345
3678098
3679969
3682524
3682556
3683907
3684596
3685908
3686151
3686486
3688032
3688962
3691586
3693079
3694303
3695543
3695999
3697757
3698350
3699788
3700378
3703224
3705034
3705202
3709142
3710987
3711660
3712023
3712466
3713266
3714972
3715391
3715438
3719832
3723458
3724922
3725437
3729735
3730118
3732417
3733170
3735516
3736558
3737623
3738712
3740174
3740313
3740736
3742781
3743519
3743550
3744452
3745671
3745823
3747822
3747988
3748585
3752773
3754325
3754421
3754713
3755905
3757729
3758273
3758678
3759869
3760108
3760454
3762580
3762666
3765731
3766086
3769256
3769910
3770740
3771109
3772020
3772231
3773442
3773594
3774117
3774889
3775323
3776137
3776678
3776710
3776950
3777688
3778171
3778731
3780271
3780671
3784146
3785835
3787130
3787813
3788231
3788914
3789210
3789582
3789652
3789735
3791845
3792348
3793417
3794112
3795593
3796060
3796318
3796571
3799257
3800385
3800441
3801620
3802593
3803433
3803956
3804474
3804489
3805834
3807115
3807232
3807915
3807996
3808005
3809002
3810256
3810711
3811846
3812279
3813034
3816102
3817151
3820428
3820724
3821813
3822846
3824651
3825055
3825140
3826465
3828515
3829915
3830645
3834928
3836703
3839421
3840374
3841120
3841334
3842159
3843577
3844097
3844408
3845117
3845196
3845636
3846966
3847348
3847849
3847920
3848805
3849504
3853026
3856408
3856716
3857889
3858045
3858762
3859300
3861128
3861289
3862662
3864664
3865076
3865460
3866297
3866594
3870033
3870154
3870228
3874882
3878741
3878925
3879822
3880449
3881202
3881692
3887340
3887961
3889377
3889951
3890523
3891294
3892342
3892368
3896596
3897962
3898333
3898679
3899162
3900929
3902226
3902239
3904081
3904930
3905110
3905892
3906853
3909098
3911136
3913046
3913590
3913614
3914232
3914352
3915884
3916018
3916192
3916853
3917159
3917308
3918583
3920491
3920979
3921158
3921966
3924791
3927011
3928272
3929158
3936020
3936600
3937066
3937651
3939840
3941018
3942871
3944632
3945971
3946059
3946106
3950069
3950563
3952268
3952863
3954662
3954711
3956682
3956854
3959474
3960567
3960628
3961237
3962344
3962804
3963120
3963352
3964400
3964807
3965658
3966412
3966987
3967700
3969365
3969797
3970900
3972411
3973836
3974971
3976347
3976779
3977285
3978725
3978869
3979375
3983266
3983827
3983832
3984456
3984568
3985247
3987689
3991403
3992340
3993543
3993704
3994943
3996039
3997241
3998306
3998363
3998634
3998785
3999237
4001647
4002827
4003699
4004975
4005432
4005740
4005963
4006224
4007055
4009562
4009841
4011246
4012420
4013651
4013848
4015347
4015706
4016621
4016925
4017561
4017995
4019340
4021423
4022545
4022574
4022869
4023906
4024750
4025392
4025946
4027025
4028708
4029357
4030309
4032838
4035330
4036869
4040625
4040847
4040985
4044360
4045113
4045837
4047119
4047787
4048815
4049718
4049796
4051830
4052150
4052318
4054073
4054215
4054515
4056404
4057237
4057249
4057578
4058163
4058382
4059923
4060013
4060167
4060653
4062202
4063308
4065601
4067610
4069696
4069833
4070525
4071325
4071621
4071762
4072203
4072795
4072813
4075183
4078765
4080746
4083267
4086391
4087177
4087743
4088045
4089729
4091778
4093079
4094102
4097709
4100046
4101596
4103158
4105189
4105845
4105887
4105925
4106670
4107796
4107917
4108714
4110508
4113635
4113757
4113948
4113972
4114275
4114392
4114797
4116062
4116499
4117097
4117155
4117184
4117290
4117489
4117756
4118705
4119180
4120537
4121152
4121795
4123104
4123708
4123956
4125176
4125192
4126401
4126938
4127543
4128436
4128884
4129103
4129578
4135662
4137177
4138563
4138665
4138972
4141066
4141208
4141445
4142260
4142506
4142656
4143203
4143921
4144026
4146244
4146442
4146984
4147967
4150196
4150397
4151421
4151454
4151908
4151909
4152627
4152681
4152905
4154636
4154861
4156476
4157086
4157337
4157486
4158134
4158345
4158498
4159984
4160730
4163028
4163547
4163610
4164847
4167045
4167081
4168316
4168886
4170136
4171145
4173351
4173586
4175821
4177143
4177208
4178489
4179134
4179922
4180211
4182099
4184362
4185984
4188540
4188762
4192986
4193657
4193846
4194311
4195210
4196868
4197886
4199825
4200113
4200676
4201155
4201339
4202509
4202921
4203347
4205019
4205843
4206039
4206251
4207223
4207917
4208556
4209996
4211353
4211967
4213345
4214117
4214632
4215015
4215822
4217561
4217678
4218681
4219380
4219522
4220325
4220586
4222278
4222388
4222526
4223051
4224937
4226777
4227824
4228872
4232418
4232469
4232622
4233628
4236336
4237058
4237404
4238492
4240809
4242495
4243670
4244012
4244569
4244688
4244900
4245097
4245519
4245794
4250050
4250510
4250875
4252493
4253478
4254883
4256800
4258282
4259481
4259536
4259645
4261824
4262902
4263957
4265503
4266150
4266918
4268433
4269207
4269602
4270264
4276217
4276474
4276518
4277208
4279184
4279787
4280385
4283040
4285033
4286874
4288044
4288874
4289076
4289806
4289843
4290432
4291202
4292387
4294665
4295660
4297032
4298375
4298631
4301003
4301305
4301534
4301759
4304350
4304695
4308842
4313005
4313848
4313899
4314202
4314413
4314641
4315082
4315340
4317393
4318568
4320218
4320694
4321143
4321164
4322772
4324551
4325552
4325927
4326204
4326793
4330209
4331974
4333148
4333203
4333437
4334247
4334309
4338122
4339355
4340853
4341338
4341790
4342733
4342925
4343651
4350504
4350751
4355488
4356001
4356512
4357064
4357134
4358051
4358387
4359739
4361447
4361990
4363190
4364548
4364763
4365417
4365965
4366037
4366717
4370929
4373608
4373728
4375255
4376281
4376858
4376926
4378934
4380164
4380883
4381181
4381309
4381477
4382186
4383008
4383033
4383668
4386123
4388667
4389348
4390546
4390749
4390848
4391233
4391420
4391748
4393004
4393691
4394257
4394464
4395400
4398305
4398582
4404444
4405201
4405396
4405885
4406341
4406492
4406828
4407135
4407304
4408501
4409428
4410045
4413659
4418228
4419652
4421770
4422642
4422670
4423240
4423413
4425846
4425998
4426539
4426957
4427362
4430399
4432279
4433210
4434670
4435123
4435577
4437121
4437982
4438504
4439300
4439423
4440239
4440551
4441057
4441817
4441908
4442002
4443132
4443457
4443576
4443853
4444104
4444142
4445359
4445846
4447154
4447672
4448944
4450478
4450613
4450674
4451341
4452014
4452468
4453415
4453979
4454788
4454931
4456495
4457050
4457888
4458300
4459015
4460521
4460707
4461698
4461938
4466994
4467222
4468313
4469138
4469162
4470257
4471910
4473994
4476713
4476971
4477079
4477894
4479276
4479523
4481578
4483292
4483509
4486793
4488902
4490337
4493166
4493559
4494151
4495007
4495098
4496104
4496510
4496852
4496946
4497012
4499820
4501901
4502644
4502870
4503463
4503482
4503774
4504351
4504858
4504868
4504925
4506953
4507818
4508839
4509120
4510123
4511309
4513087
4513722
4513987
4514720
4514738
4515848
4515862
4515918
4516493
4517028
4518023
4520188
4520514
4524778
4525477
4526716
4528537
4528670
4530132
4530469
4532751
4533913
4534510
4534855
4535004
4535064
4535138
4535667
4536344
4536527
4536816
4537116
4538266
4538952
4540927
4542458
4542597
4543112
4543594
4543810
4544621
4545388
4547598
4547709
4549062
4550251
4551508
4555379
4555573
4556810
4557328
4557785
4558389
4558688
4559716
4562019
4564316
4564624
4564645
4567376
4568969
4569969
4572016
4572104
4572331
4572615
4575491
4576968
4577001
4577431
4578294
4578348
4578522
4579469
4580689
4580766
4580783
4582028
4582038
4583311
4584084
4584762
4586350
4588359
4589956
4591472
4591981
4593035
4593982
4594209
4595362
4596769
4597491
4600133
4603575
4604904
4605738
4605875
4605877
4607269
4608805
4608838
4610440
4611883
4612034
4612799
4613291
4613571
4615851
4615855
4616582
4616822
4616993
4617697
4618113
4618386
4619785
4620121
4620240
4621525
4621954
4623078
4623592
4628286
4629247
4631690
4635292
4635405
4636450
4636562
4639647
4639856
4640391
4642281
4643311
4643805
4644062
4644270
4644436
4644625
4644834
4644985
4645982
4646975
4647767
4647776
4650974
4652306
4654458
4654760
4655272
4655293
4655853
4657029
4660544
4662636
4663576
4663861
4665226
4666302
4666325
4667863
4668852
4669643
4670931
4670965
4672419
4672471
4673581
4673950
4674012
4674538
4676109
4676372
4678018
4678175
4678698
4679884
4682562
4684255
4684430
4686172
4686727
4686871
4687263
4688440
4689039
4689197
4689477
4691567
4692362
4693242
4694152
4695060
4696350
4696658
4699362
4700376
4702323
4703922
4705287
4707129
4707591
4709369
4709557
4711719
4711820
4712136
4712962
4713278
4715021
4715705
4717361
4717707
4717834
4718591
4718808
4720326
4720949
4722161
4723324
4723434
4724316
4725355
4726005
4726310
4727410
4727796
4728836
4728913
4729723
4730992
4731142
4731326
4732292
4732595
4733168
4733917
4734627
4734856
4738433
4738824
4739121
4740710
4740999
4741261
4743155
4743794
4744239
4747328
4747516
4747593
4748453
4748658
4749799
4750763
4753964
4754744
4754813
4754890
4754894
4755215
4756334
4757266
4758023
4758269
4758799
4761055
4761285
4761472
4761548
4761900
4762071
4763245
4763327
4763542
4764403
4765009
4765587
4767048
4768336
4768614
4769645
4772133
4772257
4772442
4774053
4775802
4777599
4777622
4777719
4778737
4779347
4781474
4782436
4785655
4785995
4786830
4788684
4789788
4790265
4791111
4791206
4791419
4795468
4795513
4796349
4796554
4800413
4804492
4804521
4804859
4805861
4806479
4808579
4808966
4809040
4809228
4809665
4809781
4812176
4812959
4815463
4815826
4816666
4818823
4820208
4821983
4822099
4822870
4823572
4824338
4824671
4831564
4832235
4835369
4835644
4836248
4837418
4838054
4840471
4841652
4841957
4843021
4846633
4847846
4847919
4848649
4849442
4850870
4852177
4852604
4852755
4853863
4858046
4858620
4859170
4859233
4859663
4861615
4862879
4863313
4864059
4864445
4864479
4864797
4864921
4865016
4865639
4866457
4868284
4868957
4870050
4870640
4870937
4871480
4871736
4871902
4872901
4873623
4874498
4875379
4876187
4876414
4876578
4877022
4878150
4879298
4879930
4880699
4880735
4881023
4882438
4883373
4883575
4883976
4884566
4885622
4886140
4886269
4887458
4888262
4889187
4890119
4890724
4891283
4891448
4892334
4892874
4893403
4896615
4898951
4900397
4904357
4907886
4907976
4908642
4908942
4910841
4911120
4912539
4913060
4913813
4914515
4915276
4916621
4917465
4917751
4918347
4918797
4918883
4919290
4919420
4921014
4921484
4921529
4922463
4922946
4923081
4923490
4923605
4924399
4924967
4927005
4927909
4929334
4930058
4930320
4931433
4932694
4934392
4935030
4935565
4935959
4936776
4938170
4938238
4939661
4940849
4941915
4942832
4943594
4943619
4943764
4944901
4945495
4946659
4948192
4950635
4951892
4956325
4956381
4956533
4956791
4958212
4958469
4959045
4960092
4963394
4964392
4964785
4965348
4965762
4967151
4968820
4971271
4971679
4972185
4974222
4974256
4974533
4974643
4975980
4977010
4977471
4981842
4982263
4983321
4984257
4984482
4984985
4987192
4987450
4987833
4988279
4989541
4989586
4990426
4991687
4991696
4992495
4996173
4996241
4997639
4998505
4999074
4999841
4999851
5000581
5000782
5000811
5001515
5002885
5003141
5004160
5005126
5007296
5007373
5008308
5009194
5011158
5011214
5012559
5014375
5014590
5015515
5015611
5015976
5017203
5018014
5018440
5019051
5019307
5019351
5019362
5020194
5021125
5023351
5023426
5023439
5023578
5024114
5024291
5024817
5025312
5025417
5026341
5028492
5029810
5031900
5032522
5033025
5034708
5034809
5035972
5036163
5036235
5036614
5037513
5038758
5039067
5039879
5040245
5040745
5042255
5042523
5043197
5043233
5043482
5048602
5048747
5049061
5049223
5050357
5051458
5051596
5053477
5053901
5055546
5057037
5057119
5057642
5058465
5059755
5063872
5064063
5064399
5064792
5065604
5066009
5068108
5068304
5070356
5072038
5072354
5072432
5072513
5072629
5072851
5073514
5076437
5076878
5077100
5078146
5079159
5083179
5085130
5085788
5086470
5087642
5088850
5092369
5093396
5093812
5095946
5096588
5100650
5100700
5101406
5101619
5101663
5102211
5102946
5102979
5103557
5104198
5104453
5105674
5105861
5106083
5106348
5109373
5110039
5111443
5112018
5112513
5112922
5113110
5116145
5116503
5116773
5117795
5120138
5121064
5121260
5124770
5126488
5127168
5128312
5129863
5131869
5132197
5132721
5133300
5133331
5134481
5135005
5135063
5135302
5136180
5139053
5142033
5142270
5142442
5143046
5143801
5146437
5148213
5149809
5153614
5153877
5154008
5154045
5156680
5157613
5159580
5160357
5160415
5160498
5163841
5164504
5164631
5164861
5164869
5166952
5167265
5168705
5168782
5170789
5171122
5171528
5171529
5171789
5172211
5172541
5172654
5173246
5175492
5175925
5176152
5177183
5177355
5177356
5177661
5177708
5177869
5178820
5179554
5180135
5180915
5181049
5182573
5182790
5183253
5183513
5185804
5187083
5187085
5187335
5188265
5189958
5190741
5191731
5192545
5193148
5194737
5195470
5195489
5196116
5196430
5196552
5198450
5199246
5199464
5200714
5204154
5204540
5206715
5207577
5208133
5209591
5212580
5212831
5213904
5215107
5217054
5218401
5222020
5222641
5222915
5224314
5225865
5226654
5226735
5227051
5228988
5229571
5230819
5231497
5231784
5232059
5232080
5232235
5232255
5234708
5236681
5237025
5237233
5237738
5240066
5245103
5245132
5245485
5246815
5249263
5250699
5251889
5252255
5255372
5255407
5257946
5259585
5259600
5260138
5260238
5260293
5260434
5263013
5264695
5264896
5265094
5265548
5269562
5274004
5274389
5274669
5275555
5276235
5278030
5279799
5279974
5280014
5281333
5282472
5282787
5283120
5284809
5285219
5285786
5288189
5290940
5292225
5294299
5295446
5295744
5296599
5297521
5298624
5299763
5303118
5303300
5305849
5306136
5307315
5307687
5307956
5308941
5309918
5310214
5311325
5311543
5312552
5313542
5314225
5316618
5316647
5316905
5318546
5319846
5320424
5320513
5321913
5324372
5324470
5325070
5325457
5325903
5326117
5326188
5326892
5327933
5328737
5329628
5329720
5331534
5331719
5332814
5333274
5334176
5334465
5334859
5335409
5335598
5336749
5338224
5339178
5339356
5340341
5340959
5341488
5344005
5345017
5345304
5345728
5348992
5349257
5350593
5351367
5353884
5354464
5357693
5358510
5359024
5362533
5362694
5363622
5364917
5366766
5368131
5368304
5368703
5369701
5371167
5371191
5372615
5373585
5374033
5374149
5374411
5374922
5377972
5378448
5378735
5382376
5382430
5382764
5383754
5383965
5385166
5385752
5387047
5388697
5389307
5389387
5389835
5390433
5391474
5393505
5393609
5393822
5395454
5395459
5398396
5401478
5401827
5402293
5402756
5403137
5403305
5403320
5403733
5407674
5407679
5408189
5408753
5409251
5410036
5410620
5410913
5412467
5412578
5413484
5415110
5415713
5415829
5415981
5416798
5417322
5417715
5418445
5419424
5419650
5419678
5421545
5422473
5422705
5422872
5423040
5425265
5425266
5425657
5426841
5427308
5428922
5429436
5430198
5430723
5433946
5433997
5436133
5436158
5436585
5438421
5439197
5440704
5441192
5441686
5442700
5443985
5444264
5445235
5445623
5446943
5447719
5448044
5449929
5451336
5452379
5452699
5453837
5454155
5456055
5456690
5457374
5457545
5457688
5458078
5459355
5460498
5460735
5460982
5461120
5462188
5463266
5463954
5465611
5467339
5469093
5471216
5472220
5472491
5472933
5473915
5475137
5477438
5478813
5481990
5483802
5484709
5485063
5485157
5486381
5486784
5488353
5488700
5489788
5490953
5492233
5492432
5493644
5494074
5495080
5496744
5496778
5498220
5498592
5499777
5500303
5500740
5501299
5502250
5502358
5502781
5503428
5504872
5504893
5505685
5505739
5506309
5508346
5508954
5509128
5509758
5510032
5511984
5512791
5514226
5514388
5516669
5517424
5518338
5518556
5520050
5520140
5520159
5520580
5521058
5521169
5523633
5525698
5525892
5526363
5526591
5528047
5528081
5528442
5529754
5530781
5530789
5531617
5532199
5532821
5533368
5534514
5535154
5536708
5536890
5537487
5537552
5537841
5538104
5541065
5541394
5541448
5542096
5543454
5544915
5546189
5547311
5547947
5550016
5551591
5553719
5556430
5560567
5562254
5562276
5563526
5566349
5566420
5566787
5567298
5568204
5568510
5569770
5569783
5569848
5570246
5570771
5573165
5573909
5574061
5574881
5579175
5579843
5580317
5580969
5583051
5583462
5584101
5584733
5586834
5588555
5589082
5590135
5590743
5592576
5593491
5594507
5596718
5597774
5598347
5604029
5604588
5604745
5605453
5607282
5607882
5608231
5609595
5610053
5610922
5611732
5613303
5613546
5613651
5614662
5615145
5616823
5617277
5620733
5621940
5621971
5623651
5624817
5625111
5626254
5627134
5628764
5629632
5629782
5629889
5630550
5631155
5631355
5632076
5634046
5636088
5638290
5638654
5639430
5639921
5642375
5643621
5643623
5646043
5646357
5646625
5648019
5648513
5648659
5648860
5649122
5650009
5650821
5650971
5651450
5652570
5652669
5653534
5654313
5655296
5657211
5657648
5659205
5660411
5660722
5661700
5662584
5662760
5662850
5664703
5665311
5666038
5666725
5667108
5667242
5667534
5668043
5668239
5668816
5671821
5672208
5672921
5673290
5674446
5674692
5674868
5676501
5677105
5680202
5680553
5680740
5682616
5683652
5684336
5684816
5685600
5685979
5686628
5686981
5687461
5688217
5689523
5690404
5691268
5691681
5692464
5692840
5693725
5693874
5694535
5694956
5695289
5696027
5696558
5696671
5698098
5698357
5698744
5702960
5703438
5703880
5704096
5704429
5708102
5710929
5713553
5715902
5718252
5718595
5718925
5718968
5719241
5721063
5721106
5721222
5721724
5722362
5722504
5723703
5723787
5724337
5724880
5725525
5726932
5727572
5728159
5728289
5728625
5728686
5729653
5732226
5733055
5733473
5733586
5735501
5736367
5738171
5738970
5741209
5742010
5742070
5744060
5744208
5744524
5744615
5746617
5747667
5749584
5749654
5752058
5753398
5754549
5755855
5756674
5757815
5759324
5761594
5762607
5762754
5764343
5766438
5766860
5767923
5769232
5770810
5770890
5771497
5772026
5773265
5774009
5774623
5775097
5776057
5776787
5777321
5778240
5778690
5779045
5780367
5780734
5782035
5782984
5783602
5784206
5784666
5785236
5785622
5787016
5790818
5791416
5791446
5792597
5795177
5796928
5800550
5800656
5801425
5801726
5802147
5803679
5807317
5807420
5807623
5808787
5809912
5811373
5812122
5814172
5814603
5815091
5816249
5816330
5816782
5818989
5821154
5821253
5822674
5822858
5824455
5824674
5827021
5827735
5828594
5828879
5830698
5831144
5833489
5833822
5833952
5834235
5835696
5836880
5837398
5838780
5842266
5843838
5851171
5851373
5851975
5852237
5852814
5854209
5855532
5860550
5861252
5861490
5861764
5862754
5863101
5865181
5865318
5866978
5869903
5870503
5872230
5873472
5876344
5877345
5877989
5878206
5878381
5880223
5880499
5884577
5885747
5886892
5887804
5889845
5890457
5890862
5893583
5894020
5894029
5894540
5894545
5894954
5896771
5896974
5897307
5898737
5900361
5900711
5901486
5902469
5904865
5907206
5907815
5913735
5914573
5914882
5917182
5918585
5919117
5920359
5921155
5922064
5922682
5925282
5926472
5929208
5931931
5932756
5933459
5934356
5936202
5937287
5937461
5940092
5940591
5940806
5943270
5943570
5946221
5946812
5947044
5948104
5948239
5954742
5955721
5956053
5956074
5957053
5957395
5957598
5957706
5957841
5957909
5959231
5959416
5960004
5960479
5961797
5962571
5963911
5965115
5965768
5965931
5967090
5967516
5967783
5968217
5968912
5970346
5973352
5973926
5975029
5976107
5976249
5976419
5976815
5977819
5977898
5978223
5978895
5979446
5979465
5983663
5984240
5984494
5984744
5984933
5985393
5986516
5987401
5989836
5989839
5989948
5990457
5990826
5990971
5990991
5991486
5992260
5992519
5993383
5993393
5994780
5995043
5995626
5997687
5997730
5999405
5999878
5999974
6000066
6000141
6001894
6003846
6004264
6005431
6007498
6007632
6008210
6010049
6011379
6011870
6015504
6016158
6017963
6019201
6019329
6020091
6021622
6022130
6022744
6025304
6025619
6025774
6026902
6027950
6028755
6029228
6030358
6030478
6030533
6031401
6031662
6035533
6035572
6036595
6036895
6038459
6039440
6041999
6042987
6042993
6043647
6044606
6045593
6047778
6051308
6052545
6054253
6055031
6055995
6057245
6058412
6058507
6059402
6059736
6061925
6062294
6062804
6063118
6063357
6063516
6066833
6067161
6067673
6068795
6072975
6073762
6074434
6074758
6075722
6076696
6077989
6078066
6079565
6079685
6081465
6081752
6083702
6084428
6085155
6085619
6086378
6087029
6090398
6091958
6093047
6094426
6095728
6096613
6096650
6097696
6098587
6098626
6100134
6100324
6100773
6101312
6101416
6101647
6101988
6104298
6105421
6106161
6107080
6109452
6111566
6112032
6114165
6114714
6117932
6118962
6119268
6120221
6123047
6123376
6127808
6128312
6129498
6129795
6131700
6133288
6133809
6134422
6135054
6137235
6137347
6138901
6139395
6140406
6141039
6143887
6144874
6145123
6145558
6145639
6145746
6145778
6145800
6147326
6147923
6148331
6149761
6150266
6150437
6151441
6153659
6154353
6154745
6158280
6160205
6161728
6162030
6162099
6162739
6163195
6163382
6163411
6164370
6164883
6167786
6169119
6169979
6171094
6172086
6172806
6174508
6174534
6174769
6176782
6177263
6179243
6182852
6183299
6184008
6184277
6188264
6188363
6190445
6190741
6190943
6191370
6191959
6191969
6192385
6193243
6194768
6196478
6199617
6201787
6202077
6203663
6205716
6206550
6206605
6206767
6208401
6208887
6209720
6209908
6210508
6212039
6212536
6213347
6214603
6214609
6215420
6215710
6215840
6216245
6222931
6225897
6225924
6225996
6226992
6229756
6230478
6231000
6231097
6231317
6233165
6234673
6236376
6237791
6238068
6238143
6239199
6239820
6240671
6240981
6244219
6245061
6246154
6246516
6247271
6247326
6247695
6247956
6248094
6248793
6249352
6249981
6250198
6254357
6255137
6255715
6255801
6255988
6256916
6257637
6261826
6262398
6262597
6263176
6269473
6270950
6271149
6275282
6275926
6277668
6277714
6279076
6279086
6279487
6280470
6281833
6283179
6284489
6285159
6286356
6287661
6288202
6289802
6290274
6291711
6293140
6293241
6294483
6295050
6295545
6295572
6295737
6297262
6298540
6300316
6301916
6302987
6303120
6304158
6306006
6306009
6307232
6307710
6310269
6310767
6311707
6311944
6313691
6314836
6315427
6316006
6316184
6316468
6317008
6317178
6317324
6317689
6318947
6319623
6319805
6320227
6321690
6321876
6323259
6324808
6326120
6327934
6328221
6329025
6329758
6330447
6333695
6334217
6335267
6339009
6339197
6340445
6341442
6342416
6342851
6343041
6344363
6344738
6347862
6349715
6351734
6352495
6353665
6354577
6356092
6356691
6358136
6358177
6358932
6360046
6361254
6364001
6364222
6364397
6365649
6367630
6367840
6368428
6369092
6371023
6371251
6372256
6373925
6374926
6378370
6379462
6380226
6380527
6383449
6384569
6385781
6386861
6388647
6388786
6389406
6391079
6393250
6393269
6393475
6393783
6394047
6394905
6395467
6397809
6399119
6399443
6399495
6399796
6401711
6403185
6403956
6404251
6406284
6407655
6409340
6410990
6411602
6412430
6412995
6413483
6413697
6415538
6416077
6416105
6416960
6417230
6417566
6419263
6419880
6421169
6422270
6422336
6424048
6425266
6426524
6426593
6427862
6427925
6429670
6430792
6431251
6432827
6433285
6434103
6435951
6436030
6436886
6438549
6438994
6439343
6439649
6439965
6440808
6441637
6444387
6444996
6446305
6446359
6446835
6448575
6449104
6449683
6450398
6452677
6453542
6455755
6457861
6458782
6459340
6463133
6463254
6464283
6464635
6466144
6467109
6468478
6468728
6469949
6469964
6470333
6471029
6471108
6471454
6471717
6472024
6472524
6472631
6473481
6475375
6476088
6480563
6481904
6483713
6484115
6485007
6485546
6486299
6487147
6487219
6488382
6488446
6489357
6489715
6489910
6491295
6492316
6492421
6493583
6494296
6494976
6495113
6495211
6495591
6495975
6497031
6498808
6498822
6499736
6500697
6501499
6502711
6503639
6504752
6504777
6504976
6504996
6505417
6505459
6505701
6507921
6509261
6509346
6509862
6510824
6516096
6516630
6516746
6517569
6518294
6518324
6519469
6520388
6521125
6521954
6522296
6522405
6522696
6523465
6524178
6527880
6532687
6534748
6535088
6535557
6536027
6536735
6537240
6537576
6538164
6540569
6541761
6541829
6541977
6542394
6542504
6543262
6548126
6548132
6548578
6550758
6551801
6552670
6555266
6556509
6556511
6557813
6560814
6561592
6562268
6562365
6562765
6563287
6565878
6566452
6566694
6568428
6568707
6569427
6571036
6572181
6573928
6576375
6576468
6576703
6577512
6578580
6579223
6581135
6585228
6586172
6586369
6587694
6588861
6589434
6589826
6589876
6590174
6591159
6591582
6592119
6592332
6592546
6592903
6593476
6594553
6595140
6596112
6596265
6596647
6596849
6597751
6600006
6602339
6602595
6602604
6604202
6604251
6604804
6605780
6605954
6606112
6606294
6606696
6607595
6607836
6610466
6610480
6611555
6612920
6613526
6615432
6615894
6617286
6617755
6619265
6620051
6621025
6622635
6622637
6623015
6627276
6627361
6627595
6627846
6628159
6629128
6629338
6632740
6633176
6636686
6637010
6638804
6640423
6641366
6644033
6646873
6647840
6647891
6648214
6650536
6652041
6653772
6654487
6656349
6656555
6657978
6659281
6663519
6663852
6663856
6665545
6667855
6670403
6671913
6672377
6672565
6672740
6673138
6673561
6674279
6675749
6676949
6677260
6678261
6678422
6680919
6682216
6682955
6685503
6685530
6686572
6687285
6689175
6689308
6690569
6691103
6691694
6692967
6693790
6694909
6695250
6695396
6696423
6696429
6696706
6697425
6697542
6697688
6700230
6700935
6702982
6704111
6705255
6705440
6707977
6708565
6709306
6712065
6712601
6713376
6719503
6721893
6722552
6723270
6724975
6730091
6730270
6732573
6736367
6738745
6740602
6742372
6743667
6743727
6744607
6744968
6744989
6746914
6747116
6748169
6748464
6748652
6750337
6751120
6754411
6754524
6755613
6756448
6757371
6757389
6759681
6759853
6759971
6762037
6762291
6762987
6763426
6763442
6763498
6763696
6765327
6766248
6766290
6768965
6769095
6769464
6770494
6771407
6771789
6771944
6772197
6772993
6773248
6775801
6776480
6776807
6777135
6777415
6779968
6780566
6781400
6781703
6782399
6784159
6784902
6785262
6785726
6786330
6787176
6790763
6792944
6793395
6794140
6795691
6796152
6796667
6797478
6797548
6797616
6800427
6801633
6803832
6804146
6804678
6804917
6805407
6805805
6805874
6806447
6807450
6808248
6810178
6810274
6811975
6813980
6814103
6814698
6816969
6818521
6822114
6824873
6826190
6826518
6828147
6828839
6831828
6834047
6834157
6834237
6834379
6834456
6836660
6837580
6838571
6839560
6840690
6842985
6843033
6844062
6845160
6845747
6847193
6848855
6849955
6852109
6852979
6854852
6855124
6861127
6861154
6861304
6861846
6863284
6864546
6865661
6867437
6867872
6868950
6869780
6869971
6870007
6870321
6872320
6876305
6877394
6877621
6878456
6878667
6879518
6883282
6884679
6885900
6886657
6887183
6889044
6889323
6889535
6889897
6890862
6891392
6893282
6893404
6893893
6894406
6894468
6894788
6894950
6896869
6896906
6898254
6899230
6901441
6905913
6906872
6907737
6908315
6909088
6911071
6912936
6913931
6915205
6915394
6916736
6917863
6919168
6919677
6919944
6922154
6923315
6925870
6926291
6927531
6927930
6929837
6930451
6931886
6933051
6934126
6935089
6936771
6937209
6937250
6937838
6939512
6939566
6941534
6943150
6943531
6945863
6948639
6948681
6949010
6951087
6951695
6952649
6953965
6954477
6954729
6955409
6956657
6957313
6958327
6959054
6959765
6959891
6960429
6961941
6965467
6966517
6970383
6971421
6973128
6973838
6974388
6975319
6975531
6977214
6979181
6979339
6980070
6980193
6982133
6982247
6983484
6983519
6985433
6986064
6986702
6988059
6990087
6990483
6993020
6993334
6993555
6994148
6994323
6995065
6995093
6996791
6997310
6999164
6999172
6999523
6999778
7000931
7003177
7004555
7006018
7007340
7008230
7008828
7009124
7009668
7010158
7011516
7012045
7013346
7013664
7013774
7014838
7015107
7018128
7018357
7020167
7020654
7020973
7021035
7021739
7023152
7024286
7024567
7025489
7026646
7026831
7027384
7028242
7028402
7028408
7029297
7029586
7029826
7030728
7030843
7031466
7033393
7034408
7034564
7038911
7039055
7039449
7040951
7041030
7042120
7042684
7042804
7043500
7045683
7045781
7047460
7047564
7050326
7050594
7050939
7051550
7052190
7052229
7052525
7053100
7054669
7058145
7059308
7059729
7062080
7064030
7066204
7067174
7068931
7069416
7070469
7071193
7071652
7072550
7072721
7074063
7075762
7075790
7075949
7076815
7076860
7076948
7077458
7077643
7080177
7080225
7082255
7082400
7082924
7082983
7084431
7087517
7087936
7088604
7091136
7092661
7092749
7093131
7093747
7094424
7094653
7097829
7098764
7099119
7099289
7099586
7100717
7101984
7102780
7104049
7104924
7106965
7108851
7110893
7110953
7111011
7111454
7112320
7112405
7115551
7115773
7116776
7117124
7117992
7121024
7121279
7121335
7122106
7122413
7122458
7123541
7123578
7126185
7126281
7126663
7128440
7132560
7132978
7133768
7134648
7136264
7137603
7138762
7140441
7140482
7140608
7141412
7143228
7143710
7143729
7143849
7146995
7147257
7150539
7151536
7151667
7151727
7153743
7155627
7156007
7156835
7157292
7159493
7163094
7163445
7165020
7166480
7169322
7169733
7170842
7171049
7174281
7177540
7180184
7181839
7182784
7186642
7187308
7188736
7189807
7191606
7191621
7192642
7197037
7197857
7198271
7199112
7200091
7202384
7209110
7210080
7210171
7210709
7211225
7212879
7214124
7215536
7215631
7220642
7220924
7224147
7226781
7226952
7227749
7230921
7232256
7233757
7234753
7235210
7235922
7235941
7236094
7237219
7238354
7240566
7241061
7241158
7241247
7243451
7244248
7245295
7245625
7246350
7247951
7247972
7249173
7249467
7249873
7253716
7254906
7255446
7256431
7258523
7263150
7263395
7263522
7265068
7265537
7266022
7267267
7268024
7268133
7268499
7268907
7271289
7272284
7272377
7272404
7275047
7277635
7279975
7280711
7280793
7282820
7284646
7285335
7286610
7287307
7288684
7289090
7289346
7290407
7291446
7291639
7293590
7293634
7293922
7294092
7296732
7299281
7300665
7302292
7302493
7303403
7306486
7306533
7306675
7307166
7307329
7309094
7311047
7311652
7311942
7312122
7312414
7312478
7312722
7312777
7316261
7316436
7317712
7318150
7318510
7319452
7321561
7322159
7326577
7326817
7327527
7328351
7328535
7329929
7331202
7331298
7333850
7335008
7336487
7337091
7337462
7337959
7339382
7340990
7342096
7344650
7344962
7346384
7346766
7348469
7351220
7352384
7352488
7352595
7354834
7355623
7355904
7356604
7358716
7360574
7363102
7363340
7363808
7363900
7364853
7365295
7367945
7370672
7370996
7372736
7372945
7373958
7377511
7380288
7383299
7383603
7383786
7384294
7385219
7385298
7385352
7385673
7387510
7387754
7387759
7388075
7389778
7389898
7393619
7394462
7394617
7396715
7399047
7399488
7399890
7403468
7404265
7405178
7406654
7408790
7410210
7412479
7413063
7413309
7416678
7417151
7417560
7417637
7419231
7420843
7428328
7428907
7429823
7430681
7430713
7431658
7433814
7435398
7435812
7436795
7439087
7439196
7439618
7442211
7443089
7443620
7443801
7444281
7444595
7444862
7445166
7445398
7446433
7447191
7447810
7448813
7451022
7451386
7453974
7456252
7456303
7456531
7457051
7457538
7459634
7460083
7460601
7464000
7464386
7464870
7467901
7469574
7470684
7470860
7471637
7471941
7472831
7474813
7474866
7475159
7475923
7478089
7479038
7479139
7482612
7483471
7483805
7484439
7485669
7488885
7489467
7489898
7490635
7490873
7492176
7493094
7494451
7495069
7495357
7496132
7496434
7497777
7498227
7499555
7500353
7500432
7502480
7503392
7503716
7504334
7504910
7505405
7505614
7506500
7506549
7506977
7507630
7508406
7510101
7518018
7519557
7519658
7520587
7521986
7523996
7526858
7526874
7528593
7530005
7530351
7531856
7531963
7532513
7533313
7533687
7533936
7533969
7535063
7536199
7538184
7538746
7538759
7538875
7539634
7540661
7540781
7541046
7541621
7541834
7542942
7543474
7544643
7545532
7546811
7546977
7547618
7549195
7549670
7551842
7552379
7552431
7552691
7554923
7558748
7559317
7559374
7559486
7560760
7561018
7561435
7562551
7562776
7564349
7565962
7566168
7567974
7569044
7571142
7571234
7571457
7571610
7571676
7572638
7573057
7578373
7580287
7580647
7581431
7581782
7582637
7584376
7584851
7584944
7585670
7586491
7587726
7587963
7588805
7589988
7590045
7592114
7595345
7595952
7599373
7599636
7600904
7600962
7602271
7602321
7604013
7606007
7606836
7608228
7609524
7609835
7609967
7610644
7610788
7611016
7611244
7611468
7614292
7614979
7616059
7618488
7618656
7619036
7622711
7623672
7626717
7626995
7628049
7628214
7628541
7630213
7630646
7632250
7633179
7634674
7638084
7638581
7639580
7639679
7641172
7641179
7641849
7643264
7645147
7648790
7650671
7653194
7655025
7658327
7658869
7659844
7663508
7663876
7664164
7664625
7664924
7665057
7666329
7669935
7670502
7670971
7671400
7672233
7672584
7674012
7676369
7679742
7679892
7680544
7681061
7681119
7681972
7682477
7682522
7683717
7684858
7686018
7687786
7691699
7692141
7692234
7692239
7692393
7693289
7695605
7695722
7695910
7697194
7698629
7700356
7701222
7702363
7703307
7703657
7704187
7704253
7705251
7707429
7707934
7708074
7709460
7709676
7710707
7712560
7715612
7718869
7721870
7722001
7722391
7724368
7724647
7726327
7727055
7728563
7729057
7729713
7729791
7729890
7731570
7731944
7732240
7732648
7732738
7734644
7735224
7735227
7735486
7736254
7737370
7740521
7741394
7741956
7742149
7743840
7744440
7746682
7747104
7747105
7747261
7748540
7748888
7749144
7749593
7751438
7752008
7752413
7757325
7757701
7757861
7762478
7769324
7770318
7770701
7770946
7771023
7771469
7774519
7774602
7776428
7777186
7777472
7777554
7778229
7778947
7781017
7781487
7783476
7783833
7784707
7786267
7786287
7787585
7789239
7793354
7793580
7793964
7794458
7794633
7796823
7797308
7797544
7797744
7798364
7798684
7799800
7799899
7801492
7802088
7802771
7803178
7808630
7809468
7809949
7810901
7811013
7811820
7811961
7812112
7812147
7812229
7812592
7813229
7815217
7816035
7816697
7817237
7818337
7818338
7819189
7820846
7822677
7825081
7826046
7828105
7828530
7829092
7829155
7833707
7833887
7833946
7835481
7837217
7837819
7838303
7838393
7839235
7842484
7842865
7844126
7844435
7844625
7845532
7846918
7848174
7848913
7849457
7849495
7850174
7850949
7854514
7857648
7858723
7859341
7861081
7862499
7866159
7866510
7868761
7870110
7872388
7872692
7874120
7875208
7875794
7875843
7875930
7878148
7878950
7880887
7881146
7881300
7882327
7882485
7882670
7883061
7883792
7885596
7887539
7888781
7889850
7890922
7892183
7892293
7892937
7894211
7894217
7896005
7896370
7898381
7899827
7900145
7900557
7900695
7901445
7902078
7905298
7906279
7909832
7910361
7913055
7913059
7913061
7913180
7914654
7916253
7916929
7918394
7919483
7921083
7923594
7925132
7925696
7926906
7927447
7928398
7929633
7930751
7930851
7932656
7934672
7936498
7937539
7938029
7938721
7939823
7940732
7942059
7942964
7944815
7945907
7947210
7950704
7950730
7951716
7952672
7954262
7955059
7955520
7955620
7956456
7956460
7957027
7957391
7958189
7958585
7959794
7959844
7960109
7963543
7964259
7965385
7965513
7965858
7969556
7969901
7970707
7970870
7971007
7971416
7971654
7972112
7972201
7973128
7973428
7975661
7976523
7977535
7980925
7981136
7982058
7983489
7983786
7987075
7987958
7988578
7989115
7989151
7990370
7990579
7991179
7992155
7992318
7992328
7992847
7994746
7995539
7996158
7996650
7997413
7997938
7998125
8000805
8001258
8002548
8003355
8003860
8004527
8005767
8005837
8007274
8007354
8007565
8007856
8008083
8008744
8009152
8009365
8010132
8010375
8010542
8010812
8012168
8012441
8013414
8014909
8015246
8015248
8016757
8019868
8020025
8020824
8021742
8023519
8024430
8025278
8026555
8026836
8026861
8028834
8028938
8029025
8029918
8030787
8031468
8032560
8034361
8034737
8036203
8036549
8038025
8040067
8040378
8042040
8043067
8043485
8044262
8044429
8045943
8047138
8047250
8049343
8051757
8051791
8052074
8052234
8052555
8053907
8057140
8058033
8058848
8059888
8061602
8063415
8063514
8064067
8064317
8065709
8066577
8067016
8067095
8067100
8067742
8067925
8069894
8070359
8070894
8072397
8073408
8075508
8076543
8078791
8079501
8080000
8081305
8082367
8086388
8087418
8088553
8090738
8091020
8091073
8092611
8095405
8095478
8095859
8096777
8097423
8098128
8099632
8099869
8100595
8100707
8101548
8103898
8104108
8104354
8104730
8104862
8107125
8108971
8110142
8112290
8114430
8114743
8114865
8114966
8115465
8115756
8116553
8117422
8117788
8118809
8119470
8119613
8120777
8121788
8121847
8122058
8124442
8124471
8124533
8125038
8125300
8125465
8125779
8127807
8128603
8128653
8130949
8131616
8133531
8134016
8134417
8135420
8135806
8137598
8139799
8141028
8141350
8142107
8144422
8145422
8145842
8150454
8150541
8152764
8152981
8155564
8157545
8158432
8159043
8159368
8164694
8167185
8167732
8169981
8170346
8170652
8171884
8172469
8172592
8173949
8174565
8176339
8176579
8176916
8177635
8178094
8179825
8181802
8183195
8183930
8184312
8188037
8188544
8188821
8189105
8189190
8190157
8192368
8194065
8195438
8196019
8196752
8198593
8199894
8200228
8201852
8202480
8203927
8206213
8206779
8207026
8207698
8208789
8214395
8215339
8215821
8217441
8217516
8218533
8221193
8221209
8222219
8223666
8224921
8225887
8226724
8229558
8229786
8230463
8231196
8231411
8231745
8232060
8232538
8235283
8236984
8238171
8238283
8239480
8240192
8240220
8242345
8242497
8242771
8243541
8244785
8245953
8246227
8248347
8248516
8250152
8251510
8251773
8252338
8253267
8254913
8255693
8255717
8256904
8257320
8257493
8257575
8259847
8260658
8261530
8261990
8262055
8263131
8263177
8263262
8264299
8265708
8266547
8266713
8267273
8267732
8269063
8269909
8270952
8271946
8272402
8277982
8278028
8279245
8280904
8281048
8281793
8283053
8283429
8283735
8283908
8283939
8285536
8285707
8285976
8286997
8287621
8289175
8289685
8290370
8292105
8292630
8293470
8297456
8297761
8298156
8298801
8299008
8300274
8302181
8302385
8303356
8303574
8303660
8305417
8305514
8306392
8306426
8308862
8310208
8310709
8311219
8312394
8313205
8313697
8314152
8314336
8314725
8315907
8320438
8320877
8321264
8321357
8321640
8321916
8323511
8323634
8324886
8325346
8327484
8331655
8335472
8336522
8337144
8338921
8340046
8340364
8340366
8340471
8341740
8342478
8342568
8343727
8345537
8346526
8346608
8348068
8350657
8352607
8352659
8352678
8359304
8359435
8359453
8359881
8359930
8360144
8360454
8360600
8360766
8361115
8361457
8363031
8363362
8364266
8368196
8368870
8369764
8369897
8370707
8371174
8372541
8374432
8375853
8376347
8376351
8376643
8376895
8376917
8378273
8380870
8381031
8381758
8382698
8383562
8385885
8387833
8387958
8388435
8388887
8392614
8392722
8394558
8395255
8395256
8395281
8397755
8397870
8401354
8402489
8403198
8404318
8405942
8406159
8406632
8407523
8408101
8410779
8411111
8412629
8413246
8414248
8415123
8415754
8416920
8417497
8419267
8420150
8420503
8421910
8424855
8425812
8425991
8427034
8429240
8430540
8432194
8433343
8433988
8436936
8440513
8441160
8441491
8442293
8443123
8443132
8445183
8447007
8447347
8447728
8447971
8448795
8449342
8450400
8452778
8453599
8453942
8454978
8457024
8457956
8458862
8459210
8459662
8462237
8463605
8463966
8465177
8465970
8467076
8467310
8468677
8469127
8469653
8470102
8470143
8471204
8473982
8474827
8475160
8475648
8478631
8479314
8480927
8481304
8482710
8483035
8484372
8486660
8487555
8487924
8488146
8489603
8490051
8492209
8492314
8492923
8493037
8494622
8495607
8498144
8499189
8499689
8502364
8503506
8504798
8506240
8506247
8507460
8509504
8510611
8510655
8511777
8513918
8515323
8516042
8516511
8518106
8518379
8518797
8519148
8519373
8522937
8523715
8523947
8524115
8525196
8526146
8527325
8529650
8530222
8530632
8531702
8532466
8533120
8534313
8535420
8535828
8536358
8536733
8539683
8540754
8540871
8541648
8543068
8543233
8543962
8544632
8545307
8546009
8546809
8547578
8549614
8549941
8550155
8550416
8550509
8551012
8551597
8553142
8553173
8553368
8553404
8554225
8558058
8558454
8559615
8561978
8562058
8563247
8564855
8565878
8566139
8566943
8569615
8569908
8569987
8570212
8572114
8573059
8574819
8575000
8575554
8575629
8576234
8576586
8576603
8577518
8578658
8578963
8580515
8585403
8587028
8589216
8589520
8590221
8591384
8591884
8593560
8595862
8596530
8597300
8598516
8599173
8599595
8601524
8605241
8607335
8609442
8609518
8609784
8610263
8611304
8612046
8612119
8612209
8612833
8615070
8615408
8616964
8623169
8623828
8623840
8624427
8625539
8627236
8627974
8628882
8632234
8633006
8633140
8636680
8638035
8638660
8639530
8644314
8644735
8645012
8645516
8645728
8646641
8647102
8648813
8650012
8650668
8653251
8653864
8655293
8655933
8656372
8656928
8664249
8665599
8665666
8665925
8666052
8666862
8667927
8668263
8668598
8669033
8670064
8670065
8671407
8673969
8674249
8675051
8675817
8676293
8676607
8678024
8679866
8683825
8684960
8685601
8686121
8687018
8688772
8689764
8690028
8693396
8693584
8694704
8694841
8695491
8696091
8696696
8696730
8699141
8700981
8702837
8705277
8706981
8709323
8711702
8712079
8712616
8712864
8713289
8713770
8714699
8714950
8715763
8716090
8720508
8720788
8720969
8720993
8722408
8723140
8723718
8724570
8724667
8724925
8726532
8727419
8727493
8728385
8729442
8729866
8729891
8730338
8730861
8730971
8731652
8732327
8733251
8734262
8734998
8735187
8735857
8738875
8739311
8740948
8741121
8741242
8741939
8742830
8743022
8743549
8745072
8746378
8747790
8748696
8749939
8750830
8751542
8751601
8751996
8752024
8753238
8753514
8753813
8754828
8758312
8759099
8759267
8759861
8764024
8764405
8764827
8766819
8767167
8767509
8769833
8771184
8776380
8778773
8778928
8779696
8779920
8780136
8781739
8782493
8782975
8784705
8784910
8787446
8787673
8790688
8790840
8792270
8792867
8793126
8797716
8798377
8800473
8800864
8803900
8808131
8808136
8811615
8812272
8813440
8813729
8818084
8820093
8820123
8820203
8823359
8824237
8824470
8826905
8829506
8829999
8832677
8835009
8835620
8836932
8837314
8837488
8838584
8838877
8840570
8840888
8841261
8841913
8842981
8843782
8843924
8843957
8844800
8845454
8846173
8846755
8847702
8848514
8849157
8850142
8850193
8850884
8851219
8851941
8853253
8853285
8854029
8854545
8857153
8857221
8857350
8857484
8858130
8860973
8861465
8861511
8861893
8861921
8862747
8862825
8864136
8865119
8866035
8868114
8868802
8869672
8870339
8870732
8871743
8873080
8873212
8873783
8874011
8875697
8876655
8877112
8879659
8879763
8880923
8880932
8881037
8883251
8883771
8884483
8886229
8886392
8886773
8889604
8890084
8890401
8891142
8892910
8893058
8893669
8894166
8894752
8898545
8899109
8900360
8900512
8901313
8902013
8902270
8905692
8906575
8907506
8907720
8908739
8909810
8910424
8911334
8912475
8913482
8914064
8914974
8914984
8918346
8918392
8919511
8920461
8923719
8924174
8924919
8924956
8925700
8926168
8926174
8926865
8926974
8927268
8928269
8929504
8930505
8930935
8931064
8932607
8932823
8934323
8934568
8936619
8938513
8938532
8941672
8941746
8942500
8943772
8944127
8944317
8946637
8947471
8948209
8950048
8952872
8953240
8955097
8956304
8957007
8958467
8959362
8960648
8962288
8962515
8964625
8964671
8967162
8967329
8967849
8967986
8968138
8971246
8971859
8974433
8978947
8979106
8980094
8980390
8980708
8981495
8983872
8986800
8986956
8987742
8989353
8991270
8991456
8993452
8995846
8996846
8997248
8998790
8998798
8999343
8999486
9000590
9006297
9007325
9007441
9008831
9008997
9010211
9010358
9014035
9015102
9015273
9018568
9020041
9022895
9023154
9024360
9024429
9024561
9025886
9025995
9028000
9028009
9028412
9031488
9033577
9033898
9034569
9035789
9035810
9036008
9036195
9036598
9036803
9038244
9038676
9040801
9041563
9041741
9041746
9042860
9043467
9044777
9047277
9047430
9047700
9047746
9047772
9047831
9049235
9049723
9050434
9050815
9052247
9053238
9053527
9053685
9054577
9054637
9055877
9056467
9059427
9059652
9061102
9061612
9063026
9063302
9063865
9063931
9064884
9065232
9065450
9065589
9065719
9066494
9067578
9069085
9071784
9071978
9072414
9073529
9073830
9076633
9076640
9077312
9080248
9080332
9080592
9081357
9081622
9081655
9082224
9083878
9084280
9085866
9086033
9088678
9089484
9091904
9092473
9092858
9093587
9093750
9098820
9099943
9100367
9100640
9100686
9102615
9103106
9103282
9103896
9104265
9105032
9105685
9107339
9108047
9108620
9109346
9109460
9111528
9112266
9114108
9115125
9116843
9117322
9119067
9120158
9120430
9122697
9123121
9123764
9124437
9126482
9126980
9127101
9127362
9128058
9128566
9128662
9128717
9131688
9132325
9133445
9133475
9134550
9135614
9135682
9137220
9138113
9138146
9138963
9139946
9140582
9143145
9143626
9143808
9143876
9144787
9145533
9146912
9147644
9148010
9149027
9149912
9151411
9151737
9153037
9154310
9154380
9154467
9154637
9154708
9154919
9155199
9155754
9155764
9156081
9157616
9159685
9161882
9161988
9162226
9162513
9163394
9164115
9167148
9168122
9168776
9169342
9170791
9171468
9172384
9172523
9172820
9173296
9173883
9174415
9174553
9175687
9176996
9178123
9179793
9179992
9180366
9182528
9182598
9183087
9183356
9183359
9185882
9185901
9185949
9186477
9187944
9188176
9188327
9188617
9189013
9189236
9193578
9194728
9195870
9198108
9198517
9201420
9202127
9202492
9202555
9203184
9203640
9203808
9204582
9205661
9206454
9206522
9206961
9208246
9208341
9208719
9210646
9211527
9217894
9218348
9218834
9220803
9225037
9225432
9229863
9231012
9231025
9232152
9232745
9232972
9232994
9233116
9234308
9234970
9234974
9235506
9235952
9236872
9237406
9238789
9239201
9240175
9240415
9241111
9243118
9243160
9243453
9244322
9245363
9247103
9247168
9248610
9249299
9251184
9251508
9252164
9252342
9254639
9255601
9255877
9256913
9257056
9258181
9258197
9262955
9263404
9264016
9264043
9264503
9265518
9266333
9267294
9268939
9273495
9273529
9273756
9273822
9273988
9274860
9275508
9275890
9276143
9276881
9276922
9279869
9280499
9282143
9282603
9282913
9284271
9286119
9287004
9288386
9290658
9293915
9295029
9296310
9297551
9298158
9299954
9300062
9300576
9300963
9301261
9301304
9301772
9301845
9303607
9304692
9305020
9305702
9305974
9305978
9306476
9306524
9309451
9309983
9313137
9316279
9317457
9317643
9319260
9319390
9319890
9329799
9330179
9330599
9332187
9332204
9332518
9332698
9333066
9334150
9334543
9336411
9339793
9340020
9341462
9341699
9344317
9344387
9345924
9346250
9346320
9347471
9348943
9349384
9349595
9350587
9353227
9353454
9359175
9362151
9364254
9364339
9364601
9366058
9366263
9367756
9368057
9368189
9369480
9370527
9370903
9373208
9373426
9373446
9374454
9375141
9377272
9378482
9380531
9385942
9387999
9388030
9390408
9392117
9393364
9395741
9396720
9397471
9397695
9397837
9398568
9398831
9399358
9400451
9400481
9400868
9401103
9402316
9402713
9403811
9404671
9405176
9407637
9409598
9410285
9411213
9412401
9416870
9417162
9417225
9417386
9418261
9418288
9420936
9421216
9422158
9422764
9423649
9424564
9424582
9425239
9425294
9425422
9427354
9429292
9430933
9431657
9433895
9434825
9434962
9435609
9436179
9437377
9437581
9442162
9442578
9442851
9443254
9443341
9443581
9444186
9444724
9444765
9444863
9445657
9448055
9450310
9451012
9451108
9451325
9451835
9452519
9452662
9453678
9453854
9454540
9456739
9457210
9458272
9458775
9458922
9460507
9461567
9462625
9462832
9463369
9464069
9465209
9465870
9465930
9466551
9466656
9466729
9468727
9469423
9469538
9471652
9472568
9473074
9473924
9474058
9477601
9478026
9478583
9478673
9482184
9483765
9484706
9485825
9486054
9486697
9488838
9491367
9493399
9494434
9494544
9495105
9495875
9496803
9497405
9503023
9505633
9506311
9506405
9507998
9509162
9509500
9510626
9511337
9511397
9512429
9512697
9513862
9514578
9514886
9515864
9516264
9516970
9516977
9516998
9518515
9519332
9520423
9524956
9529637
9530404
9531521
9531538
9533010
9533333
9533485
9534845
9537340
9537485
9538925
9539047
9539344
9540653
9541332
9541992
9542478
9543213
9543467
9543511
9544744
9545720
9546176
9546815
9546903
9547643
9548853
9549336
9551160
9553068
9553563
9556412
9556471
9556906
9557318
9557446
9559050
9559330
9559334
9559384
9561440
9562195
9563078
9563905
9565230
9565380
9565840
9566860
9567716
9568449
9569431
9570594
9571795
9572346
9572715
9573658
9574042
9574122
9574377
9575883
9576153
9576645
9576901
9576970
9577457
9578469
9579928
9580396
9581319
9581823
9582014
9582485
9583014
9585018
9585246
9586595
9586685
9586797
9592166
9592680
9593807
9595125
9595792
9596986
9597055
9597341
9599823
9600195
9601789
9602271
9602512
9602641
9602750
9605441
9606938
9608988
9609313
9609554
9609691
9609946
9611251
9614261
9614440
9614647
9616151
9616241
9616565
9617681
9620269
9621276
9623857
9625653
9626379
9626433
9627424
9629287
9629334
9630421
9630908
9631123
9631863
9633163
9633188
9633617
9633656
9634717
9637329
9637632
9637945
9640658
9640992
9642278
9643511
9645424
9646085
9646705
9647818
9648600
9648717
9649860
9649874
9650332
9651790
9652394
9652899
9653749
9653789
9654371
9654697
9655713
9657555
9657907
9657936
9658259
9658735
9659702
9661294
9661751
9663506
9664073
9664484
9665782
9666067
9667436
9667861
9668183
9668777
9669409
9669723
9670725
9671798
9672995
9673118
9673247
9673588
9675031
9675759
9677738
9678481
9678884
9679131
9680293
9681840
9681919
9682835
9682996
9683376
9683840
9685409
9685454
9685565
9685583
9687296
9687682
9687735
9689395
9690195
9690757
9692557
9693731
9694297
9695937
9696624
9696911
9697485
9698544
9700135
9704394
9705600
9706273
9706848
9706931
9707897
9708607
9708863
9709361
9709788
9710087
9710276
9713890
9714126
9714927
9716692
9716947
9717812
9718392
9720772
9722645
9722666
9722774
9724279
9724467
9724742
9724990
9725380
9725755
9725815
9727427
9727583
9729530
9730485
9730863
9730981
9732329
9732568
9732666
9735212
9735910
9740236
9740502
9741169
9741340
9743006
9743135
9743343
9744423
9745946
9747526
9748280
9748912
9748982
9749492
9750121
9750492
9751264
9751820
9752688
9753142
9754530
9756953
9759769
9761008
9765270
9767684
9769997
9770351
9771386
9771550
9776071
9778149
9778495
9779457
9779720
9781704
9785898
9786189
9786585
9786748
9788269
9788590
9788687
9788932
9789496
9791292
9791447
9793625
9794655
9795909
9796375
9796449
9797005
9797099
9797477
9798199
9798603
9798792
9798801
9798849
9801444
9802551
9802772
9803135
9803237
9804803
9805688
9806693
9807156
9807924
9810282
9810486
9810792
9811279
9812333
9812744
9813136
9813343
9813442
9815600
9815789
9816207
9816765
9817709
9817927
9819593
9820529
9821433
9821597
9821924
9822071
9824211
9826327
9827227
9828600
9831297
9831906
9832403
9833749
9835585
9836314
9838055
9838232
9838864
9839953
9842140
9842611
9842683
9844393
9846098
9847132
9847336
9847484
9848393
9848509
9849785
9852575
9853494
9853981
9854494
9855951
9856798
9856977
9857725
9858520
9859003
9860858
9861106
9861929
9862782
9865447
9865787
9865860
9865996
9868837
9868841
9869904
9869940
9870337
9870739
9871071
9871625
9871849
9873160
9875274
9876306
9876408
9877834
9878375
9879363
9880398
9882888
9884427
9887484
9888024
9888044
9889176
9889476
9890137
9890376
9892021
9892316
9892467
9893162
9893969
9894372
9895230
9896645
9899504
9901693
9901739
9903508
9903586
9903623
9904619
9906740
9908196
9908260
9909178
9909646
9910438
9912105
9912295
9913294
9913950
9914532
9915459
9916576
9918144
9918564
9921717
9924173
9926971
9928101
9928903
9929894
9930056
9930085
9930155
9930338
9930402
9931052
9932618
9932620
9933176
9933354
9936098
9937284
9937710
9938780
9939909
9944613
9950016
9950125
9950321
9951115
9952604
9953995
9954975
9955163
9955913
9958100
9960482
9961030
9961556
9962494
9962511
9962861
9964542
9965446
9965532
9966210
9967336
9968212
9970278
9970386
9970929
9970975
9971153
9972646
9974831
9974936
9976356
9977144
9980533
9980755
9981453
9981760
9981833
9982548
9985675
9985907
9986488
9987764
9990395
9990968
9991262
9991692
9992903
9993216
9993757
9994422
9996159
9997154
9997830
9999068
9999614
