620
3049
3440
3755
3884
4123
6139
6374
7140
7172
7654
7922
8076
8275
8605
9342
13948
14982
15093
15944
16148
17220
17302
18287
18790
21189
21828
22260
22701
23477
24370
24405
26446
29713
30477
30914
31104
32026
32429
32834
34784
35090
37525
38352
39388
40729
40750
41519
41648
43062
44123
44393
44480
44774
45035
46918
50487
51985
52348
56099
56674
57968
58724
58786
59601
59772
61682
61692
63127
63168
63745
64409
65338
68708
69499
70062
71609
72219
83363
83774
86888
89209
90021
90472
90655
91318
91430
92146
92410
92704
92949
93776
94041
95633
95742
97535
97765
98538
99724
100532
103072
103440
103585
104296
104730
105252
105408
105531
105711
107290
107862
108605
109033
109145
110195
112179
112440
112537
113010
114259
114517
114833
115171
115754
117393
121699
124142
125242
125624
129058
130440
131951
132378
133095
133662
134055
134211
134471
134780
136194
137233
138517
139210
139420
139755
140044
140535
141090
141279
143939
146367
146457
148776
149891
150682
151522
152046
153388
153419
153715
154242
155312
156313
156379
158070
159177
160758
161031
162072
162475
162970
163490
164186
165305
165645
166792
168993
169622
170219
170548
170734
171813
172107
172129
172200
173421
173669
174322
175855
177311
177426
178773
179070
179970
180957
182075
182832
183054
183725
185741
186192
187109
187846
188185
189639
191045
191223
191604
194650
195078
195462
195674
198716
199060
199316
200335
200465
201268
202326
204019
204554
207489
207539
208176
209273
209988
210603
210633
210767
211036
212594
213121
213377
214212
216308
216850
220111
220522
220837
222016
222898
224680
224725
224970
225082
225843
226391
226483
227724
227790
230002
230503
230747
234319
235111
236476
237013
237277
237916
239093
239439
239608
240090
244985
246688
247766
248806
249324
250390
250682
250825
252344
252846
254789
254968
256961
258212
259097
263910
264072
264199
264219
264818
265822
266306
267756
267862
270813
270886
272454
273066
273279
273389
274049
274094
274211
274383
274448
275003
276518
279772
280253
281268
281863
282240
282592
282860
283301
284020
285377
285596
286179
287483
291712
291778
292004
292957
295797
296207
297151
298827
299802
300098
304468
304581
305025
305072
305283
308586
308587
309243
309607
311562
312053
312456
313915
315366
317881
318356
318571
319633
321005
321459
323787
323844
324038
324535
325070
325179
327754
327989
328083
328175
328963
330316
333337
333473
335715
341232
341792
342708
343279
343298
344128
345007
346953
347382
348197
350248
350853
351632
351985
352504
353001
356247
356730
357443
358210
358988
360216
360565
361021
362581
363141
363474
365397
365523
366404
368118
369141
369661
369788
370904
371299
371511
371654
372985
374858
374862
375281
375814
376606
377241
377718
378188
380284
381217
381739
382303
383032
383144
383183
383267
383382
383442
385260
385835
385869
386190
386775
387248
388010
390767
391976
392590
393112
399897
400890
402702
403092
403221
403689
405000
406345
407232
408531
409435
410067
414991
415898
416031
416602
416931
417521
419672
420152
420488
420688
420776
426741
427069
427494
427966
428208
428972
429744
430259
431333
431524
431827
432826
433646
434431
434443
434488
435625
436656
436740
437045
437116
437550
437631
438917
438933
439762
441626
441914
442652
442967
443312
444103
444964
445988
446185
447122
447436
449218
449254
449301
451209
451698
452431
454157
455246
455414
455844
459236
459310
460340
461070
461120
461210
462209
462789
464312
464746
467054
468757
470226
470487
472957
477102
480953
481566
483845
484493
484828
488260
489427
491048
496198
499395
499766
500264
502085
502224
502409
504783
506583
507380
507731
509814
510239
512365
514067
514292
516989
519755
520546
521644
521943
522062
525638
526034
527432
531095
533451
533681
534111
534175
534558
534751
535883
536060
536221
536998
537476
538574
539402
539584
540367
544513
545366
545692
547367
548950
550479
553809
554875
556151
558897
561374
561986
564336
564688
566456
568666
568717
570106
570746
573510
573656
573837
574760
574877
575133
575365
575781
577181
577191
578453
581593
582212
583367
584315
584890
585568
588145
588545
589651
590080
590819
593863
593989
595355
596364
596820
596849
597779
598017
600511
600889
601718
601749
603634
604045
604201
604448
605109
605980
606292
608168
608820
609807
611323
613192
613299
613758
616399
618642
619183
621090
624361
624748
625003
627234
630740
631072
631566
632065
633273
633371
633372
634154
636244
637285
637622
639350
642984
645772
647514
649978
651785
652058
652720
653680
655050
657533
658447
658807
658875
658927
659438
659995
661250
661517
661968
662416
662853
663622
663807
665131
665892
669687
671344
671510
672884
674176
674681
674697
675556
676582
676628
677268
677725
678387
678703
678715
678786
681089
681345
681388
682046
682153
683403
683502
683983
686989
687004
687011
688694
688777
690406
698846
698863
702047
702409
702703
704134
704211
704577
705384
705422
705985
706373
707694
709485
710640
713592
713851
715509
715731
715755
715944
717010
717870
718498
719284
719713
720407
720435
721602
722636
722670
725689
725890
726284
727179
727725
729243
729259
729377
729501
729580
730241
731097
734929
735977
737957
742382
742654
743486
744412
746302
746534
747530
748379
748815
751264
751879
753125
753653
754322
756140
756323
761583
761949
763092
763193
764309
764920
765928
767732
768143
769778
769802
769920
770176
771297
771577
772016
772371
772714
773339
774050
774326
774412
775048
778664
780854
782153
783449
783940
784260
785028
786931
788232
790113
790360
792564
795863
796695
798422
799318
799707
799752
799891
802110
802536
803744
805096
806299
806915
807189
808099
810127
811355
812910
813760
814199
814659
815149
815470
815644
816685
817022
817232
817387
818252
818633
818782
819542
819801
820584
821770
823427
823588
824961
825029
825188
825495
826512
827276
827823
827873
828009
829335
830435
831237
831883
834683
835787
836107
838131
838287
838763
838894
839006
840055
840248
844706
845278
845552
848737
848874
851173
851301
852028
852056
856825
857182
858409
860242
860940
861142
861386
861778
862898
863846
864653
864681
864912
865198
865573
866134
867371
867559
868127
868848
869007
871641
871838
873907
874089
875528
876194
876374
878052
878061
878127
878231
879428
879613
881605
883180
883956
884695
885486
885804
889973
891686
892442
894295
894473
894519
895605
895769
896038
896079
896325
897201
897258
897336
898347
898452
902025
902737
903026
905026
905078
905578
906383
907178
907324
908445
909509
909616
910482
910520
911714
911933
913596
914273
914371
916118
916354
920753
922158
922187
923895
925594
926154
926357
926808
927463
927572
927735
930224
930851
931329
932560
932815
935121
935162
935620
935726
937800
939429
940992
942463
942732
943745
945228
945879
946057
947505
950350
953202
953226
953254
953359
954066
954777
955754
956394
957085
957916
958497
959937
960567
960709
960847
961932
962733
964995
967019
968224
969791
969851
970208
972242
974506
975320
976138
976339
978911
979393
980762
983129
987352
989451
989584
991235
991590
993850
996715
997083
997303
999687
1001303
1002680
1003082
1006206
1007680
1009273
1009907
1010321
1010998
1011557
1011765
1013158
1014559
1017242
1018580
1019551
1019793
1020522
1021473
1021539
1024586
1026383
1026548
1026886
1027461
1027632
1028057
1028621
1029154
1029879
1030904
1031345
1031696
1034100
1034293
1037041
1037741
1039201
1039570
1041356
1042278
1044537
1044956
1045982
1047402
1047729
1047965
1048492
1048595
1049055
1049101
1050241
1050901
1051489
1052678
1053768
1053918
1054203
1054412
1055089
1056079
1056372
1056916
1058348
1058509
1058640
1058925
1061072
1061376
1064432
1064908
1064966
1068265
1069121
1069617
1070823
1071595
1072795
1073176
1073370
1074696
1076799
1078447
1080996
1085775
1086683
1089279
1089537
1090302
1091252
1091871
1092772
1094792
1094901
1095869
1096280
1096488
1097112
1099035
1099538
1099814
1100773
1100995
1101019
1104208
1104376
1104451
1107416
1108804
1108954
1109150
1110755
1111877
1111901
1112082
1113056
1115342
1116217
1117071
1117262
1117728
1117748
1118310
1118860
1121590
1121945
1122534
1123783
1123909
1128974
1129551
1129783
1133967
1135237
1136688
1137951
1138725
1139042
1141528
1141836
1142190
1142342
1142988
1143290
1144175
1144999
1145261
1145553
1145973
1146515
1146958
1147107
1147250
1148116
1148539
1148685
1148900
1149334
1150156
1152543
1153145
1155920
1157964
1158019
1159770
1161100
1161193
1162545
1163556
1163659
1166535
1167145
1167806
1168733
1170180
1171615
1171659
1172735
1173205
1173404
1173485
1173957
1174416
1176269
1176779
1177653
1179292
1181519
1181884
1183246
1184983
1185300
1186269
1187386
1191082
1192246
1195806
1196239
1196595
1197028
1197563
1197912
1198242
1198589
1199261
1199868
1201179
1201765
1203367
1204189
1204317
1205227
1206201
1207970
1208103
1208673
1209745
1209774
1209894
1210805
1211544
1211794
1211971
1212461
1213016
1213643
1213994
1215265
1218279
1218490
1220293
1220879
1221398
1221425
1222122
1222185
1222364
1223523
1227318
1227359
1227523
1227677
1228735
1230344
1231469
1231691
1231747
1231957
1232250
1232319
1235645
1236029
1236458
1237308
1238345
1244139
1245027
1248029
1248991
1249669
1250281
1250669
1251061
1251574
1252798
1254622
1258577
1259669
1260497
1261489
1263064
1263792
1266609
1268228
1268315
1268973
1270129
1272608
1273422
1275253
1276407
1280222
1281652
1282648
1283130
1283412
1283433
1283946
1284646
1285647
1286101
1286801
1287405
1288368
1289586
1291015
1291699
1292197
1292261
1292926
1293091
1297674
1297864
1298203
1298566
1299537
1299774
1301451
1302762
1302853
1302920
1305161
1305207
1305538
1305626
1305909
1307664
1309646
1310442
1310753
1313159
1313323
1314566
1316500
1317854
1318078
1319918
1320829
1321481
1321798
1322067
1323108
1325617
1326192
1326193
1327122
1327964
1328764
1329045
1329269
1330597
1332113
1332457
1332967
1333557
1333674
1335133
1335261
1336380
1337379
1338217
1341528
1341608
1341690
1342354
1344132
1344594
1346851
1347436
1347704
1348463
1351656
1352348
1353388
1354774
1355046
1356064
1356627
1357212
1358274
1358432
1358726
1359997
1362802
1362918
1363215
1363760
1364422
1365098
1365528
1365796
1365957
1366006
1366081
1366637
1367178
1369281
1369471
1372155
1372447
1375337
1375530
1375694
1376066
1376139
1376188
1377259
1378607
1379230
1379744
1379891
1380831
1382684
1382962
1383659
1385294
1387822
1387840
1389287
1389759
1391284
1394133
1394687
1396150
1396651
1397502
1397922
1398418
1399077
1399096
1400186
1405542
1405574
1408375
1410807
1410951
1411643
1411773
1412546
1413856
1414761
1416432
1418676
1419348
1419762
1420435
1421714
1422630
1423965
1424143
1424241
1424359
1427295
1427643
1427806
1427971
1428324
1429947
1430079
1430196
1431862
1433192
1434929
1436540
1437196
1437650
1437866
1438045
1438826
1439440
1439499
1439848
1441041
1442957
1445034
1448215
1449689
1450032
1450355
1453818
1454244
1454868
1455668
1455721
1458397
1459067
1459142
1459867
1460470
1462162
1462325
1462942
1463655
1463904
1464262
1464780
1464936
1465688
1466532
1466987
1467254
1468103
1468142
1468775
1469099
1469701
1470487
1471809
1472679
1473077
1473900
1475508
1476689
1478101
1478186
1478747
1478971
1479604
1481037
1481511
1482107
1482202
1484352
1484880
1487007
1487962
1489170
1489515
1490003
1491782
1493727
1495458
1495757
1495772
1499631
1499633
1499932
1500334
1500454
1501686
1503086
1503504
1505759
1506540
1507123
1507391
1508495
1508860
1509307
1509697
1509943
1510255
1511603
1511923
1512265
1512555
1513210
1514751
1515224
1516255
1516771
1517538
1518727
1519715
1519908
1523015
1524965
1525860
1527092
1528131
1528394
1528656
1529746
1531326
1532932
1533857
1534434
1534854
1535547
1537751
1538020
1538298
1539335
1539410
1539789
1540053
1540313
1541455
1541596
1541932
1544018
1544051
1545584
1547904
1548324
1549811
1551897
1552972
1553202
1553842
1554762
1556889
1558493
1558821
1558900
1559315
1562470
1564714
1565060
1569865
1571462
1571977
1572176
1573073
1573105
1575138
1577722
1580459
1581089
1581526
1583059
1583231
1585289
1585874
1586637
1587335
1588449
1590048
1590303
1591034
1591556
1591758
1591891
1591962
1592488
1593699
1594130
1594860
1595072
1597080
1598914
1600473
1600923
1600973
1601238
1602985
1603580
1605101
1605198
1605364
1605461
1605628
1606035
1606455
1606696
1607414
1607902
1609242
1611480
1611603
1611690
1611804
1615015
1616038
1616807
1617828
1617950
1619540
1619944
1621127
1623028
1623179
1623238
1624611
1626223
1627300
1631056
1631129
1631369
1632588
1635889
1637483
1638079
1640059
1641807
1643216
1644968
1647695
1653132
1654990
1655450
1655495
1658542
1659144
1659172
1659365
1659569
1660361
1660558
1660901
1661650
1664102
1664218
1664357
1666628
1666999
1668908
1669052
1669057
1670033
1670185
1672567
1672741
1673115
1674422
1677561
1679221
1679231
1679242
1680907
1680952
1682926
1683756
1683939
1685274
1687166
1687487
1688991
1689713
1689850
1691589
1691952
1692411
1695859
1695895
1696328
1697575
1698913
1701017
1705413
1708099
1709145
1709784
1710018
1711724
1712767
1713428
1714717
1714777
1718215
1718391
1719915
1720143
1720171
1723082
1723983
1724155
1724469
1726454
1726778
1727443
1728047
1728578
1728895
1729071
1729753
1729980
1730970
1731165
1731737
1733140
1736335
1736496
1738662
1739525
1740077
1740582
1741057
1741975
1743467
1743850
1747590
1749805
1753106
1753306
1754239
1754467
1756492
1759088
1762624
1763013
1763769
1764383
1767181
1769165
1771452
1773306
1774116
1775241
1776455
1779404
1780195
1781458
1782757
1783350
1783355
1783560
1784088
1784350
1784664
1784873
1786023
1787628
1789699
1790135
1792145
1794844
1795203
1796857
1797016
1797572
1799667
1799764
1800712
1803627
1804362
1804533
1807849
1809003
1810617
1812709
1813962
1815123
1816024
1817316
1819033
1821896
1822106
1823059
1823451
1824246
1824875
1825377
1825938
1827277
1827725
1828903
1829557
1829855
1830931
1831565
1831655
1832664
1833192
1835287
1835298
1835795
1836647
1838421
1839560
1842338
1843649
1843868
1846545
1847462
1848255
1848570
1848579
1848622
1848841
1848956
1849470
1850231
1851502
1851557
1852641
1853134
1853629
1854589
1856272
1857072
1857585
1859808
1860418
1860652
1860863
1861205
1861337
1861707
1862505
1863874
1864075
1864819
1866399
1866821
1867046
1869052
1872704
1874208
1874813
1876634
1876918
1877708
1877929
1877959
1878092
1878590
1880533
1880656
1882799
1882826
1885698
1886554
1887519
1888631
1888887
1889275
1889678
1890047
1890272
1890588
1891717
1892013
1892054
1892977
1893179
1893608
1894377
1894448
1895114
1899168
1899884
1901028
1901412
1902604
1903506
1905238
1905260
1905479
1905560
1906291
1906910
1908209
1908988
1909862
1909906
1912833
1913429
1913652
1918194
1918511
1919656
1920239
1922406
1923182
1924588
1926297
1926412
1927266
1928383
1930601
1932030
1932221
1932401
1932714
1932975
1933440
1934311
1935700
1937982
1939388
1941927
1942224
1945034
1945551
1945657
1945705
1945775
1946404
1948852
1949504
1950811
1950907
1951214
1951679
1951936
1952766
1954599
1954677
1955153
1956117
1956153
1956697
1957059
1957472
1958934
1958972
1959267
1961603
1961872
1961975
1962401
1963123
1963810
1964051
1966218
1967876
1968507
1970793
1973287
1974454
1976208
1976604
1977608
1978993
1979050
1979718
1980448
1981455
1981662
1982586
1986025
1987941
1989107
1990472
1990646
1991778
1991886
1991970
1992058
1993495
1994908
1996433
1998553
1998681
1998764
1999433
1999759
1999836
1999885
2000131
2000265
2000784
2000898
2002235
2002335
2004882
2006425
2007894
2012933
2016377
2016832
2018000
2018363
2019615
2020156
2021302
2023575
2023902
2023992
2024190
2026059
2026704
2026922
2027063
2029615
2029655
2031343
2031471
2033501
2033904
2035901
2036592
2038367
2041258
2041361
2042859
2044674
2046970
2047505
2048897
2049560
2051026
2051495
2052646
2055160
2055646
2057393
2058244
2060711
2061922
2061956
2062035
2064498
2067134
2068578
2073243
2073977
2074488
2074889
2075187
2075634
2075668
2082647
2084247
2086331
2086647
2088091
2088623
2092877
2093071
2093418
2093511
2094029
2094599
2094941
2095664
2096317
2096373
2098174
2098915
2098991
2103855
2104463
2105051
2105525
2105704
2110091
2110342
2111497
2116234
2118981
2120990
2122470
2122498
2122812
2123296
2124711
2126563
2128889
2129081
2129275
2129399
2129503
2130169
2131623
2131970
2132281
2134559
2134570
2135113
2138655
2139093
2139418
2139714
2142445
2142569
2142979
2142990
2143566
2143899
2144767
2145194
2145928
2147290
2148778
2150987
2151187
2151696
2155640
2156700
2157556
2158213
2158642
2158976
2159180
2159263
2159863
2160520
2162694
2162895
2163789
2163923
2163947
2164288
2165015
2165306
2165636
2165748
2165808
2165875
2166100
2167139
2167462
2168018
2169635
2172423
2173247
2173407
2176262
2177398
2180082
2180131
2180828
2181169
2182539
2183017
2184085
2185307
2187738
2187868
2188593
2189471
2189518
2190583
2190900
2191258
2191919
2193277
2194214
2194382
2195020
2195237
2198048
2199122
2200588
2202503
2202735
2204396
2204983
2205196
2205231
2206043
2208257
2208847
2209113
2210447
2214698
2215232
2216532
2217193
2219299
2220726
2221174
2222374
2222507
2222903
2222961
2224407
2225032
2225080
2229426
2231231
2232777
2232813
2234195
2234339
2234840
2237671
2238295
2238352
2239702
2240915
2241188
2241518
2242606
2243055
2244564
2244753
2248433
2249669
2250944
2250976
2251136
2251381
2251924
2252458
2252626
2252760
2256841
2257877
2259165
2259384
2259556
2260196
2260236
2261485
2261994
2263181
2264886
2265385
2267360
2269138
2269693
2270336
2271710
2272778
2273343
2273640
2276448
2278823
2278827
2278998
2279849
2280117
2281533
2281882
2282255
2282394
2282535
2282922
2283193
2283944
2284730
2287380
2288405
2289565
2289639
2292536
2295811
2295894
2298199
2298379
2300817
2302126
2303887
2304515
2305550
2305662
2306423
2308831
2309557
2310206
2311439
2311829
2312640
2312916
2313873
2316293
2318280
2318295
2320316
2321386
2321685
2322700
2324024
2324387
2324860
2324896
2328611
2329494
2332926
2333818
2335205
2335239
2337004
2337678
2339058
2339184
2340471
2341931
2343749
2343995
2345593
2348226
2348512
2348757
2348948
2349496
2351393
2351647
2352767
2354786
2355831
2356440
2356764
2357549
2357608
2357652
2358135
2358370
2358754
2358923
2360052
2360080
2360350
2360572
2361995
2362875
2365622
2365762
2366585
2366716
2367039
2367552
2368645
2369489
2369974
2370992
2371893
2372526
2372830
2372850
2373350
2374306
2375928
2375953
2375957
2376982
2378299
2378742
2379263
2380026
2380077
2380774
2381558
2384281
2384494
2384914
2385197
2385234
2386493
2387574
2390541
2391384
2392011
2394534
2394943
2396658
2396713
2397605
2397839
2398267
2399423
2400165
2400832
2402951
2403771
2405194
2405587
2406417
2406494
2406713
2407973
2408399
2408676
2409282
2409522
2410312
2410879
2411146
2411544
2412381
2412507
2413548
2414497
2416067
2416570
2417053
2417458
2417731
2418648
2420839
2422356
2422428
2424073
2425331
2425418
2425602
2426466
2426644
2427842
2428046
2429413
2429796
2430590
2432618
2433828
2435619
2436149
2437655
2437726
2438084
2438459
2440854
2441221
2441605
2441690
2442084
2442095
2442473
2442509
2442797
2444138
2445776
2446202
2446608
2447180
2447817
2448236
2449442
2450523
2452034
2452183
2452406
2453334
2454378
2455297
2455564
2456173
2456206
2457215
2458191
2458604
2458826
2459574
2459905
2460612
2461447
2461606
2464148
2466355
2466656
2467639
2470697
2471377
2471746
2472908
2472997
2474282
2474413
2475822
2478059
2478355
2478946
2479128
2479135
2480485
2481747
2482005
2484202
2486598
2487589
2489989
2490737
2492203
2493575
2493942
2494187
2494747
2496783
2497224
2497829
2498346
2499450
2499585
2499939
2500552
2501043
2502364
2502432
2502686
2504230
2506007
2506262
2507475
2507739
2509557
2510004
2511935
2511947
2514026
2518515
2519211
2519272
2520140
2520397
2522051
2522198
2522557
2522709
2527309
2528283
2528482
2528851
2528908
2529504
2531475
2533131
2533316
2536215
2536720
2536964
2539318
2539990
2541328
2544899
2545790
2547138
2547570
2547905
2550956
2552736
2553104
2553505
2554176
2555586
2555776
2559154
2560283
2562094
2562795
2564842
2565529
2565927
2566124
2566901
2567258
2567705
2570115
2570381
2573386
2573462
2574085
2576985
2577092
2577098
2577139
2577595
2580830
2582108
2582533
2582918
2585865
2586596
2586899
2587887
2589235
2590109
2590169
2590573
2590734
2590850
2592019
2592349
2592490
2593235
2593925
2594234
2599243
2599390
2599471
2599582
2601123
2601916
2601922
2605154
2605209
2605322
2607116
2607567
2608632
2609127
2611935
2612967
2616021
2619033
2619867
2623331
2625513
2626385
2627562
2628562
2628809
2632514
2632827
2633308
2633371
2634389
2634493
2634720
2635592
2635992
2636768
2638033
2639198
2640100
2640789
2640930
2642026
2642300
2642877
2643262
2643621
2644135
2644533
2644884
2645235
2647173
2648471
2651101
2652174
2652568
2652741
2654988
2655426
2656048
2656185
2657468
2657822
2659838
2660302
2660310
2660778
2660780
2661320
2661494
2663496
2663641
2663907
2665626
2665659
2666656
2667535
2669093
2669612
2670284
2674771
2675466
2675469
2676393
2677184
2677225
2677924
2678290
2678892
2680501
2682261
2682682
2685373
2685692
2685877
2689117
2690263
2690701
2692827
2693705
2694731
2695191
2697458
2697743
2697858
2699568
2699898
2700492
2701362
2702639
2705539
2707838
2708116
2710951
2711902
2711960
2712055
2712389
2713885
2714409
2714775
2714989
2718878
2720440
2720588
2722052
2722065
2722790
2723858
2724423
2727008
2727323
2727330
2730054
2730464
2731402
2731729
2731963
2733973
2734929
2735218
2735413
2735472
2736343
2737600
2738683
2738872
2741912
2742343
2742515
2743097
2743426
2746234
2746342
2747717
2747788
2747967
2749325
2749775
2750117
2750208
2750423
2750963
2752222
2753838
2753905
2755671
2760935
2761261
2762214
2762241
2762841
2763612
2765367
2766715
2767111
2768498
2769130
2770571
2772500
2774454
2777458
2777811
2778971
2779675
2780287
2783009
2783181
2783411
2783659
2785027
2785859
2786145
2787208
2787921
2789435
2790151
2790568
2791072
2791553
2793751
2796315
2798388
2800181
2800632
2802257
2803132
2803288
2803870
2805019
2805049
2805921
2806553
2807364
2807698
2807947
2808659
2808812
2809806
2811664
2811921
2812666
2813443
2814533
2815069
2815476
2816083
2816257
2817152
2817443
2818409
2818695
2818701
2818707
2820219
2820437
2822005
2824382
2825246
2825947
2826013
2827430
2827969
2831594
2831945
2832164
2834095
2834347
2834450
2835405
2835511
2838310
2838482
2838607
2839556
2840199
2840502
2841062
2841099
2842333
2844386
2845393
2845901
2846442
2847747
2848219
2848657
2850287
2850886
2851946
2854354
2855474
2855501
2855868
2857447
2858980
2859193
2860451
2864768
2865327
2865857
2869734
2872769
2872879
2873078
2873093
2873871
2874299
2874390
2874898
2875909
2876397
2877314
2877658
2877783
2878362
2879767
2880182
2882846
2882873
2884170
2885793
2886514
2888032
2888264
2889478
2891814
2892212
2892220
2893129
2894914
2895443
2895691
2896391
2896633
2897487
2898961
2899273
2901345
2901350
2901707
2901905
2903711
2904749
2907826
2908383
2908928
2909627
2909865
2910715
2911621
2912453
2913060
2913519
2913637
2915570
2918928
2919044
2920283
2920401
2923406
2923484
2923507
2925431
2925471
2926789
2928090
2928471
2928515
2928654
2928685
2929292
2930446
2930452
2930486
2931995
2933652
2935729
2935768
2935927
2936374
2936532
2937629
2938099
2939108
2939498
2940050
2942573
2944484
2944810
2945785
2949336
2954158
2954633
2954718
2957075
2957801
2960267
2960634
2961822
2963484
2963881
2966877
2968597
2969283
2972605
2973304
2973397
2973592
2973850
2974152
2980875
2982432
2983964
2983974
2984961
2985025
2985296
2986962
2987001
2987556
2987691
2988250
2989120
2989867
2992020
2993565
2995045
2997495
2999605
3000352
3001003
3001356
3002535
3003821
3004415
3005181
3008787
3009179
3012421
3012910
3013758
3014590
3015889
3016306
3016783
3017166
3018068
3019607
3020128
3020452
3021400
3023766
3023791
3024393
3025240
3025750
3025867
3027760
3032009
3036593
3036959
3037342
3038544
3038651
3039327
3040521
3040790
3041939
3042841
3043314
3043612
3044239
3046168
3046534
3046873
3047315
3047792
3048420
3048882
3049302
3049448
3050690
3051697
3052342
3053320
3054178
3058285
3058315
3059318
3059532
3060975
3063849
3065836
3067190
3067240
3067822
3068563
3071093
3071293
3073580
3075349
3076281
3077446
3077664
3077890
3078061
3078563
3080591
3080756
3082786
3083605
3084153
3084272
3085966
3087482
3088528
3088554
3089270
3092127
3092868
3093660
3093663
3093983
3094251
3094261
3098541
3098641
3100107
3102395
3104143
3104612
3104680
3106277
3106490
3108526
3108940
3110455
3110543
3111702
3112074
3112136
3114219
3114994
3119564
3120174
3120892
3121146
3121709
3122994
3123424
3124014
3125002
3125197
3128396
3128998
3129205
3129561
3129815
3130379
3130469
3131218
3131364
3131813
3132121
3133583
3135421
3135456
3138443
3139594
3139945
3140571
3140671
3141467
3141649
3142536
3142999
3144521
3145979
3148002
3148120
3149041
3149697
3149771
3150282
3150325
3152024
3152080
3153373
3153604
3154246
3155219
3155820
3156086
3157343
3158783
3161617
3162921
3163568
3165105
3166893
3167479
3168010
3168177
3168923
3170248
3172266
3173508
3175276
3175322
3176309
3180563
3183201
3184339
3184797
3185279
3186344
3188597
3189152
3190224
3191278
3191828
3192277
3192572
3193467
3193846
3194051
3194507
3194963
3195385
3197349
3197464
3199329
3199502
3200124
3200607
3200682
3200907
3203513
3205437
3205814
3206461
3206529
3208524
3209314
3209874
3211036
3211517
3212426
3212796
3215751
3216175
3216881
3219810
3220303
3222350
3222558
3223646
3225246
3225314
3225847
3226013
3226309
3227004
3231517
3232661
3233675
3235864
3235866
3236682
3237962
3238903
3240273
3242671
3242829
3243483
3245008
3245226
3245388
3248142
3248889
3249703
3252528
3252658
3252699
3252850
3254656
3255198
3255687
3256287
3257649
3260134
3260939
3263008
3263110
3264950
3266579
3270436
3270716
3271706
3272740
3275564
3275952
3276039
3278625
3278730
3280229
3280635
3280881
3284321
3285061
3285086
3287072
3288669
3289662
3292549
3294023
3294110
3295067
3295255
3296893
3298727
3299801
3300379
3300672
3300692
3301501
3301774
3303234
3303263
3303321
3304870
3305374
3306011
3308518
3309213
3311152
3311684
3313571
3316954
3318604
3320322
3320882
3321024
3321332
3322213
3324301
3325798
3326035
3328855
3334019
3335804
3336989
3337646
3339975
3341177
3341190
3343552
3346295
3346515
3346814
3349694
3351773
3353198
3353610
3357232
3358007
3358848
3358904
3360282
3362038
3362181
3362435
3362973
3363092
3363670
3365663
3365792
3367250
3367763
3368119
3368519
3368731
3368739
3370204
3373014
3373218
3373665
3374457
3375600
3377682
3378473
3378952
3379784
3380739
3380975
3382063
3382388
3383687
3384177
3385810
3386893
3388389
3389284
3389311
3389871
3390212
3390455
3390487
3391759
3393229
3393860
3395233
3396314
3396844
3399069
3402067
3402118
3402528
3403027
3403988
3405444
3405548
3407899
3408449
3409854
3411861
3412713
3413107
3413213
3413361
3413852
3414146
3414791
3415239
3415253
3418731
3419420
3419718
3421420
3421652
3422970
3427050
3427098
3428884
3429838
3429861
3430294
3430753
3431073
3432953
3433506
3435508
3436390
3437667
3437716
3438669
3440675
3441983
3441999
3442195
3445496
3445935
3446410
3446519
3446869
3448101
3448823
3448953
3450319
3451658
3452744
3452876
3453433
3454166
3456389
3456403
3456641
3457457
3461484
3462048
3463005
3463150
3463736
3463756
3464964
3465731
3465873
3467344
3468704
3470115
3470969
3471460
3474269
3475634
3475710
3476432
3478680
3480259
3483508
3488121
3488513
3489006
3489814
3491317
3491607
3492599
3492637
3492679
3493604
3493856
3494107
3494319
3494351
3496691
3499070
3501150
3502160
3502349
3502472
3503481
3503494
3504646
3506143
3507151
3508003
3508091
3508486
3509649
3509864
3509886
3510569
3511869
3513877
3514453
3514768
3515077
3515222
3516140
3516257
3518086
3519593
3519683
3522491
3527731
3527926
3528096
3528148
3529961
3530667
3531054
3531679
3532242
3533380
3535327
3536634
3539252
3539449
3539905
3540486
3541965
3542084
3542518
3542888
3543517
3546393
3547481
3548340
3551289
3555428
3560468
3561006
3566500
3566921
3567263
3567433
3570145
3570294
3570914
3572304
3572368
3572831
3573818
3575572
3578281
3579588
3580762
3581473
3582374
3583366
3584003
3586033
3586643
3587516
3589715
3590682
3592333
3595994
3597765
3599267
3601050
3601452
3601819
3602567
3602668
3604730
3605097
3605622
3607116
3607362
3607431
3608202
3608455
3609543
3611054
3613147
3613702
3613747
3613959
3614162
3615622
3619199
3619868
3620545
3620658
3621762
3622751
3624891
3625249
3625478
3625678
3625747
3630182
3630204
3632325
3634498
3636274
3636494
3638205
3639799
3644896
3644907
3645222
3645813
3646156
3647108
3648574
3651151
3651302
3652713
3652936
3653346
3653442
3654092
3656238
3657570
3660686
3660876
3662693
3663144
3663546
3664211
3664239
3664965
3665251
3666489
3666532
3666674
3667055
3667828
3668228
3669153
3671404
3671716
3673759
3674206
3677874
3678871
3679008
3680273
3683640
3684706
3684885
3685254
3686587
3690870
3692713
3693923
3694197
3694325
3694615
3697714
3698723
3698810
3699026
3701487
3701592
3702168
3702452
3702718
3703182
3704263
3706921
3708040
3708446
3708685
3709859
3709984
3713195
3713241
3714091
3715035
3715087
3715418
3717065
3717411
3718711
3719341
3720047
3720088
3720477
3720743
3722580
3724559
3725522
3727445
3727507
3727528
3729319
3729980
3731781
3732839
3733294
3734703
3737137
3737141
3737679
3738851
3739261
3741470
3741558
3741992
3743185
3743500
3747178
3747837
3748761
3750987
3751680
3751882
3753464
3753863
3755414
3757516
3757836
3758766
3759220
3760456
3760697
3761577
3761858
3761898
3761990
3762083
3763870
3765099
3765396
3766450
3767285
3767638
3768675
3768937
3768971
3769589
3770172
3770570
3770591
3771858
3772515
3775939
3776205
3776300
3777377
3778168
3778396
3778428
3778469
3778596
3778681
3779133
3779776
3781200
3781300
3782608
3783112
3784159
3785043
3785132
3785592
3786348
3786925
3787519
3788627
3788855
3790408
3793908
3794477
3794772
3795106
3795929
3796216
3796972
3797268
3798482
3798578
3799981
3800284
3801261
3803018
3806695
3808559
3812884
3812922
3814631
3815942
3816097
3817156
3817395
3820227
3823140
3825655
3828233
3829273
3831075
3831399
3831627
3831840
3833061
3833869
3834164
3834655
3835191
3840391
3841469
3841953
3842217
3844255
3845490
3847683
3848152
3849070
3850662
3851379
3851654
3852148
3852176
3857159
3857596
3859356
3859654
3859731
3860229
3860873
3861741
3862430
3863054
3864970
3866550
3867487
3868988
3869372
3869952
3870309
3871176
3871194
3872701
3872785
3872923
3873192
3874020
3875948
3876401
3878584
3879284
3881726
3882337
3884347
3885152
3886210
3887114
3889421
3889624
3892075
3893991
3895797
3896687
3900461
3900669
3901402
3902582
3903634
3906075
3908433
3908511
3910024
3913100
3913413
3913724
3914783
3914893
3915009
3915758
3916311
3916536
3920723
3921170
3921393
3923382
3924537
3925779
3926071
3926443
3926659
3926781
3927542
3928708
3930163
3933522
3935759
3937710
3937766
3939686
3944450
3945179
3945384
3946068
3946960
3946980
3947431
3948475
3948559
3948579
3952884
3953382
3953490
3953503
3953901
3957763
3960184
3960697
3961732
3963541
3963671
3964058
3965577
3967493
3968284
3968584
3970210
3970304
3970457
3971045
3973358
3975739
3976291
3977496
3977500
3979192
3979578
3981180
3981885
3982272
3982561
3983259
3983685
3984093
3984637
3984796
3986407
3986444
3986480
3986917
3987348
3988533
3988844
3988862
3989172
3989225
3989684
3990587
3992907
3993678
3996414
3997398
3997981
3999301
4000501
4000715
4000804
4000852
4002028
4002107
4004195
4004761
4006404
4007918
4008038
4008446
4010322
4011263
4011312
4013625
4014433
4015929
4017495
4018484
4020282
4020565
4020899
4021020
4022794
4023385
4023678
4024336
4025563
4025850
4027431
4028246
4029760
4029776
4031046
4031095
4032703
4032919
4033466
4034167
4034377
4034981
4035885
4036220
4037445
4037565
4039500
4041298
4041912
4042097
4045247
4046406
4048275
4048321
4049783
4051253
4052493
4053420
4054775
4056057
4058086
4058441
4058836
4060357
4060900
4061812
4063757
4063836
4063942
4064089
4064268
4064282
4064992
4065056
4065494
4065925
4068136
4068275
4073313
4075557
4075875
4076293
4077086
4077483
4077560
4077821
4077913
4079021
4080286
4080579
4081801
4082197
4083301
4083746
4084447
4086741
4088906
4089142
4090066
4090224
4090708
4091160
4092087
4093840
4095760
4097085
4099075
4099098
4099932
4101528
4102327
4102802
4103401
4104994
4106747
4106772
4107152
4107550
4107712
4107937
4109584
4110610
4111404
4111888
4112745
4115944
4116235
4117863
4119379
4120305
4122931
4123195
4124661
4125213
4126145
4126190
4126275
4126668
4129557
4129936
4131546
4131873
4132068
4132821
4133099
4133326
4134036
4134176
4134251
4134967
4135305
4135491
4137360
4138946
4141955
4142642
4143246
4144086
4145538
4146263
4146465
4148972
4149035
4149321
4150681
4151060
4152007
4152306
4152429
4152961
4153160
4156189
4157671
4158319
4159167
4160181
4160646
4161450
4164253
4167400
4167847
4169773
4170586
4171327
4171646
4172006
4172893
4173716
4174148
4176559
4177492
4177547
4179272
4180120
4180752
4182536
4183197
4186467
4187699
4187989
4188788
4188837
4189128
4191410
4192704
4194769
4194993
4195085
4195643
4195775
4195780
4197876
4198358
4198394
4199184
4199236
4205392
4205681
4207051
4207434
4208147
4208398
4215435
4216795
4217112
4218050
4219761
4220019
4220352
4221401
4223064
4225430
4225933
4228430
4229482
4229563
4229574
4230320
4236292
4237510
4237883
4237959
4239478
4239596
4239784
4240097
4240481
4241795
4242240
4243315
4243333
4244869
4245380
4246749
4248297
4248391
4249651
4249784
4249822
4252403
4252828
4254248
4254303
4255015
4255185
4255210
4255517
4257313
4258567
4258583
4259827
4261346
4262281
4264127
4264478
4265245
4265346
4265491
4268739
4270489
4272594
4273487
4273559
4278672
4278674
4279788
4282183
4282838
4284257
4284989
4285842
4286354
4289278
4290538
4291260
4291516
4292193
4292828
4293015
4294721
4294790
4294845
4294869
4295630
4295754
4296147
4296903
4298687
4300399
4302480
4302665
4303001
4303086
4305188
4305455
4305835
4305901
4308459
4308879
4312727
4314505
4315403
4317122
4318152
4318185
4318364
4318464
4322614
4323744
4324295
4325202
4325241
4325254
4325786
4325843
4326047
4327722
4328127
4328862
4329999
4330463
4331036
4332636
4332763
4333477
4335775
4338504
4339736
4342492
4342517
4343924
4346317
4346447
4346865
4350161
4350392
4351715
4352712
4353151
4353237
4357887
4357988
4360159
4360410
4361056
4362729
4363349
4363752
4365605
4365980
4366255
4366830
4366959
4368000
4368156
4368161
4368529
4369968
4370268
4370646
4372683
4375038
4375332
4375685
4376779
4377206
4377745
4377822
4378785
4379341
4380358
4382295
4382465
4382624
4383499
4384101
4388106
4388422
4388523
4389358
4389721
4392086
4392450
4392512
4392689
4393290
4396008
4396819
4398394
4398775
4400031
4400233
4401982
4403906
4404604
4404993
4406759
4407503
4407861
4408644
4409525
4410206
4410455
4411197
4411557
4413965
4414510
4415591
4420928
4421053
4424807
4425893
4427324
4428267
4431333
4436142
4436468
4437669
4437770
4437911
4439549
4439608
4440329
4440816
4443777
4444364
4446873
4447188
4447885
4450715
4450803
4451849
4452998
4455080
4455953
4456225
4456451
4456464
4456991
4457555
4458911
4459079
4459318
4459529
4461269
4462450
4462461
4462622
4462747
4462803
4464569
4464788
4465049
4465156
4465723
4467539
4468294
4469183
4469441
4470116
4473112
4474632
4474860
4475520
4475575
4477725
4480573
4480767
4480955
4481297
4481921
4483602
4484525
4485390
4485520
4486934
4487002
4487504
4487822
4489098
4490672
4490881
4492373
4493787
4494340
4494518
4495607
4495693
4495717
4496878
4498554
4499320
4499667
4499802
4499885
4501953
4502359
4505754
4506546
4507273
4507290
4507462
4508478
4509620
4514514
4515769
4516100
4516883
4519437
4521325
4523658
4524616
4524821
4526923
4532953
4532965
4533077
4534014
4534836
4536617
4537080
4538126
4538404
4539636
4539958
4540612
4545250
4547984
4549220
4550378
4551117
4552596
4553336
4553583
4553709
4555010
4555912
4556530
4556547
4557400
4557748
4557943
4559249
4561160
4561554
4562573
4566099
4567291
4568147
4568311
4568688
4568806
4570210
4571063
4571448
4572498
4574182
4578286
4579297
4584193
4584305
4585472
4586631
4586679
4587593
4587680
4588760
4590570
4590652
4591291
4592078
4593880
4594134
4595871
4596403
4596779
4597106
4597317
4598559
4598929
4600514
4600673
4600892
4602054
4602138
4602197
4602945
4603150
4605276
4605657
4609018
4609134
4609542
4611054
4612635
4613864
4615105
4616103
4618457
4619491
4620448
4621230
4621871
4623394
4623850
4623909
4624023
4624982
4625519
4625817
4625884
4626443
4629245
4629278
4629815
4629822
4632629
4632822
4633213
4636541
4637387
4637867
4640815
4640956
4642226
4642429
4642551
4643587
4644593
4646465
4646585
4648638
4649636
4650649
4650679
4650815
4650984
4651153
4653102
4655169
4655958
4656301
4657180
4657301
4658252
4658700
4659790
4659875
4661233
4663746
4665717
4667283
4669382
4669460
4670090
4670244
4673354
4674211
4674906
4678707
4678858
4679045
4679917
4680700
4682123
4683540
4684379
4685091
4685094
4685870
4685969
4689726
4689819
4690770
4691388
4691571
4692294
4692602
4692898
4694613
4696326
4696489
4697352
4697915
4698247
4698573
4698988
4700891
4701478
4701776
4703273
4703447
4703666
4704190
4705991
4706509
4706769
4708470
4709599
4710458
4711448
4713770
4716323
4716971
4717091
4718024
4718716
4719572
4722109
4724018
4725194
4726436
4726734
4727764
4728052
4729019
4730692
4730920
4731123
4734804
4735172
4735350
4735707
4736090
4739128
4739769
4740626
4741436
4741693
4743004
4743006
4744164
4744526
4744549
4744562
4746004
4747775
4748600
4748730
4749387
4752752
4753038
4753344
4753667
4754725
4755896
4757527
4759238
4760806
4761429
4762069
4763130
4771271
4771461
4772632
4772959
4773482
4775849
4778236
4778527
4780202
4780598
4781477
4784208
4784447
4784686
4784744
4785928
4789245
4790060
4793174
4793429
4793726
4794560
4794788
4794992
4795207
4798697
4798967
4799964
4800278
4801826
4802988
4804395
4804529
4804777
4805750
4806453
4807443
4808259
4809801
4810188
4811828
4814355
4814591
4815101
4816552
4816726
4817312
4817810
4818553
4819078
4821432
4822288
4822598
4823060
4824566
4824668
4825481
4827286
4827892
4828215
4830885
4831916
4832982
4833367
4834146
4834722
4841350
4842655
4846071
4846266
4846485
4847932
4850637
4852479
4852830
4854116
4855298
4855353
4856302
4859311
4860410
4860886
4861415
4862357
4864149
4865051
4866976
4867113
4867538
4868262
4868393
4868767
4869157
4869422
4869596
4871202
4871468
4871723
4874087
4874501
4874803
4875012
4875995
4880162
4880376
4881386
4881651
4882284
4882459
4882621
4885597
4885774
4886487
4887746
4889603
4889841
4890986
4891932
4892932
4896037
4897688
4898370
4899847
4900275
4900603
4902542
4907418
4907429
4908386
4908662
4909329
4909816
4910981
4912847
4914061
4914456
4916296
4916456
4917820
4920959
4924254
4924365
4925250
4925476
4925645
4926311
4927623
4927641
4928766
4928968
4930813
4931245
4932633
4932738
4935424
4937406
4938990
4940963
4941932
4942847
4944216
4945201
4945779
4945942
4946697
4948409
4948641
4949299
4949600
4949945
4951070
4951604
4953524
4954752
4954922
4955279
4955868
4956431
4957686
4957940
4958500
4959199
4959808
4959962
4962008
4963208
4963703
4964492
4965208
4965700
4966819
4967467
4967828
4969635
4969689
4970233
4971044
4971057
4971168
4971970
4972029
4972545
4973652
4974022
4978386
4979629
4980520
4980634
4982801
4984088
4984391
4985194
4985362
4985527
4985565
4986098
4987609
4988082
4988252
4992176
4992242
4992283
4993268
4994964
4995682
4996157
4999472
5000200
5001859
5001934
5003686
5004781
5004947
5008318
5008518
5011252
5012402
5014794
5015314
5015909
5015959
5016322
5017619
5021891
5022680
5022748
5022924
5026158
5030045
5032351
5032493
5032501
5032727
5035345
5035884
5036340
5036725
5039514
5041290
5041552
5042353
5043906
5046414
5047004
5047583
5047756
5048660
5049810
5052642
5053199
5053573
5053691
5055629
5056241
5057505
5057860
5058004
5058605
5058798
5059493
5059880
5060337
5061442
5061927
5063271
5068588
5070504
5074426
5074616
5075483
5075698
5076030
5076122
5077171
5078587
5079255
5081118
5082904
5085896
5086394
5087112
5089033
5089516
5089779
5090262
5090430
5092170
5092701
5093593
5095835
5096833
5096923
5100834
5100983
5104209
5105423
5105976
5107930
5109005
5109971
5110082
5111035
5112723
5113535
5113809
5114325
5115561
5115807
5116166
5117410
5118453
5119864
5120070
5121640
5121666
5123972
5124038
5124959
5125071
5125968
5126694
5127792
5129443
5130192
5131306
5132003
5132049
5133796
5134251
5134836
5134902
5134998
5135242
5136067
5136823
5138055
5138840
5142641
5142673
5143760
5144450
5145184
5145816
5148070
5152682
5153619
5153944
5154912
5156005
5156393
5157260
5157267
5157677
5157701
5159022
5159165
5159481
5160487
5162686
5164049
5164698
5165113
5165126
5165284
5165331
5165822
5166448
5166868
5167689
5169590
5170689
5171841
5174150
5174888
5176261
5176739
5183348
5183674
5183992
5184165
5188534
5188595
5189362
5190080
5191030
5191468
5192080
5193324
5194542
5194990
5195056
5195731
5196100
5196253
5196601
5197469
5199034
5199583
5203726
5205152
5205465
5207580
5208279
5209241
5210119
5211362
5211595
5211897
5213273
5213925
5215273
5216895
5217904
5219236
5219326
5220603
5220786
5221438
5223125
5224582
5225007
5225293
5225505
5226210
5226733
5227384
5227554
5228123
5230568
5232028
5232258
5232377
5232462
5232606
5232640
5235530
5235636
5235854
5235967
5236550
5236711
5240470
5240650
5241071
5241940
5242382
5242676
5243572
5244261
5246090
5246779
5247655
5248309
5249594
5249939
5250154
5250545
5251430
5251469
5252371
5252857
5253125
5253265
5253949
5254547
5254876
5255050
5256246
5256695
5257143
5257464
5258726
5258933
5259478
5260613
5260803
5261130
5262266
5264067
5264835
5265703
5265948
5266039
5267669
5268137
5268569
5271440
5273087
5273445
5276059
5276476
5277270
5277833
5278400
5279230
5279916
5279963
5280852
5281563
5282031
5287964
5288150
5288773
5289459
5290266
5290762
5292277
5293997
5294040
5297261
5297872
5298295
5300402
5303168
5305384
5305712
5305931
5305999
5306709
5306918
5309516
5312710
5313897
5314711
5315078
5316112
5318280
5318856
5323604
5324228
5324718
5325198
5325999
5327468
5328108
5328554
5328896
5331675
5332183
5332320
5334000
5334007
5337127
5337566
5337569
5338569
5340181
5341040
5342022
5346102
5346397
5346460
5346538
5350063
5350926
5351088
5351480
5352187
5352293
5352325
5354968
5356490
5356497
5357030
5359381
5359477
5360817
5362227
5362301
5362382
5363140
5363722
5364123
5364722
5365002
5365081
5365101
5366657
5368006
5369931
5370418
5371137
5372324
5372564
5373045
5373207
5374685
5375037
5375737
5376655
5377408
5377799
5378390
5380350
5381207
5381574
5382276
5382545
5385425
5388298
5389983
5391034
5392276
5392328
5393038
5393298
5393564
5394526
5394624
5399355
5399591
5401018
5401394
5404159
5405344
5406514
5407348
5409362
5409418
5410117
5411038
5411535
5412278
5412546
5412932
5414047
5414930
5416208
5416811
5418044
5418201
5421791
5424263
5424303
5424925
5425166
5426111
5426195
5428130
5428326
5429233
5430615
5430839
5432027
5432439
5432708
5433738
5435541
5435804
5436695
5437828
5438514
5438659
5438999
5439295
5440786
5441181
5441913
5443538
5444057
5446065
5446786
5446841
5446910
5447163
5450343
5451279
5452060
5454223
5454756
5455899
5456341
5456745
5457726
5461203
5463005
5463202
5464186
5465167
5465379
5465460
5467652
5468501
5468685
5470501
5471013
5471743
5471820
5471947
5471962
5472276
5472363
5473465
5474274
5475674
5476536
5477158
5477479
5477580
5477720
5479084
5479295
5482723
5483459
5483711
5483811
5484101
5486404
5486618
5486636
5487289
5487472
5488315
5490158
5491030
5491575
5493079
5493731
5495323
5499294
5500044
5500698
5501194
5502585
5502920
5503909
5504399
5505768
5506284
5511113
5511215
5511329
5512257
5512977
5513573
5514904
5516244
5516400
5517531
5519461
5520203
5521645
5521714
5521965
5522113
5523246
5523612
5524372
5524380
5524591
5524816
5525193
5526005
5526460
5526733
5527226
5528916
5529946
5530671
5532070
5533576
5533790
5534824
5537891
5538785
5540370
5540789
5545924
5547727
5549065
5549316
5550348
5550444
5551479
5552231
5552614
5553424
5554301
5554813
5555337
5555662
5556216
5557027
5557298
5558230
5562128
5564812
5565901
5566114
5566912
5567160
5568600
5569219
5569927
5570297
5572335
5572562
5572935
5573233
5575566
5576596
5576817
5577400
5579047
5579391
5579395
5579573
5580853
5581774
5582256
5583088
5583624
5584505
5584633
5590161
5590411
5593075
5593191
5593291
5594071
5594313
5595351
5595803
5597928
5599115
5599739
5601312
5601466
5602324
5602874
5603879
5605394
5609914
5610936
5615014
5616090
5616457
5616562
5616903
5618081
5619601
5621680
5622350
5623604
5623700
5625151
5626080
5627287
5628176
5630688
5632408
5632412
5634375
5635661
5636211
5636705
5636721
5637924
5638314
5639169
5639361
5640038
5640557
5641355
5642079
5644280
5647479
5648738
5648958
5649488
5650180
5650524
5652517
5654083
5656522
5657422
5657791
5658177
5659249
5660565
5661757
5661957
5663073
5663394
5663703
5664375
5665424
5665955
5667675
5670251
5670361
5670694
5670889
5670990
5671010
5671448
5671923
5672710
5672833
5673320
5673365
5673587
5675272
5675370
5675732
5675814
5676980
5677187
5678330
5678485
5679716
5680480
5681922
5682729
5684105
5686750
5687656
5687895
5688886
5689092
5694059
5694177
5694217
5697211
5697296
5698736
5699601
5700344
5700572
5701120
5704635
5705711
5706692
5707277
5707813
5711713
5711768
5712064
5713586
5713588
5714289
5715652
5716549
5717231
5718413
5720211
5722038
5722620
5724814
5725359
5725770
5725827
5728352
5729971
5730231
5730239
5730700
5730753
5730853
5732349
5733803
5734508
5737498
5738006
5739027
5740519
5741057
5741605
5742839
5744241
5744544
5744995
5745047
5746113
5746918
5747434
5747835
5747838
5748623
5749898
5749985
5751452
5754096
5754577
5754899
5757194
5759856
5761103
5761690
5762839
5764056
5764823
5765266
5766330
5767046
5767313
5768292
5769285
5771507
5771551
5772089
5772278
5772572
5777661
5779787
5779948
5780164
5781438
5781936
5782051
5783860
5783937
5784268
5787280
5788354
5789442
5789602
5790783
5791219
5791798
5792172
5793253
5793485
5794327
5796403
5797589
5797644
5797823
5797896
5797937
5800178
5800547
5800920
5801160
5801892
5801967
5801983
5802119
5802382
5805209
5809175
5809671
5810873
5811375
5813640
5814898
5816612
5817253
5817541
5818042
5818787
5820928
5821701
5822145
5822420
5822526
5823360
5823456
5825371
5828921
5830181
5831309
5832317
5839602
5839914
5840210
5840571
5840768
5841035
5841906
5842040
5842736
5846721
5846973
5847584
5847861
5848643
5849013
5853438
5854912
5857389
5857869
5858771
5859663
5860498
5863420
5864196
5865411
5866129
5868866
5870642
5871640
5872243
5872380
5873686
5875458
5875690
5876324
5877585
5877810
5879068
5879542
5883148
5884301
5884529
5884978
5887431
5889775
5890897
5891661
5893350
5896492
5896524
5896600
5897228
5898273
5898648
5898697
5898885
5898940
5900084
5900880
5901671
5903531
5904873
5904931
5905481
5905555
5905661
5905892
5907354
5909581
5910356
5911114
5911699
5913439
5913647
5915444
5915514
5916544
5917355
5917875
5918173
5918634
5919297
5920260
5920774
5920792
5922384
5922787
5922966
5923033
5923144
5923552
5926960
5927824
5927844
5929313
5929405
5930659
5931387
5931468
5931929
5932410
5933954
5934060
5934344
5934817
5934980
5935414
5935993
5937156
5939399
5940037
5940066
5940794
5941176
5941301
5941352
5943781
5943995
5944691
5945662
5947597
5948906
5949399
5951196
5953722
5954981
5955567
5956223
5956808
5956850
5956913
5957249
5958940
5959841
5960008
5960129
5960651
5961984
5962594
5963206
5964250
5968075
5968450
5970744
5970758
5971228
5972714
5973587
5975056
5977717
5978744
5979864
5980662
5984071
5984275
5985227
5987535
5988117
5991458
5993263
5993599
5993851
5994925
5995108
5996873
5998359
5998428
5998643
5998784
5998873
5998905
5999870
6001550
6002125
6002437
6002521
6003902
6004777
6006480
6012112
6013260
6013662
6014176
6017623
6020007
6022437
6022917
6023181
6023323
6023737
6023811
6024762
6026616
6027062
6028180
6031466
6032665
6034334
6034621
6035619
6036442
6036494
6037898
6037949
6038849
6039593
6041606
6043457
6044155
6044299
6044384
6049387
6049486
6051238
6051301
6051448
6052417
6052851
6054400
6056210
6057198
6057866
6058479
6058565
6058669
6059294
6060892
6063215
6064250
6064402
6064665
6066515
6067479
6070097
6071110
6071278
6071764
6073196
6075535
6075757
6075815
6077433
6080480
6081321
6081882
6082107
6083406
6084839
6085306
6085882
6086236
6089512
6089803
6090126
6090667
6090871
6091505
6093137
6095145
6095858
6095929
6095974
6097868
6100118
6100308
6101233
6101382
6101412
6101439
6102380
6102521
6103158
6105218
6105519
6105964
6106040
6107160
6107405
6109338
6109906
6110702
6112684
6113190
6114533
6114771
6116003
6116948
6119804
6120441
6120769
6120850
6121203
6121313
6123126
6123425
6124241
6124494
6127222
6127809
6128356
6128518
6129249
6131788
6132758
6133098
6134355
6135181
6135704
6136998
6138222
6140721
6141072
6141404
6142484
6142567
6142580
6142869
6143776
6145479
6145653
6146095
6146450
6147206
6147636
6147797
6148478
6149900
6151216
6155633
6155957
6157379
6158271
6158821
6159468
6161648
6162115
6162268
6162439
6164732
6169586
6170111
6170551
6172274
6172798
6173045
6173553
6173638
6175237
6176429
6177479
6177531
6181586
6182170
6183166
6186954
6188551
6189018
6189040
6189188
6190309
6190859
6191284
6192406
6195857
6196307
6196641
6196975
6197056
6201548
6201871
6203123
6203708
6204515
6205266
6205733
6205990
6207148
6209279
6209727
6210347
6211276
6212089
6212709
6214294
6214977
6215806
6216014
6216330
6219071
6219304
6219725
6219981
6220514
6220541
6220743
6221766
6225237
6230342
6231821
6233141
6233169
6234147
6234231
6234727
6242004
6242139
6242681
6244248
6245287
6245664
6247017
6247309
6247722
6248279
6249516
6250804
6250864
6252965
6253465
6254029
6256687
6257638
6257668
6258728
6259201
6260510
6261458
6263946
6265098
6267138
6268048
6269007
6269538
6270400
6272980
6273448
6274455
6274806
6275159
6275313
6278504
6281900
6283036
6284104
6284429
6284589
6284668
6285342
6286342
6286600
6287016
6287193
6290087
6290788
6291981
6292352
6293615
6294102
6297899
6299925
6304554
6307229
6309696
6309770
6309952
6310632
6310859
6312785
6314106
6316198
6317222
6318255
6319264
6321505
6327550
6328062
6328813
6329427
6330302
6331374
6333354
6333885
6335531
6336161
6336777
6336787
6337014
6339061
6340463
6340940
6345239
6347828
6349489
6349838
6350731
6351370
6351446
6352094
6353634
6354912
6355409
6355435
6355944
6357027
6357304
6357815
6358523
6358748
6358832
6360224
6362223
6366158
6369111
6369311
6370253
6370829
6372027
6374247
6374849
6375737
6375770
6375882
6375990
6376361
6378290
6378937
6379038
6379869
6380907
6382297
6382398
6383650
6384157
6384626
6386289
6387736
6388379
6388925
6389637
6389913
6390301
6391019
6391403
6395376
6397686
6398019
6398622
6398987
6399341
6399761
6400824
6403771
6404171
6407196
6407343
6409642
6409696
6410028
6410639
6410860
6415073
6416197
6416211
6418588
6419753
6421252
6421991
6422677
6423811
6423892
6424168
6429171
6430490
6430535
6430770
6431486
6431815
6432089
6432617
6432991
6433471
6434511
6435401
6435610
6436495
6436637
6437283
6438455
6438850
6439165
6443309
6444391
6447075
6447249
6448248
6449012
6450307
6450318
6451104
6453757
6453940
6454677
6455369
6456934
6457105
6457237
6457259
6457381
6457625
6457919
6460017
6460121
6464856
6465097
6465608
6467448
6467756
6468256
6469571
6471743
6473144
6473583
6473960
6474003
6474481
6475180
6476771
6478050
6480904
6484398
6484557
6484980
6485050
6486050
6486575
6487024
6487249
6487671
6488159
6489506
6489835
6490306
6491296
6494142
6494590
6495458
6495786
6495956
6496090
6496559
6497397
6500090
6503626
6503874
6504348
6505329
6508642
6508824
6508884
6509766
6509781
6509801
6509877
6510106
6514343
6515911
6517671
6517985
6518105
6518509
6518969
6519935
6520313
6520658
6526189
6528760
6530211
6531656
6531676
6532735
6533128
6534795
6535574
6535770
6536910
6536982
6537537
6539351
6540258
6540345
6541659
6542007
6542290
6542814
6545254
6546534
6548041
6549480
6552210
6552577
6554814
6555547
6556572
6556699
6557519
6560914
6563678
6566246
6566583
6567018
6569194
6569339
6571006
6572815
6574141
6575667
6575678
6577541
6581310
6581799
6582045
6584652
6584726
6585269
6585534
6586772
6587031
6587211
6593094
6594373
6595600
6597302
6598164
6598362
6600373
6600747
6600777
6600981
6601982
6603427
6603558
6604433
6605332
6606448
6606628
6606634
6606700
6606863
6607504
6608886
6610092
6611747
6612360
6612713
6612962
6613612
6613668
6613728
6614082
6617099
6617648
6618032
6618199
6622974
6623451
6624276
6626782
6627097
6627107
6628685
6629472
6629550
6629685
6633043
6633641
6634514
6635654
6636129
6636555
6637559
6638957
6639926
6641628
6642044
6645085
6645313
6645886
6647824
6648522
6649547
6649983
6650616
6652793
6657374
6658309
6658934
6659746
6660103
6660379
6664500
6664925
6666124
6666574
6666898
6667162
6668298
6668886
6669050
6671242
6673443
6675982
6677764
6678813
6679207
6679766
6681124
6681594
6681993
6685226
6685365
6685674
6687177
6688456
6689563
6691767
6692132
6693343
6693523
6696415
6697718
6698277
6700111
6700987
6701316
6702829
6703537
6704230
6705994
6707432
6707627
6707863
6708190
6708455
6708704
6708972
6710460
6711856
6711993
6712521
6714270
6714816
6714982
6715283
6715501
6716202
6716508
6718652
6719574
6720045
6720048
6720660
6723786
6725142
6725645
6726033
6727703
6728334
6728860
6730961
6732869
6732920
6733096
6734450
6735453
6735632
6736154
6736899
6737122
6737320
6737405
6738064
6741479
6741592
6741925
6742414
6743244
6744758
6745523
6747931
6748118
6749556
6749940
6750793
6752407
6753170
6753343
6760004
6761675
6762174
6763459
6763717
6763875
6764259
6764999
6765648
6767089
6767362
6767888
6768076
6768653
6769785
6771345
6771701
6771739
6773609
6773842
6774526
6775229
6775432
6775873
6776860
6778426
6778598
6779426
6781287
6781345
6781509
6781724
6781763
6782077
6782885
6783089
6783567
6783734
6784679
6785193
6785564
6786603
6787119
6788765
6788843
6789737
6790184
6791327
6792988
6793278
6793485
6796666
6797147
6797201
6798864
6800328
6801101
6801356
6801648
6803137
6804204
6804436
6806404
6806726
6807230
6809501
6811545
6813920
6814602
6814735
6815433
6816504
6818109
6820047
6821033
6821162
6821439
6822943
6823024
6823085
6823321
6823521
6825055
6825712
6826249
6826526
6827057
6827400
6827577
6828592
6829367
6830818
6833555
6834411
6837666
6837886
6837984
6839472
6839843
6840528
6841508
6841805
6843803
6844885
6845913
6847855
6849477
6851338
6851558
6851961
6852571
6852764
6852898
6853023
6853368
6854022
6856156
6856247
6856655
6857579
6859312
6861908
6862132
6862144
6865235
6865400
6866349
6866379
6866494
6866962
6867374
6867965
6868735
6870055
6870212
6873257
6873943
6874758
6875149
6875430
6876508
6880007
6880955
6882493
6883938
6884251
6885736
6888781
6888900
6889214
6889845
6891667
6892066
6892297
6893232
6893436
6893879
6894660
6896689
6896866
6897502
6898778
6899396
6900112
6901370
6901421
6902438
6904359
6904658
6904827
6905456
6906989
6907449
6907929
6908870
6908973
6911419
6912180
6912510
6912871
6913406
6913731
6914363
6915263
6917608
6920089
6922465
6923160
6926842
6928027
6929437
6930338
6931092
6931498
6931735
6934109
6935149
6935772
6937976
6937992
6938290
6939620
6941285
6942550
6943367
6945428
6945903
6947765
6949589
6950810
6951334
6951851
6952167
6952769
6953080
6953655
6955266
6955798
6957120
6959567
6959652
6960284
6960564
6961475
6963057
6964966
6965604
6966415
6968535
6969998
6970080
6970680
6972073
6972664
6974235
6975537
6976284
6977041
6977160
6979005
6980541
6983266
6983947
6987225
6989545
6991017
6991636
6992632
6992797
6994042
6994882
6996345
6996354
6997968
6998488
6999104
7002174
7003488
7004542
7006660
7009098
7010746
7011247
7011533
7013148
7013732
7016385
7016923
7017915
7018578
7019318
7020995
7021201
7021356
7021665
7022942
7025555
7026530
7026869
7027980
7028208
7030149
7030377
7032607
7034482
7035171
7035475
7035477
7036458
7039064
7039673
7041474
7042406
7044400
7044553
7047088
7049459
7050170
7050872
7051642
7055369
7055563
7055566
7055675
7056863
7057149
7057690
7058003
7058561
7059803
7059814
7063660
7063677
7064336
7065711
7068342
7068808
7069537
7069704
7072742
7075290
7076839
7077965
7083173
7083663
7085128
7087269
7088485
7089908
7090366
7090739
7092411
7093695
7095340
7095895
7097213
7101443
7105073
7105159
7107141
7108098
7108739
7109754
7110176
7113392
7114934
7115573
7117386
7117866
7118524
7118999
7121570
7123707
7125146
7126247
7126365
7128010
7129541
7130306
7131185
7131470
7132016
7132251
7135400
7137036
7138825
7139266
7141452
7142348
7144389
7147304
7148513
7148809
7150937
7152193
7152481
7154621
7155958
7156927
7158994
7159313
7159568
7161900
7162367
7162562
7164935
7167368
7167506
7168309
7170300
7170499
7174619
7176220
7176399
7176728
7179255
7180048
7180447
7182743
7182772
7182930
7183112
7183488
7184975
7185908
7186267
7186334
7187798
7188615
7189953
7190722
7191007
7193605
7193890
7194368
7194512
7195204
7195811
7197350
7197901
7199516
7200179
7203293
7204448
7205120
7206154
7206214
7206510
7207326
7207493
7208874
7210918
7211610
7211671
7213094
7215716
7216255
7217526
7217871
7224583
7224599
7225169
7225638
7226296
7226563
7227128
7228731
7229381
7230138
7231468
7231557
7237444
7239292
7240368
7241659
7242102
7244410
7246519
7251390
7251490
7251912
7252949
7253136
7254196
7254720
7255406
7256376
7256574
7262207
7262495
7262802
7266482
7267782
7267991
7270147
7272428
7272986
7274775
7274963
7275550
7275605
7276446
7276680
7277362
7277756
7278304
7278631
7280443
7280758
7281740
7283126
7285843
7286526
7287133
7288138
7288510
7288780
7289120
7289845
7291517
7292097
7292111
7292808
7292990
7293098
7293244
7294265
7294503
7294816
7297361
7297459
7297643
7297919
7299120
7301255
7302875
7303518
7303904
7304723
7304868
7305097
7307362
7307749
7308311
7309422
7309625
7310737
7312190
7312406
7312506
7312864
7313010
7313911
7315153
7315311
7316252
7317597
7318836
7320803
7322697
7322948
7324283
7324526
7329806
7330181
7331737
7332259
7332663
7335923
7340061
7340525
7341978
7342505
7343694
7344184
7345503
7345917
7346357
7347902
7347947
7350399
7352444
7353391
7353412
7356290
7356702
7357488
7357753
7358251
7358802
7358970
7360518
7361351
7364510
7367897
7368974
7369237
7371012
7371706
7371935
7372041
7372262
7373072
7373393
7373554
7374816
7375679
7376331
7376946
7379937
7380222
7381287
7381655
7382245
7383347
7383736
7384287
7385181
7385277
7386615
7386637
7387456
7387483
7389797
7389852
7390183
7390315
7390473
7390794
7391398
7391988
7392388
7394158
7394230
7396120
7397391
7397984
7398023
7398343
7399876
7400937
7403054
7403508
7405800
7406089
7406162
7406171
7406532
7409296
7409731
7414778
7414873
7415837
7416525
7416982
7417366
7417724
7418845
7419189
7421835
7422432
7423423
7424509
7425196
7425755
7426072
7426381
7426567
7427623
7428220
7428468
7428562
7429612
7433688
7434225
7434829
7435697
7437761
7440625
7441093
7441148
7441216
7441728
7443082
7443142
7445594
7446856
7447294
7448690
7448898
7450499
7453404
7454007
7454286
7455989
7457262
7457937
7457941
7458340
7458709
7459090
7462270
7463954
7465522
7469172
7470639
7470792
7471187
7471426
7471765
7473823
7473929
7474281
7474382
7474856
7475306
7476942
7477918
7478657
7479182
7479614
7481473
7481510
7482032
7482822
7483114
7484365
7484791
7484866
7485891
7487803
7489325
7492512
7492590
7494539
7496873
7497214
7498602
7502280
7502763
7504140
7505179
7505250
7506848
7507710
7508061
7512131
7513134
7514178
7516017
7516581
7517191
7518054
7518584
7519973
7521617
7522418
7524850
7529093
7530824
7531348
7533184
7533942
7534275
7534318
7534464
7535655
7536718
7537006
7537463
7539350
7541784
7542089
7542589
7543889
7544451
7546691
7548197
7550851
7551049
7551727
7551947
7552494
7553748
7554964
7557834
7558086
7558150
7558576
7559994
7560176
7560575
7561217
7561814
7564053
7564090
7564319
7567122
7568090
7568219
7568263
7568876
7568968
7569242
7572138
7573314
7574807
7575607
7576250
7576769
7577751
7578105
7580088
7582076
7582341
7583472
7583730
7584379
7586677
7586975
7587948
7588045
7588068
7588071
7589893
7590095
7590370
7590807
7590818
7592099
7593132
7593196
7594598
7595282
7595856
7596858
7599163
7601146
7603547
7604626
7606532
7606638
7607547
7609169
7609436
7609799
7610984
7611624
7613132
7615123
7615575
7615894
7616129
7616404
7618137
7618192
7619514
7620102
7621437
7624261
7624728
7624776
7625861
7627081
7629770
7630051
7631470
7631493
7631779
7632465
7633034
7633792
7635357
7636218
7636674
7637967
7638128
7639350
7639705
7641729
7644212
7644363
7644778
7645006
7645279
7645976
7646364
7649033
7651464
7652262
7652890
7654221
7654592
7659651
7659940
7661166
7661167
7661563
7661626
7663549
7664867
7666221
7666773
7668959
7671965
7672155
7672750
7673385
7673612
7674909
7676249
7676858
7677039
7679430
7683873
7684068
7684595
7688727
7689682
7690178
7690510
7691102
7691882
7692020
7692059
7692123
7692138
7692591
7694360
7694548
7697805
7699205
7699979
7700002
7700452
7702688
7704380
7705132
7705445
7706268
7706775
7707358
7707523
7707866
7709838
7710475
7712199
7715493
7715863
7716117
7716880
7716932
7719045
7719681
7720204
7721455
7723438
7725781
7726567
7727631
7728216
7729052
7730508
7731105
7731534
7731992
7734662
7737967
7739023
7740514
7741213
7745594
7745702
7746138
7746841
7748277
7748309
7750151
7751160
7751841
7751882
7752812
7752983
7753983
7754486
7755885
7756267
7757256
7758070
7758674
7759486
7759996
7760382
7761169
7761224
7761708
7762552
7763266
7764171
7764918
7765738
7766098
7766132
7766448
7767339
7768200
7768253
7769330
7770798
7772255
7775178
7776002
7776036
7777399
7777898
7778965
7780040
7781208
7781230
7782001
7782460
7782732
7783513
7784870
7785169
7785700
7785854
7786132
7786740
7786912
7789846
7790200
7790813
7792008
7792733
7793936
7795849
7796862
7796948
7799918
7800819
7801741
7801831
7801985
7806040
7806394
7806690
7807282
7807612
7807645
7808921
7810894
7811132
7812197
7812300
7813019
7813226
7813701
7816618
7816724
7819206
7819394
7821056
7821459
7822497
7823148
7823738
7823867
7824064
7824521
7824989
7825027
7827391
7827798
7827860
7828139
7829290
7829586
7830873
7831598
7832470
7832681
7833833
7834159
7834792
7834985
7835367
7837253
7838036
7838548
7840407
7840939
7840987
7841456
7841733
7842370
7843890
7844541
7844751
7845177
7846074
7846917
7847098
7847354
7847519
7847879
7848386
7850287
7850638
7852460
7853413
7856924
7859396
7859454
7862033
7862199
7862598
7863302
7863437
7863579
7864747
7865778
7865808
7866293
7866713
7867604
7868040
7868335
7868854
7869053
7870307
7870479
7870497
7870782
7873403
7873454
7874188
7874474
7874895
7875490
7879627
7879843
7880480
7880923
7881363
7882381
7883424
7886204
7887074
7887090
7889520
7890143
7893526
7895167
7897165
7897639
7899644
7900400
7903014
7906917
7907085
7907655
7908521
7910026
7910428
7910429
7914239
7914961
7915292
7916154
7916786
7917313
7917343
7917647
7918950
7920022
7920376
7920930
7921402
7922756
7923659
7925150
7925674
7927828
7928023
7928506
7930610
7931018
7933233
7933907
7934452
7936441
7937646
7938091
7939094
7939469
7939654
7939681
7942405
7943185
7944272
7944436
7946456
7946475
7946524
7946940
7948456
7948617
7949955
7950502
7950674
7951468
7953269
7953949
7954442
7955183
7955300
7955392
7956264
7957344
7957813
7960380
7960638
7961267
7962346
7963071
7963147
7963888
7964630
7964739
7964888
7964896
7965298
7965673
7967505
7969002
7969778
7970021
7972023
7975613
7976930
7978124
7978463
7979427
7982454
7982488
7983748
7984950
7986157
7988015
7988969
7989395
7989411
7991780
7993184
7994355
7995543
8000167
8000218
8000996
8001939
8002156
8003294
8004170
8004461
8005510
8006164
8008289
8009371
8009947
8012144
8012145
8014775
8015073
8015352
8015896
8016277
8017864
8021049
8021552
8021953
8022664
8023180
8023421
8026208
8026559
8028019
8028350
8030398
8030800
8032117
8035564
8036202
8036820
8037644
8038738
8039034
8039241
8039577
8039840
8041602
8043243
8043269
8043800
8045599
8048018
8049250
8050038
8050258
8050628
8051304
8051376
8051885
8053742
8054746
8055564
8057406
8057445
8058084
8058405
8059263
8059614
8060497
8060723
8061592
8061934
8062667
8063099
8063265
8064698
8065736
8067186
8069144
8071386
8072350
8072724
8073291
8073816
8075566
8076761
8077001
8078758
8079468
8079709
8080943
8081764
8081818
8085377
8085531
8086670
8086877
8087665
8088782
8088900
8089755
8090418
8091150
8094125
8095230
8095952
8096150
8098031
8098991
8099007
8099291
8099894
8102316
8103838
8104168
8104666
8105687
8107904
8108261
8108983
8109160
8109726
8111613
8115182
8115211
8115583
8115641
8116041
8116617
8117142
8117278
8117336
8117372
8117599
8118940
8119439
8121140
8122931
8123572
8123788
8124431
8127764
8129038
8129911
8131775
8132229
8132815
8133802
8134258
8134318
8137899
8140118
8145498
8146130
8149856
8150579
8150900
8150996
8151703
8151839
8153974
8154207
8154519
8154575
8157294
8158919
8160640
8160941
8162250
8168749
8168894
8170103
8172465
8172585
8172751
8173535
8173832
8175160
8176307
8177289
8177463
8178450
8179310
8179528
8180071
8180095
8180120
8181757
8183326
8183593
8184197
8184731
8184749
8185433
8185743
8186201
8186707
8190706
8192659
8193371
8196622
8196934
8198348
8201925
8203610
8205645
8207371
8207449
8207694
8211043
8212080
8213907
8213940
8214538
8214751
8214962
8217271
8218501
8218580
8218628
8222740
8222897
8223641
8225011
8226041
8228212
8228499
8228559
8228721
8228980
8231008
8231047
8232838
8235511
8236058
8236115
8239142
8239989
8243323
8245164
8245886
8248600
8250453
8251786
8251871
8251950
8253159
8256890
8257808
8259038
8260358
8262740
8263895
8264332
8264387
8265187
8266502
8267033
8268249
8269280
8270005
8271235
8272751
8274488
8275598
8275719
8275914
8277562
8279156
8279707
8281291
8284109
8285792
8287307
8287849
8288086
8289243
8291440
8291507
8292315
8292684
8294728
8294947
8295998
8298111
8299614
8303183
8303304
8303775
8304327
8305619
8308021
8309599
8310117
8311390
8314078
8314110
8315819
8318707
8320565
8321092
8321364
8321985
8322503
8324260
8325029
8326157
8326232
8326804
8327508
8327592
8327614
8328629
8329795
8329838
8330604
8331361
8332357
8333467
8334152
8334317
8334458
8340124
8343007
8344526
8345776
8346169
8346327
8347000
8347106
8348962
8348964
8349221
8349723
8350513
8351132
8351360
8352596
8355095
8355141
8356920
8357617
8359366
8359701
8359855
8361893
8364160
8365866
8366645
8366916
8367279
8369818
8369973
8370980
8372515
8372967
8373111
8373272
8373562
8374767
8375196
8377070
8378216
8379296
8380184
8381394
8382705
8383092
8383963
8384648
8385888
8386216
8387242
8387443
8387938
8388389
8388415
8389253
8389678
8389807
8390836
8390929
8392124
8393066
8397609
8399798
8401071
8402670
8404310
8404459
8405620
8406126
8406905
8407688
8409071
8409413
8410794
8413161
8419167
8420319
8421009
8424392
8424873
8430252
8430337
8430495
8432256
8435282
8437594
8438655
8440690
8442806
8442911
8443183
8443259
8443667
8446989
8448730
8449264
8449350
8449773
8450362
8455797
8455961
8456087
8456101
8456570
8457086
8457184
8457885
8460120
8460490
8460662
8464425
8464502
8464695
8465442
8465823
8467893
8470223
8470725
8470943
8471018
8471624
8471836
8472620
8472872
8473751
8473757
8474320
8474725
8475429
8480558
8481238
8481686
8482575
8483423
8484952
8486273
8486750
8487176
8487627
8488961
8490821
8490847
8490993
8491588
8495511
8496289
8496755
8496869
8498266
8500174
8500196
8500484
8501103
8502489
8503789
8504435
8504473
8504909
8505333
8506841
8509875
8510356
8511858
8513113
8513402
8513658
8513960
8515015
8515799
8516172
8518209
8518368
8520205
8521825
8522631
8523635
8524723
8524767
8525021
8526711
8527520
8527577
8529082
8529768
8530004
8530095
8530537
8531292
8531350
8531352
8532842
8533231
8533944
8535288
8535406
8539711
8540021
8540880
8541171
8542275
8543280
8543370
8543930
8546550
8547375
8547765
8547799
8548343
8549108
8549665
8550302
8552189
8553033
8553348
8553745
8553931
8555254
8558182
8558896
8559085
8560337
8561025
8562160
8562215
8563257
8564088
8564267
8564644
8565505
8565733
8565786
8566511
8568067
8570220
8570377
8570736
8571340
8572440
8572734
8572815
8573044
8573309
8573687
8576678
8576731
8576830
8577570
8578044
8580095
8583803
8584242
8585457
8585541
8586400
8586665
8587089
8588108
8588140
8588858
8590220
8591412
8592991
8594131
8594392
8595180
8599216
8599477
8600794
8603559
8605233
8605267
8605304
8605423
8605643
8605868
8607845
8608140
8608554
8609486
8609520
8615593
8615765
8616475
8617235
8620617
8621977
8622146
8622311
8625509
8625886
8625968
8626632
8628026
8628397
8630955
8631646
8633149
8635320
8636845
8638835
8642303
8643185
8644470
8645249
8646254
8646441
8647327
8647827
8648537
8649217
8650052
8650141
8650300
8652049
8652235
8655097
8656367
8657182
8657246
8658784
8659123
8659295
8662335
8662622
8663117
8665442
8665977
8666761
8667070
8667171
8667361
8668963
8669352
8670707
8670761
8671097
8671447
8672077
8672139
8672241
8672583
8674598
8675601
8676606
8678198
8679215
8679854
8680002
8681257
8681978
8682438
8685142
8685319
8686545
8687210
8687659
8687799
8689327
8689473
8689504
8689682
8690134
8690460
8693568
8695431
8695504
8697126
8698247
8698281
8701186
8703202
8704361
8704728
8705106
8705202
8707264
8707646
8710104
8710718
8711744
8712240
8712617
8714013
8715669
8715943
8717007
8718026
8718224
8719915
8720746
8721880
8722298
8722975
8723964
8724707
8725574
8727139
8727899
8730409
8734239
8734274
8738808
8739543
8741738
8742260
8743625
8747459
8750088
8750729
8750742
8751894
8753935
8754734
8755068
8755260
8755514
8756534
8757340
8757808
8757818
8759483
8760246
8761122
8762810
8762929
8763880
8765165
8766397
8769686
8772544
8774635
8775033
8776127
8777390
8779646
8779651
8780913
8782463
8783435
8784044
8784376
8784386
8785538
8785619
8785918
8786779
8791085
8791782
8795191
8795528
8795607
8796350
8797232
8798006
8798229
8799794
8801374
8803563
8803950
8804457
8805083
8806628
8808457
8809521
8811785
8812821
8813444
8813693
8814032
8816285
8817511
8819430
8820070
8820262
8821126
8823326
8824159
8824870
8825503
8826996
8829009
8829148
8829758
8830313
8830837
8831116
8831505
8833739
8834732
8835184
8836163
8836739
8837448
8839321
8839433
8839680
8839690
8840418
8840498
8841120
8844279
8844853
8845001
8845175
8845934
8847467
8847785
8847928
8849322
8851286
8851733
8851930
8852299
8854512
8855252
8858166
8858407
8858822
8858966
8859300
8859674
8861367
8861681
8862660
8863253
8864699
8864864
8865005
8865012
8865227
8866745
8866939
8867169
8867349
8869714
8870897
8871907
8872082
8874262
8874343
8876835
8877567
8879174
8879577
8879604
8880665
8880755
8881368
8883425
8883881
8884658
8886783
8887046
8887292
8887397
8887616
8890458
8891514
8891896
8893589
8893653
8894211
8894728
8895162
8895718
8897172
8897466
8898059
8898637
8898841
8900888
8902007
8902297
8902391
8905655
8905677
8905809
8906410
8907647
8908341
8908948
8909313
8909512
8909587
8909773
8910511
8910810
8911870
8911927
8913940
8914054
8914374
8916421
8916429
8917233
8917990
8919389
8920420
8920469
8921567
8924301
8924552
8926588
8926621
8927253
8927900
8928513
8928859
8930147
8930292
8930812
8931394
8932058
8932401
8932830
8936524
8937823
8938907
8938944
8941406
8941766
8942503
8944900
8946052
8947701
8949143
8952201
8954339
8955762
8956530
8957286
8958388
8959756
8962033
8962915
8963260
8963359
8963428
8964020
8964853
8967021
8968436
8969793
8970377
8970932
8971897
8973394
8974972
8977790
8978410
8979162
8979265
8981914
8981925
8981990
8983659
8984180
8985193
8985374
8985524
8985924
8985962
8986286
8986663
8987076
8987079
8987109
8987720
8988295
8991738
8993918
8994865
8995254
9001616
9001785
9003115
9003521
9003729
9004245
9004248
9005075
9005387
9006000
9007363
9009016
9012500
9012999
9013023
9013769
9014288
9014458
9016405
9016617
9017621
9018060
9018681
9022308
9023595
9024005
9025609
9026050
9027668
9028199
9028894
9028911
9033537
9034894
9035985
9037093
9038237
9038445
9038521
9038725
9039271
9039287
9039641
9040983
9042812
9044241
9045637
9046881
9046992
9050099
9050481
9051315
9051319
9052100
9052307
9052732
9053034
9053879
9055250
9055342
9055535
9058697
9060631
9061674
9063378
9063640
9064235
9066225
9066287
9067144
9068787
9069513
9069660
9070185
9070706
9071239
9071964
9072089
9073006
9075556
9076514
9077718
9079362
9080838
9081485
9083929
9084044
9085057
9086809
9086900
9087166
9087264
9087417
9087983
9088802
9093152
9095439
9095849
9096958
9099768
9100101
9103059
9103396
9104544
9106828
9106969
9107412
9109405
9109953
9110744
9112340
9113679
9113735
9114039
9114789
9115435
9115492
9115930
9117465
9120132
9120198
9121923
9123091
9124310
9127366
9127910
9129018
9130400
9130491
9131625
9131756
9131870
9131888
9132046
9133335
9133390
9134212
9134757
9135536
9136744
9137617
9139661
9140482
9140541
9142574
9142953
9143118
9144037
9144189
9145104
9145913
9149123
9151156
9151543
9151863
9152704
9152902
9153363
9154392
9154682
9154754
9158313
9158859
9159796
9160218
9160501
9160686
9161346
9164555
9165376
9165417
9166241
9166786
9166910
9167260
9167543
9168451
9168515
9169099
9171444
9171587
9172791
9173736
9175793
9176777
9177386
9177962
9179135
9180224
9184886
9186235
9187933
9188350
9189094
9189714
9189978
9191080
9191583
9192327
9192347
9192349
9196049
9196478
9199022
9201707
9202395
9203300
9204171
9205430
9205940
9208104
9209772
9210203
9210442
9210964
9211307
9214096
9214736
9214772
9214805
9215220
9215782
9216524
9217192
9218588
9218961
9220418
9221018
9222015
9222446
9223614
9225260
9226159
9226786
9228004
9228599
9229451
9232242
9234640
9234657
9235288
9235708
9236783
9238154
9238213
9238288
9238836
9238955
9239270
9239469
9239588
9240439
9241828
9241883
9243357
9243568
9245714
9246822
9248818
9251250
9251381
9252564
9253828
9254214
9254516
9255293
9255758
9256221
9256584
9256683
9256984
9257044
9257765
9257956
9258326
9258783
9259579
9260026
9261476
9261850
9262766
9263351
9263698
9263708
9263917
9264451
9265397
9266504
9267586
9268281
9268938
9269111
9269411
9269985
9273079
9277135
9278809
9280404
9281522
9282605
9283547
9283854
9284589
9284622
9284779
9285360
9289984
9290425
9290859
9290962
9293380
9293493
9294047
9294281
9294922
9294961
9297239
9298168
9298334
9300008
9301064
9301539
9305168
9306338
9306695
9306760
9307555
9310801
9311436
9311797
9314618
9317400
9317635
9318666
9318960
9321976
9322673
9323001
9323669
9323729
9323832
9324462
9325024
9325321
9327152
9327189
9329654
9331005
9331024
9332342
9333003
9333687
9333854
9334226
9334595
9335220
9336862
9337184
9337571
9338009
9340061
9341139
9342202
9342496
9343485
9345342
9347714
9347732
9348395
9350082
9354114
9354151
9354488
9355153
9356450
9358100
9359110
9360328
9360329
9360422
9360706
9361699
9363470
9363726
9363977
9365687
9367430
9367501
9368755
9370066
9370446
9370666
9372115
9372390
9373738
9374011
9374459
9376301
9376365
9377520
9377979
9378705
9378836
9379742
9380153
9381918
9382697
9383163
9383589
9385753
9387523
9390856
9391280
9393411
9393528
9393645
9393781
9394031
9395645
9395903
9396644
9397074
9398490
9399667
9400154
9401473
9401631
9402458
9402873
9403404
9403838
9405397
9405821
9406026
9406786
9406833
9407197
9408313
9408995
9409560
9410478
9410623
9412524
9412615
9414303
9415130
9415924
9416713
9417929
9418023
9418102
9419629
9421098
9422565
9424264
9424475
9424727
9426037
9426236
9426615
9426719
9431129
9431545
9431721
9432639
9434343
9435037
9435295
9438581
9440104
9440636
9442293
9442777
9443231
9446306
9448048
9448115
9449468
9450809
9452685
9452941
9453573
9453627
9455574
9456540
9458175
9459678
9461476
9461534
9462468
9464031
9467168
9467561
9468541
9469831
9470376
9472241
9472263
9472502
9476368
9478808
9478813
9479179
9479338
9479355
9480861
9481150
9481298
9481397
9486944
9487644
9488534
9488688
9489846
9490466
9491050
9491846
9492245
9494203
9495595
9495647
9496640
9496854
9497193
9498409
9501257
9501683
9501985
9502345
9503577
9505059
9505571
9506375
9508087
9509721
9510650
9512539
9512791
9514250
9514556
9515401
9515545
9515975
9516125
9516277
9516714
9517528
9517829
9519880
9521337
9522156
9522893
9523369
9523701
9525212
9527182
9529788
9532208
9534161
9534896
9535085
9537462
9537651
9537677
9537861
9539443
9540168
9540404
9541917
9542302
9542527
9543644
9543873
9547458
9547696
9548287
9548969
9549567
9552087
9553637
9554223
9554420
9554541
9554845
9556151
9556168
9556196
9557580
9557735
9557790
9558058
9558437
9559009
9559168
9561245
9562767
9564692
9564964
9565339
9565364
9565858
9572786
9573895
9574299
9575806
9575946
9579498
9583688
9584038
9584960
9585619
9585661
9585809
9586234
9586529
9586531
9587007
9587036
9587170
9588312
9589476
9589990
9590576
9590700
9590870
9591702
9591853
9600357
9600544
9601406
9603331
9604941
9607838
9608169
9609147
9609809
9610048
9611486
9611798
9612567
9613194
9614062
9614816
9616142
9616369
9616822
9617123
9619661
9619818
9620762
9621113
9621365
9622201
9622338
9622804
9623128
9623617
9624819
9624991
9625308
9626559
9626775
9629359
9630954
9631762
9632267
9632471
9632556
9634976
9637014
9639064
9640953
9641194
9641633
9643566
9644183
9649092
9649335
9653131
9653329
9653353
9653760
9658955
9659361
9659499
9661141
9662342
9663903
9665646
9665664
9666411
9667562
9668705
9670388
9670724
9677430
9678786
9678936
9681346
9682701
9684043
9685724
9686545
9689094
9691570
9693517
9695404
9698680
9699515
9700590
9701836
9702853
9703449
9704886
9705461
9705567
9705980
9709845
9712176
9713191
9714419
9715219
9715684
9716139
9716379
9717155
9717210
9719480
9719877
9722290
9722960
9724803
9725900
9726365
9727147
9728373
9729226
9731767
9732080
9732308
9732611
9733190
9733228
9733334
9733544
9734274
9734278
9735216
9735327
9736488
9737043
9738048
9738127
9739073
9739916
9740113
9741677
9742675
9744339
9744710
9745407
9745680
9746682
9748333
9748557
9748964
9752089
9753684
9754298
9754938
9755315
9755421
9756074
9758887
9758995
9760123
9761649
9763229
9763726
9764709
9765138
9766150
9766546
9767374
9767407
9769488
9769923
9770359
9770720
9771202
9772167
9773505
9773639
9775393
9777248
9777452
9777672
9778379
9778901
9779949
9782087
9782825
9783074
9783194
9783532
9786075
9787263
9790651
9791560
9791581
9793390
9793436
9793520
9794016
9794405
9794902
9795078
9795755
9796458
9796841
9797028
9799887
9799980
9800429
9803050
9804155
9805793
9806763
9808106
9809438
9810794
9811051
9811308
9813923
9816221
9816738
9816953
9818497
9818846
9819759
9820292
9821034
9822446
9823298
9823453
9823510
9823915
9824081
9826495
9827040
9827972
9830103
9830323
9830493
9830986
9831198
9831729
9832656
9833785
9833969
9834140
9834230
9835938
9837165
9839039
9842439
9843837
9844377
9845137
9846730
9846972
9848279
9848820
9850036
9850058
9850429
9850936
9851746
9853490
9853696
9858574
9860295
9862061
9865524
9867989
9869013
9869860
9870141
9870209
9870346
9870423
9873564
9876378
9877149
9879126
9882144
9883021
9886428
9886529
9886891
9888268
9888704
9890194
9891536
9891656
9891755
9891937
9892641
9892838
9893033
9894552
9897571
9898216
9899453
9900346
9903049
9904129
9904388
9904830
9905397
9906077
9906421
9907645
9909724
9910573
9910947
9911175
9911207
9913449
9913746
9917637
9919639
9920788
9924141
9924866
9925665
9927105
9928647
9929331
9930259
9934387
9934740
9936483
9939260
9941219
9942457
9943930
9945701
9946604
9947905
9949131
9949242
9950247
9953016
9953158
9955347
9955376
9955587
9959547
9959917
9961300
9962029
9966259
9967705
9968250
9971241
9972996
9973589
9973682
9973881
9974128
9974956
9976508
9976781
9976812
9977554
9980933
9984461
9986294
9988186
9988881
9990375
9991339
9992293
9993010
9994414
9995941
9999278
