5187
5703
6216
6736
6961
7381
9276
9571
10418
14613
15829
16322
16431
17568
18353
19486
19711
19841
19995
20607
21017
21587
21822
23376
25134
26521
26938
27023
27127
30222
31316
32386
32602
32701
32867
34145
35981
36526
36647
37550
39736
41011
41213
41937
42100
42799
44540
46828
46997
47227
47587
47799
49057
49841
51110
53438
54606
54716
56204
56287
57119
57268
58062
58181
58488
58775
60363
61482
62443
63795
64294
64963
66676
67823
68000
68486
68564
68869
69730
70014
70109
70944
71190
71854
72988
75664
75945
76370
77687
78247
80821
82070
84221
85210
85454
89099
90283
90962
92387
93914
94205
95676
98214
100394
100547
100974
101861
103253
103332
104324
105129
105891
107037
108531
109596
109800
110767
111262
111395
111552
111610
113482
115724
116909
117117
122658
123610
123664
123782
124178
126658
127976
130046
131268
135015
136401
138064
139389
139453
139497
140254
141105
141966
142469
143593
143753
145920
147313
147468
147518
148515
150676
151282
151644
152363
152466
153833
154239
157234
159648
160999
162189
163365
164886
165660
167789
168081
168397
170239
174825
175561
175748
175863
176418
176655
176705
177618
178519
182814
187805
187943
189213
189626
191063
192069
193786
194071
194368
194620
195262
199901
200537
200779
204627
206557
207319
207664
207957
208155
209142
213015
214125
215020
215620
216024
216977
217796
217982
219384
219626
219765
221476
221708
222043
222310
225170
226840
228287
229477
229800
229881
234069
234444
235351
236680
236781
238398
238513
238807
239964
242199
243251
243896
244466
245166
246234
246304
246960
248579
248795
251775
253210
253567
253974
254144
254424
256559
257096
257756
258487
259226
260530
260754
261879
263924
264378
265181
265242
266037
266545
267579
270292
271394
272672
272702
273296
273538
274589
276152
277005
277970
281432
282593
283374
283806
285696
288585
288809
289127
289194
289499
289738
290588
291481
292163
292251
293389
294493
294511
295254
296011
296421
298405
298893
299013
299468
301386
302545
303860
304131
304301
304939
305437
305892
307559
307953
311301
312855
315219
317153
317859
320003
320866
323146
324720
325120
326368
327098
327145
327284
327305
327456
331822
332238
332579
334312
336814
337428
337608
338305
338894
340041
340254
343032
344189
344862
345192
345329
346089
346681
346866
347917
348239
348430
350537
352832
353051
353150
353779
354039
354911
355551
358896
359187
359424
360101
360441
360596
361862
361994
362427
366203
367663
368106
369033
370048
371514
373595
374860
376739
378302
378995
382352
382601
383842
384171
384600
385773
386315
386955
388183
388272
389526
389630
390208
390853
391690
392488
394798
395436
395494
395750
396371
396580
397601
397895
403075
403316
403891
404078
404772
407568
407877
408025
408487
410619
411225
411622
412293
414325
415258
416236
417872
418718
419755
421342
421971
422583
423630
424355
425027
426399
426400
428728
432210
435174
437871
438190
438380
440235
440895
441141
441504
442007
444700
445701
446223
446373
446994
447065
447399
450356
450931
455187
456657
457042
457323
458614
459286
460204
461448
464021
464385
465636
469391
469723
473863
474746
476256
477137
477312
477847
479254
481773
483010
484313
484991
486245
486254
490475
490936
491197
491273
491306
492745
492915
493156
493314
494219
494550
495653
497512
497564
498901
499102
499543
499566
500357
504326
504657
505401
505831
505893
506994
507583
510188
510238
511038
511096
512297
515249
515808
517091
517100
517612
518217
518470
518688
518815
518882
520390
520444
520896
521632
524423
526354
526367
529793
530303
530714
531618
531773
534342
535478
535740
537976
539793
541606
541670
543195
543413
544107
544327
547209
548948
550000
550813
552755
554425
557064
558376
559891
560769
561163
562282
563392
563845
564655
564953
565120
566730
568670
570205
570396
570963
572479
573057
574186
574641
576053
578055
578134
578892
578964
580335
581446
582129
583547
583701
583993
585124
588762
590720
592726
593141
593889
594384
597161
598294
598621
600086
602813
603587
604850
606077
606902
607027
610817
611586
611915
613363
615100
615927
616169
616685
617083
617447
618894
619120
625138
627417
629912
631587
632048
632081
634374
637458
637755
638134
638310
639342
640050
641011
642700
643406
643806
644119
644315
645259
645681
646476
646711
650657
650931
651179
651840
652191
652900
656996
658378
658819
659932
664035
664496
665304
666471
666588
667139
667388
667465
671165
671538
672764
678249
680820
681195
681975
682379
682495
684223
684507
685932
687861
687912
690124
691457
693423
694184
694240
694364
694728
695385
695513
697202
699736
700469
701015
701261
701827
703343
704521
705138
705892
705998
707349
707973
708193
708577
710439
710663
711641
711751
714857
715293
715881
716131
716269
718670
721532
721923
722616
723444
723851
725087
727032
729310
729465
729743
730090
731585
731592
732170
732842
732979
735644
737584
738563
741403
741758
743100
743241
743976
744193
745381
745627
747534
750097
750875
751383
751768
752048
753137
753554
754476
754636
757681
758258
759272
761963
762295
763221
765386
765579
766515
766878
768361
768750
769154
770664
773107
774214
774816
775085
777266
778255
778378
779249
779783
781367
781853
783024
783143
784253
785580
785775
786415
788867
790685
790896
791785
792639
792776
794104
795893
798071
798675
798849
799925
800686
800881
801185
801447
801460
802472
803998
806688
807086
807445
807594
810190
810307
812027
812420
813191
814588
816439
817295
817731
818001
818254
819069
819704
820669
823479
824130
824471
825076
825688
826671
827754
828429
829129
829741
832880
834712
836618
840234
843216
843592
844046
844290
844501
844866
845892
846290
846471
847364
847652
848185
849692
850507
850647
851707
852556
852810
853678
853684
854762
857446
857538
858228
860342
861220
864761
865496
866373
866825
869018
871035
871496
874074
874264
875332
877243
878093
878120
881657
881933
883226
884118
884629
885546
885604
886954
887165
889892
890303
892113
892780
892817
893813
893923
894148
894275
894419
897217
897535
897611
900554
901888
902893
903359
905966
907106
907579
907866
908335
909060
909821
914167
914325
918741
920774
920832
921219
922870
923719
929247
929258
929301
929372
929816
931860
932399
932597
933152
933415
933578
933874
934588
934612
934892
936106
937823
937944
939391
940297
940966
941195
942094
943052
943885
945400
945825
946343
946697
948343
949499
950127
950836
953367
955118
955176
955305
955485
955859
956123
956622
957077
957972
961787
962094
962268
962270
962342
962710
962774
963729
963845
967761
970037
970201
970708
971256
972716
972736
973522
973547
974131
974602
975341
977721
980319
980909
981736
982550
984646
985479
985576
987183
987588
988526
990077
990087
990171
990670
991626
992013
993401
994867
996864
997012
998315
1006489
1007052
1007411
1008041
1009674
1010306
1010359
1014111
1015932
1015995
1016747
1017152
1017724
1020197
1020796
1021173
1021723
1022412
1022534
1022569
1023120
1023180
1023650
1023902
1025437
1026166
1026425
1027314
1027719
1028656
1028899
1030323
1030418
1033038
1033410
1037183
1038418
1039283
1041268
1041887
1041914
1042426
1042544
1044663
1044826
1044864
1045534
1045858
1045921
1048173
1050113
1050906
1052092
1052899
1053587
1054293
1055286
1057541
1058402
1059270
1060472
1060864
1061425
1061487
1062542
1062663
1062906
1064123
1065032
1065505
1069998
1070422
1070455
1071846
1072199
1073354
1074960
1075682
1077942
1078054
1079303
1079472
1079789
1080229
1080943
1081074
1081548
1081696
1082718
1082973
1083974
1085025
1085884
1086177
1086367
1086407
1086921
1086943
1088353
1089448
1089949
1090932
1091757
1092207
1092835
1095554
1101314
1101429
1103216
1103995
1106989
1107413
1108165
1108967
1109356
1110806
1110841
1112965
1113829
1114229
1114291
1115504
1117773
1118807
1119875
1119924
1121904
1122669
1123679
1124061
1124599
1124683
1124781
1125493
1125814
1125939
1126783
1128831
1129758
1131701
1135048
1136293
1136708
1140000
1140825
1140838
1141192
1141748
1142908
1143017
1144803
1146381
1146894
1147511
1147569
1148164
1148857
1150034
1151466
1152247
1152391
1155505
1155787
1157047
1157058
1158785
1158863
1159188
1161600
1163612
1163652
1163952
1165224
1166668
1167450
1168089
1168278
1169479
1170767
1171489
1172609
1173236
1173606
1174858
1175173
1175468
1175729
1175730
1175978
1176922
1177386
1178617
1179813
1180858
1181480
1182514
1183626
1183904
1185694
1188498
1189484
1189616
1189702
1190177
1190739
1191361
1192790
1194489
1194563
1194913
1196671
1197867
1199906
1199986
1199992
1201290
1202103
1202228
1204023
1204145
1204148
1204283
1204739
1205222
1205985
1206907
1208213
1208656
1209754
1211075
1211789
1212061
1212666
1213039
1213068
1213911
1214008
1215172
1215881
1217227
1217322
1217865
1218203
1220077
1220226
1220441
1220997
1223126
1224106
1226429
1227466
1227515
1230391
1231470
1232446
1233945
1234135
1234181
1234464
1234554
1236099
1236138
1239321
1243477
1243738
1245957
1245997
1246828
1247186
1247637
1248033
1248750
1249052
1249663
1249940
1250781
1251456
1252468
1254226
1254292
1254903
1255585
1256886
1257324
1257478
1258098
1258200
1258304
1258640
1260044
1260875
1262135
1262836
1263127
1266056
1266486
1269483
1272639
1274068
1274363
1274588
1274870
1276257
1277452
1277518
1280527
1280924
1280957
1281494
1282392
1282509
1282693
1282802
1283110
1283252
1283522
1283641
1283800
1285651
1286015
1286181
1286370
1286393
1286602
1287113
1287305
1290038
1292613
1293501
1295635
1298092
1298196
1300452
1302322
1302327
1303026
1303397
1304536
1305580
1308800
1311633
1316065
1318762
1319129
1319935
1320232
1324022
1324970
1325148
1325288
1327190
1328089
1328995
1331242
1333582
1334958
1335018
1337972
1338779
1338858
1341829
1342739
1343403
1345154
1346670
1346812
1347114
1347628
1348237
1349841
1349903
1352973
1353316
1353961
1356406
1356818
1356864
1357253
1357848
1359986
1360690
1361276
1362154
1362156
1363221
1363477
1363606
1363681
1363756
1365539
1367333
1367661
1368757
1370492
1370533
1370608
1372650
1374657
1376229
1378655
1378772
1378958
1384625
1384716
1384831
1386349
1386403
1386465
1386960
1388908
1389216
1389362
1389372
1389472
1390079
1390444
1391117
1392377
1392766
1394668
1395517
1396288
1397006
1397310
1397322
1397960
1398664
1399533
1399601
1400746
1400981
1402846
1402942
1403213
1405854
1406169
1406473
1406677
1407502
1409176
1410365
1410434
1410870
1411251
1412394
1417192
1418749
1420597
1420753
1421393
1423147
1424458
1424866
1425244
1429337
1432774
1433357
1433952
1435094
1435773
1435900
1436875
1437897
1438607
1440456
1441369
1441487
1442075
1443536
1446842
1447052
1447890
1448567
1449027
1450209
1451530
1451876
1452798
1454923
1455062
1455332
1456668
1457481
1457551
1457875
1458934
1459740
1460737
1460824
1461048
1462481
1464208
1464591
1464657
1468436
1468799
1470357
1473836
1474097
1475541
1475963
1476066
1476570
1476865
1478139
1482207
1483536
1483772
1484157
1484376
1484704
1484953
1485216
1486513
1487627
1488053
1489080
1489395
1489823
1489955
1490265
1490847
1491084
1492527
1494064
1494375
1494512
1495873
1496034
1496102
1496322
1496613
1501021
1501387
1501903
1502192
1502525
1503515
1503621
1504217
1505396
1505740
1505840
1508520
1509516
1510772
1511817
1512369
1512717
1512951
1513064
1513986
1518090
1519562
1521783
1525129
1526489
1527401
1527825
1528047
1529037
1529059
1530032
1530673
1531545
1531982
1535215
1535411
1536316
1536540
1539435
1539440
1541231
1542204
1548627
1548633
1549622
1549908
1550352
1552454
1552745
1556313
1559309
1559633
1559929
1561221
1562422
1563066
1563797
1564175
1565280
1565823
1566187
1569160
1569564
1574360
1574895
1575803
1577365
1578332
1578620
1579728
1580344
1584879
1586956
1587401
1587835
1588363
1589096
1591436
1592974
1593351
1593724
1594607
1597170
1598091
1598614
1601662
1602160
1602891
1603042
1606327
1607540
1607840
1609066
1612310
1612659
1614000
1615121
1615187
1615800
1616009
1616335
1616961
1616993
1617815
1618386
1619200
1619411
1621030
1621710
1622189
1622428
1622763
1622811
1623208
1624485
1624807
1627915
1628158
1628231
1628699
1628752
1628844
1629019
1629399
1629573
1631225
1632483
1632577
1635176
1636541
1638012
1639119
1639126
1639285
1639692
1639899
1641340
1642391
1642536
1644258
1647798
1650145
1651952
1652938
1654766
1654783
1654862
1654928
1655191
1655446
1655912
1656093
1656331
1656650
1656789
1660670
1661883
1662257
1663655
1665035
1669254
1671220
1671629
1672642
1672852
1673709
1676666
1680033
1680549
1680552
1681496
1681558
1682045
1685933
1686144
1686172
1686469
1687242
1687821
1688437
1688603
1689290
1690296
1690659
1692302
1692522
1692799
1694561
1694633
1695127
1695475
1697222
1701468
1702089
1702101
1702640
1703806
1703944
1704027
1705461
1705623
1707713
1708730
1711053
1711574
1711828
1712440
1713086
1714342
1714379
1715684
1716530
1718132
1718454
1720036
1720843
1720930
1721751
1721826
1721883
1722676
1723669
1725813
1725948
1726331
1729080
1729682
1730951
1732085
1733077
1735371
1735661
1735740
1736362
1736620
1736802
1737589
1738207
1739189
1742461
1743585
1743599
1743646
1743891
1748239
1748802
1752983
1753309
1753678
1753835
1754925
1755182
1757850
1759991
1760836
1761140
1761332
1763164
1763966
1765169
1765349
1765687
1766407
1766539
1766667
1767886
1768800
1769093
1769710
1770683
1772410
1772605
1772678
1772717
1772831
1773016
1774308
1775455
1775493
1776010
1776327
1776404
1777045
1777550
1777742
1778204
1779169
1779777
1780485
1780878
1781679
1782685
1784449
1785752
1787648
1787687
1789489
1789911
1791155
1791841
1792065
1793298
1794268
1794688
1794701
1795879
1796964
1797688
1798031
1800306
1801852
1803294
1805035
1805563
1807981
1809605
1811864
1814540
1815438
1816988
1819806
1821275
1821412
1821759
1823046
1823466
1823554
1825725
1825847
1828702
1829124
1830873
1831696
1833738
1833813
1835249
1835788
1835836
1836473
1839946
1840221
1840576
1842994
1843385
1845949
1847619
1848229
1848232
1849858
1850539
1850785
1850844
1850880
1852103
1852931
1855071
1855145
1855320
1856114
1856490
1857239
1857961
1858282
1859950
1860163
1860464
1861667
1861770
1864342
1864945
1866116
1866831
1867685
1868239
1868263
1869804
1869972
1871392
1872266
1872622
1873205
1873563
1874214
1875749
1875811
1876096
1876241
1878286
1879763
1880388
1881130
1882038
1882579
1883259
1885938
1886896
1888767
1888976
1889206
1890761
1890871
1890904
1890997
1891010
1891321
1891583
1893812
1894855
1895048
1896122
1896972
1897195
1897597
1897631
1898547
1899651
1900103
1901182
1901576
1902261
1902912
1903496
1907978
1908167
1909112
1910840
1911952
1911984
1912037
1912382
1912534
1912864
1913254
1914616
1915251
1915312
1915588
1915792
1916630
1916952
1917040
1917345
1918532
1918626
1919261
1920065
1920256
1920732
1921994
1922829
1923829
1923954
1925557
1926350
1927355
1927446
1928967
1930736
1931591
1931734
1931858
1931949
1931976
1934305
1934858
1935580
1935853
1935882
1936595
1938700
1938780
1939171
1940299
1940574
1940641
1941586
1943058
1943347
1946665
1947208
1949652
1950714
1951063
1952593
1952688
1952911
1953298
1953303
1954806
1955012
1956002
1958319
1958344
1959165
1959645
1961877
1963194
1965307
1966860
1968160
1968571
1970043
1970607
1971797
1971861
1971993
1972004
1974024
1974259
1975338
1976209
1976471
1977752
1978488
1978550
1978881
1981853
1982346
1984126
1984670
1985342
1987873
1988016
1990365
1990737
1991061
1991103
1992963
1993768
1994390
1994565
1994959
1996030
1997033
1999489
2000522
2002611
2004016
2006617
2006972
2007466
2010240
2011291
2012696
2015904
2017074
2017514
2018604
2021102
2021214
2021262
2021349
2021462
2021672
2022003
2022092
2024768
2026016
2026542
2026677
2026894
2027555
2028733
2028942
2029331
2031842
2032833
2032921
2033460
2034063
2035974
2035992
2037756
2037876
2038147
2038324
2039021
2040066
2041201
2041536
2041688
2042355
2043943
2044291
2045730
2046396
2046881
2048949
2050422
2050692
2052744
2054970
2056203
2058216
2058320
2060011
2061763
2064802
2066176
2068696
2070656
2071258
2072396
2072828
2073780
2074989
2075956
2076327
2076578
2076923
2077216
2077821
2078031
2078948
2079317
2080598
2081536
2083329
2083890
2084740
2085592
2085756
2086148
2087654
2088034
2088507
2088725
2089034
2090194
2090970
2091139
2091973
2093775
2094067
2095559
2095675
2095846
2096570
2098583
2099331
2099578
2102188
2103113
2103176
2107877
2107926
2107991
2108212
2108367
2108373
2108481
2108531
2109578
2109763
2110403
2110567
2110995
2111381
2112215
2112312
2113024
2114620
2115707
2116261
2117381
2117801
2118649
2118733
2119697
2121230
2121765
2123151
2123328
2123437
2125766
2125848
2126759
2126994
2127266
2127544
2127909
2129140
2131534
2133359
2135185
2136049
2136980
2137668
2138852
2140131
2140575
2143162
2143687
2143726
2144090
2145136
2146234
2146424
2147465
2147558
2147770
2150964
2152146
2153255
2154635
2155365
2155902
2156662
2157157
2157181
2158306
2160433
2161110
2161419
2163443
2164196
2164733
2165687
2166291
2168877
2170677
2174575
2175202
2175884
2177142
2177394
2177452
2177899
2178729
2179187
2181089
2181696
2182308
2182356
2182769
2183336
2184280
2186081
2186097
2186219
2186768
2186847
2187052
2187602
2187959
2189107
2189367
2189456
2192682
2192712
2195138
2197391
2198490
2198621
2200182
2201947
2203165
2205122
2207157
2207687
2210853
2211296
2212436
2216333
2216889
2217885
2220046
2221163
2221178
2221284
2221305
2221756
2221888
2223858
2225319
2225850
2226206
2227924
2230004
2230739
2230755
2233575
2233802
2235064
2235599
2236601
2237634
2239463
2240496
2242783
2242876
2243204
2243340
2243769
2245039
2245118
2246664
2246795
2246867
2248744
2249301
2250977
2251358
2252204
2252837
2254334
2255646
2258439
2258571
2258750
2258954
2259202
2260610
2261549
2261646
2262186
2262217
2262359
2263576
2263674
2263936
2264596
2265494
2266232
2267796
2267852
2267974
2268323
2268670
2271391
2272132
2273039
2273085
2273999
2274868
2275756
2276335
2276903
2277096
2279419
2279987
2280415
2281534
2283441
2285184
2285451
2287019
2287021
2290853
2291257
2291403
2291951
2294576
2295454
2295858
2296207
2296847
2296872
2297191
2300001
2300584
2301030
2301117
2301562
2301799
2302498
2302550
2304308
2306046
2306327
2306652
2307201
2308151
2308366
2309203
2311931
2312071
2312835
2313283
2315460
2315944
2316193
2316416
2316739
2317213
2317786
2322877
2323412
2323861
2324647
2325042
2325122
2325125
2325192
2325291
2325755
2326462
2327436
2328366
2328898
2332234
2333259
2336316
2337462
2337775
2338236
2339169
2339386
2339716
2340888
2343067
2345769
2345897
2346129
2347787
2348017
2348476
2348526
2352661
2353181
2353716
2353778
2353878
2353962
2354126
2355253
2355333
2355342
2356560
2357294
2360483
2361713
2363362
2364092
2364255
2364630
2364901
2366328
2368341
2368490
2369084
2371085
2371715
2372216
2372738
2374155
2374835
2377123
2377505
2377990
2378073
2378227
2378316
2380545
2384247
2384372
2385019
2386042
2387869
2388156
2389162
2390807
2391085
2392231
2394984
2396105
2396638
2398022
2401061
2401867
2402976
2403178
2403260
2403872
2408277
2408480
2408929
2410995
2414219
2414224
2414710
2417390
2417559
2420773
2421117
2424228
2425477
2425553
2425613
2426467
2426679
2428450
2430476
2431033
2431705
2432252
2433435
2433763
2434229
2434628
2435156
2435407
2437411
2438152
2440242
2440947
2441196
2443465
2444439
2444978
2445581
2447247
2447832
2448442
2449059
2449729
2450703
2451151
2451454
2452877
2453547
2453698
2454576
2455248
2455428
2455584
2457193
2459186
2459673
2460637
2462233
2466169
2466468
2467211
2468448
2468984
2471885
2472763
2473595
2477417
2479121
2479818
2480129
2481818
2482089
2483730
2484476
2484799
2485058
2486359
2486402
2486975
2488078
2488962
2489337
2489650
2492084
2492873
2493078
2493484
2494238
2495010
2495109
2498575
2501180
2502204
2502378
2503891
2504373
2505439
2506862
2507320
2509077
2510317
2511474
2512017
2512834
2513100
2517530
2519002
2519162
2520015
2521026
2522361
2525096
2525408
2525577
2528271
2528314
2530826
2531209
2531673
2535343
2536093
2537242
2537948
2539172
2539434
2541377
2541762
2542870
2542910
2543696
2544141
2545038
2545697
2546859
2547060
2547339
2547477
2548001
2548219
2548736
2549146
2549495
2550289
2550435
2551453
2553604
2553630
2554948
2555031
2555043
2556419
2556691
2556805
2557301
2560210
2560228
2560357
2561496
2564328
2565065
2566594
2569944
2570960
2571196
2571321
2571785
2572225
2574190
2574764
2575229
2575512
2576409
2576895
2577180
2577252
2577931
2578969
2579077
2581960
2582973
2584629
2585755
2587575
2588233
2588759
2588837
2588955
2589071
2589359
2589627
2590402
2590925
2593325
2593632
2594504
2594659
2594705
2595405
2596373
2597298
2597490
2597662
2598280
2598891
2598966
2599343
2600142
2602030
2602796
2603392
2603829
2604215
2605116
2606413
2606464
2607108
2608620
2609895
2610168
2610978
2611467
2613408
2613558
2616666
2619898
2622403
2622497
2623256
2624049
2624562
2624705
2625854
2626287
2627166
2627873
2629199
2630994
2631683
2633795
2637732
2638230
2638307
2638467
2638861
2641167
2641635
2642216
2644130
2645881
2646556
2646786
2647525
2648952
2649733
2650693
2653769
2655222
2656743
2656987
2657303
2657685
2658750
2659423
2660308
2662379
2664831
2665229
2665936
2666348
2668510
2668530
2668984
2669506
2670559
2671399
2671401
2672504
2674013
2674336
2676622
2676954
2678179
2678416
2679869
2681688
2682185
2683928
2684495
2684633
2688842
2689783
2690143
2693542
2694055
2695064
2698417
2698842
2699051
2699443
2700861
2702981
2703713
2703887
2704108
2705167
2706043
2706379
2706673
2707723
2707743
2708600
2709287
2709655
2711545
2711828
2712245
2712373
2712492
2712499
2714413
2714904
2715388
2715725
2715974
2716410
2716435
2718115
2718620
2719547
2719556
2719622
2719739
2719859
2720579
2722425
2722936
2722944
2723918
2725067
2727096
2727378
2728631
2729632
2732838
2733708
2734005
2735062
2735754
2736095
2736266
2737084
2737238
2739925
2740507
2740834
2741580
2744981
2745122
2745734
2745776
2746379
2746486
2746538
2747046
2747888
2750476
2750594
2751304
2751326
2751682
2751948
2752076
2752784
2753299
2755127
2758239
2761176
2761699
2762493
2762661
2762662
2765521
2769101
2769472
2771747
2772215
2775235
2775400
2776100
2777299
2777668
2778253
2779580
2779907
2780607
2782314
2782358
2784582
2785090
2785579
2787321
2788180
2788766
2790160
2790363
2791776
2792073
2792527
2794757
2795639
2796297
2796741
2798623
2799764
2800571
2801800
2802744
2803008
2803062
2803184
2803250
2803638
2803759
2806339
2807827
2810642
2811603
2813146
2813292
2816040
2816197
2819341
2824415
2824791
2824814
2826400
2826745
2826787
2829183
2829728
2830353
2830660
2830900
2831805
2833215
2834533
2835027
2835168
2835961
2836348
2837073
2837976
2839291
2842479
2843252
2843524
2845164
2845373
2845488
2845674
2849189
2849280
2849755
2850378
2850955
2851399
2851596
2853354
2855535
2855765
2855793
2856259
2856724
2857027
2857986
2859083
2859940
2862088
2862495
2863549
2863777
2864280
2864559
2865561
2867006
2867074
2867183
2868844
2872243
2872249
2873399
2873544
2875096
2875299
2876365
2877035
2877484
2877890
2878617
2879796
2879889
2879899
2881852
2882867
2883994
2885383
2885414
2888257
2888725
2889424
2890311
2890591
2892590
2893110
2893765
2898594
2899293
2900327
2900650
2901164
2904671
2905236
2906266
2907262
2907558
2908599
2911376
2912075
2912892
2914467
2916391
2917894
2918326
2919646
2921657
2923324
2923354
2927199
2928595
2928668
2928920
2929044
2930053
2930279
2931938
2934451
2937421
2937591
2938036
2940231
2940360
2941398
2941596
2941645
2942049
2942390
2942603
2943046
2943802
2944806
2949497
2949910
2950193
2950617
2950929
2950965
2952668
2954225
2954458
2954479
2954695
2954938
2956175
2957261
2957841
2959936
2964239
2964311
2965064
2965852
2966089
2966219
2967968
2968106
2968491
2971580
2973462
2973602
2974244
2974485
2975413
2977243
2977395
2977460
2978405
2979840
2980482
2980981
2983316
2983729
2985287
2987293
2987577
2988064
2989133
2990491
2990651
2993342
2993528
2994405
2995004
2996014
2996458
2996716
2997936
2998428
2998518
2999696
3000464
3000550
3004031
3004082
3004206
3005916
3007042
3007525
3008970
3009803
3012054
3013983
3014245
3019270
3019462
3020085
3020171
3022491
3024116
3024696
3026937
3027296
3027664
3031900
3033468
3034044
3035717
3036341
3040764
3044415
3046269
3046690
3047121
3049334
3050028
3050519
3050847
3051021
3051515
3052237
3052263
3052596
3052874
3053101
3055856
3056608
3056832
3057912
3058239
3058568
3058631
3059432
3061218
3061789
3061794
3062510
3064161
3066464
3069024
3070401
3071110
3071897
3073883
3077497
3078207
3078881
3080017
3080899
3081159
3083271
3084335
3084691
3085689
3087207
3087500
3088670
3090859
3092065
3092245
3092366
3093483
3094222
3096065
3096437
3096645
3097131
3097327
3098157
3098169
3099210
3103692
3104489
3105546
3105859
3108424
3109653
3109873
3110528
3113415
3113470
3114585
3115519
3116069
3117458
3117948
3117997
3118618
3120160
3120241
3120699
3121504
3122058
3124384
3124460
3124970
3125243
3128010
3128771
3128867
3129123
3131471
3134391
3135590
3136383
3136701
3137347
3137869
3140923
3141363
3143206
3144160
3144304
3144598
3144809
3144919
3145576
3146285
3146514
3150293
3152755
3154203
3154228
3155486
3155916
3157196
3158601
3161843
3163302
3163770
3164248
3168182
3168456
3169489
3169930
3170047
3174134
3174700
3175117
3176741
3177963
3178103
3179509
3179748
3179799
3182566
3183293
3183688
3185869
3187531
3187618
3188317
3190499
3191730
3192284
3194027
3195150
3196064
3197920
3198756
3201851
3202433
3202981
3204656
3205313
3206103
3206327
3206887
3209377
3210068
3212163
3212428
3213651
3213886
3214295
3216641
3221029
3222963
3223675
3225185
3225445
3227042
3230990
3231129
3231718
3233455
3233906
3233917
3234882
3234925
3235292
3235330
3236084
3236681
3240993
3241693
3241734
3242676
3243629
3244490
3247581
3247820
3248061
3248322
3249020
3250098
3252153
3253443
3253879
3254410
3255210
3255273
3255390
3256128
3256441
3259734
3260813
3262908
3263020
3263654
3264502
3264883
3266728
3269041
3269521
3270652
3270951
3271453
3271487
3271839
3272929
3275274
3275807
3279489
3279842
3280345
3280421
3280428
3281171
3281862
3284601
3286170
3288593
3291206
3291634
3291880
3291928
3292466
3292543
3294566
3294765
3295070
3295404
3296289
3297105
3297819
3298294
3298781
3299910
3300954
3301177
3303436
3304769
3306900
3308516
3309752
3309944
3311209
3311917
3314096
3314675
3316958
3317284
3317438
3319270
3320206
3321308
3324718
3324936
3325239
3325311
3326500
3331242
3331946
3333600
3335388
3335524
3335703
3336230
3336780
3338507
3338724
3338733
3338998
3340607
3341467
3342404
3345682
3346968
3347174
3347226
3348192
3350436
3350653
3353691
3354270
3354770
3355801
3358996
3359087
3359865
3360378
3363514
3364100
3365058
3365692
3366251
3366501
3367096
3367214
3368204
3369319
3373758
3375926
3376577
3377750
3383014
3384433
3384772
3384949
3385761
3387527
3391835
3392285
3393984
3394159
3394411
3395355
3395501
3397813
3399364
3399871
3400429
3400757
3402487
3402534
3402761
3403937
3404011
3411091
3412007
3412100
3413657
3414520
3415815
3416546
3416581
3417254
3417824
3419306
3419613
3421289
3421333
3421579
3422594
3422824
3424509
3425812
3429931
3430659
3431685
3431775
3432604
3433375
3434111
3435214
3435701
3437946
3439954
3441248
3445197
3445689
3445910
3446786
3446792
3451703
3452937
3453279
3453650
3454509
3455359
3456093
3456446
3456729
3457303
3457981
3460442
3462914
3463184
3463494
3466294
3466705
3466892
3468096
3468529
3469104
3469332
3469444
3469536
3471078
3471480
3471982
3474675
3475398
3477018
3477334
3478034
3478667
3479018
3479815
3480377
3484661
3484904
3485203
3487000
3487237
3488158
3488883
3489589
3490892
3491506
3492042
3492134
3493605
3494119
3495335
3495998
3496047
3497202
3497696
3502145
3502193
3502265
3502906
3503814
3508394
3510734
3511586
3512677
3512923
3513942
3514705
3514847
3519594
3519825
3521379
3521413
3521491
3522583
3525470
3527012
3530145
3530380
3530820
3531921
3531926
3532117
3533501
3533953
3535928
3535932
3537552
3538354
3539013
3540702
3541293
3541685
3542082
3542373
3543502
3543522
3543920
3545316
3545569
3548181
3548795
3549353
3550028
3552216
3552516
3553387
3554025
3554693
3554779
3555210
3555668
3556790
3558475
3559112
3560100
3560147
3560288
3560446
3561990
3562369
3563760
3563877
3563881
3563978
3564218
3566029
3566907
3567221
3567760
3569052
3569838
3571347
3572313
3573801
3574212
3574608
3575010
3575732
3576076
3579043
3579409
3580693
3581492
3581781
3583411
3584030
3584047
3584169
3585034
3585220
3587149
3587531
3587722
3591143
3591168
3591179
3591580
3592978
3593730
3594196
3596789
3597843
3598094
3598196
3598571
3598929
3599052
3601011
3602398
3605572
3606535
3607267
3608087
3608593
3608731
3608744
3610353
3610854
3612473
3613276
3613568
3615653
3615877
3620055
3621391
3621902
3623020
3623430
3624922
3625312
3626808
3627135
3628665
3629345
3631185
3633668
3634963
3637270
3639019
3639893
3640467
3641220
3643142
3643972
3644883
3645976
3647054
3647921
3649015
3650945
3651829
3652393
3652942
3653298
3654489
3655116
3658304
3658626
3658887
3660154
3660690
3660740
3661706
3661731
3663463
3665381
3666585
3667394
3667455
3669055
3669620
3673020
3673054
3674160
3674465
3675862
3676548
3676989
3679607
3679707
3679763
3680143
3682015
3683172
3684743
3686532
3687157
3687429
3689013
3689260
3689432
3690802
3691740
3692059
3692081
3692091
3694791
3695219
3695755
3695875
3698694
3700906
3700978
3702304
3702587
3703198
3703567
3706900
3706907
3707605
3708552
3708590
3712124
3712646
3713051
3714119
3714328
3714769
3715695
3716769
3717250
3718142
3719197
3720089
3721160
3721356
3722107
3723383
3723483
3723727
3725195
3726610
3727912
3727958
3731960
3732157
3732604
3732914
3733883
3734447
3738111
3739193
3741809
3742748
3742869
3742987
3743426
3747199
3747388
3747653
3749986
3751409
3754122
3756651
3757438
3758032
3758198
3759641
3761595
3762610
3763722
3764198
3764602
3764908
3766040
3769704
3770164
3772498
3772655
3773370
3773964
3774115
3774248
3775357
3776380
3777347
3777798
3778438
3778707
3779277
3780219
3780637
3780664
3781102
3783084
3783415
3785369
3787566
3789781
3790079
3795143
3796306
3802161
3804404
3804528
3804822
3805191
3806400
3806803
3807397
3807956
3809758
3810663
3810874
3812637
3812683
3813587
3814458
3815326
3815400
3815467
3817794
3817852
3818704
3819744
3822432
3823699
3824242
3828686
3829262
3830470
3830786
3832896
3832900
3835914
3836623
3836923
3837543
3837577
3837988
3838769
3840291
3840573
3841110
3841343
3842467
3842541
3844268
3846508
3846928
3847500
3848090
3849025
3849422
3851665
3852568
3855674
3856641
3856652
3857639
3858095
3858261
3859285
3859773
3863110
3864637
3866468
3867152
3867498
3868153
3869139
3871509
3871666
3873128
3873304
3873324
3874560
3874653
3876931
3877707
3879191
3881231
3881380
3882077
3883511
3885008
3885508
3886138
3886712
3886951
3887584
3892186
3896407
3897815
3898141
3898351
3899135
3900103
3900435
3901103
3903114
3905233
3905279
3906272
3908383
3908616
3908923
3909505
3911987
3912007
3913787
3915848
3915919
3916026
3916147
3916898
3918144
3919345
3919629
3922368
3922377
3922635
3923612
3924584
3924752
3925868
3926997
3927482
3929469
3930053
3931801
3932078
3932121
3932914
3933140
3934128
3934771
3937025
3937765
3937837
3939551
3939819
3940930
3941277
3943202
3944194
3944201
3947423
3948280
3949481
3950913
3951283
3951962
3953148
3953214
3953273
3956250
3956376
3959832
3960284
3960318
3965173
3965495
3967167
3969688
3970085
3970479
3971473
3972496
3973177
3973446
3974083
3974325
3976736
3980275
3980418
3980767
3981029
3984588
3984924
3985233
3986060
3986290
3988206
3988383
3989859
3989953
3992027
3992175
3996442
3997319
3998016
3998233
3999082
3999236
3999659
3999847
3999881
4000076
4001308
4001423
4002871
4003419
4003540
4004533
4004624
4006123
4006488
4006675
4008883
4009437
4009619
4009973
4012058
4012151
4013042
4013104
4016497
4017977
4018101
4019157
4019443
4021070
4022736
4023680
4023737
4026618
4026790
4027270
4028043
4028331
4029815
4030098
4031480
4031705
4034288
4034894
4035296
4036243
4036770
4037021
4039492
4039686
4039789
4042113
4042822
4043863
4044181
4044535
4046698
4047564
4047971
4049912
4050599
4051156
4051289
4052006
4052903
4052924
4053877
4054945
4056146
4056766
4057628
4057801
4058975
4059093
4059268
4059900
4063741
4066891
4067879
4068532
4069016
4069571
4069747
4070087
4071468
4075060
4077284
4080327
4080779
4080926
4081263
4081821
4083396
4083455
4083872
4084759
4086216
4086622
4089050
4089367
4089722
4089946
4091137
4091942
4093487
4093833
4096654
4096736
4097564
4097571
4097869
4098122
4098420
4099601
4101772
4102736
4104388
4106813
4110093
4110251
4111303
4114955
4115528
4115535
4118417
4119473
4120058
4123694
4124347
4124579
4124592
4126068
4128591
4131017
4131252
4135654
4137455
4138045
4138406
4139475
4139892
4139994
4140910
4142246
4143216
4143712
4144579
4144939
4149554
4151283
4151446
4153422
4153891
4154823
4156133
4156702
4156714
4156838
4156945
4157375
4158711
4161405
4161443
4163787
4164374
4164487
4166050
4166064
4166988
4167133
4167625
4167671
4168739
4170197
4171751
4172926
4174846
4176270
4178159
4178272
4178829
4180375
4181062
4181106
4183109
4183559
4184489
4185382
4192014
4192206
4192219
4192701
4193125
4193584
4194950
4196996
4198150
4200330
4202516
4202932
4203009
4204441
4205886
4206954
4207655
4207725
4209366
4210427
4214802
4215694
4215921
4216873
4217103
4217741
4218506
4218967
4219247
4220613
4220769
4220886
4223063
4223130
4223368
4226254
4227050
4227077
4228571
4229011
4229437
4229478
4229545
4230551
4230580
4230927
4233643
4234331
4234442
4235762
4235942
4235969
4236617
4237191
4237802
4240761
4240885
4241452
4241891
4244168
4245506
4246246
4247269
4248313
4248775
4248992
4249170
4250252
4252034
4252758
4253020
4253903
4254222
4255230
4257454
4257775
4257829
4258316
4258515
4258596
4260017
4261129
4261970
4265828
4266210
4267014
4267269
4267876
4268003
4270192
4270530
4270538
4270781
4271926
4272576
4272586
4273940
4273952
4274452
4275176
4275792
4277737
4280176
4280313
4282254
4282915
4283064
4285935
4286569
4290389
4292800
4292833
4293491
4295742
4297484
4297891
4298614
4299286
4299476
4300315
4300503
4300889
4302107
4304502
4304863
4305332
4305635
4305899
4306317
4306393
4306909
4307230
4309090
4309147
4310776
4311286
4312456
4313712
4313746
4315000
4315944
4316935
4320201
4320308
4320812
4321041
4321540
4322794
4322936
4325021
4325602
4327069
4327101
4327164
4328448
4328667
4330298
4333759
4334972
4336402
4336829
4340133
4341623
4341894
4343905
4344419
4344739
4345195
4345359
4345985
4347712
4347726
4349097
4349970
4351491
4353267
4356109
4357080
4358401
4359551
4360261
4360495
4362279
4363716
4364774
4365027
4366540
4367371
4368958
4371401
4373358
4373773
4375724
4377073
4377269
4382618
4382831
4383754
4384178
4385261
4386443
4386543
4391390
4392210
4392603
4394187
4396719
4396731
4397399
4399058
4400474
4402132
4402422
4402798
4403046
4403960
4404357
4404696
4405006
4405184
4405194
4407020
4409748
4409941
4410458
4411256
4412910
4414161
4414235
4415135
4415259
4417855
4418585
4419083
4420858
4421027
4421806
4423337
4423608
4423670
4425055
4425761
4425876
4427249
4427805
4428327
4429744
4430282
4431091
4433640
4433919
4436356
4436930
4437737
4438227
4438296
4445333
4446053
4446657
4447109
4449337
4449925
4450316
4450698
4450787
4453369
4456999
4457433
4460120
4463193
4465086
4468448
4470319
4470585
4471219
4471594
4472249
4472548
4473515
4473553
4474480
4475190
4475970
4477737
4480749
4482004
4483295
4483387
4483648
4484492
4486024
4486399
4487740
4488275
4489443
4489800
4490807
4491570
4496572
4496838
4499244
4500707
4502911
4503337
4503395
4503472
4504039
4504525
4506459
4507312
4508918
4509738
4511954
4512650
4512857
4513297
4514199
4514316
4514531
4515904
4516264
4517861
4519717
4519982
4519995
4522034
4524584
4528190
4528591
4529012
4529096
4533327
4534417
4534841
4536605
4536769
4537031
4538499
4539978
4540070
4540080
4540225
4540632
4541007
4541653
4542699
4542837
4544691
4546765
4547438
4550765
4552868
4553476
4554015
4554445
4554495
4555821
4555919
4557280
4558164
4558990
4562815
4563138
4563283
4564167
4565967
4566235
4567341
4568873
4569074
4569106
4571433
4574663
4574933
4575226
4576706
4577350
4579448
4581651
4582000
4582180
4583992
4585529
4585639
4586433
4587156
4590030
4590253
4590954
4591459
4592805
4593738
4593800
4593836
4593990
4594193
4596567
4597758
4599121
4600037
4600517
4604884
4605838
4607386
4608620
4609108
4610804
4611151
4614111
4614339
4614822
4615479
4616037
4616567
4618372
4618729
4618885
4619253
4619874
4620033
4620175
4620467
4624586
4630447
4631174
4632031
4632981
4633740
4634131
4635180
4635391
4635767
4635925
4636595
4637291
4638460
4642201
4642500
4642882
4643114
4645847
4646058
4646825
4647226
4649265
4649603
4649935
4650036
4650555
4652609
4653083
4654232
4654370
4656975
4656990
4657297
4657781
4658374
4658829
4659255
4661309
4661644
4662056
4662287
4662539
4663435
4664389
4669606
4669922
4675709
4676272
4676413
4682605
4683920
4684589
4684924
4686006
4688170
4688904
4689982
4690039
4693075
4694197
4695709
4695801
4696021
4696899
4698266
4699083
4699246
4700599
4701602
4702053
4702358
4703571
4704909
4705044
4706505
4706679
4708169
4709033
4711384
4713728
4713803
4713899
4714702
4714805
4714849
4715387
4715489
4716976
4717492
4717981
4719209
4721876
4724136
4724203
4724246
4724928
4725203
4725253
4725418
4731705
4733372
4733517
4733559
4734538
4735433
4737698
4737756
4738763
4740076
4741382
4742181
4742745
4743380
4745529
4746302
4747987
4748557
4749309
4749851
4751066
4751784
4754417
4754866
4755148
4756762
4756994
4758017
4760523
4760960
4761096
4764028
4765454
4767958
4769924
4771843
4775513
4776591
4776679
4776970
4777196
4777768
4779742
4783903
4785355
4786297
4787056
4787969
4789026
4789872
4790168
4791651
4792728
4792757
4793216
4794612
4794882
4794920
4797755
4797806
4797883
4798388
4798457
4799707
4802709
4802871
4803527
4803872
4804018
4804282
4804465
4804566
4805270
4805581
4806877
4808367
4810091
4810272
4810827
4811509
4815431
4815621
4815703
4817719
4818943
4819160
4820603
4820676
4821864
4824113
4824514
4826642
4827616
4828000
4828443
4828977
4829289
4830458
4831950
4832265
4833213
4833918
4834302
4834464
4834541
4835603
4837102
4837558
4837696
4837745
4838750
4839189
4840372
4840682
4840779
4845339
4845943
4846440
4847226
4847694
4848155
4849162
4851113
4851169
4853030
4853648
4856786
4857495
4858952
4859541
4860488
4860790
4862834
4863597
4864737
4865625
4867073
4867812
4867825
4868851
4871372
4871486
4872574
4872776
4874072
4875347
4875455
4876250
4876905
4877501
4878412
4881774
4883261
4883375
4883471
4883743
4884946
4885013
4885308
4885943
4885946
4886896
4887014
4889812
4889947
4889976
4890005
4890204
4890666
4892488
4893339
4893711
4897018
4898153
4898291
4898736
4899777
4900688
4903144
4903411
4903944
4904424
4905021
4905035
4906280
4906443
4906869
4906962
4907136
4908040
4908297
4909335
4910230
4911602
4912762
4913254
4913279
4914789
4915654
4915702
4916189
4916760
4917663
4918397
4918518
4918579
4920386
4923833
4924574
4925500
4926748
4927036
4928836
4930968
4932648
4933009
4933640
4933862
4935230
4936029
4936440
4937562
4937727
4937800
4938523
4940001
4940808
4940991
4941834
4942110
4942758
4943293
4943744
4944094
4945395
4946136
4946806
4947982
4950080
4950148
4950905
4952128
4952466
4952957
4959449
4959927
4960151
4960493
4960803
4961902
4964933
4965045
4965942
4966844
4967333
4967449
4967622
4971559
4972197
4973799
4974715
4975193
4975574
4977128
4978348
4979542
4979630
4982472
4983264
4984179
4984443
4985125
4985516
4986039
4986230
4986949
4987031
4988441
4988526
4988734
4989439
4989863
4991495
4991891
4992268
4994760
4996265
4996535
4999242
4999701
5000601
5001017
5001251
5002017
5002767
5005725
5006306
5007413
5012512
5012777
5013715
5014724
5021384
5022196
5022647
5022799
5023730
5024823
5027291
5030111
5031131
5031599
5033356
5033358
5033491
5034831
5035377
5035430
5036023
5037125
5038584
5039152
5040755
5043979
5045046
5046704
5047453
5048274
5048720
5048943
5049263
5051021
5051072
5051374
5051382
5052160
5052776
5052822
5052870
5052901
5053443
5058236
5058529
5059389
5059504
5059787
5060060
5060556
5060915
5062553
5062563
5063200
5064607
5065667
5067273
5068229
5069191
5069829
5071657
5075063
5075140
5075634
5075799
5076413
5077993
5079269
5083177
5083882
5084022
5084385
5086018
5086442
5086882
5087459
5087480
5089471
5091166
5091458
5093323
5094721
5097120
5097247
5097810
5098090
5100814
5101931
5102017
5104508
5106248
5106465
5106726
5107060
5109249
5110088
5110199
5110236
5112683
5116454
5116572
5116904
5118079
5118538
5121474
5121576
5123684
5124794
5127634
5127976
5128636
5129092
5129831
5131215
5132254
5134091
5134976
5135743
5135883
5137126
5138142
5139846
5141668
5143775
5146349
5146527
5147359
5148243
5148434
5150225
5150558
5151610
5152686
5152714
5154637
5154820
5155022
5155278
5155725
5155916
5159269
5160145
5160550
5168350
5168360
5169666
5169972
5173716
5174472
5174734
5175916
5177270
5178276
5179462
5180060
5180498
5180691
5182581
5182839
5182872
5184220
5184402
5185296
5186092
5187128
5187501
5188557
5190071
5192795
5195197
5200827
5202413
5202930
5203554
5204462
5205149
5205597
5206237
5207413
5208501
5211500
5212416
5213271
5213773
5214089
5214198
5215234
5215839
5215973
5216872
5218261
5219875
5222044
5226058
5226414
5229112
5229196
5229888
5229900
5230007
5230233
5231635
5232774
5232943
5235015
5236321
5237095
5237433
5238107
5239392
5239623
5240368
5240395
5241333
5243798
5248261
5249022
5249060
5249648
5251968
5252385
5253936
5255046
5256265
5258295
5258582
5261297
5261424
5262462
5263710
5263917
5264850
5265475
5266450
5266560
5267248
5267480
5269978
5270682
5271380
5271431
5271460
5272015
5273115
5274173
5278804
5279035
5279546
5279825
5280996
5281447
5283893
5284072
5284870
5284988
5285116
5285822
5287134
5288225
5293686
5294681
5294869
5296611
5296813
5300328
5301882
5302121
5302356
5302793
5306138
5308143
5311610
5315153
5317033
5318382
5318735
5318920
5321238
5323097
5323605
5325485
5327192
5327951
5328060
5328102
5330786
5331220
5332315
5332897
5335191
5336911
5338809
5338974
5340761
5343217
5344194
5344808
5344898
5347381
5347769
5347957
5348263
5350223
5351539
5352393
5352414
5352458
5353148
5353733
5354193
5354317
5354354
5356030
5357843
5360178
5360689
5361002
5361951
5362017
5362075
5362100
5362332
5363336
5363878
5364208
5364686
5365295
5367107
5369683
5371409
5372235
5372440
5372903
5373350
5377087
5378238
5379914
5379957
5380934
5381499
5383173
5383573
5384424
5385623
5386291
5387094
5387153
5387364
5388420
5388741
5388898
5389780
5390016
5390350
5392661
5392943
5394294
5394424
5394984
5395517
5399535
5399555
5400063
5401539
5402073
5402133
5402451
5402619
5403157
5403198
5405647
5406752
5407602
5407614
5410329
5410837
5411005
5411708
5414866
5415638
5415895
5416027
5416686
5417734
5417803
5418770
5419484
5421048
5422963
5423257
5423897
5424319
5424846
5425185
5425211
5425338
5425389
5426984
5427421
5427853
5428688
5431134
5431550
5432260
5433576
5436218
5436549
5437877
5438396
5438661
5438775
5439037
5439754
5440741
5441747
5443303
5445103
5445814
5446067
5448171
5448873
5448936
5449163
5450169
5452121
5455395
5459059
5460663
5461734
5463197
5463450
5463903
5464120
5464267
5465218
5467867
5469387
5472101
5472741
5474842
5477713
5477733
5479425
5480630
5481000
5481820
5482834
5483287
5484230
5484568
5485280
5486705
5486706
5487676
5490029
5490034
5490527
5492804
5496031
5497350
5497681
5502120
5502449
5503957
5506011
5509524
5510403
5510758
5511907
5512853
5513024
5513345
5513691
5514407
5514679
5515682
5516296
5516698
5517015
5517038
5517867
5518911
5520278
5520941
5521385
5524572
5524636
5527942
5528852
5529274
5529363
5529453
5532267
5532710
5533985
5534863
5535981
5537650
5540148
5540464
5542215
5546454
5547472
5548495
5548733
5548938
5549463
5549505
5550556
5550978
5552927
5554302
5554489
5554668
5554835
5555005
5557870
5559018
5560317
5560691
5566734
5566907
5567200
5568001
5568097
5569343
5572344
5572610
5573316
5574798
5574910
5575025
5575423
5576442
5579150
5579698
5582219
5582611
5583842
5584564
5584976
5587380
5587687
5587993
5588604
5589097
5589931
5590114
5590760
5590764
5594493
5596685
5596952
5597802
5599010
5599044
5599867
5600116
5600623
5602289
5605288
5606721
5606840
5607751
5608354
5608764
5609044
5610660
5610743
5611662
5611693
5612456
5614622
5614627
5616820
5617596
5619634
5619845
5621640
5621722
5621796
5621839
5626250
5626347
5626427
5626885
5627598
5628206
5629737
5630026
5630453
5630549
5632918
5634355
5638149
5638898
5638933
5640394
5640428
5640619
5641005
5641155
5641256
5641490
5641721
5642826
5643245
5643560
5645109
5647620
5650719
5651992
5652447
5653274
5653600
5654296
5655125
5656248
5658040
5658617
5659792
5660759
5661678
5663573
5664730
5665101
5665690
5665936
5666591
5666951
5668255
5668324
5668677
5669143
5671275
5672186
5674273
5674494
5675780
5676062
5676881
5678178
5678411
5678763
5679105
5679624
5679702
5679870
5680052
5680441
5681806
5682668
5682996
5683255
5683268
5684970
5685699
5686117
5686603
5686818
5688160
5688419
5688801
5691025
5692225
5692885
5693293
5693910
5694807
5694926
5695751
5699823
5700359
5700506
5700655
5702860
5703291
5703421
5704177
5704604
5705169
5706123
5706495
5708420
5710602
5712106
5713683
5714261
5714314
5714372
5715107
5717310
5717373
5718111
5722355
5725528
5725602
5726200
5726291
5726345
5727846
5728080
5729124
5729727
5729918
5730019
5731638
5733121
5733478
5735502
5738072
5738315
5738515
5739497
5740232
5744057
5744145
5745062
5746087
5746631
5747102
5749936
5750659
5750921
5753083
5753156
5753310
5756018
5758088
5758955
5759109
5760741
5761271
5762415
5765421
5765780
5766039
5770152
5770654
5771249
5772050
5772066
5773248
5779019
5779604
5782064
5783284
5784062
5784523
5784595
5784763
5786490
5786794
5787015
5787827
5789796
5790790
5790958
5791373
5791647
5793125
5794594
5796626
5798390
5799581
5799802
5800740
5801048
5801817
5802371
5802690
5802894
5802943
5803622
5804194
5804644
5805996
5806578
5806712
5808671
5808742
5809767
5809795
5811841
5813684
5814223
5819030
5820742
5822012
5822369
5822847
5824434
5825434
5828585
5829866
5831950
5833233
5834099
5835136
5835364
5835428
5838421
5838601
5839228
5841052
5841254
5841564
5841961
5842918
5842939
5844149
5845165
5847267
5848409
5849333
5850570
5851291
5851819
5854819
5855371
5855961
5857191
5860045
5860967
5861462
5862780
5864839
5868797
5869305
5870341
5871489
5873882
5875179
5876160
5876484
5876528
5877085
5877319
5877525
5877979
5880047
5880181
5880876
5881903
5882849
5886573
5886604
5886642
5887045
5887474
5887701
5887795
5889295
5889751
5890424
5890783
5891857
5894200
5894504
5894928
5896240
5896783
5897060
5897073
5898582
5900172
5900631
5900655
5903027
5904104
5904439
5904824
5905564
5905914
5905927
5909304
5911313
5912561
5913319
5914486
5915745
5917267
5918876
5919119
5919370
5920141
5921739
5921873
5923098
5923702
5924460
5924871
5925172
5926935
5929042
5929719
5929821
5930237
5931586
5932271
5932528
5933705
5934536
5935385
5935853
5938528
5938706
5940790
5941800
5942918
5947893
5948202
5948909
5949571
5950148
5950642
5950891
5953293
5954033
5954487
5955174
5955312
5956115
5959473
5961631
5962171
5962685
5963048
5963664
5966585
5967297
5968354
5968683
5969459
5971179
5972336
5972426
5975180
5977125
5977498
5977528
5978099
5978249
5978276
5981609
5982521
5986089
5988806
5989256
5992316
5993613
5993797
5995034
5995284
5995894
6000268
6001169
6001242
6001343
6001642
6001865
6002013
6002862
6003776
6005221
6007243
6008652
6011017
6011060
6012628
6012629
6014514
6014878
6015102
6015201
6015406
6015513
6016031
6020371
6021544
6021644
6022174
6022287
6025130
6025192
6025571
6025973
6026548
6026579
6029019
6029281
6029856
6035570
6037771
6038892
6039051
6039663
6040838
6040931
6041198
6044135
6044166
6047260
6050410
6050802
6051565
6051635
6052398
6052870
6053446
6055860
6056984
6059518
6062655
6063250
6063435
6065204
6065614
6065719
6066315
6066664
6069812
6069905
6070589
6070840
6070894
6071404
6071634
6072229
6072744
6072765
6074160
6075389
6076017
6076351
6076373
6077012
6077180
6077672
6077731
6079307
6079611
6081294
6081736
6082486
6083060
6083529
6085030
6085210
6088729
6089383
6091529
6091983
6092421
6093161
6093475
6093512
6095874
6096964
6096976
6097960
6098134
6099304
6102476
6103014
6103981
6104589
6104791
6108143
6109640
6111699
6113901
6114078
6115166
6115722
6117179
6117361
6118319
6118701
6120411
6121471
6121908
6122177
6122780
6122840
6123331
6129448
6129689
6130812
6131193
6131276
6131630
6132191
6132212
6133823
6134341
6134505
6134913
6135531
6136071
6136248
6137350
6138065
6140414
6140717
6142242
6142874
6142954
6142993
6145834
6146121
6148302
6149090
6149572
6149718
6151266
6153518
6154326
6155534
6159186
6161678
6161796
6162706
6162815
6163738
6163957
6164570
6164808
6165500
6165692
6166978
6167968
6168364
6168626
6168699
6168924
6170206
6170978
6171753
6172498
6174412
6174733
6175207
6175708
6175880
6176284
6177089
6178571
6179767
6180407
6181056
6183076
6184772
6184893
6186377
6188105
6188538
6188703
6190202
6192610
6193584
6196952
6197000
6199161
6200387
6201317
6203657
6205419
6205720
6206218
6207496
6208744
6209371
6211362
6211819
6217401
6219187
6219349
6219707
6220642
6221827
6222874
6223251
6223734
6224539
6224803
6226057
6226656
6228535
6229318
6229730
6231864
6232117
6233048
6233506
6234881
6235080
6236062
6237448
6237699
6240157
6240223
6240983
6244811
6246297
6246781
6246937
6247391
6248067
6249107
6250760
6251006
6253324
6253849
6254056
6254086
6255155
6256302
6258625
6258674
6258786
6258862
6260205
6260690
6262654
6263766
6264392
6264851
6265392
6266584
6266836
6269720
6270371
6271058
6272133
6272446
6275145
6275249
6282388
6282452
6283975
6285263
6285566
6285724
6286440
6286785
6287551
6293584
6294200
6294802
6294989
6296404
6298845
6299913
6300704
6301033
6302537
6302669
6303234
6303662
6304382
6306057
6307226
6307764
6309999
6311054
6314849
6315008
6316768
6318274
6320621
6324240
6324246
6324718
6328550
6328866
6329875
6330397
6332221
6334946
6335112
6339206
6339707
6339791
6340475
6341556
6342500
6345249
6346263
6346912
6348367
6349985
6350296
6351663
6352716
6353083
6355108
6355183
6356943
6359031
6359579
6360040
6360361
6362336
6364093
6364472
6364902
6366089
6366762
6367704
6368265
6368411
6369967
6373026
6373102
6373651
6373720
6375379
6376233
6377308
6378074
6378078
6379467
6379673
6380351
6380385
6380414
6380653
6380774
6381815
6382236
6382872
6384121
6387934
6388867
6390637
6391330
6394929
6395535
6397555
6397982
6399554
6399805
6400481
6402186
6403349
6403869
6405350
6408445
6408499
6408679
6411539
6412176
6412425
6412656
6412793
6413003
6413766
6417428
6419191
6419977
6420270
6420516
6420781
6420882
6422662
6424284
6427137
6427334
6428686
6428709
6429879
6430595
6431959
6432285
6433049
6433108
6436534
6438450
6438496
6440172
6440460
6446292
6446351
6447558
6449107
6449297
6450067
6451665
6451691
6453457
6454515
6454585
6454773
6455627
6457746
6458334
6458420
6462023
6462722
6463376
6464069
6464255
6465593
6466621
6466911
6467311
6467386
6468307
6468520
6470136
6473165
6473997
6474026
6475616
6476762
6478766
6479524
6480512
6481686
6482165
6483356
6485512
6485518
6487077
6488403
6488646
6489020
6493880
6493906
6494031
6495511
6495772
6496126
6496158
6496245
6499382
6501954
6502162
6503497
6504165
6504218
6507440
6507933
6508805
6512481
6514417
6515312
6516272
6516717
6519711
6522792
6523230
6525298
6526110
6528728
6529162
6529409
6529630
6529802
6533531
6535444
6537663
6537957
6540109
6540738
6542784
6542942
6544088
6546692
6547565
6548129
6550776
6551240
6552592
6554155
6554490
6555418
6555522
6556679
6559042
6560040
6560164
6560361
6562100
6562229
6563791
6565586
6566302
6566934
6568257
6568490
6569140
6571226
6572861
6573333
6574992
6575512
6576159
6576242
6576328
6576392
6576685
6577191
6578250
6578603
6580189
6580400
6582828
6584393
6585093
6586298
6586849
6587360
6592841
6594981
6596236
6598501
6598778
6600207
6600345
6602176
6603639
6603735
6604164
6604678
6605424
6605815
6606044
6606290
6606763
6606851
6608835
6609585
6609718
6611366
6611426
6612301
6613038
6613131
6613382
6613504
6614492
6614956
6616485
6616644
6617362
6617616
6618197
6619939
6623674
6624972
6628797
6629127
6630867
6631458
6634858
6635447
6636536
6637031
6637606
6638130
6640705
6642443
6642985
6643101
6645542
6645711
6646993
6647077
6648430
6650013
6650046
6650725
6652166
6652871
6653058
6654470
6654823
6655061
6656053
6656310
6656420
6656537
6656715
6657154
6659921
6661990
6662156
6662470
6663887
6665112
6666950
6667478
6668731
6670812
6671731
6672444
6672639
6673648
6673903
6676397
6676762
6677322
6677630
6679106
6679967
6680129
6682197
6685945
6686762
6686834
6687473
6688414
6688522
6689303
6691515
6692197
6695166
6695853
6697958
6700246
6701646
6703304
6704652
6704835
6705238
6705487
6706139
6706699
6707204
6707401
6709808
6710426
6710739
6710816
6711310
6711475
6711680
6713277
6713643
6715506
6716736
6716857
6720027
6720555
6720625
6720744
6720779
6721060
6721128
6721529
6722252
6722253
6722412
6722607
6724526
6724885
6726085
6727753
6728624
6729413
6730199
6730228
6730676
6730769
6731459
6732240
6732466
6736953
6737422
6737783
6738717
6740488
6740921
6743510
6746594
6747735
6748250
6748285
6749131
6749547
6750496
6752454
6752695
6757572
6757910
6758637
6759314
6759501
6761852
6764071
6766005
6767799
6767951
6768331
6770323
6770569
6770750
6771004
6773851
6776865
6777593
6778518
6779103
6779486
6779594
6780115
6780381
6781581
6782799
6783130
6783556
6787276
6787307
6787499
6788209
6789023
6789626
6790986
6791424
6791716
6791775
6792082
6792240
6796456
6797269
6797457
6798444
6798957
6799644
6799891
6799933
6803205
6803246
6803815
6806037
6806270
6807166
6807366
6808450
6809434
6809767
6810349
6810751
6810762
6814067
6816595
6816898
6817045
6818112
6818707
6819522
6819704
6820995
6823787
6824913
6825748
6826238
6826441
6827173
6828609
6829791
6834575
6835608
6838876
6839985
6841167
6843073
6843902
6845803
6846409
6847143
6847293
6848365
6850684
6854409
6855057
6855114
6855437
6855730
6859345
6859455
6859609
6859971
6860573
6861280
6861747
6862175
6862691
6862877
6864612
6867299
6869400
6871252
6872965
6875268
6875380
6877806
6880713
6882358
6883308
6884457
6886777
6887200
6888275
6888871
6888911
6889626
6890014
6893086
6893362
6893478
6894096
6894496
6896764
6896823
6897298
6897361
6897908
6898460
6898881
6898897
6901134
6901777
6905021
6905557
6906091
6907032
6907245
6908246
6909609
6910033
6910042
6911908
6911988
6912217
6912725
6914027
6914818
6915790
6917930
6919396
6919453
6921090
6921384
6922494
6923103
6925272
6925791
6926764
6927904
6932370
6934441
6935139
6936523
6938323
6938576
6941045
6941761
6941814
6942150
6942621
6946732
6947884
6949269
6949994
6951453
6952143
6952264
6952914
6953939
6956852
6957170
6959651
6961851
6962343
6962632
6963101
6964446
6964574
6966133
6966978
6967298
6967665
6968837
6971745
6972652
6973196
6975072
6976505
6976737
6977661
6978645
6978989
6979358
6982257
6984179
6984293
6984435
6985159
6985657
6986340
6988605
6988979
6989336
6990649
6991979
6992631
6993657
6994299
6994398
6994457
6996738
6996900
6997370
6997681
6997828
6999252
6999347
6999489
7000331
7005380
7008424
7010861
7013150
7013755
7014102
7015588
7017823
7019405
7019578
7020648
7020696
7021073
7021599
7022555
7024951
7025560
7026343
7027265
7029805
7031516
7032981
7033786
7033891
7035879
7035960
7038631
7040878
7042269
7043667
7044989
7045492
7045708
7046566
7046637
7047059
7049783
7054508
7055452
7057073
7058166
7058810
7060440
7062570
7062701
7066636
7066939
7068969
7070181
7070335
7070376
7071226
7074031
7074274
7074457
7075302
7076063
7076208
7076490
7076672
7077124
7077845
7079298
7079757
7080130
7081589
7081837
7082640
7083671
7084131
7085592
7088962
7090218
7093517
7093755
7095261
7095427
7100044
7104234
7105176
7105472
7105547
7106212
7109413
7111073
7111390
7111442
7112269
7112547
7114590
7115119
7115396
7115640
7119164
7119350
7119400
7119484
7119495
7122994
7123338
7123756
7127865
7128097
7128899
7129456
7129693
7131220
7131224
7132270
7132537
7132638
7133475
7135759
7138343
7138812
7139507
7141209
7141317
7141581
7141850
7142821
7144338
7144672
7144722
7145564
7146211
7148600
7150694
7151147
7153433
7154020
7154438
7155971
7156267
7157602
7160386
7160671
7163890
7164013
7165284
7166159
7166358
7167568
7168871
7168902
7170064
7170725
7170836
7171086
7172684
7173912
7176060
7176430
7176471
7176569
7177394
7178968
7181437
7185084
7185620
7187895
7188060
7188506
7189772
7190128
7191370
7192900
7193725
7193992
7195235
7195880
7196115
7196319
7196566
7199954
7206584
7206918
7207355
7207963
7209332
7209495
7211327
7211497
7212324
7212567
7213155
7216141
7217134
7217141
7219210
7219365
7223475
7223734
7223922
7224628
7227662
7228113
7228905
7231666
7232889
7233740
7233869
7234715
7239692
7239710
7241080
7241095
7241402
7241765
7244405
7244633
7245372
7245382
7245611
7245878
7246185
7247394
7250295
7250466
7250653
7251622
7252308
7253992
7256076
7256192
7257521
7257560
7257879
7258522
7262957
7263229
7264403
7264676
7267229
7268049
7269541
7270775
7270953
7271052
7273032
7273525
7277530
7278384
7279411
7281062
7282007
7285764
7285790
7286111
7286311
7286877
7287124
7287460
7288224
7290421
7290547
7291791
7291996
7292220
7295061
7295446
7296018
7296996
7297035
7299466
7299881
7300685
7300989
7302218
7305032
7306265
7307532
7309380
7310260
7312247
7313846
7314067
7314637
7314680
7315139
7315848
7316014
7316751
7317374
7317930
7320901
7322580
7322682
7324882
7326173
7332780
7332910
7333906
7334044
7334250
7335444
7335497
7336076
7336629
7337482
7337719
7338617
7340107
7340801
7342857
7344054
7344471
7344941
7345126
7345285
7346042
7349081
7350429
7351146
7351804
7352874
7353679
7353914
7356208
7357892
7358672
7358869
7359231
7359794
7361211
7363595
7363785
7364520
7365262
7365270
7365864
7365986
7366342
7368037
7369961
7372923
7374032
7374894
7375994
7378422
7379483
7379835
7382087
7382154
7382613
7384592
7385416
7386545
7389227
7390044
7393351
7393676
7394087
7394318
7394441
7394984
7395267
7395696
7397172
7397875
7398274
7398285
7398519
7398646
7399656
7400397
7400678
7401129
7404221
7404525
7404814
7405404
7405443
7405681
7405730
7406903
7407118
7408169
7408942
7410120
7412513
7412826
7413194
7413871
7413987
7418965
7422436
7422588
7424169
7427381
7427738
7429016
7429112
7429318
7430690
7433127
7436805
7437245
7437865
7438079
7439178
7439885
7442025
7444805
7445057
7445468
7447481
7447554
7449559
7450343
7450724
7450797
7452055
7453247
7453826
7454028
7454671
7454682
7455376
7455544
7458218
7461790
7462846
7462887
7464226
7464391
7464816
7465383
7465563
7467391
7468007
7468351
7469451
7473184
7474076
7475283
7478386
7478513
7478609
7479072
7480130
7480933
7482264
7482941
7483158
7483508
7484183
7484195
7484331
7484616
7486659
7490346
7490382
7490731
7490794
7491080
7491199
7491660
7492950
7493395
7493736
7494497
7495744
7496830
7498179
7498926
7499274
7499355
7499632
7500107
7500206
7501279
7501891
7501978
7502363
7502792
7502806
7504741
7505289
7507642
7508431
7511688
7511724
7512473
7512856
7513386
7513581
7513668
7513734
7514330
7514920
7515012
7515521
7516030
7516165
7518324
7519023
7519042
7519077
7519350
7519354
7519821
7519915
7519959
7521245
7522554
7526401
7527178
7527328
7528009
7528498
7528617
7529232
7531665
7531826
7532892
7533838
7534010
7534344
7536707
7537526
7539001
7540345
7540411
7541469
7541899
7542341
7544040
7544309
7545528
7546040
7548927
7552166
7553056
7553928
7556043
7556575
7558747
7559133
7559469
7560720
7563051
7564192
7565793
7567028
7567224
7567844
7568016
7568076
7569369
7570147
7571830
7572571
7576684
7578799
7579332
7579719
7579941
7580028
7581382
7581898
7584259
7585125
7585421
7585588
7587037
7587131
7588329
7589312
7589725
7590227
7590489
7591021
7591878
7591884
7592145
7593004
7593587
7594660
7594945
7595562
7595642
7596010
7596737
7597707
7598625
7599150
7599327
7600120
7600217
7600587
7601590
7603198
7603563
7604242
7609420
7609613
7609614
7609897
7610892
7611583
7611730
7613778
7615229
7615414
7615794
7616236
7617251
7617354
7618333
7618793
7618912
7619259
7620202
7621664
7621666
7622124
7623940
7624235
7625255
7625944
7625985
7627546
7627922
7628155
7630400
7630454
7630615
7631064
7633126
7633165
7633434
7633437
7633780
7635497
7637775
7638489
7638960
7641451
7642294
7645362
7645468
7646626
7647806
7647934
7649005
7653014
7653500
7653735
7654950
7655722
7655870
7656231
7657022
7657092
7658684
7659114
7659267
7661503
7661611
7661737
7662030
7663797
7665743
7667576
7669975
7672737
7673112
7673465
7673727
7675322
7675534
7675873
7676558
7677423
7677517
7678062
7679069
7680522
7681508
7682930
7683064
7684419
7686420
7686862
7688698
7688997
7689420
7690504
7690807
7692005
7692490
7695542
7695880
7697565
7698502
7700176
7701963
7703022
7704324
7705406
7706051
7707125
7707272
7707397
7708937
7709319
7712047
7712608
7713242
7713581
7714486
7715272
7715393
7716657
7720346
7722120
7722999
7723929
7725426
7725716
7725958
7729484
7730072
7732787
7732806
7734053
7734780
7735390
7735507
7738077
7738325
7738550
7739028
7741349
7743326
7743587
7746413
7746802
7747388
7747580
7749609
7749661
7750724
7754202
7755277
7762057
7763016
7764997
7766724
7768377
7768420
7768547
7768710
7770601
7770623
7770684
7771535
7771660
7771706
7772236
7772536
7773026
7774160
7778501
7781828
7781875
7782272
7783418
7785531
7785711
7785964
7788622
7789646
7789724
7790239
7795873
7796564
7799406
7800713
7801174
7801773
7804371
7804612
7806049
7806136
7807089
7808357
7808668
7809302
7809557
7810731
7810775
7811651
7811778
7813479
7813890
7814455
7818555
7818965
7821614
7824529
7825042
7825121
7825381
7826073
7828175
7828940
7828981
7831048
7834708
7836212
7837223
7838438
7839040
7839322
7840885
7842742
7842897
7843261
7843482
7843666
7846307
7847734
7848390
7849083
7849396
7852704
7854493
7856306
7856607
7856855
7857195
7858256
7858948
7859429
7860066
7860151
7861114
7861198
7862848
7864028
7864268
7866368
7866906
7867755
7869739
7870727
7872125
7872329
7873507
7873911
7874577
7876413
7876734
7877800
7878141
7879844
7880298
7881002
7881184
7885817
7887933
7890334
7890477
7890603
7890749
7891658
7891756
7891797
7893208
7893286
7894299
7894316
7894458
7894722
7895992
7896258
7897364
7898776
7898844
7899151
7899748
7900504
7900944
7901162
7901760
7903654
7903981
7904286
7905338
7905561
7905798
7907505
7908106
7908145
7908546
7908650
7911081
7912619
7912650
7914202
7915480
7916461
7918457
7918952
7919046
7919699
7920490
7923875
7924866
7925263
7926996
7927115
7927728
7927989
7930217
7933042
7933720
7934114
7934147
7936651
7936837
7936933
7937730
7943110
7943254
7943288
7943478
7944314
7944543
7945086
7945698
7946709
7948542
7950563
7951075
7954115
7954534
7954850
7955906
7956180
7956691
7957152
7957917
7963111
7965617
7965811
7966812
7967031
7968312
7968549
7969113
7969400
7970965
7971839
7972733
7972788
7973715
7974983
7975281
7975875
7976591
7978336
7979076
7979513
7980384
7981071
7982777
7984018
7984935
7986239
7988290
7989036
7989427
7990787
7992279
7992798
7993249
7993621
7994200
7997720
7999647
7999873
8001943
8003287
8005864
8007169
8011384
8011775
8012153
8012507
8014232
8014965
8015925
8017978
8018484
8023280
8027176
8027898
8028847
8029131
8030115
8030681
8030827
8030932
8031029
8031251
8032109
8033467
8034248
8034826
8034831
8038370
8038389
8039499
8040342
8040403
8042681
8042837
8043765
8044539
8044952
8044995
8049569
8050449
8051270
8051833
8052095
8053384
8053400
8055026
8055151
8055890
8056307
8057560
8058104
8059912
8060200
8061040
8063882
8064992
8065059
8065079
8066587
8066664
8067022
8067502
8068593
8069621
8070076
8070197
8070555
8073037
8073081
8073183
8075519
8075935
8076516
8077478
8077584
8079376
8081276
8082244
8082245
8083261
8083360
8083634
8085121
8085669
8086956
8087048
8088114
8089461
8090257
8091697
8093013
8093447
8094746
8095824
8096681
8099447
8100853
8104352
8104357
8105052
8105472
8106850
8108134
8108898
8112074
8113194
8113816
8115032
8115965
8116177
8118816
8119919
8120754
8121448
8123266
8123741
8128147
8128410
8131100
8132326
8132582
8132892
8133790
8134553
8136701
8138570
8138770
8139160
8140285
8140384
8142314
8142728
8144218
8144382
8144534
8146024
8146835
8148414
8149514
8150379
8154691
8154872
8156043
8156161
8156926
8157566
8158933
8159577
8160671
8160726
8161993
8163521
8166213
8167486
8168707
8169574
8171084
8172532
8173018
8173218
8174532
8174701
8175412
8175559
8175851
8176195
8176831
8176963
8177623
8179216
8179602
8182334
8184166
8184566
8184836
8186875
8187075
8187870
8188020
8188091
8189291
8190294
8190822
8190915
8191807
8192028
8192075
8195223
8196769
8197435
8198509
8198563
8199447
8199797
8199998
8200424
8201573
8201712
8201805
8203564
8203783
8204424
8204986
8206794
8207325
8209425
8209607
8210503
8211191
8212690
8212764
8213019
8213824
8214400
8220746
8221207
8221412
8222068
8223526
8224201
8227668
8227875
8228169
8228222
8229597
8230172
8230300
8230331
8230816
8230915
8232709
8233844
8233890
8234062
8234211
8234601
8236433
8237008
8237808
8237857
8240618
8241045
8241106
8241358
8241890
8242730
8243683
8244455
8244976
8245474
8246301
8247319
8249695
8251759
8252871
8253497
8254626
8257019
8257020
8257283
8257582
8257842
8258933
8259774
8259904
8260000
8261731
8261902
8263378
8263772
8266513
8268184
8268223
8268269
8268685
8268960
8269232
8269277
8270313
8270377
8270597
8271904
8272772
8275386
8277325
8278300
8278538
8280788
8282264
8284396
8286033
8287099
8288711
8288860
8291076
8291469
8293182
8293337
8294792
8297056
8297439
8298507
8299251
8301218
8302719
8304742
8309131
8309854
8309888
8310011
8310220
8312736
8313499
8313548
8313831
8315083
8315241
8316439
8317724
8319413
8321222
8321324
8322109
8322529
8324694
8325311
8325525
8325591
8326766
8327694
8327743
8327961
8327972
8328872
8329368
8330739
8331153
8331794
8332636
8334483
8334801
8338293
8339317
8339530
8339958
8340974
8341272
8343094
8345790
8346483
8348025
8349352
8349733
8351151
8351351
8352085
8354301
8354904
8355680
8357206
8357329
8359368
8360505
8361337
8363436
8366967
8369912
8371001
8372917
8374105
8374163
8375306
8376075
8376289
8376365
8376388
8377926
8378447
8378602
8378778
8380855
8380936
8383257
8383624
8386746
8387102
8391034
8392499
8395450
8395459
8396072
8398257
8398654
8398820
8400468
8400771
8400797
8402089
8402482
8402939
8403980
8404590
8404643
8405369
8406110
8406766
8406903
8408067
8408351
8408953
8412193
8412345
8412830
8413056
8415929
8418673
8418978
8420236
8421006
8421231
8421995
8423618
8423905
8424958
8426635
8428161
8428231
8429147
8429305
8429388
8429806
8431300
8432406
8433450
8433495
8435880
8437609
8438680
8440767
8441896
8445500
8448555
8449378
8454598
8455204
8457691
8458542
8459506
8460205
8460663
8461279
8461947
8462250
8466635
8467038
8467811
8468873
8469136
8470127
8471170
8473154
8473287
8474257
8474891
8475939
8476030
8477509
8481090
8481739
8481987
8482984
8485576
8485599
8486303
8487697
8489263
8489408
8490508
8491212
8491273
8491865
8492260
8492617
8492635
8492645
8494211
8494454
8495059
8497699
8497999
8499164
8502342
8502766
8504014
8504030
8504809
8506528
8507188
8507924
8507982
8509020
8509215
8509390
8509719
8510388
8510786
8510924
8512339
8512792
8513589
8515437
8516790
8519281
8522043
8522566
8523059
8525149
8525900
8526516
8527599
8528176
8528773
8528785
8529294
8530329
8531653
8531686
8532289
8534306
8534488
8535527
8537647
8539210
8539536
8540324
8542030
8542284
8542507
8543604
8546721
8546740
8550625
8552024
8552659
8553478
8554738
8554988
8555055
8555295
8556140
8558550
8560468
8562789
8562798
8566087
8568385
8568415
8568876
8569257
8569370
8570119
8570765
8572020
8575205
8575318
8576153
8576556
8577151
8577160
8577513
8578399
8578763
8579551
8581247
8581956
8582483
8583644
8583766
8584161
8587597
8588970
8588995
8589758
8591802
8592226
8594546
8595654
8596094
8597690
8598991
8605712
8610543
8613120
8613509
8614747
8615167
8616486
8617842
8618962
8622504
8622744
8623051
8623410
8624186
8625279
8625468
8627559
8628013
8628262
8629089
8629180
8630562
8632350
8634090
8634444
8636391
8636665
8636736
8636754
8640014
8642826
8643005
8645465
8646189
8646568
8646649
8647640
8648372
8649449
8650775
8650807
8652044
8652353
8652800
8653063
8655316
8655318
8655459
8655759
8655808
8656604
8656707
8657248
8657423
8657539
8659383
8659387
8659928
8660839
8666985
8668017
8668953
8669549
8671182
8672195
8672905
8672955
8673116
8674224
8674828
8675157
8675561
8679087
8679182
8679477
8680428
8680466
8681208
8681374
8682196
8683105
8683773
8683965
8684362
8684611
8685589
8686481
8688470
8688547
8689689
8691968
8692805
8693854
8694019
8694743
8695301
8695705
8696156
8696659
8697097
8698381
8699562
8700260
8701329
8702377
8702458
8703111
8704905
8706698
8706702
8706890
8707428
8708973
8709552
8712548
8713061
8714223
8714312
8715270
8715740
8717849
8719025
8720058
8723286
8723468
8725218
8726122
8728069
8729140
8729529
8730012
8730381
8731407
8732668
8732889
8733624
8734160
8734395
8736364
8736524
8737501
8737793
8739502
8740382
8740928
8742595
8742711
8743411
8745454
8746725
8747192
8748285
8750004
8751427
8751628
8752309
8752615
8753741
8755809
8756434
8758383
8758727
8759776
8760507
8762344
8765105
8767204
8767399
8767458
8770061
8771917
8773969
8774007
8774189
8774365
8774602
8775046
8776345
8776725
8777450
8779240
8780355
8780527
8782261
8783432
8784690
8784773
8785134
8785905
8786089
8788820
8790592
8790733
8791061
8791171
8793222
8793494
8794393
8795539
8796107
8797176
8797484
8798286
8798991
8802458
8803305
8803310
8803553
8803767
8804071
8805954
8807480
8807484
8807918
8808662
8810744
8811322
8811747
8814501
8814730
8815162
8817299
8819599
8819992
8820681
8822954
8824335
8826122
8826475
8827485
8830480
8832846
8832963
8833571
8834241
8835788
8838836
8839530
8839670
8840182
8841082
8841859
8843013
8843323
8844793
8844919
8845828
8847194
8848759
8850137
8851481
8851604
8853391
8855889
8856064
8857799
8857901
8858066
8859804
8860296
8863512
8865155
8865646
8865937
8867412
8867517
8869085
8869364
8869369
8870141
8870205
8871003
8872527
8872541
8873905
8873945
8874386
8879500
8879911
8880365
8880699
8881161
8881319
8881357
8881466
8882341
8883062
8883262
8884202
8885705
8886729
8887750
8891424
8891943
8892387
8892636
8896143
8897319
8897543
8897588
8897752
8897761
8898471
8902026
8905045
8907760
8908137
8908195
8908646
8908803
8909486
8910244
8913360
8913748
8914163
8914735
8916128
8916507
8916819
8917102
8917457
8920777
8921824
8922584
8922725
8923840
8927266
8927767
8927913
8928356
8934616
8934758
8935543
8936908
8936962
8938937
8939511
8939671
8940010
8941752
8943419
8944021
8944149
8944294
8945440
8945884
8947235
8948701
8950166
8950265
8950282
8951317
8953186
8953421
8953906
8956154
8956310
8957466
8958820
8959299
8960039
8961579
8962092
8963992
8967039
8967821
8968034
8970850
8970914
8971066
8971264
8971709
8972821
8976117
8977213
8977406
8977989
8978637
8978989
8980554
8981947
8982693
8982958
8983242
8983814
8984961
8985543
8986350
8986652
8986773
8988466
8990673
8991609
8991704
8993599
8993776
8995214
8995817
8997526
8999083
9000860
9001062
9001653
9002329
9006411
9007860
9007989
9009978
9010354
9012656
9012857
9014498
9016454
9019092
9019300
9019716
9019766
9020626
9020685
9021015
9021069
9022241
9024595
9025701
9027784
9029149
9030293
9030601
9033510
9036262
9036548
9037084
9037359
9037716
9037948
9038324
9038937
9041444
9041469
9041967
9043184
9043591
9045562
9045670
9045685
9046075
9046185
9046510
9049884
9050357
9050772
9051169
9051244
9051418
9052591
9052956
9056195
9056299
9057012
9057482
9058992
9060540
9061034
9062816
9065341
9065864
9065908
9067429
9069027
9070710
9071653
9072358
9072940
9075282
9075569
9078083
9082463
9083935
9083962
9085232
9086213
9086788
9086938
9087681
9087718
9088322
9091361
9091795
9092980
9093650
9093924
9094373
9094595
9097132
9098101
9099487
9100065
9101800
9101887
9103624
9104022
9104423
9104753
9105725
9105837
9106362
9106842
9107104
9107156
9107357
9107613
9108080
9108722
9112056
9113035
9113593
9113814
9114546
9117426
9119148
9120094
9121232
9122924
9123043
9123390
9123416
9123658
9127172
9127969
9128146
9131328
9132141
9132391
9132809
9132838
9133235
9135166
9135209
9136707
9136787
9137241
9137564
9137909
9138542
9139753
9140864
9141721
9142777
9143399
9144828
9145628
9146303
9147236
9148030
9148079
9148428
9148451
9149503
9149920
9150332
9154149
9157532
9158368
9158381
9159551
9161846
9162400
9162847
9162958
9163427
9164900
9165469
9166119
9166282
9166490
9167904
9168564
9168920
9169852
9173727
9174059
9175034
9175707
9176118
9178021
9179267
9180316
9182884
9185111
9186219
9186253
9188145
9193351
9193936
9194110
9194280
9196250
9196945
9196971
9198369
9198866
9199172
9199896
9201447
9205084
9205559
9207524
9207785
9208849
9209468
9211012
9212177
9212276
9212729
9216589
9216993
9217455
9218256
9218412
9219605
9220254
9220415
9220556
9221275
9221280
9221785
9222283
9223708
9224528
9225303
9227295
9228472
9231393
9231612
9232783
9233285
9233562
9235096
9236839
9238148
9238882
9240086
9240106
9240139
9240425
9241815
9241826
9242143
9242502
9242990
9243031
9244823
9244918
9245197
9246064
9246179
9248390
9248453
9249712
9250043
9250833
9250985
9251031
9251109
9251686
9251763
9253671
9254493
9254687
9255459
9255568
9255769
9257020
9257152
9258214
9259647
9260885
9261416
9262307
9262456
9263186
9263468
9265529
9267507
9267535
9268293
9268843
9268912
9270407
9274132
9274554
9274640
9277274
9279087
9280434
9280882
9281593
9281804
9282330
9283422
9283506
9284838
9284859
9285612
9287242
9288303
9289196
9289979
9291331
9292213
9292378
9295324
9303707
9304025
9304173
9304772
9304808
9305418
9307363
9308095
9308359
9308868
9309052
9309528
9309967
9312349
9312622
9312638
9314234
9314910
9315079
9319198
9319493
9319736
9320044
9322889
9323695
9323815
9324549
9324836
9326330
9327003
9327642
9327894
9328036
9328063
9328721
9329223
9330259
9330266
9330591
9332017
9332376
9332639
9332932
9332933
9334087
9334557
9335360
9335396
9336916
9337162
9337452
9337819
9337973
9339234
9342075
9344247
9344326
9344407
9344844
9345246
9345889
9346160
9346552
9348750
9349655
9349757
9351833
9354186
9354485
9356685
9357002
9357805
9358784
9359418
9360693
9360998
9362017
9362938
9363862
9365735
9365880
9366394
9367752
9368033
9368650
9368850
9369141
9369254
9369517
9370909
9370910
9371321
9371938
9372033
9375721
9376498
9376903
9377578
9378033
9379973
9380662
9381974
9382211
9382247
9384343
9384399
9385166
9386260
9387216
9387768
9388823
9389113
9389745
9392545
9394979
9395470
9395560
9395716
9397029
9397325
9397934
9398341
9400184
9400871
9402042
9403981
9404486
9405680
9405755
9405780
9406235
9407964
9408394
9411154
9412437
9412469
9412703
9413381
9414274
9415729
9416662
9417124
9417240
9417845
9421708
9423157
9423348
9424002
9425262
9425530
9426718
9427062
9430331
9430513
9430571
9431630
9434871
9435964
9436022
9436093
9436321
9437477
9438225
9438566
9439091
9439127
9439931
9440779
9441909
9442165
9442215
9442230
9442366
9442471
9442728
9443265
9443478
9443675
9443896
9444688
9448377
9448540
9449983
9450800
9451357
9451444
9451604
9451609
9454119
9454134
9456614
9458912
9459477
9459616
9461552
9463854
9464225
9464253
9465073
9465770
9468346
9469065
9470548
9470795
9471892
9472574
9472812
9473196
9473244
9473725
9474300
9475525
9476620
9477173
9477949
9479816
9481528
9481624
9483475
9483683
9483772
9484233
9484817
9486166
9488098
9490487
9490973
9491125
9493094
9493749
9493875
9495046
9495251
9498874
9500485
9500816
9503388
9503973
9505772
9505796
9508340
9509932
9509981
9511605
9512405
9513974
9515139
9516136
9517639
9519716
9520296
9520688
9521147
9521958
9522711
9523340
9523448
9523857
9524572
9525810
9526965
9527239
9527582
9527660
9529383
9533607
9534206
9534590
9535253
9537112
9537164
9537898
9540793
9542062
9542126
9542696
9544467
9545067
9547282
9547695
9548450
9548809
9549434
9552280
9552914
9554141
9554742
9555677
9555853
9557263
9557870
9557939
9558276
9558821
9559147
9559852
9560716
9560966
9561058
9564927
9564935
9567055
9570704
9570926
9572870
9573543
9573640
9576698
9577679
9577849
9578339
9579084
9579575
9580304
9581104
9582254
9582926
9583633
9584484
9585146
9585640
9585854
9586900
9587881
9588759
9589740
9589751
9590323
9590687
9591731
9592284
9592635
9593442
9594277
9596940
9597732
9597884
9598895
9599397
9600583
9602781
9602879
9604235
9607947
9609905
9611337
9613616
9616212
9616872
9619734
9620066
9620829
9620839
9622561
9622934
9623216
9627721
9628301
9629499
9629948
9630306
9632280
9632528
9632748
9633342
9633916
9634822
9636729
9637683
9638551
9639551
9640035
9640921
9641754
9641888
9642823
9642943
9642964
9644488
9644615
9646215
9647522
9649438
9652040
9652962
9653288
9653310
9653312
9653502
9654203
9654594
9655350
9655964
9658176
9659312
9659442
9660956
9661052
9664106
9665599
9666910
9668591
9669209
9670808
9672732
9673097
9673972
9674053
9675079
9675168
9675169
9675730
9676185
9678377
9679869
9679921
9683832
9685284
9686019
9688275
9689177
9690867
9692579
9692804
9694056
9694474
9695467
9695580
9696009
9697889
9698722
9698819
9698852
9699934
9700568
9700683
9702682
9703137
9703649
9704335
9704657
9707285
9707687
9710627
9712033
9712453
9712482
9714212
9714516
9714876
9715444
9716422
9716903
9716985
9718834
9719344
9719686
9723284
9725165
9726590
9726907
9727015
9727062
9727190
9729555
9730581
9731732
9731828
9737893
9737994
9738541
9739092
9741079
9741504
9742546
9742736
9744189
9744379
9744454
9744520
9744942
9744998
9746072
9748765
9749863
9750792
9751196
9751257
9759111
9759194
9760125
9761556
9762276
9762742
9765681
9766469
9766783
9766858
9767312
9768305
9769177
9769362
9769417
9769471
9770440
9771882
9772059
9773618
9776467
9776472
9776523
9776799
9777678
9778538
9780950
9781151
9782377
9782734
9783381
9784104
9784668
9785094
9785483
9788195
9788426
9789742
9789835
9789889
9790213
9790296
9790308
9790514
9791739
9793429
9793540
9794922
9796462
9797215
9798566
9799517
9799583
9799688
9804746
9805393
9805466
9808315
9808478
9809349
9809509
9811775
9812014
9815614
9816986
9817878
9817994
9818153
9819436
9819726
9820069
9820184
9820275
9821012
9821089
9822318
9822532
9822576
9823373
9823704
9825858
9826061
9827682
9828013
9828424
9830139
9833238
9833662
9833979
9834266
9834493
9835299
9836372
9837260
9840023
9841035
9841335
9842612
9842797
9842809
9843575
9843856
9843980
9844202
9844737
9847070
9847465
9849936
9852277
9852804
9854855
9854926
9858460
9859672
9861019
9861200
9861628
9862132
9863169
9863336
9863408
9864261
9865469
9866158
9866933
9867803
9868923
9869581
9870079
9871655
9873356
9874838
9874980
9875335
9875758
9875794
9875927
9877438
9878892
9880938
9881828
9882126
9882687
9882697
9883065
9884330
9885213
9885270
9886670
9887960
9887975
9889680
9890791
9892065
9892840
9894498
9895186
9898709
9898968
9899687
9900246
9900247
9902157
9903203
9903551
9904524
9905187
9909074
9910330
9910504
9910877
9911127
9911747
9912575
9912723
9913898
9913919
9917601
9917926
9918550
9922377
9922810
9922861
9924028
9924858
9925123
9925575
9926241
9927137
9929753
9931145
9932407
9933408
9934221
9934793
9935218
9935566
9935577
9936337
9936366
9936561
9937206
9938368
9940186
9940252
9940580
9941575
9941744
9943235
9943928
9944412
9944679
9949289
9951762
9954008
9956717
9957853
9959588
9961177
9961451
9963012
9969920
9969957
9970545
9970647
9970668
9971545
9973331
9974358
9974602
9979079
9979103
9979484
9979565
9980037
9981458
9981894
9982096
9982201
9982277
9985287
9985699
9987964
9990891
9993004
9994112
9994679
9995200
9995494
9996811
9997298
9997790
