318
842
1704
1709
3014
4044
4958
5550
5937
6080
8030
10529
11821
12397
12758
15106
15316
16944
18781
19018
20579
20892
21367
21625
23938
23975
24374
27201
28288
28600
28793
30106
30961
31340
33046
33510
34439
34910
36185
36349
36851
37253
37377
38419
38622
39453
39465
39504
42706
43347
45484
46122
46817
47153
48645
49450
49735
50133
52973
54057
57270
57880
58506
59469
59974
60253
61198
61398
62371
62622
64251
73564
74297
74895
75327
76205
77440
79614
80395
80884
81102
81487
82947
84034
84312
85785
87175
89360
89379
89795
90689
91322
92646
93215
93268
94357
97991
99373
100599
101536
101807
102806
103356
104010
104632
104998
105585
106405
107657
108968
109450
110149
114307
114600
115545
115769
116383
116446
120191
120229
121042
123249
125084
125984
127050
128179
129101
129647
129677
131070
131710
132256
134199
135038
136013
136341
136600
137048
137559
137780
139427
139852
140062
140219
140443
140574
142551
144760
145112
145506
146987
147005
147648
148694
150540
150927
153365
153594
154739
154779
157014
157241
157489
159494
159836
160943
163125
164041
164593
164597
165644
166260
166499
167940
168618
169471
171212
172752
173479
175117
175858
177548
178839
178999
179288
181665
181736
183953
184546
185158
185751
186998
188956
189773
190775
191059
191823
192330
193198
193260
193281
193498
193722
193781
194260
196202
200411
202936
203519
203889
203983
204339
204406
206798
207356
207538
208067
209697
209968
213333
213642
214678
215100
215923
218145
221471
222114
223709
224835
225181
227802
229198
229220
230288
230398
231634
231816
232395
234031
234526
234590
234979
236698
237372
237720
238695
239097
239807
240383
240998
241491
241841
243166
243680
244761
244868
244908
245773
245886
245933
246920
251117
251496
252916
253258
253606
254943
254985
255001
255060
256450
258377
258551
258860
260920
263388
263782
267927
268282
269175
269428
270250
271238
272028
273009
273323
273468
273668
281959
282832
283725
286781
287371
287386
288882
289296
289549
291720
294682
295424
296228
297596
297944
297981
299189
299294
299644
300517
302020
302821
303014
303299
304078
304423
304859
305039
306978
311269
311429
312235
313603
313966
316126
316380
316469
317856
319087
319423
319993
320788
321418
321751
322502
322757
326190
326520
326534
326543
326632
329976
330605
330779
331467
331846
333115
334514
334937
336499
336614
336889
340340
341738
341861
342624
342763
345604
345746
346581
346772
348535
349948
349963
354949
355823
356070
356216
356464
356689
358646
359657
360190
361458
367295
367868
367966
368971
369839
370708
371805
371990
372027
377066
378693
379794
383068
383569
383577
383895
384084
384403
388556
389431
389465
390483
391729
391889
392529
392738
393878
394295
394706
395635
398346
398624
400481
401046
402030
404714
409092
411778
411919
412109
412448
413693
416056
416185
418919
420924
421252
423491
428069
428416
429190
430662
433232
435122
437184
438737
438764
443898
444436
446738
447508
449087
449455
449518
450337
450754
452179
452723
452851
453200
453205
454122
454571
456176
456256
458113
458817
459535
462310
464232
464292
466063
468280
469967
470051
472334
472874
472987
475921
476729
477061
477498
479013
480339
480635
480923
481383
482655
484498
487404
489040
491104
491567
493300
493566
493759
494212
494699
495144
495765
496743
499045
499677
500453
500941
501489
503495
505267
506792
507505
510908
512719
512949
513035
513648
514899
515577
516551
518183
519864
519906
520261
521242
521713
521737
523351
524078
524325
524747
525100
529232
529708
530046
531561
533621
535221
538149
538615
540839
541450
542660
544774
550018
550074
554189
554223
555340
556532
558297
558846
558864
560271
560315
561682
562907
563665
563864
564375
565982
567044
569018
569133
570505
570934
571760
572185
577464
578308
580014
580494
580775
582525
582603
584733
584783
584970
585897
586787
586898
591105
594292
595902
597522
598549
598665
600116
601096
602034
602590
602979
603473
604505
605240
605693
606680
607974
611056
615695
617117
618037
618554
618807
619663
621727
624187
624975
625883
625989
626916
627148
628240
628691
629943
631882
631954
632711
633560
634897
635300
635408
635664
638405
639038
639471
640944
642526
643651
643661
643706
643930
644107
644608
644793
645763
646050
647607
649591
649815
651051
651758
653009
653797
654885
655491
655643
657436
657872
659081
660360
661375
661753
663440
663610
664951
665981
666728
667015
667959
669314
673246
673768
678313
681791
684532
689542
689563
689966
690018
690104
692201
694594
695288
695672
695850
696735
698046
700606
700995
701111
701521
701979
702171
702968
703720
703763
704209
704573
705198
706285
706559
709814
710248
712679
713636
714676
715415
715909
718722
719088
719739
719899
721073
721965
723878
725682
727226
730064
732451
732732
735372
736054
736103
736610
737927
738675
739081
739834
739883
740387
740766
740815
741256
741761
742182
744103
744810
744932
747454
748120
749403
750147
754742
758186
759022
759867
761275
761569
762602
764019
765813
766000
767118
768971
770798
770903
774294
774303
774419
774614
777858
779022
780223
780553
780644
782938
784045
784133
786474
786523
787802
787986
789431
789540
790722
791602
791652
795174
795992
798267
798335
798610
799871
801040
803090
803991
804716
804788
804824
808133
811452
811655
812856
813351
814616
816338
816807
817604
818511
819341
820969
821570
822567
822783
823191
823201
823368
824654
825048
825330
825846
825890
827538
829920
830961
831496
833364
834226
835121
839542
840031
843352
843394
845525
846861
847648
850247
850581
850700
852962
860099
861247
862289
866625
866862
868871
870023
870323
875466
877233
878839
879502
879632
880327
880902
880955
881014
884221
884578
885007
885038
885354
887122
888664
889130
889223
889332
890827
891725
892007
894900
895062
896552
897464
898516
899041
899415
899416
900309
902487
903040
905391
906555
907072
907333
908317
909989
911273
911930
912443
912860
915439
915708
917614
917993
919300
920503
921370
921922
924360
925541
926115
926437
928901
928971
929380
930452
931830
932050
932136
932500
932988
936599
937858
937956
939432
940194
940331
943527
944450
946194
947896
949515
949893
950356
952754
954023
954082
955337
956350
956901
959341
959480
963827
965180
965895
966406
969070
969556
970838
972640
974167
974863
974937
975066
975599
977798
978949
979209
980329
980446
980829
981026
981029
982118
984471
986783
991322
991829
993630
993726
993807
995933
997231
997414
997646
998100
1001130
1001167
1003527
1006678
1007479
1007587
1010182
1010290
1011273
1012189
1012803
1012998
1016119
1016481
1019217
1019491
1019630
1021752
1022308
1023294
1025027
1026570
1027661
1028748
1029584
1030973
1033364
1033832
1034876
1034999
1035043
1035744
1037031
1038012
1039515
1040654
1041942
1042238
1042428
1043242
1044774
1050671
1050711
1051152
1051868
1051953
1052234
1053110
1054505
1054976
1055982
1056506
1059680
1060024
1061098
1062563
1062743
1063403
1065304
1065822
1066334
1066974
1067572
1068900
1069081
1069529
1070139
1071456
1072630
1072912
1074046
1074319
1074460
1074639
1074690
1075288
1076212
1076624
1078922
1079777
1080092
1080302
1081425
1082461
1082739
1082888
1082933
1084361
1085480
1086919
1087005
1088316
1088859
1089650
1090517
1090651
1091379
1091918
1092802
1093764
1094039
1095549
1096747
1097120
1099488
1100038
1100076
1100107
1100335
1100993
1101369
1101713
1101828
1101930
1102236
1103314
1103772
1104932
1106003
1107973
1110062
1111070
1111390
1112386
1113840
1116119
1117307
1117419
1119075
1121037
1123813
1124033
1124886
1125599
1126124
1126974
1127287
1129423
1129917
1129918
1131950
1136167
1137850
1138503
1138920
1140049
1140123
1140143
1140256
1140845
1140863
1141227
1145121
1145504
1147421
1147486
1147845
1148342
1149443
1150336
1151250
1151651
1152067
1152219
1152790
1153458
1154490
1154569
1154669
1154683
1155266
1155878
1156158
1157679
1158226
1159786
1159852
1160114
1161509
1163538
1165505
1165521
1167207
1169457
1171815
1172844
1172887
1176232
1176256
1180107
1184353
1184561
1185965
1190331
1190339
1190545
1191185
1192727
1193684
1194331
1194445
1196599
1196982
1197730
1197813
1199231
1199351
1202695
1202698
1203154
1204455
1205536
1207062
1207104
1208072
1208094
1208226
1208809
1211028
1211342
1211630
1211745
1213902
1215399
1221703
1222452
1224648
1226788
1226893
1227804
1229033
1230092
1231077
1231797
1232802
1233630
1235882
1237401
1238455
1238562
1238593
1238979
1240668
1241681
1244177
1245355
1246647
1247119
1247558
1248035
1248540
1248601
1249724
1249972
1253105
1254692
1255786
1256125
1256466
1256758
1257156
1260096
1260660
1261653
1262602
1263985
1265333
1267093
1267567
1269520
1272310
1272327
1273734
1273897
1274938
1276131
1277204
1279110
1279805
1280104
1280127
1281174
1281876
1282151
1282810
1284364
1284984
1285550
1287917
1288456
1288661
1289134
1289847
1290169
1290241
1290503
1290597
1291424
1291987
1293550
1293650
1296174
1296369
1298487
1300360
1301865
1302042
1306360
1308408
1309628
1311544
1312255
1312294
1312786
1313122
1313373
1313816
1314529
1315254
1315282
1315302
1315939
1316558
1317084
1317865
1318503
1319420
1319505
1320093
1320782
1321456
1321676
1322038
1322593
1323310
1323946
1324496
1325393
1329113
1329232
1329625
1329851
1329923
1330367
1333002
1333009
1333501
1334668
1335840
1335863
1336199
1338349
1338492
1338876
1339932
1340380
1342754
1342902
1344723
1344774
1346083
1347089
1347853
1348422
1350974
1352152
1352410
1352484
1354428
1354541
1355550
1355760
1356733
1357149
1358454
1358623
1359119
1361322
1362420
1363419
1364129
1364263
1366944
1369419
1371042
1372864
1372984
1373717
1373772
1374236
1375012
1375225
1375237
1376723
1376853
1377795
1378285
1378502
1378644
1378886
1379284
1381152
1381744
1388077
1388349
1390333
1391074
1393690
1394852
1395069
1395371
1396074
1396441
1396686
1397071
1397100
1399040
1399282
1400091
1400403
1401952
1401960
1402145
1402511
1403063
1404104
1405105
1405229
1406806
1409299
1409505
1410031
1411272
1411667
1412883
1413180
1413437
1414890
1416786
1421824
1424140
1424312
1424596
1424835
1425201
1425822
1426638
1427792
1428079
1429265
1432102
1434347
1435289
1435509
1436736
1436836
1437315
1439556
1439946
1440443
1441065
1442673
1444752
1445360
1446300
1449203
1449307
1449382
1453016
1453272
1453475
1454454
1456149
1456860
1456872
1457001
1462234
1463774
1465244
1465982
1465994
1467698
1468173
1468475
1469745
1470218
1470742
1471862
1472886
1473618
1475467
1476889
1477024
1477228
1477272
1478288
1478388
1479511
1483601
1485043
1485753
1487872
1488723
1488840
1491127
1494312
1495400
1497979
1498404
1498977
1499493
1501359
1501751
1503140
1503550
1504664
1504705
1505226
1505405
1507306
1508607
1510075
1510768
1511565
1513478
1517448
1517690
1518212
1521458
1521655
1522417
1522662
1522944
1527305
1528356
1529017
1529023
1532621
1534720
1535214
1535730
1535846
1536908
1540580
1541346
1542977
1545171
1545624
1545814
1547319
1548128
1548720
1550016
1551758
1552118
1553472
1553694
1554534
1555119
1556032
1557019
1559926
1560455
1562129
1562938
1563921
1564636
1564808
1565062
1565301
1565550
1565868
1566988
1568341
1571184
1573308
1573664
1573719
1574044
1574810
1576866
1576892
1577080
1577410
1578018
1581168
1581906
1584486
1585227
1585899
1586536
1587384
1588949
1589587
1590066
1590140
1590640
1591143
1592556
1593603
1594208
1594879
1596339
1596932
1597117
1599915
1600964
1601116
1601298
1601540
1603218
1603989
1604106
1607384
1607817
1610166
1610680
1611251
1612220
1612434
1613687
1613789
1613969
1616129
1617127
1617400
1617881
1618162
1618178
1618194
1618670
1619333
1620443
1620560
1625056
1625158
1626976
1628009
1628100
1629615
1629948
1631834
1631848
1631987
1632528
1632760
1632897
1633937
1635568
1636386
1639056
1639085
1639655
1639959
1640822
1642318
1642663
1644288
1645901
1647397
1648285
1648690
1649265
1649830
1650666
1651857
1653987
1654026
1656433
1658344
1658914
1662423
1662483
1662519
1663546
1663996
1664251
1664420
1665063
1665427
1666049
1667251
1668435
1668787
1669492
1669724
1670005
1672777
1672902
1673711
1675193
1675652
1677236
1678111
1678225
1678990
1682007
1682103
1683259
1683665
1684050
1684609
1685124
1685430
1685544
1685609
1685622
1686289
1686808
1686967
1687538
1688959
1688996
1689939
1690932
1691170
1691784
1692613
1693406
1693488
1694116
1695502
1695681
1696157
1696492
1698080
1698310
1699867
1700736
1705027
1705236
1705284
1705826
1706134
1707566
1708398
1708915
1709209
1709490
1709557
1710926
1711503
1712147
1713076
1713563
1714710
1716233
1716656
1717176
1718220
1719103
1719247
1722804
1722957
1724017
1724516
1725026
1725079
1725685
1728820
1728993
1731961
1733433
1734943
1740598
1740664
1743023
1743522
1744606
1744682
1746496
1747244
1747422
1747794
1747963
1749952
1750949
1751196
1754881
1755523
1756006
1760595
1761690
1762595
1762643
1762848
1764025
1764372
1764479
1767272
1767928
1767933
1769716
1769807
1770504
1770959
1773632
1774033
1776177
1776417
1776471
1777789
1777825
1778669
1778970
1780656
1782022
1782249
1783438
1783731
1785166
1786241
1786322
1786806
1787725
1787781
1789250
1790440
1791912
1792871
1793107
1794064
1794977
1795120
1796151
1796249
1797158
1801494
1801822
1802313
1802344
1802585
1807311
1807397
1807592
1808683
1809064
1809607
1810882
1811251
1812663
1813297
1814280
1814353
1814610
1819126
1819441
1819726
1819990
1820849
1821668
1822051
1825596
1830522
1831477
1832193
1833974
1834856
1837399
1837460
1838288
1839715
1839962
1840997
1841657
1842782
1843149
1843209
1844696
1845783
1848697
1849172
1851196
1851521
1852598
1852669
1854734
1854872
1855372
1856758
1856911
1857116
1857656
1859558
1860259
1860921
1861706
1862501
1865748
1869271
1869538
1869980
1870030
1873251
1873420
1875101
1875258
1876487
1876488
1877120
1879297
1880345
1881858
1885123
1885556
1885603
1885646
1886121
1887129
1887925
1889701
1891849
1894867
1897066
1897673
1897800
1898631
1898811
1899148
1899644
1900327
1900361
1900791
1901055
1901435
1905018
1905026
1905273
1906034
1906042
1908469
1909990
1912810
1912822
1914265
1914733
1915189
1915613
1916837
1917011
1920420
1923081
1923338
1923539
1923917
1925156
1925176
1925391
1925807
1926555
1927035
1927354
1928824
1929576
1929893
1933155
1933274
1933919
1938308
1939504
1939667
1940631
1940728
1942651
1943662
1943787
1944051
1944726
1944744
1945021
1945465
1949223
1949405
1952895
1953204
1955426
1957476
1958846
1959481
1961256
1961287
1964153
1966493
1966580
1966728
1966946
1969193
1969676
1970711
1971997
1972102
1974197
1974323
1974795
1975126
1976194
1977438
1979400
1980632
1981331
1981735
1982317
1982428
1983529
1984733
1985041
1985102
1985346
1985506
1985684
1988086
1988474
1988506
1988645
1989091
1989326
1990038
1990548
1990851
1991472
1992097
1992845
1994222
1995427
1996427
1997100
1997143
1998294
2000011
2000599
2000765
2000775
2002340
2003943
2004272
2006215
2012908
2014881
2016025
2017830
2017853
2017974
2018711
2020740
2021949
2022517
2023511
2023780
2024438
2024672
2024691
2027376
2027824
2028056
2028445
2029589
2029814
2030156
2031549
2032226
2032416
2032827
2033107
2033689
2034303
2034581
2036366
2037229
2038184
2040182
2040484
2040707
2041810
2043828
2044230
2045201
2046323
2048110
2050264
2052179
2053006
2054450
2054741
2054867
2056956
2057902
2059642
2060723
2060733
2061679
2063947
2064100
2064238
2064265
2064791
2065114
2065170
2068271
2069917
2070110
2070323
2071429
2073573
2074581
2074732
2074915
2075461
2076081
2077455
2079399
2082207
2084301
2084781
2085995
2087490
2088001
2088484
2091553
2093706
2094085
2096834
2097369
2098067
2098876
2100882
2102047
2102152
2102576
2102782
2102787
2103483
2105159
2105443
2105807
2109292
2109670
2109947
2110227
2110969
2113358
2113507
2113874
2114816
2114994
2117171
2117605
2117996
2125746
2125831
2126256
2127227
2129413
2132755
2134383
2135020
2135561
2136445
2137184
2137708
2141246
2141454
2141797
2145169
2146000
2148852
2150381
2151630
2151744
2152119
2153685
2154042
2155067
2155079
2155618
2158156
2158733
2160415
2161032
2161238
2161488
2162222
2163815
2164822
2169067
2171058
2171283
2172382
2173421
2173654
2176661
2177307
2179188
2180669
2181729
2182075
2182964
2183347
2183411
2183462
2184250
2184491
2184562
2184912
2185397
2186070
2186805
2186865
2188243
2189085
2190666
2192146
2192430
2192903
2193748
2195276
2196431
2196992
2198946
2198988
2199482
2200432
2200787
2201477
2201763
2202525
2202554
2202850
2203301
2203461
2208710
2208966
2210187
2210860
2211569
2212034
2213242
2214413
2215780
2215941
2216185
2216372
2216482
2217406
2218241
2219327
2220807
2221593
2221660
2222039
2222924
2224534
2224656
2226343
2227836
2228491
2228605
2229143
2229261
2229437
2230756
2231213
2231745
2232909
2233039
2234531
2234750
2235706
2237992
2239175
2240816
2241550
2241928
2242292
2243466
2245892
2247584
2248422
2248823
2249089
2249426
2251075
2253719
2253878
2255403
2256144
2257144
2257207
2258121
2259025
2260069
2260200
2260286
2260411
2261234
2265248
2266089
2266182
2266280
2267079
2269298
2269623
2270020
2271798
2272736
2273770
2273961
2274713
2277145
2277540
2278178
2279138
2280380
2280467
2282044
2282315
2283518
2285022
2286488
2287804
2290090
2290817
2290948
2291507
2293705
2295560
2296228
2298085
2299533
2299610
2304235
2304264
2307187
2309677
2310023
2312577
2313847
2313949
2314298
2314392
2316350
2319095
2319152
2320260
2320732
2320909
2321407
2321802
2323101
2324926
2326388
2328536
2329666
2331859
2332795
2333703
2334019
2338399
2339577
2339796
2340367
2340722
2341361
2343508
2346271
2348759
2348876
2349206
2349981
2351537
2351589
2351873
2355508
2358244
2359799
2359891
2360295
2360722
2361424
2361605
2364322
2366869
2367233
2367264
2367273
2367315
2367804
2368254
2369090
2369581
2370776
2371358
2373083
2375828
2377792
2379591
2380355
2380586
2380665
2381437
2383249
2383391
2384664
2385186
2385722
2386083
2387459
2388157
2389848
2390025
2391756
2392116
2392219
2392816
2392986
2395229
2399166
2399447
2400212
2401261
2402179
2403884
2404397
2404657
2405278
2405918
2406366
2406829
2408926
2409757
2412947
2416589
2417896
2418206
2420081
2422228
2423269
2423518
2424193
2424577
2427509
2427823
2429488
2429919
2431757
2432923
2433649
2433963
2436204
2436711
2439332
2439618
2444925
2445029
2445685
2445729
2445902
2447100
2449334
2454828
2455873
2456290
2457397
2458205
2458262
2459194
2460217
2460420
2460490
2460502
2460742
2461470
2461835
2462462
2463492
2464104
2464227
2465054
2465196
2469900
2470240
2472255
2473238
2475114
2475590
2476350
2476432
2478645
2479199
2479888
2480484
2482555
2482741
2483615
2484776
2485007
2486923
2489554
2490419
2491931
2492682
2492854
2494239
2495960
2498464
2498469
2500326
2500703
2502187
2502701
2503509
2506160
2507100
2507315
2507541
2507568
2508358
2512428
2512513
2519073
2519649
2520799
2521361
2521601
2521628
2522728
2523891
2524384
2525120
2525189
2525227
2526781
2528305
2531509
2531836
2532388
2536173
2536263
2536264
2537010
2538026
2540379
2541640
2541658
2541961
2542389
2543104
2543623
2545113
2546231
2547511
2548452
2548681
2551251
2551635
2551884
2552559
2552728
2552843
2553817
2554222
2556467
2559076
2559525
2561317
2561515
2564993
2565557
2569366
2569700
2569779
2570445
2571396
2572727
2574585
2575278
2578464
2579814
2586221
2586407
2587007
2587519
2591017
2593459
2594246
2594824
2598012
2598240
2599706
2599799
2600088
2601058
2602696
2605739
2606795
2607328
2607347
2609121
2609265
2611408
2611941
2612100
2613479
2613596
2614644
2615275
2615533
2616970
2617294
2619761
2620403
2620989
2622305
2623931
2624293
2627064
2627877
2628009
2628153
2628857
2629009
2630014
2632584
2632649
2633469
2634317
2636001
2636976
2639132
2639338
2639820
2640755
2641337
2642202
2644254
2644255
2644417
2645128
2645745
2645944
2647748
2648426
2649683
2650418
2651426
2654036
2654298
2655733
2655762
2657691
2657707
2658897
2660383
2660774
2661257
2663172
2663206
2663212
2663506
2665037
2665121
2665645
2666253
2666546
2667101
2671128
2671172
2672350
2672437
2672581
2672586
2673601
2674248
2674313
2674728
2675151
2677335
2677551
2678551
2680051
2681573
2689107
2690829
2691721
2692797
2693684
2694689
2695012
2696994
2698188
2698340
2700393
2702163
2705411
2705430
2705535
2705597
2705860
2706295
2706391
2707623
2709912
2713007
2714026
2716800
2716912
2718023
2718425
2718437
2718464
2718945
2719424
2720670
2722113
2723168
2723996
2724349
2725652
2725984
2727511
2727716
2728252
2728958
2729479
2734165
2735533
2735721
2735983
2737383
2737623
2737896
2740157
2740665
2746115
2746233
2746452
2746824
2748474
2750438
2751533
2752283
2753173
2753561
2753940
2754626
2754834
2755339
2755369
2755830
2757056
2758014
2759173
2759261
2759577
2762982
2763647
2765496
2766134
2766279
2766395
2767849
2768437
2769476
2769837
2770133
2773370
2776871
2777394
2779914
2785663
2786975
2787991
2788333
2788426
2788480
2790128
2791409
2792676
2793161
2793861
2795693
2796298
2799832
2801136
2801162
2801719
2803877
2805071
2806866
2806993
2807107
2807555
2807711
2809994
2810951
2811825
2812297
2813250
2813999
2814426
2814705
2816063
2817407
2819970
2821026
2821789
2822576
2822957
2823883
2824410
2826277
2827340
2827837
2827972
2828312
2829857
2832127
2833465
2833496
2834143
2835717
2836614
2838729
2839191
2840550
2841686
2843578
2843694
2843794
2843979
2844461
2845652
2845681
2846500
2846973
2849187
2849399
2849722
2849758
2850472
2850750
2851595
2854028
2854094
2855567
2855891
2856518
2857367
2857430
2857891
2860252
2860677
2861460
2861899
2864612
2865106
2866948
2867523
2868824
2869025
2869130
2871290
2872908
2876169
2876479
2877416
2877832
2877905
2878311
2878385
2878979
2879764
2881606
2882288
2882650
2884224
2884656
2885084
2887324
2887575
2888345
2889198
2889891
2894606
2896424
2897363
2897395
2897964
2899996
2900312
2900654
2902061
2902720
2902954
2904963
2905255
2907123
2909558
2910769
2911164
2912942
2913016
2913433
2914052
2914159
2915733
2916735
2920219
2926184
2926589
2930034
2931337
2931583
2932160
2932912
2932920
2934542
2937592
2938277
2939467
2941407
2941540
2941563
2941853
2944382
2947770
2949298
2950009
2950800
2951302
2953716
2954312
2954900
2955645
2955898
2956029
2957013
2958071
2960280
2960655
2961837
2962579
2962791
2964212
2964927
2964945
2966307
2966869
2966889
2967441
2968723
2969669
2970478
2972286
2973554
2976998
2978084
2980502
2981351
2982383
2982624
2984634
2985228
2986052
2986269
2986270
2987387
2988764
2989588
2990175
2991265
2993118
2999611
2999771
3001557
3002046
3003873
3004390
3004443
3004541
3005653
3008736
3009106
3010743
3011464
3012492
3013520
3013755
3014260
3014844
3015017
3017260
3017435
3018129
3018325
3020961
3021571
3021811
3023157
3024197
3024967
3025349
3026735
3026758
3027137
3027421
3027792
3027821
3030618
3031119
3031299
3031471
3031553
3033161
3033789
3034911
3035905
3037596
3038594
3039863
3040942
3041050
3042682
3043828
3043967
3044123
3044373
3044654
3045394
3045423
3045628
3045930
3046832
3047648
3049734
3051883
3051940
3052734
3054065
3054362
3054781
3054913
3055323
3055680
3056970
3057248
3057786
3058712
3059242
3059687
3060028
3060226
3060625
3061041
3062705
3063324
3064205
3064807
3065281
3065357
3066463
3067049
3068816
3068907
3069452
3071279
3072377
3072671
3073027
3076383
3078463
3078717
3080584
3081540
3081887
3083440
3085805
3087557
3087622
3088384
3088404
3089547
3090088
3090383
3090503
3090621
3091272
3092889
3094150
3094894
3095307
3095549
3095761
3097168
3097491
3097631
3099062
3100995
3102688
3102879
3103748
3105290
3107146
3107474
3107874
3108243
3108386
3109549
3111580
3112897
3113747
3114303
3115655
3115802
3116945
3118729
3118860
3119098
3121211
3121239
3122707
3123029
3123173
3123759
3123953
3124742
3125566
3128246
3128300
3129729
3133652
3134392
3137475
3137796
3138819
3140422
3140921
3142490
3143915
3144234
3144412
3145659
3145939
3146016
3146925
3147012
3149452
3150508
3152297
3152487
3152665
3155116
3157045
3157115
3158137
3158421
3159130
3160104
3160426
3162267
3163164
3165024
3166435
3167525
3167660
3167933
3168115
3168721
3170567
3171655
3173190
3174704
3175349
3175546
3175648
3175738
3177980
3178300
3178757
3179936
3180300
3180609
3184201
3185544
3186049
3186595
3186990
3187793
3187882
3190525
3192196
3192451
3193795
3195367
3197233
3197593
3199801
3199889
3200038
3200529
3201797
3202912
3203735
3204008
3204700
3206156
3206422
3208449
3210609
3210983
3211015
3211132
3211165
3212029
3212800
3213483
3214125
3214779
3215547
3217589
3218291
3218410
3218917
3219851
3220883
3220925
3223785
3224151
3224357
3225339
3227682
3229086
3229719
3229997
3230797
3231784
3232029
3233530
3233634
3235322
3235680
3238719
3239387
3239524
3240768
3240898
3240911
3240955
3242430
3242764
3243180
3245384
3245612
3247658
3248469
3249246
3249564
3250243
3250641
3251577
3251887
3254105
3255626
3259266
3259498
3259889
3261038
3263150
3264046
3264624
3266600
3266761
3266873
3266883
3269515
3270053
3270874
3271591
3272127
3272393
3272961
3273414
3274042
3277582
3278639
3283243
3283915
3284879
3285171
3285735
3286454
3286462
3287411
3288808
3289678
3290695
3294261
3294863
3295240
3297986
3298020
3300999
3301643
3301827
3302183
3304364
3306560
3307822
3309436
3311391
3311696
3311798
3313800
3313952
3314202
3314556
3314637
3315809
3316553
3316889
3317002
3319989
3321670
3321835
3321882
3322167
3325916
3326103
3326979
3326988
3328325
3329669
3331352
3331820
3332252
3332947
3334345
3338177
3338180
3339882
3340733
3341765
3342674
3342769
3342891
3343141
3345566
3346217
3346697
3346939
3347482
3350754
3352639
3353046
3353053
3354171
3356236
3356735
3358435
3360446
3361861
3362421
3362702
3363103
3363780
3365748
3366584
3367301
3367313
3367851
3368460
3368898
3370297
3370892
3371995
3372832
3374508
3375923
3376276
3376435
3376685
3378923
3379201
3380473
3381458
3381896
3382186
3382298
3383173
3383253
3383940
3384183
3385956
3386626
3387425
3389144
3390261
3390309
3392575
3392754
3395104
3395859
3396700
3398622
3399157
3400841
3402459
3403077
3405355
3406362
3406405
3407538
3410678
3412398
3413216
3418277
3419255
3422759
3423899
3425651
3427451
3427983
3428388
3428685
3429307
3432091
3432517
3434330
3434983
3436612
3438094
3440774
3440997
3441393
3441649
3442732
3442762
3444223
3445981
3446612
3446661
3448136
3449240
3451164
3451436
3452374
3453394
3454112
3454169
3454527
3455631
3456674
3456826
3458425
3459187
3460001
3460502
3461588
3462170
3462411
3464097
3464829
3464890
3465926
3467712
3470476
3470724
3470991
3471020
3471255
3471361
3471411
3472314
3472884
3473309
3475704
3475945
3477205
3478375
3478838
3479535
3480157
3481194
3482302
3482593
3482948
3483127
3484690
3485029
3485989
3486120
3486197
3486924
3488251
3490809
3491013
3491851
3492190
3493764
3494304
3494615
3494724
3494741
3495036
3495565
3496103
3496724
3497204
3498764
3498845
3499311
3500913
3500921
3503355
3503378
3504169
3504982
3505274
3506042
3506949
3507755
3508140
3508632
3509242
3509574
3510203
3511191
3511651
3513670
3515231
3516264
3516441
3518418
3519626
3521594
3524292
3524410
3524907
3525901
3526387
3526685
3526716
3527698
3527910
3529769
3530207
3530293
3531360
3532556
3533466
3535714
3535809
3538580
3539633
3540616
3541954
3543771
3544023
3545399
3545847
3546217
3546767
3547459
3550533
3550703
3552544
3556571
3556747
3557512
3560204
3562248
3564874
3565567
3567787
3567883
3568172
3569266
3570772
3571529
3571945
3573436
3574181
3574273
3577842
3579613
3581298
3581316
3584979
3585207
3585275
3586245
3586337
3586416
3586829
3589471
3594247
3595629
3596198
3599053
3599348
3599718
3601641
3601681
3602605
3602766
3603704
3604931
3605577
3606264
3607637
3607685
3608259
3608972
3609412
3609550
3612065
3612390
3612618
3613872
3614861
3617616
3618072
3620528
3620698
3620837
3624241
3624556
3625723
3625797
3625886
3627236
3627612
3627866
3628049
3629338
3631461
3632160
3634067
3634329
3634847
3634912
3636091
3636395
3636818
3637005
3637312
3637326
3641113
3641379
3643116
3643367
3644769
3645631
3647051
3649447
3649536
3649730
3652604
3652631
3653321
3653520
3654068
3654274
3654621
3654915
3655619
3657936
3658069
3658600
3658616
3658780
3659862
3659886
3659895
3662513
3662982
3663104
3663639
3665071
3665163
3667472
3667942
3667995
3668020
3668503
3669716
3670512
3673943
3675209
3676052
3676136
3676418
3677088
3677343
3677660
3677808
3678715
3679015
3679818
3680347
3680829
3681970
3683969
3684139
3685039
3685291
3686042
3687947
3688713
3689499
3691216
3692257
3692420
3692558
3693036
3693226
3693413
3695758
3696075
3696885
3697177
3699266
3701875
3701951
3702696
3703555
3706049
3706150
3706966
3707885
3708076
3708951
3709780
3710871
3713507
3713513
3713854
3715961
3717421
3718288
3718497
3720178
3722646
3724205
3726856
3726980
3727070
3728553
3729671
3730006
3731002
3731232
3731482
3733543
3734273
3734800
3737387
3737765
3738353
3738941
3739494
3740388
3741160
3742023
3743069
3744678
3746437
3747092
3748278
3748362
3748391
3749634
3749747
3750293
3750503
3751051
3751966
3752262
3755293
3755724
3755773
3756232
3756236
3756666
3758174
3758404
3758833
3759235
3761257
3761760
3761819
3763178
3763420
3763576
3766289
3766865
3767171
3767477
3767723
3767766
3768248
3769468
3770780
3771060
3771500
3772621
3774691
3774807
3775634
3777241
3777684
3777722
3778006
3778897
3780066
3784108
3784541
3784802
3785349
3786009
3786620
3787641
3788093
3789278
3790462
3791553
3792137
3792334
3794086
3794644
3794759
3795115
3795304
3797495
3797735
3799432
3801439
3802250
3803774
3803876
3804010
3804208
3804781
3805980
3807008
3807022
3807926
3808027
3809054
3809502
3811082
3812121
3813028
3814178
3814722
3820335
3821589
3822178
3823363
3825119
3825429
3825618
3828068
3829267
3830369
3830500
3834502
3836217
3838787
3839872
3840130
3842792
3843375
3843772
3844613
3844775
3845418
3845520
3845704
3846865
3849718
3850136
3850296
3850486
3851252
3851491
3852375
3852481
3853538
3854758
3858241
3859842
3860238
3861680
3863407
3865239
3866434
3866689
3870558
3871341
3872125
3873690
3873812
3875311
3875351
3875440
3875623
3877227
3879458
3881024
3881081
3881536
3881828
3882103
3882639
3884668
3884992
3885321
3885372
3885939
3886193
3888505
3888670
3888898
3890879
3891152
3891925
3894701
3895824
3896575
3896833
3899023
3899047
3899220
3900131
3900161
3900383
3902922
3904863
3905154
3905725
3907614
3908617
3909217
3910078
3911302
3911596
3912936
3913495
3914043
3914050
3915345
3916749
3918602
3919497
3922183
3922386
3923667
3924108
3925283
3925366
3926412
3927388
3927435
3928713
3929451
3929831
3930089
3930218
3930219
3930384
3934307
3936232
3936473
3937107
3937153
3937946
3938261
3938983
3939489
3940103
3941124
3941983
3942608
3943047
3945447
3946629
3946748
3947873
3948543
3949038
3949333
3949380
3949695
3950798
3950946
3952001
3954602
3954846
3955128
3955521
3955626
3955716
3955731
3956737
3956874
3957512
3957552
3958624
3958674
3959130
3959580
3960743
3962237
3962270
3966758
3966941
3968121
3968254
3970154
3971295
3972502
3974421
3976803
3977343
3978272
3978655
3979075
3979329
3979691
3981976
3985425
3986128
3987994
3988697
3988705
3988717
3988937
3989875
3990658
3992675
3994293
3995065
3995294
3996066
3996297
3996588
3996787
3997249
3997624
3997793
3998096
3999841
4000260
4001349
4004525
4005001
4007666
4008433
4010872
4011072
4012806
4014529
4016028
4016517
4016830
4018527
4019563
4019639
4021305
4021420
4022083
4022234
4028512
4031227
4031230
4031302
4032533
4033183
4033846
4034608
4035704
4036732
4037688
4038789
4040515
4041551
4042328
4043149
4044692
4045688
4047599
4047915
4051121
4051186
4052364
4053603
4053625
4053737
4053793
4054020
4054157
4054961
4055622
4056375
4057856
4059313
4059373
4059911
4059996
4060837
4062461
4063297
4063926
4067428
4070262
4070865
4071893
4072541
4073378
4073754
4074419
4076509
4077520
4077706
4077761
4078031
4079377
4081507
4082951
4083663
4087333
4089316
4089536
4090147
4090597
4091892
4093002
4093650
4097641
4098017
4100743
4101348
4103026
4104059
4104241
4104416
4104652
4106802
4107366
4108493
4108723
4110638
4112174
4112793
4113603
4114618
4115193
4116781
4116986
4117734
4118471
4118551
4120841
4124984
4125850
4125897
4127585
4128138
4129724
4130208
4130259
4131011
4131489
4132929
4134394
4135206
4136742
4136927
4136950
4139333
4139516
4139864
4140887
4140932
4141491
4141866
4146716
4147249
4148536
4149351
4149417
4149906
4150893
4150944
4151123
4151742
4152366
4152529
4152602
4152633
4154787
4154926
4155707
4157080
4157403
4157405
4159741
4159859
4160830
4161302
4161698
4162356
4163928
4164545
4164624
4165176
4168155
4169727
4170007
4171151
4171794
4172167
4174062
4174331
4174669
4174944
4175000
4176082
4176343
4176918
4176921
4177610
4178251
4178312
4179351
4179440
4180473
4181974
4182782
4183725
4184190
4186041
4186724
4191316
4191544
4192203
4192460
4192849
4193002
4194075
4196347
4197830
4201589
4203804
4204044
4206354
4211536
4212981
4214555
4214779
4215549
4216974
4217486
4218254
4219283
4219685
4223446
4224473
4225708
4226388
4228181
4228911
4232778
4234164
4235109
4235832
4236560
4237911
4238267
4238330
4238445
4238797
4239747
4240906
4241298
4242626
4243753
4245064
4245409
4245674
4247046
4248540
4249312
4250414
4252566
4253128
4255097
4255577
4255669
4256973
4257257
4257482
4259020
4261438
4261585
4261681
4262611
4262907
4263979
4264355
4265463
4266246
4268253
4270508
4271680
4271691
4273024
4274787
4274996
4275084
4276405
4276550
4276692
4278715
4278719
4280686
4281569
4281745
4282984
4283036
4285001
4286675
4287589
4289692
4294975
4295476
4297472
4297497
4300534
4302747
4302895
4303106
4306048
4307608
4308296
4308392
4308411
4311466
4311771
4312785
4313113
4316150
4316687
4317368
4317635
4317892
4318673
4319449
4320093
4321067
4321693
4321723
4321858
4322001
4322149
4323408
4325327
4327080
4329550
4330721
4331017
4331255
4331975
4332123
4332924
4334604
4335091
4339576
4339761
4339835
4340954
4342525
4343376
4343851
4345508
4347100
4350580
4350650
4351566
4352410
4352589
4355141
4356458
4357679
4361789
4364457
4364511
4365505
4367030
4369161
4372522
4373498
4375093
4375585
4376119
4376774
4377572
4378552
4379039
4379876
4380307
4381025
4382293
4383473
4384481
4386457
4386608
4386628
4387261
4387924
4387962
4388094
4388270
4389073
4389458
4390270
4391137
4391552
4393505
4393646
4394581
4395420
4395957
4396199
4397451
4402125
4404556
4404682
4406980
4407744
4409208
4409272
4412782
4412983
4413227
4414929
4417591
4417782
4419555
4419779
4420269
4420442
4421925
4422006
4422838
4424091
4426812
4427155
4427285
4427560
4427749
4428726
4429193
4429788
4432421
4435035
4436558
4436783
4438921
4439040
4439146
4439310
4440206
4440262
4440532
4441210
4441567
4444119
4444496
4444611
4446766
4447963
4449049
4449565
4450170
4451729
4451816
4452172
4453811
4454466
4455383
4456028
4456647
4458018
4458147
4458563
4460404
4464163
4464846
4464969
4465149
4467171
4467493
4468765
4470004
4471425
4471697
4472746
4472867
4474845
4477064
4477069
4477095
4481309
4481769
4481876
4484729
4485242
4486043
4486171
4486707
4489398
4489472
4489648
4493437
4494079
4494887
4495361
4496217
4496321
4498706
4499517
4501317
4502023
4503180
4504428
4504953
4505912
4506209
4506223
4506815
4507020
4509220
4509367
4510285
4511070
4511409
4513798
4514119
4514315
4516424
4516933
4517368
4517377
4518995
4519023
4519095
4519342
4521547
4525107
4525997
4526759
4527834
4528590
4529875
4530980
4535132
4536028
4536580
4537714
4538109
4540706
4541005
4542301
4542415
4542627
4545329
4546332
4547699
4547829
4547846
4548660
4550274
4553150
4553441
4553823
4554975
4555895
4555962
4558647
4558750
4562040
4562987
4563682
4564315
4566468
4567506
4568076
4570782
4571324
4571946
4572979
4573290
4573598
4574686
4574868
4575676
4575790
4575972
4576091
4576152
4576861
4578636
4579709
4580011
4580519
4580818
4581634
4582035
4582837
4583165
4587204
4587227
4588672
4588771
4592243
4592637
4592930
4595935
4599158
4599442
4601024
4601325
4601905
4603126
4604309
4607614
4607893
4608701
4609248
4610901
4611061
4611524
4611719
4611927
4615393
4616015
4616467
4617341
4619104
4619943
4621030
4622238
4624114
4624255
4626452
4628109
4628781
4630904
4630991
4631062
4631600
4632084
4633744
4634959
4635228
4635833
4636358
4636644
4636855
4637396
4639090
4640939
4642926
4643708
4644575
4647697
4648028
4648301
4648845
4649980
4651078
4651877
4654086
4654786
4655028
4657582
4657650
4658568
4660080
4660325
4662694
4662943
4663722
4664250
4664949
4665916
4666234
4667225
4667402
4668611
4668880
4669181
4670530
4670656
4671445
4672933
4673382
4674823
4674884
4675704
4678784
4680588
4681466
4681704
4683009
4683212
4684600
4684984
4685000
4685999
4686015
4687455
4687852
4688620
4690568
4690766
4690979
4691427
4693059
4694709
4697947
4699449
4699856
4700391
4700516
4701614
4703026
4704611
4704657
4705863
4706016
4706649
4708975
4709612
4710221
4710225
4710681
4711750
4713294
4714101
4714126
4716176
4716784
4717107
4717983
4718649
4719193
4721400
4722535
4722677
4723144
4723207
4724932
4725276
4725832
4727958
4729737
4730611
4730639
4730912
4731037
4731043
4731715
4732006
4732018
4733152
4735025
4735888
4736845
4737019
4737464
4738011
4739021
4739405
4740983
4742267
4743315
4744236
4744409
4744415
4744588
4747585
4748678
4750464
4751579
4752980
4753216
4753302
4753897
4758588
4759755
4761031
4761271
4761426
4761939
4764673
4765110
4767090
4767784
4768673
4769584
4771015
4771177
4772141
4772889
4773553
4773836
4776502
4776612
4776837
4777386
4777464
4777716
4780154
4781447
4783089
4783709
4783895
4784682
4785350
4785551
4785837
4786352
4787596
4788124
4788320
4790278
4790948
4791820
4792644
4793519
4793659
4795073
4795214
4795392
4798659
4801755
4802079
4802273
4802915
4807187
4808714
4811310
4815031
4816950
4819312
4820884
4821042
4821093
4822873
4823758
4824928
4825170
4826637
4826831
4827201
4827859
4828918
4829037
4829047
4829389
4831228
4832069
4833497
4834129
4834503
4835286
4835382
4836267
4836932
4837283
4838231
4840002
4841806
4842335
4843120
4843281
4843709
4845011
4845507
4845899
4847365
4848634
4848772
4849633
4851227
4852906
4854198
4854297
4854307
4854916
4854953
4855706
4856588
4857415
4857466
4860403
4860924
4862935
4866672
4870318
4871085
4871555
4871653
4873475
4874031
4875501
4876051
4876174
4876302
4877226
4878216
4878820
4880902
4881493
4881574
4882795
4883930
4884430
4885037
4886499
4888954
4889203
4890101
4890240
4890313
4891327
4891463
4892594
4893502
4895371
4895569
4895856
4897323
4897599
4897801
4898995
4900149
4900366
4901515
4903202
4905354
4906073
4906625
4908317
4909232
4910537
4910817
4911525
4913312
4915815
4916616
4916735
4917509
4917591
4919402
4919829
4921612
4923502
4924155
4924746
4925448
4926258
4926891
4926991
4927209
4927505
4928265
4928444
4928739
4928802
4932617
4934129
4934244
4934785
4934994
4935243
4936872
4938714
4941027
4941219
4941236
4941320
4941849
4942574
4944428
4944731
4945542
4946791
4953354
4953709
4954869
4954931
4956475
4957794
4958235
4959544
4959909
4960037
4960261
4961538
4964322
4966016
4967929
4968488
4970264
4972870
4973596
4974062
4975449
4975583
4975956
4976383
4979545
4981377
4981684
4982196
4984799
4984968
4985293
4986158
4986767
4987298
4987775
4990264
4991896
4992265
4993957
4994265
4994406
4995136
4995891
4996539
4997665
4997689
4998997
4999576
5001048
5001122
5001276
5001860
5002236
5003933
5005821
5006785
5007006
5008960
5009976
5010591
5011384
5012433
5013497
5013852
5014727
5015396
5015628
5017434
5018449
5019066
5020932
5021636
5023598
5024079
5024312
5026581
5027443
5027542
5027701
5030014
5030358
5030993
5032808
5035267
5038511
5039196
5039792
5040422
5042288
5043274
5044297
5044344
5045435
5046528
5047150
5047318
5047820
5049175
5051947
5053476
5053729
5053918
5054535
5056003
5058573
5060790
5062913
5063528
5064241
5066035
5066352
5067421
5068481
5071486
5077844
5078321
5080732
5081241
5081464
5082537
5083136
5083144
5083146
5083670
5083713
5084698
5085279
5086210
5088576
5090024
5091031
5091521
5093712
5093968
5094040
5096339
5096636
5096750
5097642
5098215
5098222
5099502
5099512
5100034
5100620
5101523
5103990
5106091
5107059
5107201
5109042
5110433
5111036
5112367
5113480
5114505
5117902
5121231
5121639
5127378
5127821
5127953
5128031
5130708
5131664
5131838
5133414
5133978
5134381
5134767
5137397
5137513
5137961
5138316
5140270
5140606
5141310
5141812
5142223
5142619
5146252
5147574
5147893
5147923
5148712
5149601
5149664
5150733
5150736
5152749
5153321
5155072
5155457
5156552
5157252
5157404
5158926
5159896
5162522
5163304
5165334
5168917
5169213
5170090
5170792
5170893
5172879
5173064
5174055
5174185
5177129
5179470
5179673
5180266
5181941
5182020
5182321
5185795
5187150
5187397
5188087
5188764
5189387
5191284
5193174
5194075
5194080
5194698
5196030
5196964
5200263
5200940
5202795
5205621
5205987
5208733
5209006
5210172
5210343
5210614
5210721
5210833
5211549
5211963
5212724
5214683
5215667
5219298
5219579
5219905
5219993
5220117
5220205
5221227
5221348
5226631
5227826
5229285
5230917
5233249
5233790
5233813
5233988
5233998
5238873
5239285
5240068
5240679
5240833
5242059
5243142
5243179
5243232
5243477
5244290
5245876
5246026
5247288
5248335
5248881
5249983
5250252
5251390
5251492
5255873
5256537
5258276
5262558
5262869
5264261
5265203
5266677
5267387
5268452
5269406
5269466
5270629
5271085
5271684
5272292
5272819
5274416
5276756
5277410
5278873
5279011
5279177
5281500
5281890
5282192
5285841
5286302
5286511
5287263
5295566
5295708
5296764
5297343
5297750
5298627
5298954
5300286
5300545
5300639
5300946
5301863
5302445
5306151
5306945
5308209
5309048
5309246
5310354
5311354
5311753
5313220
5313757
5313801
5314829
5315777
5316249
5316534
5318488
5318641
5319937
5320378
5320391
5320965
5321486
5321707
5321766
5321800
5322203
5322501
5322734
5325136
5325366
5325927
5327699
5328265
5328401
5330327
5332090
5332103
5332193
5333598
5333959
5334961
5335688
5337163
5337224
5337239
5338399
5339391
5339703
5340174
5340525
5340625
5341050
5341633
5342623
5343195
5343930
5344960
5344985
5346771
5347700
5347826
5348981
5351252
5351646
5351945
5352415
5353164
5353448
5355433
5355790
5355876
5356468
5356690
5357913
5358982
5359098
5360778
5360949
5362771
5363156
5366868
5368123
5368146
5368988
5370266
5370476
5371769
5372892
5373700
5374493
5375739
5378773
5379210
5380993
5386304
5387737
5389892
5390046
5390703
5390804
5391459
5391744
5392041
5392861
5393623
5394864
5395293
5395780
5396343
5396782
5397013
5399429
5402288
5405096
5405458
5407107
5407500
5408772
5410556
5412004
5412036
5412241
5412654
5412735
5413261
5413364
5413376
5413406
5414786
5417777
5419556
5421278
5423703
5423825
5424371
5424785
5425196
5425441
5427088
5429579
5430031
5430916
5432756
5433347
5433399
5433464
5435282
5435969
5436489
5438449
5438521
5442425
5445552
5447015
5447179
5447373
5447999
5448761
5449748
5449857
5450039
5450603
5453182
5453403
5455325
5456300
5457474
5458505
5458672
5459048
5459092
5460871
5462941
5463906
5464616
5464972
5466879
5469098
5469288
5471307
5471590
5472685
5473392
5473460
5474129
5474966
5475521
5477747
5477801
5478092
5478516
5480714
5481191
5481269
5481670
5482749
5483990
5484332
5485718
5490869
5492925
5493016
5493444
5493928
5495424
5499852
5501154
5502566
5502841
5505266
5506118
5507285
5507645
5508713
5509510
5510276
5510483
5513680
5517609
5521390
5521932
5522261
5523052
5523090
5525810
5526119
5526376
5528347
5528805
5530270
5530762
5532120
5532780
5533879
5534348
5535209
5535741
5535992
5536726
5537997
5538525
5538703
5540530
5542609
5542779
5543651
5544493
5544738
5545054
5545587
5545828
5546360
5547789
5549033
5550193
5555385
5555589
5556389
5557824
5559136
5560044
5562571
5562714
5562767
5563186
5564190
5566416
5566614
5567906
5572119
5572454
5573950
5574197
5575047
5575632
5576179
5578469
5578884
5580619
5586513
5586710
5587239
5587298
5590827
5594513
5600361
5601284
5603080
5603728
5603806
5606643
5608667
5610747
5611625
5611966
5612361
5612751
5614075
5614846
5615305
5616299
5616391
5616482
5617316
5617679
5619375
5619386
5623530
5623954
5624397
5625601
5627580
5627941
5629499
5630100
5630683
5632842
5634921
5636203
5636340
5637549
5637614
5638355
5640579
5642098
5642949
5643169
5644017
5645386
5645969
5648562
5649487
5651367
5651607
5653319
5654476
5654485
5655290
5655675
5655918
5656755
5657604
5657953
5658176
5658426
5658677
5658790
5659731
5661327
5661459
5661978
5662352
5662842
5663379
5664556
5666019
5666191
5666317
5667172
5668325
5668538
5668747
5669999
5670553
5670961
5671188
5672410
5672457
5672818
5674911
5675126
5675213
5675724
5677369
5677992
5682007
5682350
5683866
5684171
5685527
5685944
5686192
5686209
5687523
5689212
5690782
5690920
5691365
5693006
5693586
5694030
5694132
5694580
5695717
5697547
5699756
5700888
5700968
5701605
5702410
5703158
5703327
5704058
5704077
5704799
5706673
5708066
5712224
5712954
5713802
5714189
5716102
5717436
5717972
5719235
5719829
5721934
5722358
5722543
5723990
5724792
5725404
5726021
5726343
5727115
5729573
5729640
5730034
5730300
5730369
5730679
5731974
5732112
5732322
5733876
5735176
5735368
5735882
5735933
5735985
5736778
5736853
5739592
5742696
5744737
5744755
5746345
5746891
5748950
5749087
5750847
5751283
5751426
5751542
5752073
5752231
5752625
5756652
5758908
5761616
5762283
5762997
5763187
5763715
5763732
5765771
5766517
5766799
5766827
5767021
5767024
5767384
5768324
5770251
5770832
5771710
5771830
5772173
5772478
5774214
5774672
5774712
5775164
5776354
5777207
5779862
5780713
5781181
5782325
5784937
5785227
5785598
5786103
5786251
5787799
5788510
5789681
5789748
5790928
5790984
5793529
5793728
5794187
5794490
5795731
5796959
5798300
5798618
5798764
5800676
5801964
5802226
5802351
5802646
5802647
5806169
5806406
5807581
5807726
5809568
5810046
5810976
5811076
5811536
5811671
5813121
5813313
5814778
5816905
5817694
5818156
5818427
5820691
5821338
5822494
5824128
5824662
5825036
5826946
5827851
5828065
5829001
5830283
5831361
5833582
5833717
5833884
5834908
5837323
5838537
5838543
5841759
5843526
5843916
5844995
5846141
5849021
5849206
5850247
5853737
5854124
5855193
5855745
5855943
5856023
5856852
5858658
5862534
5862676
5865002
5866286
5866745
5867353
5868990
5869089
5869789
5872512
5872944
5873818
5874713
5874886
5875237
5875944
5876213
5876252
5876306
5877132
5877273
5878186
5879063
5879116
5879483
5881400
5881833
5884585
5885315
5886153
5888337
5888940
5889554
5891952
5892348
5893033
5894925
5895519
5898348
5898430
5898849
5899427
5899936
5902588
5903138
5905430
5905590
5907562
5908209
5908221
5908372
5909428
5910910
5911840
5913201
5913572
5914503
5915383
5916114
5918819
5921070
5922406
5923215
5924595
5925220
5925682
5926660
5926988
5928255
5928395
5930708
5931502
5933300
5934378
5935189
5936253
5936354
5939170
5939426
5942325
5942419
5942477
5943069
5943224
5945432
5945875
5946429
5947143
5948061
5949698
5949985
5950729
5951034
5952650
5953524
5955157
5955860
5956221
5956450
5956460
5957693
5958306
5961216
5961818
5962684
5962882
5965173
5965918
5966013
5966274
5966372
5966396
5966677
5968107
5968463
5970265
5972384
5975202
5975661
5976296
5978841
5979172
5979270
5979739
5980506
5981128
5983111
5985160
5985852
5986506
5986702
5987615
5987683
5988699
5988965
5993479
5995433
5995679
5995798
5995850
5997000
5997177
5998544
6000302
6000382
6001052
6002705
6002927
6004836
6005901
6006791
6007381
6009196
6009805
6010173
6010720
6011633
6011950
6012726
6012958
6013443
6013974
6015276
6015705
6018797
6019470
6020162
6024136
6024410
6025134
6025220
6027759
6028501
6029558
6030724
6033094
6033651
6034157
6035614
6036771
6037078
6038094
6039381
6041398
6042277
6042327
6043320
6044467
6046083
6047064
6047822
6048385
6048768
6049759
6049813
6050191
6050399
6051240
6053002
6053179
6053460
6054656
6055323
6056925
6059362
6059759
6060890
6060924
6061398
6064372
6066204
6066379
6067521
6067526
6067927
6068087
6068515
6069111
6069267
6070842
6072302
6072553
6073367
6073864
6073885
6074711
6076280
6077529
6077590
6078086
6079087
6079996
6081210
6081746
6081815
6082528
6085693
6087342
6087916
6090359
6091098
6091668
6092320
6093231
6094170
6095582
6095659
6096121
6097656
6098305
6098618
6098944
6099323
6102039
6102091
6103163
6103252
6103715
6104388
6105498
6108421
6109778
6110693
6112052
6112737
6113207
6114410
6114495
6115190
6116215
6116512
6116586
6116635
6118257
6119305
6120436
6120448
6120727
6122668
6123655
6125695
6125878
6125886
6128344
6129436
6130508
6130693
6130743
6131806
6132789
6135976
6136930
6138925
6139463
6140793
6141297
6141402
6141711
6143685
6146826
6146891
6147986
6148901
6149218
6149473
6151561
6151814
6152344
6152504
6153563
6154013
6155743
6157017
6157148
6157725
6158723
6158918
6159852
6159892
6160887
6160985
6161610
6161929
6163149
6164358
6165436
6166695
6166975
6167185
6167426
6167813
6168972
6169596
6171353
6172757
6173655
6173720
6174424
6174747
6175916
6177289
6177769
6179763
6180009
6181624
6182082
6182131
6182329
6183186
6183390
6186277
6187078
6187726
6188595
6188969
6190018
6190349
6190451
6190812
6191241
6191304
6191395
6192372
6194164
6194300
6194979
6196491
6196513
6197127
6199654
6200010
6200798
6201507
6202043
6204532
6204919
6205896
6206047
6206597
6206598
6207878
6208167
6208985
6209461
6209487
6209904
6210283
6210388
6211166
6214436
6214513
6214854
6218459
6218688
6219167
6219386
6219708
6223173
6223302
6225365
6225372
6226509
6227193
6227260
6228057
6229353
6229937
6230399
6231569
6232161
6232942
6233003
6233629
6234715
6236537
6236636
6236867
6238053
6238637
6239711
6240882
6241359
6241783
6241852
6242438
6242930
6243115
6244980
6245795
6246497
6247822
6250120
6251353
6253583
6255241
6255459
6256043
6259827
6260002
6261709
6262064
6262430
6262686
6264339
6264460
6265867
6265967
6268397
6269914
6272117
6272182
6274667
6275023
6276443
6276656
6276664
6278424
6278958
6281184
6281922
6281969
6282015
6283709
6284194
6285942
6286810
6286884
6287601
6288357
6289815
6290690
6291911
6292765
6293610
6294054
6296042
6296164
6296215
6296766
6298542
6302963
6304425
6304695
6304898
6305063
6305753
6307196
6308767
6309349
6310303
6312027
6313287
6313308
6313663
6314254
6315508
6316519
6317166
6317552
6320388
6323043
6325113
6325856
6326426
6326788
6327846
6330567
6330666
6331003
6331790
6333835
6334504
6335321
6337105
6338753
6339472
6340260
6341402
6341978
6342642
6342905
6343975
6344245
6344576
6344590
6344949
6344991
6345254
6346685
6348502
6349628
6350446
6350572
6350627
6350836
6353949
6355325
6356601
6356749
6357301
6357714
6359254
6359601
6362543
6363321
6363974
6364098
6364112
6364478
6365222
6368024
6369169
6369446
6371851
6373379
6374262
6374453
6376339
6377493
6378695
6379247
6379563
6380471
6382836
6383714
6384889
6385152
6385295
6386865
6387079
6387481
6387953
6388691
6390053
6392608
6393158
6394820
6395187
6395271
6395958
6397092
6397369
6397440
6397908
6399101
6399250
6400514
6400878
6401946
6402352
6402484
6404264
6405283
6406068
6407337
6409729
6410047
6410144
6410667
6410730
6410927
6411532
6411881
6412997
6417435
6418162
6418208
6420009
6420069
6420092
6426161
6426667
6426831
6428304
6429026
6429320
6433198
6434630
6436066
6437042
6437696
6437784
6438170
6438467
6438833
6439709
6442279
6442321
6442509
6442750
6442973
6443389
6443411
6446218
6446475
6447068
6448116
6448684
6450062
6451594
6454618
6454962
6459032
6459544
6460830
6461439
6462490
6462640
6462892
6464899
6466119
6466298
6466406
6467267
6468180
6468284
6469253
6471039
6471394
6472958
6473869
6474064
6474381
6474842
6476026
6476507
6477513
6478657
6479517
6482519
6484036
6488233
6490058
6491971
6492453
6492633
6493081
6493258
6494841
6495428
6495909
6496366
6496436
6497853
6498354
6498499
6498540
6498652
6499160
6499272
6502749
6503597
6504116
6508271
6508786
6509602
6510229
6510508
6516513
6516676
6517302
6520251
6520566
6521183
6521356
6522255
6522294
6524014
6524501
6526573
6531886
6532324
6532849
6533192
6533544
6533615
6534728
6537623
6537806
6538564
6539164
6539298
6540397
6541670
6543746
6544118
6544738
6545012
6547619
6548627
6548918
6549690
6553293
6554796
6558141
6558196
6558589
6561248
6561714
6562869
6563053
6563325
6564072
6564900
6564990
6565002
6565443
6565781
6567025
6567178
6567777
6569951
6570089
6570944
6572112
6572636
6573087
6573101
6573564
6573707
6576452
6578505
6578915
6579301
6581630
6583335
6583674
6585818
6586282
6587318
6588469
6589139
6590159
6593935
6594531
6595408
6595910
6596957
6597165
6597578
6597708
6598207
6598644
6599134
6600080
6600220
6600509
6600740
6601451
6602133
6603742
6604174
6605619
6606030
6610262
6612403
6614173
6614255
6614694
6616164
6616251
6618222
6619132
6623767
6624870
6625258
6625324
6626041
6626754
6628391
6628424
6628459
6628866
6632791
6633265
6635098
6635124
6636359
6637223
6640412
6641452
6646623
6646655
6646698
6647338
6648152
6649236
6650435
6653046
6653128
6656467
6660915
6662447
6662581
6663143
6664830
6664914
6666811
6666866
6667916
6669236
6669779
6672336
6672884
6673126
6674270
6675693
6677900
6678990
6680647
6680814
6681148
6681607
6684385
6684437
6685162
6685746
6685757
6686389
6688440
6688803
6691773
6692199
6692339
6692814
6693991
6694785
6695031
6695691
6695874
6696172
6696410
6696990
6697410
6697491
6697672
6697826
6699738
6700421
6702065
6702733
6703899
6704273
6705059
6707161
6707641
6708577
6708782
6710973
6711223
6713129
6713326
6714791
6715217
6715413
6716174
6718413
6719711
6720333
6720783
6722625
6724138
6724530
6724996
6725770
6726014
6726858
6727424
6729120
6729488
6731711
6735138
6737867
6738924
6739519
6739958
6740296
6741112
6741410
6741869
6743738
6744018
6744824
6745969
6747387
6747871
6748406
6748610
6748912
6749623
6750910
6751499
6751856
6752376
6752405
6752549
6753230
6753422
6754709
6756770
6756827
6760003
6760178
6760771
6761817
6762524
6762741
6764531
6764891
6764915
6765066
6765084
6765098
6766283
6766650
6766850
6767642
6768870
6769031
6769060
6769089
6769144
6770412
6770954
6771071
6771361
6778295
6780131
6780793
6781589
6781781
6782332
6782867
6785252
6785286
6785679
6787608
6788654
6789065
6790040
6790964
6791885
6793931
6794810
6795415
6795484
6795538
6795896
6797706
6798021
6798971
6800862
6802705
6804696
6805762
6809218
6809277
6809500
6813025
6817371
6818885
6819218
6820741
6821081
6822699
6824602
6825495
6827943
6829823
6830433
6830605
6831195
6832106
6833558
6834689
6835172
6835398
6835762
6835945
6836313
6837336
6839686
6839887
6839945
6841620
6843209
6843909
6845304
6846463
6846580
6846826
6847420
6847615
6847638
6849596
6850932
6852012
6852706
6854812
6854926
6858058
6858190
6858242
6859189
6860220
6861436
6861860
6863178
6864577
6865135
6865725
6867073
6867938
6868895
6870011
6871049
6871417
6871782
6872200
6872683
6873246
6874808
6876095
6877964
6878334
6879546
6880151
6880525
6881027
6882335
6883016
6883548
6884307
6885380
6887938
6888126
6888485
6888718
6889762
6889895
6890516
6893196
6894886
6898085
6898648
6899552
6901985
6902169
6903397
6903791
6904565
6905119
6907326
6907664
6909829
6912146
6914057
6916598
6916939
6917669
6918825
6919089
6919315
6921003
6921973
6922526
6923538
6923895
6924198
6924220
6926451
6927399
6927962
6928024
6928247
6928378
6929669
6929696
6930030
6930267
6930888
6934469
6936466
6936651
6936697
6937084
6939256
6941116
6942139
6944185
6944491
6944537
6944902
6946118
6946562
6946947
6947504
6950250
6951345
6951744
6951888
6952586
6952929
6952942
6953066
6953354
6955218
6955224
6956176
6957611
6959025
6959425
6959801
6961352
6961385
6961431
6962079
6962642
6963040
6963354
6963693
6965413
6967014
6967153
6968180
6968572
6970652
6971069
6971363
6971638
6972461
6975086
6975103
6976151
6976696
6976823
6977468
6977508
6978220
6978558
6979625
6980783
6980870
6980986
6981488
6981698
6983277
6983833
6984022
6986543
6989469
6990071
6992053
6992831
6992973
6993410
6993845
6996757
6997070
6997442
6997767
6998353
6998456
6998706
7000811
7001430
7004300
7005280
7006652
7009948
7011314
7013530
7013590
7013800
7015401
7015620
7016782
7017516
7017967
7018469
7018783
7018799
7019176
7019771
7020000
7021361
7021732
7023683
7028532
7029368
7032327
7032835
7034662
7034788
7034992
7035018
7035384
7036509
7036936
7039333
7039395
7043600
7043892
7043947
7045590
7046463
7047236
7047631
7047677
7050021
7051071
7051102
7053479
7053561
7054449
7054581
7057428
7058357
7058401
7059476
7060121
7061461
7061585
7062237
7063540
7063894
7064354
7067347
7069391
7069920
7070869
7070879
7073695
7075929
7076214
7078035
7079035
7079381
7080813
7082116
7082700
7084752
7084863
7085023
7085049
7086702
7092760
7093507
7095739
7095938
7098612
7098806
7099099
7099760
7100306
7101276
7102061
7103209
7103651
7103803
7106105
7106963
7107888
7108954
7111134
7114035
7114376
7114383
7115174
7116817
7118433
7118693
7119695
7121569
7121651
7121955
7121972
7122207
7124100
7125571
7125948
7126049
7126993
7128069
7128652
7129857
7130065
7132145
7134996
7138548
7138855
7139014
7141568
7142905
7143520
7143865
7143935
7145199
7149912
7150648
7151366
7151631
7152375
7154169
7158706
7158946
7159505
7159925
7160612
7160889
7161332
7162014
7162564
7162952
7163607
7164245
7165048
7165627
7166395
7167557
7168242
7169929
7172607
7174639
7174955
7175248
7175962
7176603
7176615
7176979
7179153
7180643
7182296
7182494
7182686
7185114
7188148
7190347
7190891
7191037
7191102
7191980
7192722
7192852
7193791
7196356
7196467
7196957
7197320
7197683
7197688
7197922
7198274
7199273
7200094
7200235
7200369
7201566
7201894
7202029
7202404
7202602
7202796
7202851
7203295
7203329
7203637
7203999
7206582
7211110
7211545
7211661
7214015
7214106
7214471
7215643
7217106
7217494
7217626
7219189
7219192
7219517
7219530
7221469
7222009
7224689
7227229
7227985
7228360
7228676
7231154
7232676
7233192
7233813
7234168
7234824
7234969
7235801
7238356
7238721
7238959
7242540
7243589
7243980
7244246
7244626
7245391
7246736
7246786
7248666
7249422
7249465
7249514
7250205
7251252
7255402
7256231
7256444
7257066
7259079
7259203
7259316
7259602
7260303
7261346
7261577
7265922
7266782
7266975
7268736
7269318
7269368
7270624
7270696
7271380
7273270
7273717
7273773
7274324
7274389
7275191
7276165
7276432
7278881
7279153
7279941
7280702
7280970
7282139
7282570
7283811
7284042
7284267
7284268
7284322
7285397
7285400
7286056
7286732
7287635
7288342
7290058
7290767
7292668
7292704
7293270
7296081
7297437
7297440
7301412
7301444
7301856
7303333
7303906
7305060
7307503
7310833
7311320
7312606
7313736
7314235
7315451
7316355
7316489
7317090
7318216
7318610
7319276
7320438
7320731
7320975
7325771
7325793
7327678
7327875
7328165
7328394
7329902
7330485
7331273
7331643
7331690
7332339
7335224
7335324
7341186
7343831
7344716
7346056
7346123
7347353
7348822
7349712
7349753
7350940
7352455
7352871
7354802
7356126
7356869
7357160
7358467
7358640
7360140
7365594
7366127
7366413
7367521
7367563
7368060
7369950
7370280
7371064
7371875
7371913
7373757
7374456
7374940
7375727
7378339
7379323
7379962
7380776
7381129
7382825
7383332
7385066
7385442
7386183
7388406
7388813
7391325
7391574
7392597
7393217
7395093
7395661
7395727
7399820
7400027
7401765
7401766
7403673
7404549
7405379
7405798
7406201
7406725
7408173
7408313
7408500
7410552
7413715
7414073
7414223
7415026
7415361
7416435
7416890
7417867
7420133
7423321
7425446
7427244
7427477
7428031
7428271
7429925
7430146
7432429
7432571
7435785
7436248
7437071
7437510
7437677
7438006
7438124
7438334
7438572
7438943
7440571
7442254
7442335
7442434
7442979
7443748
7443757
7444270
7449141
7449196
7449297
7449589
7450267
7450307
7452035
7454804
7455145
7457048
7457211
7458249
7460577
7460917
7461508
7461555
7463057
7463070
7463862
7464307
7465388
7466725
7466952
7469242
7469249
7469588
7469865
7471171
7471246
7472450
7472492
7474261
7474650
7474758
7474989
7475965
7476409
7478017
7479507
7480017
7480358
7481236
7482862
7483183
7483351
7484178
7485415
7486744
7491483
7491980
7491998
7492384
7492792
7494025
7494132
7494742
7496959
7498593
7500855
7501164
7503112
7504538
7504642
7506623
7507620
7509249
7509529
7510467
7510525
7510635
7510656
7512108
7513142
7513858
7514675
7516399
7519421
7520045
7521462
7522562
7523182
7523681
7526831
7532104
7532888
7533038
7533876
7535442
7535925
7537334
7538791
7542378
7542440
7543447
7544059
7545814
7547686
7549271
7549652
7551614
7551627
7552024
7552612
7552760
7555835
7558702
7558896
7560227
7564763
7566540
7566655
7566927
7568758
7568976
7570509
7570645
7572414
7574271
7576354
7578705
7578740
7582851
7583780
7584227
7585782
7587459
7587793
7588164
7588989
7589467
7589484
7589873
7590633
7590853
7591006
7591364
7592335
7593156
7594056
7595875
7596158
7596664
7597370
7597765
7600254
7604256
7604344
7605553
7606309
7606326
7607805
7615291
7616566
7616638
7618724
7619489
7619989
7620045
7620893
7622153
7622941
7624933
7628725
7632599
7634215
7634424
7634706
7638083
7638559
7639640
7642136
7645041
7646701
7646747
7648513
7650063
7650230
7650927
7651318
7652934
7654130
7654532
7655219
7655965
7656616
7656750
7657941
7658962
7659473
7660588
7661124
7662455
7662501
7663882
7665826
7668540
7670112
7670797
7671215
7674341
7675112
7677574
7679337
7680000
7682799
7683054
7683604
7684808
7685707
7685711
7685748
7686124
7687280
7688120
7689825
7690090
7690888
7691650
7693130
7693542
7694344
7695341
7695731
7695979
7697959
7698256
7699177
7699893
7700370
7700398
7701145
7704440
7706126
7706386
7709794
7710810
7712137
7712284
7712481
7713447
7713461
7713728
7714099
7714385
7715054
7715318
7715546
7715802
7716333
7717418
7718928
7719762
7720743
7721997
7723846
7724265
7725074
7725839
7728961
7729340
7730365
7731638
7732028
7733057
7733130
7735307
7736568
7737046
7738269
7738476
7739668
7740348
7740569
7742069
7743630
7744570
7745170
7745479
7746236
7746914
7747479
7748959
7749240
7749282
7752729
7753673
7753830
7753956
7754755
7754901
7755346
7755847
7757209
7759955
7760389
7760919
7763508
7764119
7764493
7764740
7765585
7765780
7765936
7766018
7767058
7767502
7768341
7768687
7769319
7772401
7773647
7774478
7774918
7776575
7778232
7779213
7779341
7779692
7779697
7779938
7780731
7782118
7782860
7783211
7783426
7783547
7784496
7790556
7791510
7791771
7792076
7792949
7793610
7793772
7795121
7795293
7797246
7798877
7799617
7801250
7801666
7802123
7807297
7808238
7808335
7809488
7809595
7810943
7812906
7815111
7819192
7820107
7821235
7822525
7822962
7823696
7824170
7824283
7824625
7825197
7825781
7826276
7826758
7827864
7828125
7828217
7830489
7830924
7831165
7831481
7834632
7835527
7838215
7840112
7840596
7841035
7841256
7843471
7843988
7845084
7846554
7847299
7847460
7847701
7848768
7849053
7850633
7850913
7851177
7851423
7853539
7853657
7853673
7854473
7855251
7856005
7857393
7857532
7857581
7857978
7858058
7858465
7858935
7859758
7860294
7861173
7862621
7863220
7863570
7864746
7865087
7865804
7867185
7869552
7869821
7870226
7871576
7873063
7878862
7879323
7881040
7881064
7882000
7882786
7882847
7883511
7883868
7884155
7884382
7884505
7884520
7886370
7886490
7887278
7888231
7893705
7894453
7894647
7897728
7898306
7898359
7898553
7898991
7900628
7900785
7901112
7901525
7904816
7904818
7906542
7907518
7908874
7909094
7909925
7910090
7910552
7910699
7911705
7912615
7912774
7913311
7915835
7916398
7918902
7920318
7924000
7924338
7925533
7929708
7930450
7931065
7931550
7933324
7933465
7934134
7934189
7935594
7936347
7937954
7938147
7938828
7939146
7939203
7940058
7950023
7950492
7950626
7950922
7950927
7951241
7951947
7952380
7952941
7953412
7953540
7953726
7955288
7956299
7958508
7958562
7958637
7959321
7960934
7962651
7964338
7965271
7965480
7966529
7966862
7970315
7971998
7972876
7972925
7973200
7973234
7976880
7976914
7977244
7977383
7977579
7977591
7977765
7978478
7980792
7984767
7984797
7986925
7987217
7988002
7988815
7989045
7992254
7992321
7992678
7993293
7993645
7994789
7994994
7995724
7997653
7998249
7999198
8000910
8001330
8002342
8004032
8005540
8005748
8007477
8009257
8009391
8009502
8009601
8010899
8011174
8013160
8014264
8014606
8014986
8016759
8017769
8019222
8020189
8023320
8023385
8023397
8024326
8024951
8025061
8026213
8026878
8027297
8027667
8027815
8027989
8029225
8030148
8032161
8032938
8034220
8035781
8038268
8038455
8039861
8040400
8041060
8044727
8045443
8045712
8046018
8047167
8049105
8049482
8050295
8050826
8051398
8051566
8053598
8053612
8054689
8054929
8056389
8057104
8057146
8057759
8062187
8064407
8066667
8067721
8069105
8070626
8071263
8072412
8072710
8072849
8074349
8074715
8075346
8075495
8076073
8077735
8081032
8081328
8081541
8081554
8082070
8082246
8082444
8084220
8084828
8085179
8085869
8086783
8087290
8088821
8089668
8090720
8091100
8091372
8093298
8093365
8100167
8101088
8101498
8103108
8103695
8104594
8108824
8111140
8111941
8112809
8114399
8115066
8119267
8121009
8122859
8124293
8126841
8127282
8127778
8128577
8131502
8135368
8137433
8138943
8138985
8141714
8142784
8143289
8145007
8145162
8145219
8147358
8149003
8149173
8149812
8149968
8150646
8151081
8152827
8154108
8155394
8155527
8156314
8156780
8160805
8161537
8161700
8164052
8164548
8164961
8165330
8169795
8171359
8172042
8176675
8177743
8177851
8177977
8178423
8178549
8179550
8180133
8182595
8185259
8185870
8185926
8186879
8187664
8193093
8194932
8198656
8198868
8199426
8202370
8203016
8203493
8204227
8204900
8204961
8205140
8206682
8207236
8214107
8214545
8215036
8215147
8215193
8215310
8215879
8219816
8225337
8226945
8226976
8228326
8230293
8231056
8231880
8233378
8234144
8235909
8236604
8237167
8239090
8243016
8243643
8245247
8245968
8246380
8247621
8250165
8251653
8252458
8254695
8255441
8255561
8256090
8256181
8256745
8258479
8260239
8261059
8262711
8263739
8266567
8266705
8268543
8268559
8269305
8269335
8269908
8270234
8271158
8271279
8271521
8272907
8273740
8275883
8276007
8276102
8277183
8277647
8278613
8278780
8279190
8279322
8280538
8281689
8282883
8282977
8283181
8283980
8284515
8284539
8288293
8289472
8289975
8290548
8292629
8293441
8294149
8295180
8295851
8296008
8296790
8297464
8298205
8298719
8298859
8299131
8299810
8299994
8300919
8301364
8304022
8304179
8306266
8306587
8306603
8306618
8307006
8307564
8307658
8308174
8309060
8309895
8310361
8311388
8314189
8314220
8314390
8314568
8315977
8318222
8318821
8319234
8319721
8319868
8320120
8321566
8323230
8325662
8325663
8326083
8326228
8326318
8328963
8331485
8333098
8335259
8336819
8338830
8339095
8340558
8340892
8343057
8343805
8344375
8352273
8353777
8353816
8354278
8355148
8355359
8355908
8356100
8356483
8356512
8356677
8357998
8359250
8360911
8363657
8364324
8365661
8366063
8367501
8369090
8370448
8371885
8373464
8374468
8375979
8376561
8377348
8377356
8378104
8378341
8379583
8379816
8380308
8382430
8384226
8386932
8388066
8388426
8388686
8389157
8390481
8390882
8394017
8395727
8395733
8396883
8398589
8399295
8399636
8400139
8400601
8401830
8403796
8404313
8405236
8408677
8410552
8410751
8410993
8417596
8418129
8418373
8419329
8419579
8419702
8419747
8423184
8424291
8425039
8425604
8426798
8426873
8428007
8430093
8431009
8431460
8431534
8432100
8432123
8434618
8434728
8434764
8435799
8435920
8439957
8440266
8441262
8443312
8443868
8444349
8444584
8444700
8444806
8444894
8445450
8446115
8447257
8447773
8449267
8450354
8450640
8451013
8451634
8453036
8455268
8456493
8458674
8458752
8459015
8460184
8460484
8461137
8462308
8462414
8463757
8463788
8465045
8465533
8467710
8467802
8467978
8471183
8472060
8473841
8473843
8474754
8474851
8477706
8478386
8479178
8479343
8480003
8480412
8480616
8480702
8481677
8482087
8482490
8483669
8485421
8486296
8487116
8488843
8490646
8490681
8491400
8491750
8492669
8493381
8495990
8496168
8496224
8498189
8498376
8498943
8500046
8500150
8501166
8503301
8504877
8505671
8506063
8506619
8507813
8509686
8510154
8511915
8513426
8514186
8515233
8516351
8519392
8520059
8520132
8520915
8522369
8522413
8522462
8525506
8526066
8528095
8529433
8530381
8531601
8532591
8533905
8533939
8534256
8534876
8536433
8536868
8537339
8537460
8537593
8538300
8541553
8542380
8542878
8543958
8547574
8548200
8549389
8549972
8554347
8554926
8555197
8555976
8557038
8559849
8562348
8563135
8563177
8563500
8563738
8563996
8564233
8564815
8565962
8567032
8569240
8569764
8570992
8571210
8572706
8572786
8573457
8573989
8574122
8576633
8577358
8578095
8579178
8581155
8582201
8582353
8583405
8583588
8584975
8585142
8585360
8585459
8585741
8588447
8588958
8589073
8589174
8589897
8590011
8590767
8590928
8592223
8593600
8593892
8594014
8595822
8598517
8599560
8600308
8600423
8600910
8601578
8603011
8603216
8604318
8605242
8606156
8606185
8606273
8611919
8616378
8617101
8617818
8617847
8619694
8620351
8621180
8621571
8621678
8622224
8622739
8623868
8624510
8625086
8626073
8626574
8626984
8630833
8631614
8633284
8635451
8636357
8636696
8636930
8637110
8638141
8639502
8639775
8640529
8641655
8641706
8644301
8646365
8646987
8648518
8648670
8649067
8651060
8652311
8652632
8652652
8654203
8654773
8655843
8656288
8656636
8657457
8660883
8662332
8662463
8663339
8663863
8665745
8665913
8666634
8666644
8667482
8668024
8668258
8668590
8668877
8669501
8673162
8673451
8674168
8674622
8676155
8676549
8679815
8680353
8685529
8685622
8686716
8687727
8689480
8689541
8689710
8689890
8690226
8691277
8692206
8692314
8695365
8696643
8696751
8697353
8700372
8702755
8704182
8705085
8707411
8708064
8708456
8708747
8708806
8709733
8710232
8710925
8712050
8712089
8713246
8713547
8713729
8714607
8716524
8718220
8719524
8720073
8723486
8724422
8725996
8726553
8728044
8728334
8729405
8729512
8729598
8731207
8731654
8731929
8732673
8732829
8735255
8737196
8737423
8737629
8738764
8740204
8741421
8741518
8741713
8741872
8742332
8742371
8743471
8743740
8745171
8745348
8745805
8746643
8748283
8748859
8749222
8751576
8753195
8753897
8754211
8754544
8754817
8757621
8759419
8761086
8761337
8762564
8764030
8764672
8766761
8767255
8768336
8769510
8770135
8771427
8772527
8772542
8774148
8774777
8779525
8781635
8782337
8784436
8784676
8784892
8785242
8788340
8790445
8791602
8792469
8797811
8798612
8799803
8799953
8800592
8801794
8803463
8806313
8808046
8808821
8810151
8814633
8815088
8815118
8815859
8817497
8817560
8818013
8818967
8818974
8819488
8820513
8820707
8823474
8828150
8828312
8830188
8830605
8830969
8832468
8832980
8836197
8836583
8838924
8840144
8841060
8841430
8841824
8842318
8842863
8843279
8843437
8843486
8843948
8846598
8848798
8849018
8850812
8851246
8855519
8855522
8855531
8858057
8858770
8859033
8859180
8861831
8864794
8865682
8865985
8866251
8869696
8870873
8871004
8871638
8872058
8872536
8873105
8876871
8877126
8879615
8879928
8880814
8882254
8883133
8883844
8885000
8885336
8886660
8886755
8887246
8887429
8888169
8889986
8890323
8890531
8891394
8893156
8893304
8894046
8895088
8895649
8898222
8898683
8899425
8899673
8902348
8903771
8906443
8906767
8907427
8908351
8909199
8909717
8910088
8910296
8912725
8912808
8913252
8913557
8914400
8915688
8916155
8916241
8917775
8919884
8920449
8920758
8921885
8922628
8922865
8923419
8923975
8925835
8925948
8928380
8929912
8931256
8931644
8932705
8932818
8933749
8933756
8940599
8943229
8945319
8945478
8945731
8947469
8947770
8948679
8949684
8951008
8951452
8953080
8953733
8957359
8958245
8959498
8959908
8963598
8964432
8965085
8965579
8966848
8967607
8968663
8969211
8970043
8970858
8972335
8972422
8973139
8973562
8974279
8974507
8975647
8977835
8980124
8980464
8980559
8981048
8981857
8983456
8985803
8986195
8986907
8987535
8989484
8990181
8993649
8995661
8999013
9000470
9001492
9001990
9004755
9004944
9005366
9005803
9006137
9006786
9007464
9007718
9008585
9009441
9009851
9010061
9010280
9010782
9010912
9011007
9011130
9012221
9012629
9016028
9017618
9018890
9019635
9020207
9021332
9021596
9021658
9024004
9024866
9025626
9026537
9029650
9031381
9031928
9034615
9034830
9036198
9040643
9041147
9041461
9041905
9042973
9043219
9044536
9045139
9045398
9045672
9045701
9045906
9047433
9047989
9049112
9049536
9049936
9050291
9051809
9051950
9052645
9053579
9054315
9054797
9055498
9057628
9057651
9058715
9059645
9060255
9061271
9061281
9061507
9062308
9062534
9063250
9064278
9065578
9065643
9066105
9068953
9070149
9070360
9070668
9072527
9073080
9073411
9073595
9073606
9074350
9075111
9075411
9075841
9075872
9077683
9080285
9080906
9082862
9084429
9086287
9086434
9086600
9088583
9089083
9089088
9089204
9089768
9092897
9095085
9096223
9096800
9098364
9099223
9104622
9104964
9105125
9105314
9107056
9108335
9109775
9110282
9110689
9112053
9113590
9113951
9116865
9118563
9119945
9120339
9121865
9122325
9122469
9124104
9124244
9124576
9125842
9126114
9126420
9126459
9126605
9127957
9128508
9129760
9130391
9131832
9136353
9136965
9137658
9138675
9141603
9142888
9144446
9144867
9145233
9147671
9149736
9149856
9150641
9151129
9151745
9152884
9153245
9153265
9153925
9157217
9157886
9159723
9162395
9163965
9164374
9164564
9164898
9167014
9167133
9167795
9167878
9168921
9170094
9170566
9170611
9172057
9173459
9173831
9174291
9174816
9175542
9176092
9178523
9180291
9180425
9181261
9181378
9181517
9182409
9185162
9185991
9187065
9187296
9187357
9187553
9188010
9188031
9189419
9189758
9190649
9191363
9193728
9194508
9194604
9194639
9194775
9195871
9197045
9197717
9197827
9197848
9197886
9199303
9199764
9201481
9202104
9202834
9204821
9206014
9206481
9206579
9206600
9207029
9208541
9209633
9210969
9212368
9213536
9214566
9216815
9219316
9219623
9219919
9220285
9221924
9225358
9226237
9229660
9230024
9230313
9230886
9231230
9232514
9233303
9234251
9235188
9235435
9236493
9236891
9237217
9237642
9237825
9238674
9240295
9240367
9242122
9242457
9242644
9243194
9243619
9243672
9244677
9244692
9247241
9248795
9248849
9249093
9249543
9250367
9251213
9251246
9251438
9252566
9254622
9255224
9255813
9256868
9257803
9258453
9258646
9259512
9260663
9260817
9261174
9261826
9262349
9263007
9263456
9263656
9264659
9266437
9267111
9267132
9267687
9267744
9268987
9269992
9270036
9270673
9270974
9271137
9273314
9274022
9274851
9276051
9276625
9276892
9277877
9278831
9280574
9280978
9282488
9282519
9283103
9283576
9283676
9283878
9284322
9286251
9287165
9289185
9291592
9291796
9293508
9293545
9295141
9296017
9296169
9296412
9299136
9299644
9299967
9301638
9303933
9305608
9305980
9306138
9306238
9306686
9307564
9307741
9308100
9308193
9310777
9313224
9313885
9314103
9315448
9315585
9316038
9316452
9317144
9317630
9318394
9318564
9319211
9320347
9320912
9321130
9321994
9323512
9326426
9327825
9328402
9332791
9334081
9334249
9334459
9335635
9335895
9335909
9335992
9336029
9338219
9339356
9340409
9342063
9346271
9348097
9350354
9351405
9354042
9354053
9355276
9355562
9358196
9360826
9361042
9365394
9365631
9365993
9366843
9368407
9368837
9369647
9372053
9372582
9372962
9374514
9374805
9374975
9376579
9376827
9379040
9381356
9382518
9382901
9382919
9383477
9384414
9386158
9386490
9386600
9388395
9388717
9389609
9390535
9393737
9394237
9395105
9395867
9396327
9397042
9397127
9403154
9405678
9405697
9406408
9406867
9408603
9412960
9414487
9415553
9415915
9415937
9415953
9416811
9419131
9419811
9421049
9423650
9424227
9425632
9426446
9429210
9430749
9430984
9431216
9432688
9433147
9433188
9433202
9434641
9434774
9435323
9435411
9435750
9440981
9441595
9442076
9443337
9443761
9443993
9446771
9448810
9450379
9450564
9451695
9453856
9455101
9455276
9455535
9456200
9456470
9457494
9459375
9459444
9459993
9461000
9461070
9461238
9461301
9461437
9465193
9469823
9470480
9473355
9473991
9477183
9478265
9479097
9479187
9479655
9479961
9480533
9480728
9482606
9483545
9484345
9485616
9487346
9487403
9489801
9489923
9490454
9491030
9493289
9494716
9494887
9495525
9497424
9497629
9498317
9499488
9499543
9500470
9501499
9502088
9502631
9503346
9503546
9503647
9503737
9504103
9505376
9508730
9511002
9512276
9513031
9513803
9514228
9514351
9514656
9515064
9515709
9517321
9517349
9518227
9520235
9521414
9522203
9522427
9527046
9527224
9528555
9528571
9529181
9532464
9533480
9535843
9535986
9536153
9536300
9538294
9538742
9540501
9541312
9542119
9543042
9543061
9544203
9544265
9544711
9544754
9545272
9545745
9546467
9548845
9550517
9551153
9551605
9551755
9553138
9553376
9554341
9555392
9555769
9555906
9556809
9557767
9559228
9561934
9562527
9564427
9565487
9565900
9567454
9567648
9569040
9569335
9569553
9569993
9576310
9577107
9577596
9579037
9580155
9580440
9580533
9581657
9583532
9585012
9585995
9586833
9587161
9587683
9588608
9588809
9589471
9590090
9590945
9592045
9593037
9593151
9593316
9594515
9595745
9595761
9596167
9597143
9597619
9598599
9599892
9600201
9600575
9601021
9601024
9601067
9601352
9602654
9603157
9603229
9603895
9607554
9607803
9609328
9611332
9613205
9614649
9615256
9615715
9616423
9618320
9620432
9620808
9621051
9621190
9623414
9623773
9625240
9625763
9626402
9626662
9626867
9626935
9627748
9629399
9629728
9631258
9632042
9632205
9633518
9636030
9636885
9637756
9638921
9639238
9640059
9641015
9641991
9643592
9643805
9644150
9644207
9644774
9645184
9645187
9646476
9649849
9650564
9650993
9651695
9652024
9653104
9653582
9655675
9656296
9656388
9656791
9657152
9657196
9657470
9659571
9659648
9667394
9670168
9671041
9673806
9674219
9675753
9675942
9682639
9682861
9683651
9684470
9684582
9684702
9685222
9688021
9688413
9689714
9692176
9693165
9693391
9697010
9697228
9697467
9698906
9700158
9701179
9701649
9702385
9702758
9704272
9705760
9706391
9706746
9710060
9710333
9710819
9711770
9713466
9713656
9714384
9714450
9714760
9716208
9717747
9721231
9721387
9722445
9723475
9723987
9723998
9724954
9725103
9725622
9725671
9725691
9725745
9727011
9728142
9728456
9728631
9728738
9730972
9731734
9731808
9733948
9734162
9734780
9734987
9735089
9736173
9740377
9742207
9742627
9742742
9743652
9744191
9744881
9745424
9745949
9747557
9748327
9748648
9750432
9751616
9754093
9754869
9755538
9755927
9756666
9756857
9757152
9758299
9759974
9760162
9762876
9763474
9763778
9765886
9766822
9767882
9768432
9769876
9769960
9772889
9775720
9776744
9777822
9778339
9782317
9782729
9783000
9783367
9783963
9785002
9785666
9786180
9787225
9792843
9794484
9797388
9797576
9798726
9799950
9801074
9801929
9802101
9802233
9802694
9802749
9803151
9805391
9807169
9808640
9808753
9809394
9809596
9809645
9811976
9812341
9813615
9814224
9814790
9815007
9815538
9816340
9816944
9817883
9818631
9819660
9820905
9822339
9822465
9822475
9824087
9824272
9825276
9827414
9828762
9829925
9831854
9832822
9833708
9835714
9836984
9837193
9839516
9840327
9844269
9844429
9844818
9846159
9846629
9848618
9850861
9851629
9852269
9853268
9853762
9857057
9858241
9858689
9859226
9862520
9862919
9863017
9863035
9864081
9864515
9864885
9865461
9867009
9867652
9868517
9870463
9875302
9876808
9877152
9877919
9878320
9879644
9880863
9881299
9881683
9882096
9882951
9882953
9883978
9885109
9885269
9885323
9885534
9887384
9888388
9888975
9890805
9891305
9891521
9891894
9892364
9893119
9893146
9893591
9895222
9895337
9896031
9896091
9896270
9896293
9898383
9898691
9899215
9900199
9900307
9901443
9901876
9902193
9902846
9903856
9904510
9904513
9904700
9905077
9907434
9908558
9908567
9909280
9909620
9910378
9910823
9911474
9912214
9913261
9913361
9913568
9914060
9917594
9917825
9917837
9918792
9919595
9919869
9920682
9920817
9922484
9922536
9923255
9923324
9923518
9924027
9924777
9926021
9926930
9927691
9929348
9929899
9930620
9933293
9934241
9936508
9936584
9938261
9938860
9938910
9939751
9939919
9940714
9941231
9941621
9941635
9944833
9944995
9946554
9949152
9949276
9949479
9949581
9949714
9950221
9951213
9951416
9952229
9954796
9955151
9955340
9955632
9958589
9959335
9960228
9960986
9961265
9961425
9961641
9963619
9963794
9964263
9964761
9965012
9970191
9970239
9970425
9970781
9973041
9973850
9974000
9975385
9975618
9977427
9978766
9980526
9981382
9981446
9981544
9982683
9982821
9984863
9984902
9989486
9989810
9989994
9990660
9994038
9994928
9996929
9997772
