860
2075
2194
3206
3235
3404
4566
4725
4885
5434
7864
8205
10680
10740
12618
12686
14416
14573
15039
15212
16094
16449
16719
18197
20559
21534
22016
23238
23666
25724
26001
26032
28233
29273
32960
33370
33483
33776
34486
34630
35217
35636
38518
38753
42985
44750
45812
46314
46476
47060
48711
50408
50618
50736
51997
53841
55415
56040
56144
57095
58419
61154
61512
61559
65463
67052
67219
68976
70357
73030
73441
73632
74115
75467
78961
80199
81440
82455
82673
83107
85473
86402
87700
88983
89538
89539
90396
91121
91325
91443
92603
93510
97315
97381
98647
99824
100307
100477
100892
102801
102922
103488
104820
105153
105264
107017
107498
108426
109650
110143
111336
112163
112296
112351
113398
116790
116849
119371
119650
121451
121668
122541
122650
123333
123977
124157
125137
126079
129232
131315
131468
132547
132627
132942
133784
137420
138567
140698
141651
142571
146382
147235
148370
148410
150247
154923
155628
155876
159403
159636
160654
160781
161232
161327
162295
163221
164504
164588
164657
164777
165126
167839
167842
168290
168655
169658
171050
171570
171588
171761
174446
176030
177763
178163
179566
181536
182056
186089
187323
187707
189176
191261
191603
192730
194449
195815
197131
197388
198062
198705
198858
199580
202751
202795
204670
205892
206027
207211
207901
208334
208518
208964
209077
209352
209430
209754
210569
211248
214068
215574
217879
218717
221072
223132
223816
224243
225094
225693
226458
226959
228735
229365
229714
230061
230731
231221
231392
231559
231804
232875
233053
233157
233216
234322
236854
239602
239979
240739
243837
248103
248266
248275
251112
251303
251643
252334
253592
253772
256721
256795
259027
259396
259636
259826
260083
262022
262801
266137
267220
267594
267727
267734
267917
270955
271596
272198
275779
278667
279781
280086
280978
281748
282201
282490
283257
283268
283480
284382
284474
284985
285018
285936
288999
289860
294437
295383
295672
295899
299036
299163
299922
301084
302169
302494
305249
308066
308770
309061
310575
311170
311381
312008
312043
312200
313796
314085
314652
314880
316517
318301
318880
320580
321308
321534
323323
323344
323769
324658
325069
327072
327844
328419
333974
335407
336227
336265
336284
336906
337173
337685
338622
340570
340753
343657
343746
344407
344451
348407
348725
350260
351188
352798
353261
353850
354192
356064
358490
360146
360944
362182
362985
363365
363382
363929
364105
366006
366076
369575
370146
370204
370566
371176
371276
371953
372895
373923
375266
376027
376622
376985
377495
378311
378315
379462
380902
382384
385264
386139
387616
388691
388796
388856
391388
395015
395237
395927
396378
397553
399091
400198
401434
401560
401877
403706
405031
405064
407484
407554
409000
410669
411301
414034
417331
417565
418347
418804
419898
420029
420164
420663
421393
421499
422226
422245
422376
423896
425991
429472
429936
431177
434964
435840
439870
441164
441189
442077
442887
443711
443810
443900
443901
444181
445832
447013
447594
448553
448730
450857
452267
453499
455484
455682
455986
456947
457764
460197
460817
461494
461629
461781
462741
462832
466049
466824
468197
468421
469318
469421
470628
472786
473020
473047
474254
474552
474880
475672
476239
476318
480447
480592
480597
480762
481315
481922
482002
483524
486661
488040
488134
488277
489036
489510
491822
493283
493295
493999
495211
495852
497495
497808
500799
501168
502295
502893
503092
504040
504075
505398
506694
506795
507477
509026
510285
510780
512569
512798
513262
515631
515643
517022
518369
518529
519519
519565
521621
522144
524001
525185
525343
525781
526598
526811
527192
527696
530597
531082
531324
531850
534384
534957
535393
536475
536903
537025
537123
537196
537353
539565
540410
541195
541199
542050
542125
543253
543980
544149
545831
546283
548649
553067
553378
555196
556531
556576
557525
557883
559035
559234
559754
560026
560495
563982
564926
568115
568424
568929
570697
570795
574770
576151
576631
577962
578062
578430
579106
579360
580655
581264
581371
583504
583511
584203
584403
584808
585305
586375
586814
588471
589912
589983
591234
591339
592217
593579
593803
594284
594551
595225
596778
597340
597724
598239
598248
601597
602221
602866
603146
606657
606716
607624
608066
608120
610984
610998
611058
611727
613532
614573
615056
617142
617547
619868
621894
622582
623108
625285
625748
626366
626688
627063
627241
627655
627656
628700
628985
629489
630219
630731
630750
632495
634524
634970
636899
637201
639347
639764
640046
640475
640552
640620
641463
641739
642515
643429
643597
645485
646024
647280
648827
648944
648978
649009
652329
652916
653169
653212
656033
656451
657712
658092
659740
660741
663341
663481
664057
665358
669448
672248
673685
673900
673932
673957
674135
674974
675058
678360
679428
681782
686339
686356
687236
691135
692301
692810
693139
693861
695077
695777
695906
696283
696387
696476
697554
698730
699425
706420
706573
707220
708189
709618
709703
709769
711324
711649
712020
712922
713329
714507
716291
721253
722151
722857
724388
724413
724457
730318
730951
733476
734105
739531
739926
740560
740889
741484
745110
745153
746805
747453
749208
750063
753177
754850
754933
757517
758189
760398
760776
764176
764197
766634
766639
770048
770618
771655
771909
774963
775555
777949
779319
779811
780077
780152
780274
780364
783810
786365
786688
787127
789830
790359
793279
795353
796359
796915
798607
799507
799751
800326
800445
802850
803049
803441
803943
805866
806829
809188
809587
810688
810974
811890
813777
814360
814585
815245
817172
818688
819243
820075
820462
821127
822548
823061
823611
823687
825270
826068
826439
826529
827037
827701
831773
832195
835343
836935
837108
838977
839097
839419
840190
840607
840743
842161
844506
846320
848992
850416
851372
851686
852078
853193
853356
854454
855326
855397
857243
857908
860454
860843
865181
865252
865271
866355
867272
870863
871292
871364
872235
872934
873232
873659
873694
874006
874883
876838
877282
878141
878438
878632
879714
879901
884240
884738
885482
887074
888361
888459
891403
892778
893572
894338
894507
895442
896582
897442
898092
898154
898422
900055
900292
900712
900745
900987
901874
902718
903276
906995
907664
908351
909224
909467
910475
911903
913204
913431
915121
916848
918252
920790
920910
921092
921494
922530
922762
923864
924406
924439
925795
928711
931192
931241
931287
932638
932736
933483
933922
934437
934965
935407
936617
937172
937225
937897
938531
938602
938659
942225
942325
943348
944088
944098
947138
947398
948583
948924
949320
949789
951212
954003
954714
954928
955155
955363
956434
956929
957232
958394
959020
959205
960478
960929
961437
961485
962483
962711
964343
967271
967820
970218
970280
971232
971616
971949
975166
977656
978636
982093
982355
983539
983804
983974
985656
986112
988283
990459
990875
991538
991862
993611
993942
994503
994932
996701
997257
997896
997948
998957
999716
999788
1000355
1000413
1003835
1003873
1004235
1004619
1005452
1006881
1007550
1007945
1008526
1008534
1010644
1010868
1011851
1012226
1012874
1013711
1014261
1014701
1014888
1014889
1015323
1018191
1019156
1021934
1022180
1022319
1024019
1025202
1029000
1029031
1029931
1031995
1032920
1034316
1034501
1035044
1036169
1039297
1040056
1040779
1040822
1042595
1044351
1045622
1046998
1048888
1049286
1050162
1053364
1053875
1054249
1054937
1055087
1056748
1057235
1057953
1059656
1059730
1060640
1063514
1063914
1064007
1065261
1065887
1067088
1068953
1069573
1070359
1072626
1072939
1073427
1073553
1074679
1075377
1076159
1076282
1077626
1079531
1080420
1082317
1087794
1087826
1088599
1091782
1091800
1092657
1093562
1094704
1095467
1097439
1098647
1099057
1099096
1100462
1100642
1101021
1101519
1102526
1102562
1105511
1107025
1108413
1109863
1110437
1111310
1112494
1113514
1113962
1115869
1116702
1116954
1116977
1119175
1120077
1120530
1120630
1123363
1123453
1124514
1124964
1125605
1126264
1128034
1128262
1128489
1129992
1130578
1132119
1133237
1133440
1136733
1137751
1138742
1141680
1142925
1143362
1145260
1146456
1146579
1147646
1148559
1150341
1150543
1150665
1154780
1155063
1155109
1155344
1155893
1156320
1156619
1156686
1157064
1157275
1158459
1158803
1159212
1159833
1159934
1160071
1162437
1163142
1165081
1166450
1167163
1168257
1168548
1169120
1169712
1169825
1170153
1170291
1170591
1174147
1174968
1176066
1176771
1177606
1180594
1182195
1184207
1184463
1186487
1186712
1187647
1189408
1190171
1191425
1192206
1193241
1194456
1195491
1195624
1197757
1197928
1199625
1201743
1202847
1202878
1203233
1204444
1206023
1207005
1208663
1208962
1209518
1209613
1211253
1212601
1212754
1213437
1213774
1214883
1215351
1215711
1217574
1218591
1220996
1223231
1223464
1224634
1224913
1226813
1227188
1228451
1229237
1229584
1232821
1233582
1234781
1236344
1236413
1238240
1238355
1239029
1239368
1239829
1240377
1241347
1242319
1242768
1244671
1245238
1245553
1245774
1246076
1247057
1249298
1250459
1250955
1251940
1252293
1253866
1254429
1256537
1258589
1263310
1263345
1264085
1264368
1264564
1264915
1265271
1265292
1267970
1268079
1268852
1269629
1269766
1270416
1271325
1272488
1272740
1273105
1273108
1275058
1275533
1275772
1275879
1276018
1276276
1276922
1277520
1277870
1277887
1277926
1278306
1279721
1279955
1281491
1281709
1284371
1284595
1284597
1285783
1286363
1286895
1287910
1289055
1289628
1289689
1290248
1292067
1293463
1293932
1294398
1295400
1297076
1297824
1297972
1299475
1299699
1301698
1302664
1305148
1307238
1314810
1315728
1315780
1316030
1317768
1318620
1319743
1321077
1322389
1323535
1325030
1325676
1328240
1329231
1329428
1329545
1330716
1331388
1332433
1332977
1334836
1334945
1335293
1335532
1336440
1337946
1342021
1342254
1345548
1345741
1349468
1349701
1351166
1352466
1352824
1353605
1355143
1355605
1356070
1356985
1359203
1361732
1363116
1363416
1364163
1364295
1365059
1365085
1365202
1365307
1366647
1369712
1370309
1370721
1372183
1378317
1378483
1380021
1382045
1382565
1382738
1383272
1386680
1388881
1389200
1389618
1390823
1391341
1392009
1392123
1392637
1393436
1395726
1395735
1396776
1398039
1398146
1400262
1401271
1404183
1404362
1404642
1405277
1405281
1406017
1406341
1406702
1406755
1406857
1407162
1407928
1408564
1409671
1410068
1410462
1411182
1411664
1412567
1413002
1413076
1413101
1413203
1414287
1414849
1416171
1416459
1416549
1418517
1419198
1422959
1423137
1423728
1430781
1432722
1433345
1433600
1433962
1434938
1435100
1435467
1435525
1438122
1438919
1439262
1440333
1440821
1445469
1446447
1447266
1449048
1449537
1450151
1450266
1450934
1452325
1452374
1455823
1456075
1456436
1458312
1460414
1460534
1460636
1461104
1463014
1463702
1468009
1469097
1469262
1469682
1469713
1476661
1478776
1478905
1479757
1480915
1482128
1484007
1484313
1487297
1487590
1488966
1489126
1489496
1490212
1492439
1493135
1493800
1495421
1496036
1496290
1497603
1498258
1499051
1499356
1500230
1500326
1500983
1501737
1501997
1502016
1504143
1505626
1507182
1510891
1513571
1514118
1517284
1517486
1518356
1519037
1519764
1520723
1520871
1522001
1523390
1524830
1526086
1526216
1528292
1528523
1528585
1528756
1530960
1531796
1531876
1532327
1533208
1533293
1533645
1536080
1536301
1538035
1539053
1539361
1540554
1541608
1541833
1543858
1544428
1544945
1545291
1545762
1545797
1548110
1549075
1549482
1550070
1551037
1551360
1551962
1552601
1554869
1555325
1556041
1556843
1556963
1559010
1559423
1559937
1561036
1561712
1561786
1562047
1563814
1564074
1567117
1568955
1569315
1569349
1569576
1571520
1572430
1573127
1574276
1574998
1575749
1580453
1585042
1586066
1586711
1587227
1588046
1590228
1590437
1591664
1591801
1592549
1592991
1593654
1594035
1595726
1596602
1597276
1598449
1599941
1602513
1603933
1604869
1605363
1606724
1606910
1607100
1608363
1608730
1610280
1611999
1612963
1613766
1615397
1616000
1616164
1617811
1617837
1617971
1618342
1618692
1618750
1619611
1621007
1621207
1621483
1621686
1622413
1623546
1624446
1626271
1627029
1627923
1628112
1631125
1631510
1634249
1634540
1635007
1635150
1637422
1637603
1637907
1639094
1639912
1640011
1640571
1641441
1642963
1644368
1645126
1645134
1646376
1651084
1654370
1654656
1657508
1657564
1659282
1660759
1661625
1662572
1665004
1667220
1667915
1668452
1669134
1673342
1673907
1674172
1674268
1674588
1674964
1675219
1675393
1675566
1675869
1676777
1677831
1678176
1678274
1680475
1684164
1685144
1685290
1685576
1686371
1687453
1689114
1691482
1691762
1692058
1692594
1693476
1693579
1693769
1697053
1697552
1699358
1700674
1700733
1702658
1704589
1705105
1705389
1705635
1706676
1707585
1707819
1709166
1709364
1709825
1710299
1710939
1711133
1714202
1716807
1717305
1718495
1719005
1720041
1722934
1723199
1724840
1725192
1726660
1727919
1729045
1730378
1730583
1732970
1734497
1734676
1736390
1737760
1738848
1742205
1743077
1744231
1744268
1744714
1747451
1747536
1749202
1750384
1750701
1751327
1751756
1752007
1752927
1754143
1754298
1755929
1756370
1756587
1756880
1756917
1757036
1757285
1757712
1757733
1759346
1759851
1764956
1766958
1768117
1768802
1770202
1771171
1772072
1774452
1776318
1776601
1776755
1777446
1778232
1779231
1779982
1784729
1785049
1785706
1787268
1787744
1788340
1789223
1790091
1792970
1794743
1795158
1796096
1797061
1798363
1799991
1800095
1801232
1801329
1804415
1806502
1807918
1808048
1808604
1810475
1810620
1810644
1810657
1811721
1811946
1813097
1813196
1815763
1815765
1818215
1819271
1819958
1820454
1820983
1822658
1823030
1825001
1827038
1827694
1828492
1829763
1831441
1833448
1833754
1835069
1835567
1837042
1837942
1837998
1838915
1839084
1839399
1839471
1840055
1840470
1840479
1840812
1842649
1843367
1844292
1844557
1844758
1847368
1849517
1849539
1849868
1850106
1852004
1852083
1853588
1853724
1854167
1854882
1855153
1855443
1855547
1855846
1856738
1857159
1857540
1858443
1858932
1860241
1860406
1861991
1862177
1862769
1864038
1864182
1864594
1866418
1867089
1867813
1868485
1870123
1870296
1870637
1871621
1874123
1874883
1875375
1879925
1880481
1880984
1882270
1882499
1883380
1884420
1885094
1885804
1886549
1887277
1888313
1890515
1891212
1893184
1893394
1894752
1895846
1897407
1898296
1899486
1901087
1905914
1906306
1907830
1908581
1910210
1911691
1911714
1913868
1914283
1918441
1920020
1920291
1921149
1921378
1921493
1922618
1922778
1923284
1924801
1925000
1926290
1927782
1928159
1931811
1932222
1934875
1935412
1937451
1937651
1938086
1938224
1940809
1940937
1942804
1942932
1945211
1947444
1947624
1952461
1952515
1953999
1956238
1956393
1956636
1957142
1958849
1959284
1960758
1961219
1961805
1961925
1961929
1963621
1964784
1965509
1965987
1968185
1968759
1969444
1970394
1971757
1972108
1973740
1976097
1976514
1977440
1979542
1983306
1983842
1985227
1985403
1985899
1986114
1986445
1988154
1988611
1988885
1988946
1991648
1992719
1993344
1994046
1997055
1997137
1997481
1999124
2003826
2003907
2004531
2004994
2005207
2007305
2007512
2008255
2008824
2010069
2011241
2013392
2014488
2015537
2017057
2017834
2018565
2018856
2020179
2022048
2023097
2024277
2025298
2026874
2028072
2028776
2031643
2031771
2032209
2032844
2033404
2034726
2040741
2041491
2042289
2043804
2044624
2045147
2047491
2047724
2048143
2048902
2050085
2050301
2050847
2051013
2051542
2052204
2052801
2052962
2054807
2055944
2056037
2056585
2056823
2057993
2058095
2060845
2061179
2063111
2065925
2068393
2068450
2070797
2072023
2073752
2074226
2076620
2077197
2077845
2081533
2082620
2083478
2084547
2084759
2085488
2086266
2086878
2087805
2088090
2088243
2088791
2089557
2089807
2090697
2093525
2093855
2094717
2097190
2097712
2099666
2099960
2100197
2100305
2100539
2100969
2101070
2103501
2103629
2105943
2106027
2108702
2109245
2109484
2110021
2110416
2111583
2114757
2115051
2115162
2116944
2118139
2118396
2120542
2120662
2121777
2122814
2125394
2125903
2126223
2127212
2130677
2132864
2134789
2139558
2140284
2140863
2141195
2141670
2141899
2142502
2142638
2142899
2143553
2144397
2146119
2146769
2146961
2147258
2147990
2149851
2150697
2152367
2152476
2152693
2154279
2154384
2154531
2154818
2156567
2158140
2158335
2158414
2160267
2161174
2161240
2161797
2162587
2163661
2164443
2165129
2165605
2167008
2167862
2168955
2170174
2171794
2172198
2176795
2177504
2177712
2177724
2178308
2178767
2179130
2179200
2180025
2180874
2181035
2181722
2182222
2186945
2187168
2188245
2188380
2188727
2188911
2189282
2193037
2194497
2194901
2197520
2201056
2202111
2202456
2205983
2206966
2209615
2210376
2210664
2210755
2211227
2211638
2212232
2212857
2213131
2213408
2215112
2216953
2219760
2225711
2226985
2227670
2228344
2228600
2229334
2229981
2230571
2231484
2232871
2233951
2233967
2234346
2237639
2238210
2240212
2240574
2241339
2241466
2241841
2242874
2243866
2244378
2244410
2244649
2246032
2246655
2248391
2248879
2249484
2249690
2250374
2250883
2250888
2252445
2252674
2254081
2254682
2259123
2259408
2260574
2260660
2260821
2262718
2263023
2263562
2264875
2267364
2270898
2270910
2271636
2272512
2273118
2273482
2275003
2275146
2275371
2277557
2277982
2279805
2281007
2281471
2284459
2286382
2287090
2288406
2288675
2288991
2291187
2291643
2293420
2293969
2294122
2295149
2296796
2300698
2301507
2303436
2304772
2306297
2307032
2307079
2308001
2308508
2309353
2310648
2312176
2312294
2313068
2313810
2313851
2314534
2316068
2317016
2317080
2318033
2318540
2319128
2320062
2320776
2321988
2323387
2323399
2325143
2328484
2330626
2330951
2332490
2332949
2334086
2334422
2335296
2335991
2336309
2337107
2339028
2339726
2340672
2341893
2342067
2342792
2343243
2344927
2345605
2346844
2348415
2349056
2349066
2350289
2351312
2351390
2353266
2354156
2354197
2355005
2355078
2355343
2355501
2355576
2355950
2358892
2361224
2362301
2365294
2368118
2368138
2368182
2368827
2371633
2371959
2373305
2373386
2374766
2375172
2381111
2382854
2385427
2386463
2387129
2387366
2387566
2388233
2389432
2390255
2392840
2393116
2395981
2396320
2397160
2400332
2400695
2400738
2402012
2403594
2403698
2403901
2406524
2406642
2407280
2408978
2409197
2412270
2412566
2413433
2414447
2415682
2415768
2415983
2417879
2418266
2418367
2418888
2419848
2420743
2420784
2421007
2421691
2422988
2423429
2423567
2423623
2425287
2426116
2426643
2427560
2429141
2429627
2431931
2434005
2434637
2436200
2436841
2437069
2440249
2441007
2441076
2442257
2443175
2443453
2445801
2445936
2447968
2448224
2448341
2449732
2454662
2455997
2457727
2458146
2458990
2459726
2463203
2463727
2464944
2466309
2467088
2467333
2467866
2470575
2471457
2473687
2476710
2477231
2477549
2477603
2478816
2479198
2480081
2481915
2484952
2485072
2485866
2486048
2487333
2488767
2488773
2489109
2489379
2490273
2490555
2491068
2493284
2493616
2493656
2494360
2497158
2497972
2499513
2499798
2499984
2502247
2503429
2503547
2505446
2506857
2508734
2509726
2510821
2511404
2515634
2516206
2516826
2518379
2520403
2520619
2523072
2523697
2524029
2524167
2524358
2524816
2526021
2528984
2529013
2529409
2529528
2529744
2532916
2533289
2534200
2534453
2535678
2535779
2537112
2538462
2539120
2539481
2543470
2544814
2545279
2545580
2545597
2545888
2545982
2546022
2546920
2547767
2549141
2549280
2550049
2550570
2550891
2552183
2552519
2554191
2554594
2560477
2563076
2563344
2565264
2565535
2566621
2566637
2569598
2569824
2570271
2572001
2575108
2575523
2576667
2576713
2577383
2578541
2581170
2581952
2582176
2582190
2584082
2584861
2585152
2585207
2585246
2587315
2591926
2593460
2594913
2596733
2600348
2600461
2601078
2601657
2602321
2602470
2602695
2604754
2607980
2609408
2610614
2611463
2612673
2612675
2612982
2613261
2614489
2614518
2617120
2617175
2617272
2617594
2618269
2618751
2619057
2619087
2622141
2623405
2624825
2625306
2627066
2629587
2629909
2630185
2630791
2630795
2631637
2633553
2634011
2634171
2635160
2635180
2635358
2635749
2635765
2636117
2637087
2637341
2639836
2640368
2641826
2642255
2642779
2642986
2644678
2644791
2645965
2648699
2649369
2649471
2650651
2650709
2650925
2651030
2651037
2652623
2653423
2656103
2658070
2659937
2661942
2662327
2666119
2666283
2667919
2668228
2668805
2669561
2670276
2671936
2672214
2673479
2673520
2675782
2678186
2678378
2678891
2680458
2681067
2681737
2682132
2685322
2686410
2689560
2690863
2691442
2694949
2695383
2701821
2704280
2705143
2707290
2707678
2707936
2710934
2710967
2711379
2714839
2715441
2716747
2719884
2726286
2727028
2727935
2728019
2728195
2728593
2729737
2730062
2730833
2732312
2732372
2732647
2732739
2733525
2734214
2734981
2737260
2737394
2739128
2739222
2740106
2740528
2741478
2742295
2742429
2742512
2742882
2742939
2743863
2744169
2747811
2748356
2749126
2749608
2750320
2752818
2753072
2753783
2755059
2755837
2755951
2756194
2758250
2758595
2759736
2760654
2760929
2761417
2762354
2762622
2763518
2764215
2764223
2766077
2766458
2767347
2768164
2769145
2770967
2771168
2771997
2773172
2775183
2776959
2777051
2777303
2777346
2779628
2781068
2781488
2781630
2782778
2785330
2787690
2787717
2788633
2789310
2790375
2791707
2794421
2795200
2796053
2796126
2799107
2801696
2802296
2803987
2804010
2805272
2805404
2805842
2806940
2806964
2808047
2809526
2811810
2813201
2814795
2816365
2816965
2817836
2818294
2818739
2821225
2822126
2822403
2822754
2828517
2829202
2829272
2829464
2830932
2833428
2833682
2833689
2834951
2836277
2837143
2837207
2838527
2838592
2841488
2842098
2843454
2843926
2844173
2845711
2846094
2846589
2847490
2847796
2850062
2852418
2853480
2854100
2855543
2859210
2859554
2859654
2860503
2860729
2860883
2863424
2864584
2865699
2866916
2867529
2868021
2868562
2870399
2871952
2874584
2875506
2876964
2879321
2884788
2885042
2885707
2885846
2889178
2889736
2891654
2892811
2893629
2896543
2897315
2898031
2898404
2898754
2899584
2899984
2901286
2902804
2904044
2904521
2907924
2909172
2909200
2909424
2910948
2911009
2914434
2916280
2916973
2917399
2917739
2919190
2922691
2922973
2924323
2924689
2924852
2925510
2925873
2926025
2926254
2926954
2927005
2927659
2927984
2931722
2933134
2933868
2934466
2934686
2935865
2936291
2936411
2938631
2939596
2941858
2942517
2945518
2945621
2945842
2946320
2946472
2947391
2948069
2948702
2948703
2949574
2949709
2950361
2950435
2952309
2952488
2953012
2954081
2954088
2954386
2955542
2956222
2956936
2957434
2957711
2958299
2958738
2961010
2961088
2961659
2965858
2965928
2967333
2967357
2968459
2969460
2969511
2971746
2972707
2972857
2975366
2975925
2976087
2976674
2976856
2978418
2978602
2978766
2979903
2980003
2980104
2980955
2981716
2982226
2982574
2982955
2984001
2984833
2985268
2985877
2987109
2987606
2987975
2989338
2989726
2989922
2990249
2990662
2990753
2990899
2991555
2991619
2992487
2992659
2992778
2992787
2995497
2996753
2998955
2999007
2999536
2999924
3000635
3001538
3003229
3005215
3005527
3006067
3006853
3007032
3007432
3008775
3009940
3009982
3010666
3010734
3011846
3012269
3012743
3014164
3014178
3014568
3014779
3014974
3015029
3016414
3021364
3022233
3022886
3023304
3023957
3024891
3025904
3026696
3027135
3027947
3028476
3028577
3030664
3031431
3032497
3033587
3034436
3035026
3035817
3038382
3039441
3039526
3040129
3041103
3042328
3042542
3042634
3042740
3043441
3043508
3045006
3045091
3045892
3046080
3048939
3051346
3051393
3051783
3054276
3055113
3055370
3055745
3057564
3058175
3059459
3063667
3064000
3064546
3064586
3065374
3066170
3066355
3066972
3067050
3067421
3069465
3070756
3071695
3074110
3074153
3074441
3075948
3076929
3076992
3078914
3079302
3079750
3080084
3080132
3080788
3080831
3082145
3082469
3082717
3083658
3086131
3086776
3086818
3087762
3089220
3089439
3090502
3090669
3090923
3091898
3092381
3094027
3103755
3104384
3105259
3107367
3107916
3109470
3109707
3111047
3112733
3113357
3115738
3116082
3117714
3118126
3120770
3121194
3122169
3124795
3125168
3127241
3127788
3128765
3131050
3132485
3132641
3133465
3133789
3134413
3134460
3134639
3135462
3135664
3135886
3139030
3139331
3141502
3142613
3149874
3150547
3151573
3153489
3154744
3154757
3158505
3160335
3160882
3161364
3161789
3161884
3162873
3165892
3165983
3166304
3167778
3168369
3168725
3171557
3171817
3173296
3176238
3176244
3177325
3177708
3178015
3178519
3179456
3180348
3181621
3182301
3182744
3183961
3184060
3186378
3186643
3187452
3187817
3188368
3190289
3190550
3191124
3192330
3193183
3195254
3198978
3200737
3200745
3201057
3201373
3201806
3202358
3202786
3203602
3205183
3206418
3207834
3207888
3208133
3208535
3209054
3209441
3209722
3210245
3210640
3211448
3214301
3218152
3220109
3221121
3222803
3223887
3223896
3227321
3227608
3228681
3229560
3232054
3235329
3235738
3237981
3238247
3239956
3240530
3241469
3241581
3243720
3243950
3244035
3244251
3244628
3246489
3247181
3247263
3248873
3249426
3249862
3251742
3251952
3252685
3254627
3255624
3257696
3259879
3259901
3260364
3261934
3262164
3262649
3262735
3263397
3263697
3264090
3265393
3266471
3266516
3266750
3267519
3268240
3268601
3269690
3270909
3271552
3271667
3271782
3272111
3272161
3272729
3272851
3273039
3274864
3274969
3276733
3278362
3279547
3281317
3282175
3282697
3283130
3283280
3283482
3284768
3285612
3286097
3288575
3288689
3289557
3290075
3291279
3292402
3297124
3297755
3298099
3298161
3299142
3300845
3302374
3303578
3304584
3305605
3305715
3306109
3306648
3307156
3308366
3308798
3313251
3314323
3316500
3320851
3321735
3321891
3322940
3323615
3323627
3324872
3324949
3325254
3325768
3325785
3325883
3327098
3328148
3329221
3329897
3330001
3331270
3331643
3331697
3331736
3332400
3333151
3334645
3337116
3337550
3337892
3339014
3339049
3341156
3343336
3344264
3344742
3346801
3347496
3348851
3349094
3349417
3350446
3351074
3352315
3352470
3352526
3352778
3354092
3354856
3355219
3355236
3355339
3355794
3355989
3356389
3356635
3356756
3356951
3357599
3358516
3358561
3359180
3360812
3362905
3364488
3365681
3366176
3366525
3366618
3368484
3369205
3369532
3371021
3371195
3371605
3372151
3373071
3375573
3376442
3377224
3379190
3379901
3385217
3385516
3385546
3386884
3388771
3388851
3390940
3392315
3394841
3400084
3401287
3401503
3401727
3402250
3403386
3404313
3404612
3406646
3406746
3406962
3408364
3409201
3409634
3410013
3410364
3412119
3412197
3412645
3412994
3413412
3413734
3413876
3414742
3414888
3415182
3415773
3415876
3417614
3417725
3418668
3419385
3420434
3420583
3422762
3424160
3424736
3425012
3425266
3426109
3426564
3426642
3426893
3427553
3428394
3429621
3430387
3430936
3431012
3432499
3432938
3433542
3433715
3436444
3439034
3442070
3442798
3443241
3443589
3444707
3444764
3445768
3446386
3447594
3447700
3448544
3451548
3451693
3453190
3453220
3453294
3453668
3453699
3455067
3455428
3456526
3457072
3457254
3457387
3458020
3460730
3461330
3461385
3461877
3464576
3465028
3465620
3467264
3472304
3474160
3474355
3476794
3477357
3478262
3479546
3479745
3481737
3482722
3484434
3484553
3485969
3486345
3486647
3487174
3487572
3489632
3489763
3489770
3489989
3490611
3492376
3492436
3495076
3496881
3497544
3500680
3501118
3501882
3502305
3503904
3504793
3504977
3508074
3508575
3510204
3510788
3512745
3513283
3514347
3514972
3515635
3518357
3519286
3519694
3520137
3521172
3521383
3523388
3525610
3526724
3529041
3532421
3533786
3533956
3535103
3536598
3537871
3541692
3542587
3542821
3543925
3544463
3544821
3545390
3546095
3546341
3548244
3548377
3548622
3549418
3549820
3550450
3550914
3552144
3552980
3554858
3554934
3554955
3556075
3556815
3558522
3560066
3560432
3560560
3560871
3561925
3565038
3565783
3566559
3567871
3568181
3568695
3569522
3570205
3572657
3573471
3574500
3575664
3576116
3576452
3576860
3576948
3581813
3582067
3584964
3585065
3585280
3585596
3586377
3587298
3587459
3587906
3593798
3595702
3595867
3596267
3597747
3597986
3598117
3599316
3601219
3604367
3604460
3604894
3605022
3605400
3605814
3606082
3607671
3613262
3614894
3615119
3619179
3620211
3621991
3622975
3623219
3624357
3624893
3625571
3626698
3627220
3630210
3630488
3631347
3631695
3631700
3632488
3632982
3633961
3634096
3634563
3635190
3635472
3635758
3637295
3639303
3642261
3642574
3643667
3643859
3645002
3645113
3645660
3645701
3647007
3647625
3648382
3650549
3651758
3653219
3655745
3655791
3656404
3656510
3658313
3659004
3660420
3660583
3661302
3661701
3663096
3663228
3663801
3663832
3663972
3669761
3671878
3672575
3672892
3673339
3673619
3674744
3676963
3677480
3678272
3678273
3678595
3680122
3681982
3683024
3683680
3684113
3684771
3685848
3685938
3689659
3690083
3690096
3690403
3694052
3697311
3698895
3700573
3700683
3701009
3702229
3702590
3705748
3706773
3707087
3708014
3708243
3708245
3709723
3712335
3714843
3715064
3717693
3718741
3723165
3723447
3724074
3725571
3727725
3727830
3728655
3729683
3730056
3731177
3732216
3733884
3734330
3734357
3734883
3736188
3736505
3736699
3736926
3736946
3737066
3737158
3737885
3738745
3740813
3742537
3743282
3744253
3744751
3744768
3745655
3746876
3747562
3750357
3752013
3752908
3753078
3753240
3753492
3754049
3754250
3754760
3758078
3758444
3758862
3759263
3759898
3760773
3762520
3763658
3764896
3766701
3767107
3768074
3768238
3768824
3769818
3771430
3776225
3776552
3776808
3776911
3776931
3777271
3777974
3778132
3779668
3779944
3780917
3781874
3782850
3783579
3784001
3785206
3786882
3788154
3788636
3789861
3790359
3790704
3790998
3792815
3792965
3793951
3794948
3796082
3796488
3798149
3798251
3798938
3801347
3801687
3802248
3802664
3803088
3806525
3808046
3808885
3809747
3809796
3810011
3811601
3813532
3814350
3814379
3815905
3817019
3819120
3819746
3821286
3821522
3821989
3824423
3824470
3824826
3826118
3827050
3827083
3827463
3828048
3828200
3829302
3829350
3830173
3830247
3830264
3831517
3831615
3832036
3832353
3834955
3836039
3837758
3838034
3838683
3838983
3840762
3843138
3843762
3844310
3844356
3846620
3846880
3848428
3848530
3848685
3850493
3850841
3851085
3854029
3855143
3855623
3855688
3856129
3858699
3858745
3858956
3860738
3861215
3861778
3862058
3862416
3862646
3864412
3864490
3865197
3867254
3875694
3876235
3876271
3876955
3881733
3883575
3886626
3887296
3887311
3888594
3889228
3889864
3891722
3892835
3893246
3893365
3894125
3894381
3894522
3894551
3895008
3895680
3896385
3897706
3898295
3905526
3905713
3906299
3910897
3912413
3914652
3914695
3916261
3916604
3917624
3918302
3918633
3920348
3920931
3921955
3922584
3922777
3924129
3927414
3927459
3927554
3928036
3929165
3929316
3930411
3930518
3930908
3932678
3933147
3935781
3935805
3935884
3937532
3938203
3939837
3939885
3940901
3944033
3945881
3947078
3947145
3947759
3950444
3952907
3953541
3954868
3956441
3959229
3963129
3963730
3964369
3965257
3965645
3965721
3967197
3967714
3968046
3968475
3968604
3968887
3969112
3971034
3972414
3972563
3974028
3974279
3974726
3974741
3974888
3977519
3978516
3979934
3981225
3981971
3982127
3982164
3982296
3983521
3985076
3985417
3985887
3986408
3986511
3989169
3990104
3990988
3991450
3991766
3993010
3993387
3993668
3994302
3994646
3995460
3995643
3996513
3998733
3998760
3998902
4000577
4002401
4002893
4003459
4005461
4005553
4006717
4008534
4008631
4008709
4009283
4009781
4010255
4010372
4011366
4011764
4012628
4014622
4014775
4016051
4016298
4020427
4020570
4021573
4023210
4024756
4025832
4026288
4027389
4028148
4029395
4029751
4030322
4031056
4033139
4033739
4035600
4037295
4039364
4039797
4041826
4042457
4042630
4043959
4045231
4046004
4046408
4047843
4048080
4048991
4049093
4050638
4050776
4050936
4052376
4053756
4053997
4054606
4055063
4055699
4055725
4056750
4057780
4058233
4058770
4058914
4059620
4060831
4062062
4063792
4066494
4066615
4067429
4069012
4069684
4070856
4072182
4072573
4073797
4074120
4074276
4076169
4078272
4078353
4079255
4082397
4082809
4083703
4084325
4087904
4088097
4089620
4089877
4089937
4091978
4092776
4093965
4097012
4097136
4097728
4101046
4101463
4101484
4102999
4103814
4104996
4105715
4108744
4110800
4111065
4111394
4112975
4113358
4116205
4118060
4118813
4121441
4121723
4122860
4124110
4132467
4132648
4132731
4136234
4136863
4137016
4137780
4138217
4139086
4139572
4139646
4140646
4142426
4143179
4143255
4143898
4145877
4149185
4149457
4150565
4150966
4151181
4151493
4152660
4152804
4153320
4153321
4154505
4155422
4156782
4156844
4157184
4160429
4162531
4162806
4162877
4163827
4165782
4167163
4168713
4169027
4170633
4170719
4171296
4172123
4172968
4174090
4176123
4177242
4177833
4181119
4183797
4184812
4186680
4186838
4189346
4189663
4191395
4193381
4193475
4193919
4194540
4195659
4195960
4197473
4198006
4198382
4200795
4201434
4202894
4203841
4211007
4212837
4212928
4213466
4213750
4214911
4215978
4216193
4216734
4217722
4218717
4218732
4220919
4221331
4222735
4223551
4223620
4224181
4225217
4225696
4225746
4227478
4228373
4229238
4229788
4230233
4230282
4231084
4233598
4234039
4234074
4235973
4236680
4237350
4237740
4237977
4237994
4238463
4239348
4239951
4240851
4243367
4247124
4247346
4248369
4248643
4248918
4249577
4250804
4252336
4252461
4253890
4255518
4256228
4256401
4258378
4258429
4260937
4261540
4261950
4262231
4262502
4263227
4266642
4266771
4267107
4268437
4271266
4272658
4273133
4276012
4277588
4277800
4278433
4279514
4281122
4283347
4284200
4287258
4287273
4287660
4288562
4292179
4292300
4292557
4294096
4296553
4297064
4297816
4297983
4301709
4301819
4301872
4302023
4302252
4302999
4303523
4303634
4305094
4305270
4305412
4305590
4305936
4307568
4307713
4308790
4309683
4311007
4312236
4313628
4313736
4315067
4315124
4315702
4316425
4317048
4317300
4317487
4320120
4321297
4322249
4324582
4327360
4327464
4327866
4328238
4329295
4331174
4331730
4332688
4334416
4334425
4334757
4335032
4335686
4336388
4338890
4345400
4345453
4347827
4347915
4348585
4349150
4350885
4351245
4352246
4352338
4353055
4354930
4358335
4359652
4360076
4360576
4361182
4361906
4361965
4361985
4362781
4362876
4363061
4363426
4368284
4369473
4371202
4371717
4371747
4374362
4374854
4377220
4379105
4381388
4382423
4383605
4385598
4386188
4386614
4386777
4388403
4389194
4389872
4390812
4391039
4393809
4395211
4396294
4396329
4396525
4399021
4400705
4403778
4405635
4406468
4406677
4406705
4407422
4409950
4410474
4410873
4411643
4411727
4412660
4412809
4414297
4415715
4416928
4416960
4417089
4417740
4418840
4419901
4421586
4422816
4423082
4424163
4425892
4426256
4427247
4427917
4428154
4428372
4431261
4433291
4433772
4437017
4438637
4438917
4439319
4439859
4440261
4440828
4442702
4442783
4443741
4445839
4446924
4447376
4447572
4450317
4451631
4453189
4453453
4453630
4454753
4457414
4460001
4463582
4465953
4467282
4467354
4470137
4470251
4470360
4471497
4471811
4472209
4472641
4472973
4473252
4473822
4475292
4476503
4477176
4478164
4479679
4483314
4485348
4486625
4489237
4490523
4491700
4492141
4493581
4495326
4495368
4498555
4499211
4499284
4499775
4500156
4501183
4501292
4501544
4501555
4502283
4503367
4504733
4504964
4506932
4509034
4510368
4510597
4511596
4511602
4512672
4513578
4514050
4514280
4515054
4515726
4516196
4516652
4517415
4518142
4518244
4518416
4518590
4520183
4521545
4522300
4525246
4525402
4527146
4528974
4531509
4532649
4535066
4537103
4539279
4539413
4540673
4541394
4543233
4543941
4546885
4547044
4549269
4550758
4551112
4552976
4554378
4554788
4556955
4557700
4557766
4559361
4559493
4563420
4563638
4564046
4564325
4564481
4565804
4566530
4567663
4568172
4568953
4571168
4571724
4571982
4572433
4574023
4574056
4575251
4576270
4577033
4579095
4579738
4582926
4583244
4584978
4586317
4587538
4588030
4588740
4589877
4590087
4590653
4593083
4593490
4594577
4595779
4596537
4596623
4597111
4597567
4598881
4599357
4599860
4600386
4600725
4601559
4601923
4602832
4603102
4604002
4604579
4607526
4609160
4610698
4613137
4614052
4615217
4616262
4618782
4619278
4621112
4622332
4622574
4623073
4624030
4626003
4628223
4628378
4628388
4629437
4632302
4633243
4634434
4635630
4636995
4637372
4637440
4638107
4641118
4641716
4641744
4642370
4643063
4643198
4647706
4649059
4650270
4650395
4650942
4651586
4651635
4652923
4654223
4654359
4655016
4655033
4655297
4655469
4656020
4656785
4660695
4660706
4661175
4661353
4661679
4661734
4661844
4662628
4662667
4663043
4664060
4664807
4666727
4668208
4668578
4670347
4672248
4673369
4674133
4674697
4674947
4675145
4675166
4676565
4676638
4677850
4678077
4679405
4679726
4682261
4682820
4683714
4684249
4685064
4686597
4686881
4691310
4691471
4691510
4691514
4695089
4695804
4696436
4700109
4701460
4702029
4702820
4703432
4703814
4704927
4706694
4706908
4707998
4710297
4711109
4711212
4711795
4712326
4713927
4715659
4715778
4717350
4717454
4718174
4718189
4719804
4720885
4721445
4721805
4725393
4725873
4726113
4726921
4729141
4731949
4732257
4732699
4732831
4734050
4734763
4736603
4737048
4738213
4738402
4739973
4740566
4740663
4741061
4741082
4741157
4742701
4742783
4743874
4744993
4745247
4746576
4746896
4747768
4747952
4749094
4752109
4756535
4756803
4758195
4758298
4758307
4758310
4758392
4758636
4761444
4763724
4768471
4768772
4769237
4769870
4770177
4770651
4771752
4772566
4773977
4778851
4779686
4782671
4785736
4786287
4786330
4786763
4786839
4792839
4793590
4794807
4797347
4797998
4798553
4799438
4799554
4800377
4801317
4801533
4801733
4801832
4801906
4802215
4802679
4803621
4804590
4804596
4805415
4805873
4807753
4809921
4812954
4816173
4817129
4817577
4819019
4819979
4820627
4820708
4820976
4824459
4825690
4825854
4826657
4827417
4827550
4827692
4828197
4828204
4831318
4831741
4832876
4832941
4833094
4835114
4835278
4836268
4837472
4838235
4838331
4838642
4839504
4839963
4840318
4840944
4841308
4843354
4844048
4845271
4845998
4846168
4846418
4846858
4847139
4847760
4848265
4850818
4852411
4852786
4852829
4853282
4853719
4855035
4856864
4857700
4859537
4859843
4859878
4860314
4860616
4861869
4861874
4865624
4865698
4866158
4866520
4867575
4868207
4869498
4870196
4870300
4870928
4871078
4873377
4874666
4874915
4875689
4876317
4877225
4878165
4879519
4879723
4879881
4880241
4880425
4882072
4883171
4885048
4886079
4887680
4888246
4888378
4889196
4891892
4892501
4893546
4894021
4894169
4895093
4899062
4900016
4900087
4901500
4902398
4904456
4907457
4908965
4909591
4911915
4912434
4913403
4916688
4917079
4917175
4917543
4918941
4919187
4919332
4919950
4920148
4921159
4921423
4921988
4922158
4922522
4922607
4923091
4925450
4926234
4926398
4926807
4926902
4928345
4928435
4928445
4929023
4930021
4931809
4935656
4935761
4936223
4937312
4937439
4938291
4939965
4940892
4941256
4941429
4942390
4943165
4943382
4945047
4946375
4947634
4950571
4950824
4953103
4953232
4954161
4954683
4956491
4956635
4956905
4957198
4961683
4962142
4964292
4964490
4965673
4967000
4967220
4967580
4969821
4970741
4971301
4972176
4972192
4972531
4975867
4976141
4976353
4976828
4979457
4979813
4980656
4982286
4982467
4984611
4987628
4987629
4988159
4988218
4989680
4990373
4991206
4992047
4992472
4993975
4995781
4996525
4996742
4997433
4997682
4998316
4998649
4999139
5000422
5000691
5001225
5002825
5004124
5004806
5004914
5005603
5007868
5007918
5008057
5008850
5011364
5012162
5013654
5013890
5014629
5015229
5015686
5015832
5017109
5017974
5018611
5019664
5020250
5022692
5023728
5025095
5025134
5026241
5026961
5027498
5028884
5032285
5033062
5033637
5034318
5034850
5035080
5036845
5036969
5037314
5037518
5038595
5038687
5039536
5040084
5040408
5041199
5043566
5045423
5048089
5049078
5049995
5051230
5051970
5052677
5053128
5054577
5054627
5056224
5057797
5057822
5058058
5058096
5058566
5058830
5058952
5061020
5061093
5061325
5061701
5061832
5066864
5068394
5071051
5071178
5072036
5072398
5075212
5075337
5076257
5077283
5078980
5079056
5079580
5081108
5081615
5082842
5084024
5084039
5086426
5087811
5088657
5089259
5090149
5091249
5091562
5092168
5092919
5093618
5093974
5094519
5094746
5094766
5094864
5095566
5097417
5097498
5099007
5099571
5100645
5100822
5101392
5103251
5106817
5110119
5111842
5115418
5116260
5117778
5118923
5119705
5119984
5120376
5123253
5124451
5125063
5125388
5126570
5126829
5129546
5129589
5129754
5131900
5132300
5135051
5135757
5135990
5136227
5138563
5139513
5141831
5143343
5144070
5146364
5146490
5146658
5148631
5148932
5150632
5151291
5153537
5153989
5154065
5155199
5155369
5155477
5155563
5155615
5155767
5156448
5157754
5158394
5159141
5159220
5160107
5161889
5162456
5162802
5163626
5163970
5164883
5165132
5165866
5165991
5167190
5168314
5172302
5172807
5172975
5174233
5175242
5177748
5177795
5177973
5178098
5178545
5179086
5179235
5179362
5179946
5180179
5180441
5180485
5182033
5182341
5182927
5183597
5184071
5185269
5186122
5187208
5187811
5188330
5189668
5189967
5190497
5191553
5194474
5196412
5196935
5197798
5198216
5199227
5199629
5200364
5200971
5201249
5202630
5203628
5204670
5206664
5208075
5208861
5209970
5210712
5211258
5212790
5212818
5214153
5214663
5218420
5218603
5218913
5220956
5221678
5223088
5223226
5224647
5224724
5226678
5226713
5229559
5229591
5229715
5229797
5229891
5230723
5230907
5231116
5231884
5232270
5232344
5236647
5237882
5238273
5238605
5239570
5241178
5241494
5242762
5242963
5243670
5246171
5247593
5247702
5247769
5248230
5249920
5252193
5253953
5254325
5254543
5256675
5258050
5259611
5260208
5261941
5262731
5265721
5267294
5267342
5267439
5268329
5268370
5268948
5269544
5270436
5270990
5271779
5272753
5273211
5274913
5275529
5275857
5276332
5277773
5280695
5282301
5282863
5284349
5285531
5286530
5287010
5288336
5288825
5289325
5289355
5291771
5291984
5292604
5292771
5293393
5294245
5297130
5297176
5298353
5299222
5300604
5301441
5302682
5303615
5303969
5304085
5304469
5305584
5305882
5306741
5307336
5308048
5308445
5308466
5309175
5309882
5309917
5310279
5310979
5311409
5311789
5316241
5316315
5316553
5318509
5318966
5319196
5319723
5320568
5320755
5320891
5322458
5322763
5323788
5327627
5328918
5329029
5329828
5332110
5333582
5334483
5334764
5335845
5336930
5337199
5338408
5339225
5341093
5341515
5342868
5343563
5344752
5344839
5345579
5346274
5347982
5349067
5350082
5350629
5350892
5351628
5351813
5352318
5354020
5357617
5358442
5360483
5361767
5362894
5365507
5367490
5370575
5370714
5372295
5373834
5374375
5374427
5375157
5375802
5376354
5376752
5378251
5378388
5379612
5380149
5380300
5382503
5383949
5384377
5384406
5384525
5386513
5386948
5387459
5387789
5389837
5390081
5390314
5392497
5393707
5394537
5395932
5396475
5396936
5397000
5398932
5400403
5400919
5401053
5402516
5403615
5404054
5404924
5405445
5407777
5408880
5409070
5409738
5413187
5415053
5417087
5417353
5418786
5418928
5419595
5419693
5420626
5421586
5421876
5421976
5422673
5425403
5425655
5425994
5427318
5428412
5429422
5429517
5429667
5430403
5431548
5432690
5433214
5433569
5434625
5436524
5438913
5438993
5439953
5440329
5440781
5442581
5442834
5443745
5445411
5445761
5445912
5446348
5446659
5447002
5448425
5448618
5449193
5449676
5450834
5450959
5457390
5457454
5457798
5457892
5458639
5461763
5461878
5463327
5464560
5467050
5468953
5469754
5474414
5474949
5475712
5478255
5478464
5478628
5478808
5479777
5481318
5481323
5482048
5484930
5486912
5488754
5488769
5488902
5490419
5490602
5491482
5492791
5493272
5494422
5494607
5495983
5496552
5501174
5501434
5501611
5502918
5503036
5504263
5504873
5505704
5506185
5507626
5508396
5508941
5509330
5509336
5509456
5509879
5510024
5510521
5511297
5511459
5511515
5513477
5514192
5514525
5517323
5517542
5517816
5518666
5519248
5519740
5520525
5520724
5521033
5521910
5522186
5524750
5525218
5526014
5526769
5527125
5528498
5532488
5533030
5533508
5534786
5536121
5537083
5537763
5538040
5538443
5538510
5540387
5541395
5541668
5543671
5548006
5548506
5550442
5550777
5551607
5552369
5552666
5554175
5554920
5555328
5556454
5556500
5557458
5557714
5559225
5564631
5565772
5566273
5567126
5568010
5568536
5569535
5571598
5571666
5572552
5573698
5573815
5573924
5574780
5576822
5577116
5578054
5578272
5578330
5579354
5579946
5584348
5584818
5586001
5586433
5587768
5588381
5590303
5590417
5592700
5593535
5593991
5596611
5600732
5600994
5601416
5601560
5602292
5603388
5603916
5604999
5606001
5606566
5608251
5608844
5608997
5609641
5611295
5611480
5611781
5613732
5616711
5618169
5623714
5624249
5624535
5625404
5625685
5626434
5627968
5628184
5628337
5628919
5629559
5631708
5631725
5632431
5632937
5635605
5636835
5638031
5638702
5640358
5642785
5644903
5645545
5645550
5646309
5646419
5649794
5652573
5652579
5654309
5655647
5663656
5663720
5664008
5664201
5664502
5665107
5668052
5669182
5669270
5669623
5670073
5671982
5673620
5674133
5675664
5676751
5679152
5680144
5680363
5681347
5682128
5682190
5683510
5684122
5684436
5684867
5685510
5686156
5687356
5688480
5688597
5688845
5690455
5690487
5691157
5692136
5692976
5694817
5696847
5696923
5697466
5698640
5699030
5699500
5699996
5700633
5701437
5702692
5702897
5703359
5703765
5704179
5705995
5705997
5706217
5707540
5709141
5711220
5711304
5713534
5717978
5719203
5719488
5719666
5720624
5721088
5723492
5723520
5724381
5724729
5724770
5726622
5727231
5727481
5730516
5730574
5732187
5733153
5734917
5735880
5739041
5739597
5741098
5741955
5742464
5742636
5747134
5747596
5748400
5748617
5750294
5750827
5750974
5757264
5758240
5759041
5760799
5761406
5761612
5762197
5763841
5764329
5764942
5766217
5766383
5766440
5766712
5766731
5772143
5772335
5772351
5773436
5773635
5776478
5776613
5778715
5779899
5782531
5783146
5783884
5784002
5784618
5785458
5786219
5786238
5786364
5786502
5787485
5787992
5789335
5790064
5790128
5791534
5791558
5791638
5791850
5792675
5792770
5792911
5795635
5795848
5795944
5796734
5797256
5798189
5798202
5801420
5801435
5801618
5802228
5804373
5806651
5808300
5809001
5809216
5809894
5811800
5811857
5813544
5813639
5814704
5814959
5816962
5817158
5819999
5820202
5821634
5821788
5822099
5822930
5824358
5828257
5829456
5829868
5830329
5831019
5831141
5831648
5834178
5834416
5837846
5839805
5840785
5843686
5844632
5846732
5847143
5847225
5850563
5851110
5852410
5853107
5853253
5853806
5853818
5854605
5855084
5856897
5857268
5862961
5867034
5868235
5872051
5872219
5874499
5875416
5875833
5876189
5876445
5878445
5879152
5881880
5882924
5884389
5884448
5888911
5889099
5889406
5891152
5891668
5892171
5892499
5894956
5897005
5898352
5900184
5900412
5901549
5901995
5902135
5903084
5903761
5908941
5912649
5913972
5914793
5915391
5917171
5919411
5920189
5920321
5920563
5921209
5922163
5924020
5924045
5924698
5924904
5925175
5925719
5925988
5926709
5927050
5927737
5929741
5931048
5931139
5931723
5932881
5934754
5939140
5941045
5941155
5943437
5943720
5946547
5947447
5947747
5947865
5948495
5949063
5949205
5950166
5950249
5950672
5952107
5952194
5952706
5952802
5953421
5953494
5953519
5954020
5955887
5957873
5958427
5959049
5960717
5961513
5962440
5962830
5963202
5963509
5963656
5966436
5966976
5967758
5968806
5968837
5969565
5973944
5974997
5975113
5975461
5978120
5978181
5978203
5978323
5978716
5978734
5979492
5980360
5981948
5983752
5983813
5984654
5985052
5985702
5987866
5989009
5989817
5990010
5992529
5993120
5995526
5996081
5996725
5997701
5999162
5999648
6001608
6003330
6003464
6003930
6005260
6005986
6006486
6006932
6009408
6010107
6011849
6013147
6013470
6013743
6015893
6016245
6018565
6018784
6018813
6018879
6021141
6021322
6021362
6023400
6026306
6028692
6029652
6029971
6030298
6030571
6030676
6031312
6031695
6036990
6037620
6040031
6041092
6041641
6041905
6041940
6042120
6042812
6045452
6045770
6047908
6048596
6048810
6051264
6052530
6054315
6054362
6055741
6057526
6058350
6059126
6059276
6060103
6061103
6061160
6061935
6063623
6064641
6064903
6065579
6066861
6067729
6068440
6068948
6070413
6070517
6075798
6076222
6077459
6078548
6079273
6081474
6081550
6083155
6083613
6084479
6085651
6086796
6087985
6088600
6088768
6089415
6089679
6091109
6091218
6091407
6091963
6093022
6094568
6095391
6099202
6099354
6100931
6101202
6101285
6102541
6104130
6104183
6104551
6105160
6106256
6112208
6112967
6114428
6116234
6116567
6116717
6116724
6116880
6116913
6119045
6119745
6122387
6123452
6123888
6124979
6126949
6127344
6127656
6128265
6128913
6129248
6129282
6130968
6131290
6133225
6134188
6134396
6134865
6134872
6135039
6135221
6137130
6137436
6138839
6139262
6139301
6142365
6142667
6142679
6143329
6144111
6144967
6147632
6148487
6148534
6149233
6151126
6151258
6152561
6152641
6152686
6153035
6153373
6153446
6155868
6156150
6156215
6156902
6157021
6158211
6158884
6161906
6164654
6165080
6167167
6167265
6167702
6167871
6168093
6168319
6168780
6169922
6170044
6171563
6171815
6173798
6175889
6175927
6176214
6176968
6177999
6178282
6179014
6179524
6179555
6179764
6179856
6182844
6184057
6184561
6188467
6190535
6190795
6191068
6191263
6191634
6192559
6192587
6193580
6194053
6194233
6195095
6195469
6195773
6195881
6196411
6197771
6197946
6198541
6200221
6200587
6200971
6201017
6201501
6202074
6203254
6203438
6206176
6208685
6209024
6212978
6213474
6213613
6215340
6216764
6216882
6216902
6216915
6217550
6218143
6218403
6218590
6219081
6219193
6221506
6222088
6222532
6223160
6223161
6224041
6225127
6226099
6226585
6227309
6227910
6228345
6228977
6229085
6230560
6231696
6232002
6232465
6233632
6234113
6235925
6236103
6236622
6238215
6239299
6239332
6239600
6240240
6241172
6242098
6242207
6242656
6242877
6243120
6243220
6244467
6244808
6245889
6246165
6247808
6248746
6249537
6251455
6251695
6252063
6252659
6252710
6255098
6255331
6255512
6256187
6256719
6258299
6258744
6259839
6260163
6260384
6263718
6264155
6265800
6266206
6266392
6267678
6268517
6268637
6268679
6268872
6269395
6271123
6271326
6271681
6272163
6272927
6273001
6273262
6274066
6275071
6279096
6279208
6279749
6279915
6280061
6282697
6282806
6283439
6283452
6283469
6283607
6284374
6285269
6287663
6288406
6290720
6290880
6292417
6294307
6294492
6296274
6297167
6297351
6299018
6301658
6301904
6303562
6304004
6304600
6305377
6306160
6308099
6308863
6310015
6310536
6310771
6312410
6312745
6316120
6317599
6317702
6318347
6318378
6318617
6319996
6320496
6321015
6323564
6324085
6325494
6326893
6327426
6328205
6328790
6329137
6329588
6330123
6332990
6334916
6337135
6337494
6338280
6338304
6340985
6341412
6341571
6341703
6341798
6342359
6342912
6345350
6347633
6348664
6350058
6355901
6356075
6356225
6357699
6358185
6359864
6360143
6360876
6361108
6362370
6363069
6364530
6365845
6366253
6366432
6367028
6368340
6368553
6370175
6371249
6372446
6373518
6373670
6374111
6374792
6376060
6378209
6379374
6379552
6380860
6382577
6382592
6383209
6383258
6385031
6387693
6388156
6390332
6391048
6391096
6391324
6391982
6393975
6394718
6395153
6396434
6399395
6399792
6401589
6403486
6405388
6405947
6407237
6407900
6408337
6408609
6409539
6410114
6410146
6413604
6413972
6414917
6414967
6416775
6419197
6421781
6422496
6422643
6422980
6425424
6426581
6428543
6429749
6431650
6432511
6432552
6434207
6435423
6436344
6436862
6436988
6438571
6438899
6440606
6441543
6442057
6445809
6446764
6448480
6448720
6448757
6449095
6449535
6450112
6453376
6454193
6455378
6455408
6455612
6455713
6456605
6457338
6457442
6457760
6458181
6458720
6461603
6462301
6463440
6464230
6464600
6465777
6467125
6468708
6470071
6473457
6474294
6475182
6477688
6477942
6478880
6479013
6479606
6479850
6480766
6481223
6481822
6482211
6482350
6482516
6483890
6486484
6489666
6490913
6494037
6494472
6495974
6499349
6500255
6503539
6504412
6505044
6505342
6506699
6506810
6506956
6507723
6509907
6511929
6512037
6512752
6513726
6514101
6518103
6518855
6518885
6520596
6521046
6522795
6523640
6527958
6529025
6529425
6529639
6531608
6535160
6535994
6537965
6542667
6545658
6546086
6546833
6548642
6548944
6550304
6551109
6552362
6553050
6554093
6554713
6554858
6555049
6555903
6556150
6556598
6556885
6557210
6558664
6558808
6558976
6559284
6563729
6564224
6564665
6565037
6566440
6568344
6568619
6570007
6570104
6570861
6572793
6573132
6575289
6575355
6576182
6576509
6577008
6578458
6580063
6580328
6580983
6581992
6583380
6584171
6588895
6588971
6590519
6592793
6592973
6593221
6594122
6596023
6596629
6596641
6597602
6598174
6598244
6599805
6600584
6601720
6601745
6602481
6603325
6604431
6604787
6606161
6606466
6609265
6610412
6610653
6610928
6610936
6612485
6613119
6613572
6615032
6615261
6617573
6618185
6618502
6619273
6620246
6621297
6621878
6622199
6622255
6623396
6624309
6625287
6625512
6626473
6628051
6628950
6629295
6629354
6629615
6631614
6634003
6634815
6635008
6635453
6636274
6636669
6637870
6638468
6640383
6640475
6642195
6643633
6644643
6644771
6644821
6644969
6646712
6646888
6647267
6647750
6648632
6649022
6650250
6652055
6652637
6652754
6653701
6655793
6657415
6657491
6657634
6658211
6659007
6660043
6661184
6662418
6663749
6664421
6666204
6668046
6668199
6668611
6668952
6669774
6669843
6669872
6669887
6669925
6670316
6672222
6673726
6674899
6677192
6678434
6682133
6683885
6684163
6686243
6688096
6689857
6690448
6690850
6691430
6694648
6694973
6695196
6696870
6698141
6698329
6699548
6701698
6702249
6702539
6703996
6704700
6708294
6708388
6709864
6710319
6710733
6711388
6712555
6713543
6713713
6713750
6714162
6717860
6718186
6718595
6718611
6719253
6719733
6720394
6722464
6724297
6725187
6725433
6725655
6726156
6726473
6726503
6726778
6726925
6727671
6728250
6728293
6733326
6734884
6735666
6736796
6736954
6736958
6738661
6739225
6739588
6739979
6740137
6740299
6740866
6740966
6741123
6742143
6742313
6743501
6744122
6746198
6748881
6749762
6750558
6751307
6752178
6752596
6753066
6754425
6755005
6759261
6759556
6760782
6761234
6761528
6762578
6763019
6765779
6766715
6768110
6769290
6769309
6770134
6770460
6770566
6770770
6773048
6773274
6773525
6774620
6774929
6775180
6775802
6777077
6779119
6780600
6781209
6782025
6783702
6783760
6783766
6785099
6786051
6786154
6786196
6789002
6789886
6790061
6790203
6791589
6792016
6793253
6793510
6794496
6795247
6795274
6797669
6798314
6799294
6799831
6803202
6805246
6805643
6805761
6809272
6810378
6811395
6811809
6811875
6812679
6813243
6814207
6816128
6816658
6817592
6820224
6822258
6822877
6823829
6824270
6824571
6825691
6827428
6827489
6827639
6828941
6829816
6831430
6832905
6833169
6833254
6833430
6835657
6836424
6842125
6842362
6844927
6845107
6846633
6849517
6849645
6850247
6854281
6855112
6857168
6857437
6857746
6857891
6858260
6858955
6862411
6864947
6865471
6865557
6865850
6866107
6866239
6867411
6868151
6868930
6869769
6870830
6872735
6873445
6873628
6873783
6874005
6875967
6876234
6876408
6876738
6879084
6879164
6880236
6880842
6881858
6882079
6884100
6885788
6886176
6886885
6887344
6888197
6888808
6888828
6889723
6889756
6889834
6890965
6892380
6892778
6895112
6895726
6898777
6899255
6901846
6902504
6903329
6903401
6906840
6908197
6908770
6908786
6909434
6909514
6909932
6911135
6912824
6913827
6914200
6914769
6914967
6915003
6915622
6918476
6920335
6922118
6922706
6923750
6924080
6927349
6929662
6933774
6933855
6934240
6934482
6935585
6935614
6936528
6937412
6940518
6941563
6941634
6941886
6944204
6944484
6945219
6945676
6946061
6946965
6947960
6949050
6949249
6949399
6949518
6950838
6950903
6951488
6952136
6953998
6954444
6955184
6955278
6956477
6956502
6957252
6957423
6957621
6958470
6959969
6959993
6960322
6961060
6961368
6962195
6962945
6963787
6965181
6965550
6966348
6966368
6967640
6967918
6968507
6968841
6972305
6973551
6973707
6973945
6974428
6974548
6975610
6976282
6977573
6978191
6978644
6981441
6982667
6982774
6987440
6987541
6987938
6990331
6991349
6992895
6993016
6994347
6994624
6997081
6997318
6999903
7000141
7000155
7000582
7002354
7002545
7003264
7003996
7005694
7006392
7007870
7008583
7008586
7008835
7008863
7009126
7011603
7013564
7015020
7015686
7017007
7017135
7017291
7018138
7019433
7019796
7020236
7021196
7021845
7021897
7023038
7023118
7024771
7025222
7025753
7028568
7029164
7029321
7029742
7030410
7031117
7031902
7032340
7033640
7034000
7034091
7034226
7034945
7036486
7036517
7036940
7038057
7038315
7039426
7040701
7041392
7041553
7043181
7043522
7044462
7044633
7044887
7045132
7047095
7047530
7049023
7049073
7049833
7051072
7054161
7055019
7055796
7056119
7058500
7059161
7059188
7061419
7062344
7062544
7062962
7065127
7065393
7065518
7067124
7067241
7067853
7070165
7071394
7073070
7073261
7073594
7073871
7073875
7074128
7075997
7076344
7078095
7078468
7080284
7082003
7082276
7084110
7085941
7085984
7088122
7089320
7093317
7093743
7094384
7096118
7096874
7097012
7097363
7097546
7099053
7099131
7099824
7099970
7100398
7100532
7100858
7101935
7103896
7104722
7104790
7105229
7105915
7105965
7107297
7109102
7109924
7110265
7112728
7113751
7113946
7114576
7115053
7116044
7119240
7120780
7121206
7122543
7122990
7123699
7123872
7124019
7125778
7127756
7128287
7130283
7130374
7131208
7132733
7134198
7134569
7134710
7136222
7136353
7137625
7139130
7142211
7142989
7143147
7144429
7145112
7145161
7146888
7146945
7147031
7147205
7147625
7147882
7148465
7148569
7148667
7149449
7149600
7152335
7153217
7156280
7156748
7156806
7157649
7159745
7160347
7160792
7160931
7161166
7161319
7161361
7161368
7162698
7163394
7166891
7168042
7168873
7173323
7173404
7173561
7173764
7175269
7176788
7178389
7179026
7179180
7179695
7181574
7182875
7185781
7186500
7187378
7188347
7188699
7189366
7192030
7192138
7192283
7194137
7194930
7198456
7199672
7201387
7202056
7206109
7206346
7207052
7207400
7208589
7210292
7211045
7212132
7212901
7213597
7214139
7214479
7215451
7217082
7217537
7217916
7218332
7218520
7218536
7222017
7222921
7224012
7229091
7229277
7232274
7232332
7232569
7232683
7235868
7236159
7237346
7238479
7238487
7239903
7241862
7243373
7243559
7246876
7248089
7250414
7251663
7252150
7253412
7255421
7256688
7256791
7256801
7257078
7257451
7262239
7263324
7265302
7265744
7265838
7267111
7267172
7267676
7268855
7270907
7271071
7271472
7271647
7271979
7272755
7273099
7273580
7274892
7276264
7276363
7276403
7277783
7278600
7279373
7280276
7281307
7282134
7282362
7282897
7285347
7289303
7290844
7290932
7293523
7294996
7295490
7297328
7298100
7301151
7301502
7302024
7302188
7303356
7305311
7305928
7306285
7307077
7308888
7309126
7309375
7312674
7312929
7313732
7314991
7315211
7316757
7316765
7316947
7318981
7319492
7319702
7320425
7323163
7323239
7324350
7324482
7325193
7325309
7325339
7325558
7326025
7326390
7326822
7326885
7327070
7327994
7328244
7328713
7330180
7332211
7333389
7334158
7334913
7336864
7337496
7337556
7340096
7341575
7342269
7342789
7344792
7345554
7346823
7347255
7347334
7349436
7349664
7349830
7351746
7352742
7353258
7355179
7356670
7357828
7360811
7361610
7364476
7366453
7367405
7367584
7368139
7368231
7368276
7369149
7372095
7373774
7375772
7376725
7379590
7379622
7380046
7380490
7380698
7384953
7385257
7386094
7386146
7388453
7388646
7392617
7392990
7393422
7393979
7397676
7398044
7398055
7398220
7398234
7399212
7399326
7400363
7400677
7401538
7402360
7404184
7404436
7405157
7408747
7409356
7410565
7412240
7415384
7417479
7418437
7418518
7419188
7419759
7421206
7424554
7425739
7427517
7428696
7431731
7431850
7431953
7432276
7434129
7435141
7435954
7436676
7438081
7439242
7439976
7442152
7442347
7443721
7443816
7444507
7444891
7445002
7445064
7445170
7445442
7446816
7447270
7447954
7448199
7449218
7450854
7451266
7451381
7452039
7456085
7456714
7456843
7459067
7459294
7459844
7460239
7460658
7462626
7463358
7463490
7464488
7464983
7465071
7466961
7468368
7468580
7470610
7470763
7471654
7473364
7473896
7474469
7475181
7475265
7478651
7481294
7481853
7481868
7481982
7483458
7484355
7484422
7485088
7486340
7488234
7488242
7490233
7490590
7492784
7493403
7493505
7494778
7495819
7495985
7497635
7497643
7497879
7498638
7499192
7500082
7500799
7501938
7502750
7502860
7504213
7505493
7506951
7507465
7507478
7509329
7509601
7509949
7509958
7510721
7511886
7512251
7514257
7514561
7517592
7521253
7521315
7522128
7524662
7525883
7527121
7527805
7528258
7528967
7529792
7530316
7530882
7531407
7532035
7536919
7537636
7537796
7538097
7538998
7539569
7541066
7544491
7547351
7548934
7548995
7550074
7553957
7554540
7556221
7556935
7557763
7558704
7559173
7561476
7561887
7562692
7563054
7565212
7565329
7565494
7565827
7567241
7567518
7568198
7568884
7569578
7569954
7570248
7570596
7571119
7572166
7572356
7572988
7575811
7575889
7576516
7577052
7578402
7578773
7579038
7581756
7581913
7582221
7582609
7582683
7585987
7586277
7587572
7588689
7589213
7589229
7589523
7590079
7590636
7591681
7591764
7592023
7592831
7594773
7596812
7597389
7597945
7598122
7599161
7600198
7600833
7602504
7602783
7604479
7604940
7604980
7608384
7610101
7612786
7613296
7613611
7614858
7615899
7616080
7616876
7618154
7618282
7618481
7618591
7619225
7620179
7621855
7622996
7623116
7624354
7625250
7626390
7628020
7629263
7631801
7634248
7634926
7636587
7636868
7636917
7638372
7638755
7641171
7641632
7643025
7644640
7645559
7646321
7647118
7648600
7648665
7649879
7651053
7652082
7653598
7655259
7657246
7657606
7659447
7662628
7662639
7664456
7665405
7665548
7667467
7669801
7670172
7671131
7671512
7674482
7674689
7674784
7675313
7675968
7676050
7677005
7677059
7678213
7678217
7678340
7678544
7678849
7678948
7679134
7679610
7679717
7680162
7680588
7681373
7682117
7682315
7682376
7682742
7682872
7683774
7684842
7685147
7685477
7686347
7686620
7689061
7693363
7694080
7694244
7694455
7696307
7697972
7698476
7698560
7698578
7699700
7702271
7702930
7703720
7704563
7704584
7705241
7705536
7705975
7706698
7706711
7706788
7707040
7707102
7707283
7709415
7709545
7710169
7710468
7711978
7715090
7715154
7715351
7717364
7717747
7717928
7718203
7718567
7718692
7721337
7721352
7722030
7722748
7724436
7726258
7728174
7728710
7730223
7733169
7734363
7735587
7737358
7737708
7737841
7738566
7740351
7742711
7742897
7743273
7744968
7746379
7747011
7747750
7748011
7749625
7749938
7750662
7752226
7753254
7753414
7753762
7753781
7754787
7756702
7756728
7758588
7759910
7761107
7761928
7763056
7763216
7763349
7763621
7765843
7767302
7767342
7767356
7770355
7771018
7771561
7771590
7771898
7772490
7772588
7772756
7773010
7773109
7774290
7775647
7776118
7776545
7778090
7778099
7778585
7782650
7782888
7783043
7784066
7785870
7786423
7788061
7788564
7789816
7790192
7790423
7790715
7790886
7793972
7794875
7797720
7797990
7798571
7798713
7800390
7800527
7801253
7801313
7801730
7806034
7806112
7806196
7806801
7806968
7807986
7808165
7809504
7809880
7811900
7812850
7813394
7813710
7814066
7816101
7816465
7817102
7818364
7818997
7819267
7819921
7821117
7822248
7824746
7824793
7826372
7826604
7828321
7828358
7829762
7831375
7831484
7832850
7833467
7833960
7834186
7835887
7836600
7837547
7837879
7842148
7844028
7845733
7846200
7846338
7846536
7847479
7849056
7850055
7856582
7857145
7858609
7860201
7860483
7861110
7861840
7863607
7866878
7866886
7867926
7868496
7869823
7870553
7871246
7876062
7879247
7879539
7879965
7881607
7881783
7881932
7883363
7883368
7885345
7885412
7886233
7886815
7887404
7889547
7890868
7891853
7893818
7894189
7895221
7895541
7898023
7899378
7899403
7900549
7902784
7903534
7903861
7905743
7906350
7907463
7907880
7908349
7909976
7912881
7915820
7916008
7916581
7916934
7920382
7923510
7924260
7924402
7925477
7925837
7926581
7927766
7929123
7930268
7930857
7931196
7932381
7932994
7934238
7935357
7936006
7936026
7939596
7939861
7939874
7940301
7942917
7945444
7946483
7946934
7947061
7947313
7947977
7948227
7948296
7949853
7951551
7952945
7954471
7955450
7957975
7959055
7959926
7961199
7962653
7962705
7963762
7964965
7965175
7966655
7968115
7968762
7969019
7970861
7971648
7973175
7974134
7975797
7976036
7976508
7976790
7979104
7979376
7979829
7980362
7981542
7983130
7984159
7985939
7986623
7992618
7993770
7994357
7994606
7997145
7997234
7997365
7999259
7999968
8002573
8003459
8003949
8004053
8005698
8005823
8006842
8008687
8008705
8010180
8011195
8011982
8012166
8014445
8014921
8017482
8021083
8021415
8021688
8021907
8022633
8024651
8025611
8026246
8026640
8027484
8028337
8028849
8029598
8030851
8031754
8033248
8033675
8036610
8036732
8037056
8037441
8037485
8038254
8038927
8038987
8039934
8044336
8045061
8045101
8046387
8046894
8048839
8050088
8052462
8054194
8054681
8055684
8056635
8057650
8058036
8058965
8059128
8061993
8062170
8063048
8063541
8064700
8064775
8065097
8065353
8065729
8067125
8069561
8074550
8074997
8077079
8078186
8078522
8079199
8080712
8081454
8081486
8084388
8084430
8085049
8085491
8087330
8087425
8087769
8087815
8088427
8089566
8090618
8091264
8092132
8092808
8092861
8092893
8093404
8093979
8094932
8095611
8095717
8096340
8097102
8097202
8099046
8099714
8099826
8100629
8102118
8105627
8105985
8107036
8109410
8109446
8111481
8111661
8112651
8115115
8117091
8118426
8119956
8122518
8122788
8123491
8123802
8124289
8127696
8128080
8128108
8129056
8129277
8129683
8130777
8131993
8134313
8134564
8134971
8135955
8137821
8138008
8138717
8138788
8139117
8139831
8141675
8142416
8142964
8144420
8145043
8147757
8148281
8153009
8153337
8156180
8156575
8156801
8157422
8159134
8160934
8160972
8161582
8162084
8163486
8164057
8167588
8168207
8172157
8172159
8172840
8173261
8174952
8175108
8175819
8178509
8179360
8179496
8179914
8180579
8181589
8182461
8183977
8185162
8185340
8185716
8186698
8186888
8188856
8193124
8195155
8196247
8196887
8198037
8199094
8202790
8204542
8205321
8205869
8206954
8212306
8212896
8213385
8213696
8214071
8214111
8214728
8215302
8217075
8217109
8218797
8219523
8219538
8219726
8220526
8221117
8221816
8222605
8223088
8223200
8223496
8224705
8226215
8227205
8227554
8228434
8229869
8231403
8233161
8234394
8234701
8235262
8238500
8240412
8240744
8242032
8242111
8243964
8243975
8247133
8247528
8249866
8252982
8253353
8254181
8255575
8256442
8256805
8257058
8257685
8257734
8257884
8258451
8259006
8260379
8263804
8264201
8265264
8265647
8265793
8265961
8266589
8266888
8269121
8269308
8270435
8273131
8273162
8273646
8274844
8275505
8276488
8277136
8277586
8278871
8278881
8278980
8279529
8280308
8281098
8281210
8282474
8283258
8284330
8285326
8286649
8286817
8287245
8288295
8288392
8288684
8289939
8290079
8290277
8291157
8291636
8292044
8295506
8297157
8297277
8297394
8299229
8300309
8300823
8300880
8301183
8301848
8302688
8303611
8304331
8304936
8305045
8306605
8307575
8308582
8311489
8311836
8312628
8313287
8314286
8314345
8314683
8315061
8316879
8318872
8318974
8320660
8322208
8324893
8325218
8325759
8326570
8327663
8328798
8329107
8329315
8329346
8329435
8331408
8334333
8334871
8334982
8335467
8335955
8337764
8338938
8339113
8339137
8339587
8339685
8340543
8341441
8342662
8342863
8344399
8344437
8345739
8345837
8346700
8349825
8350527
8352223
8353377
8354321
8354719
8355033
8358532
8358694
8358965
8359804
8361588
8362763
8363117
8366508
8366528
8367767
8368392
8368411
8368426
8369317
8371152
8371324
8371705
8372274
8372320
8372472
8372596
8373119
8374177
8375061
8375205
8376465
8376843
8376892
8377342
8378349
8378993
8379000
8379531
8380318
8381729
8381784
8381900
8384484
8385429
8386444
8386600
8386831
8387075
8390461
8390571
8392214
8393850
8394296
8396202
8397181
8397325
8397816
8398302
8400498
8401213
8402176
8403598
8403973
8404367
8404450
8405685
8406000
8407094
8407095
8410426
8413058
8413338
8413534
8413623
8416529
8416883
8417167
8418452
8419083
8419130
8419321
8419626
8420275
8422110
8422337
8423754
8424129
8426262
8426874
8427326
8428902
8432107
8432526
8432704
8432797
8432895
8434380
8435317
8436583
8438940
8439072
8439090
8439692
8439773
8441837
8442157
8444508
8446260
8446412
8447286
8449644
8450780
8452639
8454060
8455056
8455498
8456194
8456443
8457012
8457513
8457580
8457808
8457823
8458576
8460694
8461677
8461800
8461991
8464345
8465942
8466328
8466985
8467378
8467498
8468324
8468502
8468909
8472993
8474692
8475178
8475450
8475681
8476034
8477081
8477541
8480225
8480933
8481611
8481969
8482133
8482713
8483554
8484018
8484993
8485176
8486038
8489207
8490011
8490132
8490643
8490679
8490764
8491744
8493546
8495569
8496413
8499379
8499708
8503773
8505198
8514978
8515602
8516145
8517074
8517354
8517392
8517410
8517563
8517572
8518718
8519037
8523207
8527380
8527381
8528401
8529240
8532036
8532768
8533837
8534547
8535236
8536706
8537566
8538049
8539149
8539341
8540996
8541441
8541516
8541898
8545848
8546071
8546494
8547192
8550163
8551262
8551468
8551699
8551906
8552615
8553074
8553123
8553577
8554365
8555529
8555758
8558274
8559091
8559124
8559957
8560429
8562142
8562555
8563517
8563618
8564532
8564911
8565460
8565853
8565910
8566710
8567576
8568083
8569520
8573449
8574730
8577263
8578784
8578993
8579414
8579628
8580984
8581447
8581594
8582060
8582275
8582772
8584615
8585230
8588169
8588473
8589394
8590647
8590682
8590738
8591263
8593123
8593401
8595705
8596454
8596670
8598388
8598540
8601171
8601880
8602815
8606401
8607170
8607671
8609825
8610422
8611057
8611622
8611965
8612317
8612471
8613304
8614143
8615076
8616502
8616903
8617322
8617800
8618243
8621581
8621825
8622236
8622240
8623049
8623127
8623576
8623971
8624526
8626266
8626665
8626817
8626893
8627313
8628366
8630590
8633623
8636188
8639276
8640046
8640513
8643385
8643837
8644093
8644506
8645788
8645890
8648303
8651773
8653860
8654695
8655085
8655932
8656209
8657004
8657283
8657411
8657564
8657953
8659484
8659851
8660001
8661808
8663456
8663567
8665075
8665726
8668141
8668255
8668545
8669260
8669666
8670356
8670432
8672126
8672899
8672965
8673745
8675277
8676325
8677732
8678615
8678881
8679412
8679555
8682188
8683632
8684944
8685590
8687193
8690905
8692375
8694258
8695894
8696742
8696942
8696966
8697415
8698148
8703038
8703047
8704324
8705618
8705977
8706046
8707196
8709045
8709982
8710304
8712438
8712854
8713594
8714540
8715372
8716987
8718336
8718661
8720763
8721310
8721327
8721907
8722705
8723099
8723188
8723588
8724909
8725507
8726407
8726663
8727090
8727897
8728188
8728456
8728723
8731513
8731986
8734582
8734959
8736126
8736430
8737079
8740009
8740688
8741555
8742384
8744030
8744440
8748183
8749945
8750062
8750109
8754012
8754956
8756664
8756803
8760670
8760954
8762479
8762998
8763119
8763863
8765503
8766165
8766355
8768375
8769717
8772061
8772459
8772783
8773100
8774119
8774304
8774868
8775192
8777973
8778023
8778132
8778459
8778925
8779100
8779448
8779615
8780426
8783046
8783074
8783665
8785172
8785914
8786852
8787702
8789110
8789966
8791745
8793237
8793802
8795634
8798327
8799675
8802677
8802842
8803350
8805237
8805256
8805953
8809866
8810176
8811068
8812093
8812398
8812926
8816155
8817832
8817953
8818208
8818772
8818907
8819354
8819459
8821554
8821864
8822503
8823954
8824680
8827403
8827506
8828561
8830728
8831066
8831457
8833596
8834161
8835212
8835245
8837402
8838316
8838513
8841150
8842754
8843790
8843887
8844114
8844312
8846669
8846740
8846921
8849804
8852862
8855391
8855551
8856026
8856654
8857966
8858112
8858704
8858881
8861642
8861951
8862143
8863883
8864672
8864857
8865489
8866142
8866178
8869074
8869878
8873588
8874781
8875545
8875945
8877111
8877984
8880333
8880475
8880904
8881058
8881227
8881254
8881276
8882130
8882220
8882595
8889528
8889935
8891491
8891606
8893182
8894362
8895032
8895103
8897333
8897362
8898686
8899028
8899869
8900249
8904450
8904841
8906345
8906796
8907473
8908596
8910393
8910959
8911489
8911509
8913847
8917797
8918282
8918422
8919289
8922576
8922661
8923529
8923617
8923859
8925259
8925315
8926373
8926997
8927439
8928802
8929058
8929233
8930241
8932498
8934184
8934478
8935140
8938800
8938853
8939699
8940618
8941849
8943838
8944027
8944306
8944384
8944727
8945122
8945157
8947822
8949981
8950033
8950423
8951306
8952690
8953609
8954259
8955302
8955982
8956112
8956609
8956854
8959227
8960508
8960511
8960728
8960925
8961681
8961978
8962357
8963045
8963186
8963396
8964970
8965149
8969382
8970149
8970575
8972824
8973474
8975310
8975657
8976101
8976149
8977586
8977791
8979144
8981146
8982698
8982792
8983188
8983219
8983306
8983455
8985169
8985723
8986349
8986465
8987397
8989398
8990546
8992746
8993543
8996286
8999259
8999261
9001077
9001824
9002647
9002721
9002975
9003220
9005960
9006494
9006502
9007571
9009459
9012188
9012417
9016004
9016052
9021748
9024694
9025434
9025661
9026254
9026672
9027190
9027568
9028178
9030372
9032262
9034090
9034961
9035965
9036433
9037848
9041874
9042332
9042986
9044633
9045661
9045751
9045854
9046522
9047880
9049738
9050343
9050355
9050572
9050811
9051089
9051170
9055703
9058911
9059605
9060052
9061601
9062012
9062545
9063021
9064148
9064257
9065850
9068257
9069177
9071027
9072530
9072900
9073293
9074947
9075847
9077442
9077962
9079462
9079834
9080998
9081609
9082420
9083553
9083799
9084975
9085022
9085077
9085950
9088893
9090983
9092138
9094834
9096758
9097759
9097937
9098274
9099909
9103118
9103131
9103444
9104077
9104438
9105499
9106448
9106853
9109918
9113641
9113690
9114422
9115120
9115193
9115341
9115962
9118795
9120404
9121838
9126863
9128170
9129903
9130065
9133997
9134345
9134478
9134618
9135680
9136027
9139110
9139306
9139709
9140153
9140481
9142352
9143180
9143288
9143576
9144071
9147237
9147577
9147698
9149439
9149549
9150278
9150599
9151181
9151409
9152363
9152546
9152692
9155231
9156906
9158155
9158734
9158988
9160706
9161548
9161778
9162294
9163984
9164763
9167224
9167406
9167698
9167934
9168081
9168192
9169663
9169935
9171058
9172147
9173912
9174337
9174551
9175127
9175420
9177852
9178588
9179625
9180317
9181170
9181670
9182297
9183070
9184334
9184801
9185628
9185966
9187048
9187141
9189480
9190833
9191599
9193421
9195811
9197415
9199316
9199561
9200573
9203154
9204353
9204889
9207264
9207543
9208653
9212718
9213866
9215110
9216417
9220086
9220714
9226597
9227159
9227634
9230998
9232174
9232428
9233084
9234262
9234449
9235607
9236277
9236671
9237145
9238077
9240316
9242647
9242725
9245034
9246060
9246427
9246660
9246854
9247047
9249246
9252270
9252482
9253025
9253976
9255792
9256245
9256367
9258081
9259845
9261948
9262787
9263295
9264779
9266234
9266760
9268704
9269929
9270593
9271287
9271589
9272129
9272719
9279983
9281608
9282044
9285068
9285577
9285918
9287124
9287487
9287614
9287914
9288078
9291580
9295722
9296149
9297220
9298055
9300155
9300188
9300705
9300721
9300810
9301798
9302042
9302202
9304050
9304655
9305109
9307378
9307739
9308662
9311128
9311347
9311934
9313040
9314084
9314883
9315388
9315481
9317246
9318860
9321064
9321155
9322039
9322713
9322789
9324467
9326458
9326633
9329511
9331229
9333565
9334423
9334885
9335258
9337112
9337348
9338069
9339232
9340151
9340428
9342141
9343001
9343374
9343535
9345741
9346720
9349358
9350474
9351752
9352724
9352839
9354033
9354083
9356097
9356119
9358666
9359860
9360069
9360173
9362288
9362459
9363151
9367238
9367808
9369979
9370285
9370919
9371475
9371656
9371817
9371834
9372602
9373599
9374245
9375396
9376880
9378415
9379298
9379389
9379682
9380925
9386436
9390248
9390305
9393410
9394557
9394660
9395186
9395565
9396158
9398961
9399762
9400846
9401311
9403393
9406203
9406454
9407362
9407989
9409106
9409910
9410461
9410930
9411068
9412577
9413789
9417339
9418716
9418870
9419124
9419857
9421001
9421286
9422704
9423282
9423361
9423634
9424735
9426295
9426550
9427710
9428829
9430103
9432210
9432962
9433692
9434170
9434353
9436667
9436674
9437748
9439141
9440137
9440279
9440367
9442390
9442823
9443429
9443936
9444501
9444778
9444894
9445259
9445735
9447688
9448814
9450433
9450947
9451333
9454603
9455592
9455627
9457046
9458071
9458132
9459491
9459509
9459603
9459904
9460139
9461737
9466627
9467498
9468179
9468764
9469859
9471688
9471713
9472132
9473687
9474057
9475203
9475326
9476229
9479870
9480310
9481913
9483001
9485129
9485320
9485464
9485899
9489169
9489192
9490912
9493748
9497146
9497876
9498561
9500916
9503030
9503198
9504881
9505286
9507705
9508229
9509200
9510326
9513590
9513895
9515082
9516434
9516824
9516922
9517594
9517627
9518896
9519570
9521547
9522079
9523466
9523681
9525820
9526020
9526884
9527898
9528032
9528472
9529189
9529489
9530691
9531892
9532107
9534599
9536713
9536734
9537765
9538894
9539248
9539605
9542193
9542489
9542559
9542600
9543586
9544448
9545086
9546053
9546288
9547031
9549132
9549152
9552314
9552479
9552615
9552663
9553166
9553385
9555795
9556313
9558225
9559113
9560069
9561660
9563276
9563606
9563644
9564520
9564614
9565540
9566352
9566664
9566727
9566776
9568459
9568672
9569328
9569488
9575677
9576366
9579999
9580406
9582605
9582955
9587112
9587884
9589452
9589811
9590475
9590557
9591718
9593018
9593206
9593820
9594234
9594401
9595217
9596628
9597467
9597565
9597966
9598339
9599948
9600295
9601865
9602313
9602502
9602941
9603173
9605235
9605927
9606061
9607218
9607463
9608265
9608623
9608822
9609397
9609774
9610167
9612672
9613093
9613358
9615493
9616299
9616752
9617719
9618417
9618588
9619034
9619182
9621333
9623451
9624198
9624689
9624791
9625388
9625841
9625964
9625979
9626315
9626941
9627224
9628060
9629910
9630161
9632725
9632764
9633938
9634303
9634403
9636342
9636754
9637331
9638045
9639247
9640641
9640767
9642550
9643496
9643541
9643908
9643963
9645428
9645945
9646050
9646092
9646848
9647284
9647511
9647972
9648138
9648541
9648585
9649872
9650355
9652419
9652597
9653870
9653903
9655258
9656720
9656837
9659351
9659472
9661149
9662340
9662465
9664543
9666520
9667135
9667178
9668636
9671235
9671654
9671972
9674272
9676159
9676333
9676500
9678610
9678883
9680093
9681094
9682191
9683419
9684912
9685116
9685554
9686030
9686227
9686574
9686924
9687127
9689595
9693421
9694181
9694798
9694847
9695106
9695254
9698450
9698928
9699008
9699410
9699980
9700770
9701089
9701433
9704003
9704131
9704145
9704593
9705337
9705985
9706591
9708205
9708206
9709162
9710137
9710537
9712347
9712564
9713335
9714026
9715091
9717522
9719274
9720068
9720085
9721470
9724389
9724440
9726521
9727251
9728110
9731080
9731170
9732088
9732772
9735586
9735670
9736180
9736374
9737277
9738486
9739511
9740702
9741267
9741478
9742313
9746061
9746385
9747884
9747963
9748726
9749868
9750565
9750657
9750690
9750846
9751532
9751944
9753013
9754058
9755060
9755249
9757058
9758026
9760264
9760437
9760868
9761104
9761126
9763541
9764604
9764904
9765953
9767244
9768312
9769308
9772020
9774174
9774375
9774719
9776570
9777545
9778541
9779546
9779629
9779689
9779784
9780006
9780516
9784984
9785134
9786089
9788100
9788479
9789133
9790330
9791066
9792549
9792953
9793679
9794205
9795391
9802097
9802941
9803268
9803545
9804438
9804849
9805028
9807290
9807577
9808123
9808885
9809306
9813424
9814138
9814976
9815291
9816434
9816491
9819681
9822468
9822826
9823664
9825149
9825436
9825865
9827122
9827355
9828020
9829324
9829378
9829569
9829808
9829892
9830681
9830754
9833307
9835248
9838099
9838126
9840413
9842538
9842543
9842710
9843011
9843988
9844614
9846586
9852295
9852842
9852889
9853165
9853677
9854118
9855832
9856874
9856925
9857885
9860351
9860593
9860840
9861791
9862056
9862668
9862882
9863960
9864975
9865969
9870475
9872933
9873274
9875288
9879137
9879182
9879279
9880447
9880466
9882793
9883031
9884766
9885005
9885105
9886083
9886927
9886933
9888494
9888876
9889490
9890694
9890963
9891296
9892581
9892835
9894290
9895517
9895794
9895904
9898099
9898745
9899402
9899849
9900699
9901139
9901810
9902038
9902503
9903202
9905018
9905395
9905492
9905890
9906072
9906697
9908622
9910094
9910206
9910394
9911541
9912996
9913068
9913969
9916519
9920130
9921507
9922299
9922507
9922618
9923601
9923771
9924274
9926086
9929033
9930690
9932353
9936527
9939168
9939212
9939265
9939442
9939810
9941677
9942145
9942259
9943073
9946137
9946713
9947879
9948030
9949364
9949911
9950126
9950191
9950498
9951568
9955369
9955853
9956426
9958716
9959287
9963971
9964418
9965315
9967464
9969164
9971731
9971853
9972471
9974214
9974660
9977327
9979257
9979323
9979548
9981108
9981542
9982304
9985449
9986985
9989445
9989812
9991422
9992302
9992358
9993375
9995308
9996626
9999516
9999567
