329
1747
2156
2854
4179
4776
4973
5243
9032
10220
11414
12338
12596
14831
15295
17460
17955
18707
19953
20388
22422
23838
24072
24322
25334
25439
25537
26061
26140
26149
26632
26693
27176
28413
28477
28521
28709
29755
31206
33539
34477
37058
37556
38478
40990
41546
41819
42279
43964
43990
45557
46576
48098
48974
51378
53380
54202
54272
55499
56008
57604
58423
58676
58922
59792
60568
60987
61792
64716
65595
65846
68248
68328
68619
71629
72388
75721
78255
80323
80863
81391
81510
81641
81852
83249
83399
84467
84638
85280
85782
86086
87182
88475
88803
88843
89508
90221
90810
93075
94496
94894
95393
96924
98655
100156
100619
101247
103713
103770
105272
105791
106224
106319
106392
106435
107931
108539
109867
111160
111379
112919
112978
113403
114088
114509
115621
115642
116953
118664
118797
119216
119357
120914
122097
122204
122580
124336
124796
126970
127277
128470
129401
129513
129747
131885
132857
133750
136069
138527
138765
138826
139961
141616
144761
144797
145619
148266
148766
150398
150791
151049
151911
152394
153121
154091
155824
156470
158005
159108
159759
160298
161010
162911
163247
164632
165068
165975
170262
171779
172404
173434
174452
175466
176037
176596
177158
177778
178746
179105
180715
181865
182520
183019
184672
185601
186329
186511
187104
188103
189263
189952
191635
195753
196246
196707
199264
201337
204158
204171
204619
206937
207643
207848
208724
209133
209173
210135
211836
215265
217273
219275
221538
223958
224662
226011
226387
226662
227056
227343
228527
228683
228929
229376
230235
230995
231009
231289
232442
233359
233566
234745
235592
238253
238322
238346
239963
243030
246078
246309
250943
251091
253146
256564
259498
259658
260330
260555
261447
262379
264136
264414
264916
265138
265773
266416
266450
266822
267320
268838
269401
269552
270318
270849
270887
271717
272933
273089
273188
274028
275991
277111
277444
280688
280845
282855
284855
284965
285036
286752
288468
288709
289926
289973
290973
291849
294275
294574
296653
297729
298840
299096
303605
304549
305819
306098
307287
307900
308326
309977
311520
312985
313659
313833
313913
314045
314050
315303
316335
317758
318473
318491
318728
319224
319324
320770
321555
322947
324427
325147
325902
326096
326114
326451
326849
328694
329367
329812
330124
330934
331044
332125
332593
333525
334254
334519
334578
335479
335935
336296
340708
342298
343722
344480
345115
345449
345677
347500
347671
349108
350511
351293
352277
352700
353061
353968
354616
357007
357288
357665
359188
366552
367556
368253
368441
368786
369551
370208
370679
371957
373897
373937
374211
374893
375812
376121
376245
376397
377287
380844
382223
383422
384955
385116
388158
390085
390789
391342
391558
392629
395120
396093
396317
397598
398027
398140
398897
399338
400568
400692
401979
404192
404711
404796
405605
407622
407878
408633
409098
409408
409814
409903
410302
410595
412151
413452
415806
416307
417870
419072
420037
420217
422071
423146
423924
425102
427926
429664
429949
430045
430237
432379
433820
434867
435811
436641
436688
437457
438124
438340
438670
440148
441123
441614
442737
443405
446054
448204
448280
449225
450170
450254
451596
451658
452974
453042
454717
454974
455415
456254
456394
456933
459883
460179
460878
462700
463645
463972
465034
467271
469272
472038
472326
472931
473968
476077
478609
480330
480392
481354
482233
482437
482901
484000
484717
486650
488512
489677
489829
489992
490968
491170
492014
492982
493354
493460
495162
495200
496282
497519
499101
500170
501182
503160
504052
504194
504858
506854
507744
509592
510796
511052
511584
512709
514094
515713
515824
517007
517818
519226
521457
521560
521805
522303
524546
525171
525484
525603
529402
530140
532225
532703
532855
534299
535992
537283
537845
538735
539434
540402
542070
542298
542727
543846
544020
544287
544814
545410
547043
547048
547512
548440
548563
548798
548934
549317
550772
552558
554556
555641
556392
556484
557214
557364
558041
559077
562255
562678
562914
563235
563861
564693
565763
566549
568261
568306
571897
572205
572622
572948
573958
574765
574897
576405
580038
581389
584735
585865
586944
587746
588181
588797
588835
590472
590579
591569
591996
592095
592166
592658
592956
594467
594847
597350
599743
600554
601171
602807
604042
604747
605160
605399
607429
609205
609950
610638
611385
612010
612893
615373
618740
619017
619072
619923
621050
622583
623174
623805
624022
624622
625094
625107
628107
628286
629802
632505
633194
633604
634008
634347
634871
635229
635247
635826
638896
639489
640027
640724
643385
645266
646143
646582
646792
647923
649720
651220
651621
654107
655839
655897
656083
658925
662342
663597
663846
663847
665072
665485
666837
667589
670357
671049
671353
672332
672582
673921
677149
677469
678600
679288
679364
680190
683218
683250
684035
684097
685531
687364
687460
688081
688516
688708
690192
691096
691218
691545
693864
694815
695334
695574
695626
699419
699620
705889
707633
709281
709344
709606
709789
710033
712602
712661
713678
716942
717514
718080
718127
718250
718359
720548
720638
721137
722672
723776
723857
723973
724080
725108
725370
725383
725385
727647
728042
729294
729366
730270
730282
733237
733426
734291
735081
737395
737546
738213
738593
740263
741984
744761
745158
747586
749213
749395
749910
751228
751252
751529
752460
754080
754409
755292
756018
757096
758170
761419
763952
767239
768332
769911
770362
772591
774134
774508
774936
775967
777149
778367
779227
780536
782418
784661
788706
789045
790536
793107
793317
794060
794808
796008
796125
796293
796893
798170
800683
801498
801960
803497
803648
804529
804939
805257
805878
805881
807603
807783
808077
809114
811916
812333
813430
814213
815385
815518
815901
817015
817216
817315
818483
820339
822366
823009
824230
826303
826343
832516
832567
832976
834229
835490
837520
837883
838873
839363
842894
844407
844789
846275
847079
848612
851205
851272
851413
855027
855725
856668
857430
857711
859698
861189
862925
864756
865844
866662
867334
867445
868036
868178
869188
869427
870511
870774
872643
872985
875133
875266
878114
878264
879890
880636
880729
883385
884315
884437
884855
886018
886858
887671
888408
889455
890183
891442
892189
896853
897518
897759
898064
898332
898506
899006
899229
899284
899748
901547
904206
905172
907723
907954
908082
909804
910710
911993
912569
913635
913857
913969
915258
915523
917309
922465
923436
925337
925430
925800
926416
926620
929561
930118
930967
931937
932877
934083
934815
935463
940009
941326
941519
941636
941696
942571
944075
945611
946748
947548
949020
949243
949870
950548
952416
953119
953403
953952
955149
955521
955906
957902
960749
961692
961977
962244
963318
963444
963457
964579
967151
967196
967354
971766
974120
975280
975653
977227
977430
977840
978122
979703
979736
980333
981589
983664
984610
984808
985454
986259
986396
986633
986699
986805
990945
991033
991348
992537
994003
996093
996467
996712
999290
1001633
1003219
1004990
1007031
1009044
1009464
1011401
1012633
1013483
1014157
1014161
1017014
1017328
1017987
1019670
1021378
1022570
1024414
1024584
1025184
1025870
1026406
1027141
1027212
1031698
1032621
1034953
1036082
1036253
1036494
1036637
1037034
1037136
1037432
1038526
1039144
1039713
1040182
1040311
1040993
1043591
1043800
1044613
1044739
1045028
1045191
1045458
1045508
1045602
1046616
1046952
1047330
1050742
1052489
1052912
1053090
1054424
1054483
1055404
1056652
1057568
1057937
1059626
1060318
1061410
1062375
1062973
1065623
1065648
1067945
1069528
1071523
1071534
1072349
1073740
1073742
1074249
1074593
1077000
1078175
1079124
1079378
1080568
1080909
1084174
1086119
1090257
1090551
1090595
1095566
1095854
1096120
1097802
1097835
1098197
1098254
1099794
1100778
1101850
1104606
1105578
1105770
1105795
1105807
1105976
1107361
1107611
1108074
1112166
1112807
1113293
1113638
1113771
1114986
1116628
1119558
1120569
1120953
1121160
1122983
1125045
1126435
1126512
1126655
1128478
1128805
1129473
1131090
1132078
1132633
1134859
1137815
1138439
1138597
1139895
1140196
1141132
1143122
1143637
1150456
1153130
1154132
1154486
1155868
1156806
1157598
1157888
1158216
1161426
1161865
1162227
1163598
1166732
1166912
1169144
1169552
1170616
1172930
1175298
1176411
1177305
1177371
1178827
1178995
1179052
1180054
1180177
1180255
1181003
1181928
1182101
1182513
1182687
1182800
1184859
1184975
1185260
1185275
1186813
1186868
1188079
1188289
1188827
1188999
1190758
1191518
1191924
1192614
1196157
1196824
1197228
1197706
1198664
1200244
1200930
1201969
1202827
1203265
1204071
1204572
1205041
1205449
1207755
1207841
1209542
1209991
1210338
1210481
1210859
1211540
1212760
1212850
1213878
1214674
1215112
1215168
1215314
1215776
1216425
1217057
1217203
1218876
1220214
1220801
1223181
1223568
1224015
1226667
1226842
1227442
1227582
1228366
1228760
1228878
1229293
1231597
1232272
1232279
1233010
1233251
1234619
1235453
1236930
1237423
1238076
1238684
1238752
1238846
1238950
1240015
1240018
1240778
1241611
1241940
1242024
1242211
1242266
1243469
1243544
1243577
1245696
1245954
1246167
1246537
1248184
1248802
1249866
1250133
1250745
1250746
1251277
1252296
1253380
1255934
1256489
1258478
1259073
1260316
1260836
1261392
1261658
1263895
1264562
1264722
1264807
1265233
1266054
1267118
1267480
1267733
1268618
1269143
1269277
1271349
1272281
1273362
1274314
1277979
1280476
1280559
1282157
1282976
1283109
1283277
1284948
1285702
1286195
1287062
1288534
1289313
1289358
1289414
1289666
1291078
1294659
1295541
1296094
1296861
1297334
1301706
1301911
1304677
1305951
1307053
1307697
1307812
1307869
1311519
1311732
1312310
1313107
1313322
1313729
1314425
1314887
1316009
1316282
1316356
1320281
1320481
1320503
1321280
1321429
1323005
1323734
1324038
1324423
1324870
1325408
1326147
1326307
1326909
1327425
1330166
1331660
1332802
1333561
1334356
1334552
1334583
1335444
1335457
1335924
1336282
1337223
1337412
1337669
1339315
1343091
1344814
1345409
1346571
1347091
1347474
1347803
1347999
1348108
1348191
1348894
1349591
1357704
1358441
1361803
1363244
1364660
1368590
1370391
1371102
1371154
1371632
1372204
1373165
1374951
1374973
1376815
1377675
1379336
1380625
1381079
1381565
1386577
1387736
1387815
1388967
1390849
1395099
1395653
1398197
1400486
1401975
1405642
1405848
1407344
1408305
1408744
1409430
1410864
1412202
1412580
1412599
1414848
1415701
1416760
1417346
1417483
1417987
1418762
1420206
1421727
1422288
1423336
1423427
1424584
1425323
1425831
1426302
1426788
1428337
1428401
1429888
1429892
1431359
1431380
1433481
1434754
1435701
1435792
1435907
1436759
1437381
1437453
1437456
1438182
1438796
1439053
1442803
1443503
1443831
1444260
1444890
1447756
1448816
1448874
1448961
1449012
1450376
1450805
1452068
1452255
1453603
1453835
1460084
1460463
1460582
1460843
1461259
1462439
1465599
1470378
1473400
1474483
1475810
1480098
1480333
1480341
1481342
1481996
1483957
1484967
1485469
1485962
1486016
1487231
1487977
1490896
1495840
1496972
1497534
1497637
1499640
1500602
1501072
1501405
1502155
1504059
1505865
1505975
1506428
1506704
1506949
1507046
1508836
1509694
1510157
1514853
1515945
1516995
1518918
1519040
1519470
1520179
1521569
1522467
1522969
1524614
1525029
1525373
1526044
1526544
1527714
1527725
1528658
1532483
1532627
1533441
1534565
1536930
1537633
1537961
1539850
1540542
1541144
1541228
1542174
1547247
1549480
1549924
1550610
1551245
1551468
1552312
1553332
1554945
1555436
1556391
1558470
1558847
1559529
1559794
1560133
1560649
1561079
1563565
1564022
1564113
1564790
1565111
1565274
1570521
1571398
1572621
1572633
1573015
1573862
1574474
1574972
1575291
1577020
1577448
1578096
1581090
1582606
1582950
1583548
1583557
1583748
1584222
1584308
1586632
1589719
1591718
1593357
1595469
1595586
1596030
1596763
1596947
1598878
1599900
1601100
1603110
1603513
1603953
1604640
1606532
1608253
1609568
1609586
1609752
1610332
1610896
1611531
1612462
1612494
1613163
1615179
1615450
1618757
1619346
1620537
1621799
1621829
1623439
1623505
1625089
1625787
1627755
1627840
1628156
1628399
1629721
1629902
1630395
1631426
1635300
1635747
1638661
1639918
1645430
1645540
1645787
1646110
1646554
1646587
1646815
1646826
1650461
1651654
1653005
1653662
1653711
1657384
1657491
1657866
1658035
1660408
1661091
1663633
1663697
1666967
1669326
1670397
1670403
1671680
1671900
1676165
1678401
1681434
1681847
1683116
1683524
1683885
1683917
1683963
1686053
1687027
1690098
1690118
1691006
1692204
1692341
1693130
1693288
1693891
1697683
1698691
1700158
1700624
1700941
1701057
1701458
1701963
1702461
1705276
1706615
1708338
1708469
1708657
1710201
1711331
1711455
1712898
1713043
1714257
1715343
1716881
1717007
1719116
1719205
1720935
1722705
1723816
1724958
1726828
1726867
1727969
1729029
1730106
1730478
1730561
1730795
1731444
1732136
1734150
1734229
1734861
1737843
1737966
1738532
1740609
1740795
1741366
1742076
1742503
1742782
1746416
1749328
1749397
1749745
1751365
1752567
1753023
1753468
1753829
1753937
1754088
1755780
1756667
1757336
1757470
1757864
1758724
1760118
1761248
1761498
1761545
1761728
1763815
1765418
1767499
1767510
1767670
1768019
1769815
1771183
1772267
1772339
1774844
1776859
1777729
1778748
1781139
1781964
1783832
1786489
1786719
1786728
1787205
1787263
1787460
1788217
1788287
1788570
1789845
1789901
1790955
1791937
1792775
1793515
1795549
1797734
1798210
1798552
1800205
1800271
1801712
1801802
1801813
1804109
1804309
1806768
1807434
1807653
1809769
1811517
1811728
1813344
1815077
1816649
1818917
1820581
1822229
1822379
1822524
1822969
1824082
1824250
1825374
1825533
1826593
1827441
1828580
1829378
1829567
1829695
1830087
1830313
1835117
1836995
1838719
1840780
1840970
1843943
1845012
1846511
1846822
1847579
1847684
1849029
1849396
1849664
1850295
1852594
1853269
1854082
1854182
1854856
1854892
1855358
1856124
1859438
1860739
1860909
1861174
1861811
1861823
1862271
1864537
1865948
1866459
1867122
1867612
1868882
1868903
1869244
1869507
1870523
1870950
1871236
1871942
1876379
1877957
1878416
1878418
1879908
1881317
1882115
1882618
1883749
1884497
1887938
1888083
1888277
1891257
1891685
1893833
1894144
1896568
1899176
1899521
1899530
1900168
1901690
1902172
1903057
1904168
1904372
1905853
1907234
1907366
1907726
1908871
1914671
1914905
1915016
1916215
1916418
1918166
1919005
1920127
1920803
1921163
1921747
1922669
1923612
1924750
1925415
1926228
1927148
1927442
1929792
1929970
1930267
1930504
1930530
1931162
1931549
1931902
1932382
1934413
1935601
1938103
1938929
1942915
1944078
1944362
1945842
1946045
1946363
1946715
1946736
1947114
1947255
1947771
1948474
1949950
1951434
1951455
1952656
1953042
1953448
1954100
1954650
1955816
1956627
1956716
1956854
1958148
1959288
1959832
1960881
1963923
1966361
1967521
1967585
1968015
1968536
1969731
1970349
1970894
1974894
1975452
1975747
1977630
1977728
1977969
1978019
1979500
1979686
1979724
1983228
1983682
1983740
1983953
1984475
1986050
1987729
1988204
1989451
1990133
1994929
1995760
1997598
1998387
1998683
1998719
1999676
1999801
2004300
2006151
2007698
2010329
2011321
2012126
2012361
2013063
2013274
2013782
2014413
2014582
2015021
2015995
2016249
2016458
2017472
2017833
2019500
2019612
2019865
2020836
2022303
2024395
2024642
2024937
2024961
2025293
2025821
2026373
2027702
2028146
2029002
2030017
2030195
2030414
2031393
2032976
2033847
2034820
2037448
2038741
2039305
2039753
2040192
2040286
2041666
2041748
2045224
2046985
2047439
2047834
2048172
2048558
2049664
2051071
2052535
2053501
2057155
2057214
2058913
2063220
2064004
2066862
2067463
2068062
2068366
2071003
2071484
2076306
2077266
2078122
2078409
2080401
2082798
2082916
2086621
2087137
2087187
2087349
2087927
2087931
2088527
2091871
2091977
2093064
2093460
2093528
2095231
2095389
2095994
2097999
2099790
2100514
2100775
2101247
2104066
2104509
2105126
2106460
2106906
2107117
2109299
2110299
2113860
2114568
2115207
2115428
2115788
2117714
2118173
2119005
2121731
2123110
2123284
2124313
2126475
2126933
2129673
2130666
2130976
2131185
2131393
2132664
2132918
2134186
2134291
2134311
2136729
2137569
2137770
2137984
2138611
2139892
2140084
2140799
2141082
2142703
2143213
2145808
2146834
2147184
2147201
2147576
2148482
2149172
2149190
2150356
2150755
2151563
2152713
2153091
2153246
2153595
2156831
2157831
2158825
2158889
2161185
2161598
2162761
2163897
2164109
2165472
2165745
2168039
2170731
2173829
2175725
2176116
2177929
2178022
2178915
2178946
2179950
2180060
2180519
2180542
2181979
2183498
2186691
2188755
2188841
2189624
2189728
2190481
2194576
2196161
2197217
2197382
2201469
2202356
2206098
2206316
2206900
2207583
2208059
2208240
2208408
2209541
2209703
2210704
2213116
2213787
2215283
2216835
2217891
2218148
2220443
2220651
2222627
2224743
2229060
2229632
2230373
2231164
2231612
2234101
2234837
2235782
2236976
2237007
2237243
2239161
2239820
2239999
2241981
2243592
2243879
2249932
2250289
2250341
2250549
2251251
2253287
2254835
2256068
2258416
2260453
2260684
2261339
2263093
2264106
2265110
2265581
2266478
2267027
2268531
2268901
2270680
2273202
2274568
2277261
2277886
2280452
2283119
2284012
2284578
2284749
2285597
2286437
2286919
2287507
2288396
2288983
2290363
2290669
2291986
2292077
2292099
2296713
2296874
2298489
2302222
2303914
2305223
2305899
2308787
2308891
2310432
2313197
2313620
2313663
2314698
2316159
2316206
2317214
2317423
2318035
2318121
2318423
2319117
2321478
2321925
2323076
2323721
2325067
2325495
2328579
2330300
2330796
2330953
2332383
2337928
2338688
2339646
2339776
2340755
2343566
2346548
2347618
2349219
2349514
2349859
2350259
2350579
2352352
2352377
2352782
2353262
2355884
2356527
2356784
2357364
2357385
2358464
2359974
2360917
2361072
2364116
2364365
2364434
2365328
2365640
2367017
2367383
2370760
2373369
2374159
2374559
2374645
2376615
2377674
2378347
2378846
2380704
2381837
2382125
2382378
2386067
2386728
2387498
2387939
2388145
2388159
2388180
2388617
2388856
2389002
2393598
2394940
2395416
2398950
2398953
2398972
2399764
2399786
2403545
2404199
2405360
2405386
2405398
2406677
2408962
2409877
2410295
2411048
2411961
2412812
2413592
2414164
2414648
2414704
2415252
2416180
2416660
2417164
2419913
2421090
2423463
2423952
2424366
2426113
2426363
2426574
2427407
2427505
2427789
2427804
2428548
2428748
2429415
2430442
2430676
2433050
2433533
2435332
2437120
2437274
2439488
2439912
2441915
2442307
2442726
2442781
2442812
2445339
2447852
2450015
2450767
2451873
2452027
2454580
2455903
2456078
2457481
2458695
2462117
2463683
2464634
2465559
2466817
2467668
2468511
2470445
2471129
2471400
2472342
2473385
2473720
2474613
2474694
2476246
2476641
2477413
2478208
2479554
2481193
2481572
2483562
2483707
2484689
2485453
2487571
2488250
2488270
2490232
2491513
2492492
2493562
2495442
2496008
2497679
2498124
2498425
2499504
2499695
2500675
2501790
2503024
2505809
2506859
2508438
2508584
2511022
2511260
2515648
2516181
2516519
2519381
2522555
2524335
2525069
2525459
2526585
2528279
2528847
2529325
2530024
2530130
2531059
2531819
2532922
2535102
2538745
2539206
2540530
2541507
2541700
2541804
2541867
2542268
2542489
2542959
2545931
2546071
2546649
2547040
2547724
2549223
2549743
2550380
2550398
2550402
2552247
2553806
2555650
2556596
2557306
2557929
2558553
2560223
2560619
2560657
2560951
2562514
2562531
2564113
2564585
2565451
2566883
2567042
2568710
2568847
2569482
2570190
2570619
2571864
2571908
2572866
2574564
2574617
2577580
2577616
2578441
2580587
2580600
2581435
2581707
2583659
2583972
2584318
2584432
2584873
2586558
2586716
2586758
2587046
2587225
2587808
2587988
2588790
2589492
2589745
2589864
2590884
2591501
2591927
2592143
2592193
2593895
2594219
2594340
2594486
2594601
2595513
2598490
2598764
2599005
2600496
2600776
2601171
2601692
2601799
2603072
2603851
2605341
2605373
2606882
2609271
2611647
2612025
2612954
2615546
2615607
2615784
2617779
2618742
2619629
2620026
2620705
2622802
2623101
2624240
2624353
2625062
2625162
2625333
2625468
2625742
2626218
2627080
2627407
2627503
2628716
2630348
2631657
2637709
2639012
2639177
2639524
2642380
2642487
2644903
2645057
2646144
2646798
2647419
2647506
2648064
2648540
2648987
2650855
2650859
2651544
2652444
2652800
2653831
2653834
2653857
2656504
2658128
2658681
2659475
2659764
2660891
2661606
2662672
2664633
2666035
2667630
2668077
2668154
2671146
2671708
2671777
2673413
2673440
2674366
2677756
2680115
2681570
2681791
2683524
2685445
2687228
2688849
2689162
2689294
2692226
2693170
2693182
2693325
2693868
2694329
2697918
2698257
2698748
2699582
2700167
2701129
2701765
2701997
2702411
2702785
2703111
2704051
2704798
2707239
2707422
2708500
2708825
2711038
2711589
2712418
2713059
2714048
2715514
2716001
2716194
2716870
2718191
2719593
2720283
2721163
2721981
2722443
2722940
2729384
2730400
2731433
2732217
2732635
2734419
2734776
2735439
2736147
2736837
2737643
2738975
2739977
2741168
2741590
2741814
2742450
2742865
2743708
2745428
2745483
2745755
2746090
2747318
2747415
2748150
2748724
2749003
2749754
2750651
2752197
2752699
2753560
2754330
2756878
2761222
2762945
2769638
2769909
2770003
2771935
2773320
2773440
2773863
2775468
2776255
2778618
2780481
2781390
2782523
2785562
2786628
2788138
2788925
2792967
2793626
2795645
2795883
2796506
2797280
2799431
2801475
2801485
2802046
2802747
2803467
2804641
2804784
2804911
2805077
2806214
2807570
2807878
2807935
2807941
2808471
2808691
2809239
2809681
2809955
2810886
2811420
2813704
2814554
2816960
2817824
2820444
2820621
2821468
2821540
2822257
2822580
2822967
2824532
2824588
2827341
2828076
2828536
2828846
2828878
2830167
2830382
2830487
2832551
2832764
2833359
2835414
2835861
2835935
2836584
2837757
2841743
2841881
2842064
2842882
2843363
2843950
2845259
2845794
2845877
2846295
2848300
2852903
2853366
2854207
2856019
2856151
2857037
2857089
2857152
2858456
2860074
2860190
2862135
2863119
2863425
2864454
2867179
2867880
2872392
2878607
2880485
2883293
2884636
2885006
2885186
2885231
2886812
2887900
2887904
2888013
2891105
2891263
2891705
2892065
2892488
2892570
2894713
2896143
2896768
2897516
2902456
2903253
2904952
2906293
2906560
2907328
2907353
2908590
2910319
2910337
2912038
2913000
2913342
2914274
2915922
2916061
2916361
2917232
2917516
2919231
2920428
2920928
2921254
2923340
2923984
2924733
2925888
2928338
2930813
2932399
2933643
2933819
2933986
2935371
2936901
2938678
2939503
2940679
2941669
2941888
2942305
2942829
2943553
2943931
2944723
2945655
2946234
2946675
2947185
2948745
2948863
2949904
2950233
2951542
2951575
2951661
2952082
2952265
2953925
2954233
2954793
2955467
2955965
2958402
2958981
2960059
2962263
2962411
2964143
2965971
2967167
2967563
2968860
2971015
2971051
2973756
2975824
2977357
2977921
2978508
2978787
2980654
2982527
2982910
2983053
2983937
2986168
2986465
2986770
2986953
2987616
2989260
2990877
2996589
2997333
2997739
2998070
2998337
2998557
3000956
3003276
3004628
3005137
3005224
3006493
3006676
3007695
3008760
3008768
3010466
3010842
3012454
3012817
3013104
3013678
3016989
3018517
3019199
3021486
3021740
3022493
3022961
3024224
3025956
3027204
3027230
3027352
3035618
3035964
3036286
3036869
3036943
3037288
3037945
3038363
3038534
3039035
3041786
3042366
3042833
3043735
3045099
3048298
3048377
3049063
3049721
3050277
3050525
3051389
3051932
3053709
3053957
3054701
3055426
3055440
3055652
3058614
3058960
3059249
3059291
3060438
3061266
3062397
3062539
3064055
3066936
3067858
3067973
3067987
3068649
3069052
3070027
3070459
3070542
3070620
3071138
3071283
3074782
3075605
3076392
3076401
3080095
3081149
3081165
3081368
3082951
3083941
3085849
3086503
3087575
3087816
3088781
3089245
3089496
3091792
3091906
3092357
3093262
3096613
3098367
3098895
3099708
3102902
3103521
3106031
3107550
3108228
3108255
3108417
3109953
3110302
3110360
3111449
3111764
3112103
3113136
3113333
3114641
3114826
3115253
3115484
3118380
3118516
3120184
3121032
3121065
3121469
3122597
3123371
3123549
3124666
3124920
3126080
3126362
3126975
3128183
3128375
3129997
3130558
3133565
3134180
3135436
3135852
3136274
3136769
3136850
3138520
3141419
3145508
3145950
3146709
3148503
3149388
3149447
3150864
3152336
3155691
3158435
3160290
3160848
3162249
3163418
3163686
3165099
3166266
3167666
3169924
3171799
3174393
3174766
3177343
3178023
3178251
3178508
3178635
3179196
3179620
3181303
3183357
3185655
3185698
3185831
3186267
3188896
3190708
3195720
3196473
3198420
3199771
3201208
3201582
3201857
3202172
3202745
3202952
3203198
3203706
3204191
3204386
3204923
3205840
3208472
3208878
3209026
3209818
3212302
3213852
3214568
3214581
3214606
3215943
3215963
3216060
3216244
3217250
3218315
3219367
3220796
3222164
3223332
3224264
3224497
3224645
3225108
3225423
3225462
3228043
3229792
3230786
3231150
3232294
3232346
3235592
3235595
3237702
3237899
3240359
3241181
3241480
3243555
3244539
3244972
3248769
3250220
3251721
3254271
3254426
3254662
3254910
3256150
3256469
3256470
3257802
3258505
3259046
3259562
3260548
3260867
3261075
3261686
3261918
3262276
3268187
3269082
3269671
3270556
3273957
3274117
3274168
3275194
3275365
3276265
3277362
3278312
3278913
3279796
3281063
3282505
3284598
3285444
3288875
3289970
3291722
3294212
3294711
3296012
3297705
3297745
3298633
3299072
3299316
3303434
3304000
3304142
3305141
3306217
3307301
3310205
3313208
3313528
3315332
3315431
3317029
3317318
3317998
3318614
3319132
3320212
3320515
3321179
3323599
3324222
3324283
3324643
3324847
3324893
3326193
3327480
3328318
3329533
3330586
3330968
3331717
3333242
3334166
3334500
3335531
3336117
3337019
3338716
3339981
3340590
3341273
3343369
3343383
3345695
3347018
3347463
3347716
3348403
3349504
3349682
3350450
3350500
3351136
3351238
3351622
3351712
3352227
3353373
3354085
3355355
3356363
3358308
3358329
3359631
3361021
3361986
3362086
3362413
3362509
3362895
3364257
3366365
3366766
3368527
3369606
3370308
3370801
3371158
3372894
3372988
3374385
3375136
3375274
3375519
3376658
3378478
3378501
3383630
3384255
3384499
3385357
3386194
3386843
3391473
3393336
3394533
3394612
3395856
3396072
3397065
3397176
3399417
3400022
3400549
3400645
3401702
3402094
3402240
3402936
3403504
3404931
3405116
3405198
3405584
3405665
3406069
3407033
3408375
3409175
3409288
3409764
3410242
3412868
3415114
3415505
3415512
3416386
3416806
3417023
3417721
3418834
3423681
3423771
3423820
3424183
3424268
3426568
3428125
3429904
3430851
3432008
3434059
3435414
3438464
3439512
3441169
3442328
3442903
3444000
3445902
3446871
3447773
3450633
3451678
3452162
3452807
3453029
3453341
3453691
3454731
3455425
3457468
3458161
3459418
3460237
3461829
3462289
3462360
3466149
3466585
3466660
3467277
3468201
3470794
3470984
3471018
3471137
3473409
3474791
3475608
3475658
3478950
3479380
3479473
3479713
3480571
3481011
3481024
3482144
3482552
3485773
3485817
3486241
3486512
3489111
3489153
3489503
3490368
3492018
3493646
3493700
3494248
3494854
3496291
3497386
3498033
3499965
3500505
3501533
3502219
3502940
3503050
3504276
3504315
3505302
3505707
3506745
3507204
3508594
3508942
3509500
3510578
3510959
3511401
3514636
3514751
3515520
3515658
3516901
3517011
3517278
3517312
3517924
3519105
3519440
3520099
3520835
3521064
3521278
3521302
3522004
3522564
3524319
3526128
3528410
3529926
3530038
3532002
3533031
3533378
3533499
3536849
3537458
3538582
3540608
3541910
3542753
3542898
3545224
3547171
3547636
3547735
3548681
3550021
3557308
3559080
3559417
3560741
3561437
3562440
3562609
3562903
3564055
3564763
3565054
3565668
3568483
3569018
3569191
3569736
3569739
3569979
3570754
3571126
3574955
3575791
3577317
3577547
3578271
3578362
3581245
3581560
3581678
3581682
3582196
3583327
3584520
3584531
3584643
3585355
3587949
3588181
3588335
3588513
3589744
3590942
3592490
3592941
3593190
3594559
3594884
3595055
3596484
3598219
3599235
3599538
3600310
3601382
3603002
3603722
3604617
3604763
3605434
3605635
3606550
3606621
3607090
3616862
3617086
3617765
3618003
3622448
3623889
3624201
3624252
3624258
3625333
3626201
3626678
3627150
3628161
3628803
3632702
3634308
3635765
3638272
3639671
3640610
3641945
3647707
3647894
3648072
3648482
3650097
3650368
3650486
3651307
3651407
3652336
3652523
3652658
3653072
3654233
3654618
3656426
3658653
3658907
3659927
3660985
3661558
3662763
3662938
3663501
3664802
3666184
3668639
3668812
3668918
3669701
3673198
3675044
3680268
3680860
3682157
3682210
3683460
3684400
3685358
3685362
3688104
3689245
3689317
3689780
3692771
3693170
3693664
3700284
3701241
3702479
3703946
3704233
3708152
3710488
3712502
3714324
3714373
3714576
3716494
3718136
3719335
3721488
3722829
3722859
3723044
3723635
3724902
3725739
3726143
3726568
3726719
3728744
3729839
3729899
3730280
3730476
3731515
3731687
3733360
3734230
3734984
3735043
3736067
3737541
3739021
3739043
3739790
3739883
3741414
3743147
3743406
3745129
3745387
3746560
3747125
3747253
3748619
3749911
3751594
3752476
3753229
3755586
3757241
3758226
3758431
3760892
3761777
3762873
3762882
3764132
3765570
3765861
3766319
3767310
3770364
3770704
3771776
3771831
3772372
3772682
3772893
3776296
3777040
3780780
3780950
3783239
3784461
3786794
3787351
3787891
3788995
3789356
3789644
3791141
3791280
3792472
3792805
3792874
3795177
3796189
3796746
3797737
3799060
3799485
3800152
3800293
3800942
3802096
3802156
3802461
3802811
3803223
3803442
3804939
3805239
3806080
3807243
3807534
3809206
3809943
3810378
3810883
3813346
3814565
3814662
3818207
3818510
3818717
3818938
3819859
3820210
3820629
3822335
3822691
3822814
3824642
3827997
3829483
3831142
3834767
3838666
3839547
3840552
3841322
3841781
3842283
3842539
3842867
3843899
3844150
3846096
3847213
3847729
3848507
3849665
3849691
3850823
3851944
3852526
3853383
3853956
3855673
3856238
3858813
3861064
3861866
3862763
3863325
3864722
3865145
3865204
3865329
3865750
3866725
3868213
3868352
3868521
3870465
3870611
3870748
3874871
3875198
3876297
3876703
3877095
3878099
3878185
3878525
3878971
3879861
3880170
3880296
3881719
3883895
3885509
3885918
3885933
3886521
3887203
3887269
3887623
3887894
3890152
3892140
3892278
3893317
3894491
3895496
3895817
3904663
3904665
3906650
3909225
3910503
3911153
3912634
3915111
3915318
3915547
3918863
3919369
3919911
3921742
3922223
3923050
3925565
3925617
3927543
3928561
3928677
3930427
3930845
3931434
3933273
3937417
3937949
3938160
3939901
3940322
3942337
3943294
3943811
3943825
3945159
3947893
3948790
3948872
3950227
3951722
3952974
3953975
3954370
3955245
3955280
3955494
3957682
3959446
3959556
3961120
3962055
3962604
3963102
3963543
3963612
3964825
3964843
3965827
3967622
3967798
3967941
3967991
3968510
3969189
3970606
3970782
3971150
3971200
3971929
3972922
3972929
3974410
3974725
3974813
3978100
3978227
3978718
3979667
3981039
3982738
3982958
3983909
3985388
3988703
3988715
3988841
3990205
3990697
3992119
3992544
3996013
3996462
4000326
4001129
4001879
4002201
4003464
4004614
4004663
4006510
4007259
4010377
4011289
4011490
4012163
4014400
4014978
4018019
4021811
4022625
4022659
4024046
4024805
4025139
4025368
4025443
4027230
4027728
4029515
4029752
4030507
4030910
4031863
4032736
4033222
4033371
4036650
4039231
4040372
4040474
4040598
4042519
4043679
4043929
4044000
4045041
4045358
4046388
4046584
4047688
4047842
4048442
4049553
4050125
4050220
4050959
4051277
4051280
4053486
4053949
4057275
4058227
4059826
4060031
4061300
4061963
4062250
4062518
4064294
4064386
4064405
4064693
4065563
4066100
4066755
4068425
4068438
4069533
4071463
4071507
4075483
4075918
4078306
4078510
4078991
4080044
4080792
4081778
4082066
4083349
4083909
4084791
4085194
4085319
4085802
4086203
4087931
4088723
4088872
4089762
4091440
4092150
4093062
4093340
4094223
4094317
4095271
4095426
4096764
4097328
4097443
4097928
4098130
4099189
4100907
4101325
4102290
4102558
4103133
4104338
4105518
4107848
4108054
4108453
4108932
4109567
4110563
4111213
4111964
4113057
4114147
4114437
4115742
4115889
4116626
4119430
4120432
4121476
4121797
4122566
4123927
4124215
4124784
4128969
4129829
4129969
4132748
4132879
4133596
4133648
4133922
4134189
4135005
4138831
4141467
4141908
4142706
4143202
4143493
4143797
4145874
4145905
4146855
4147487
4149810
4150790
4151919
4153084
4154297
4156011
4156039
4156093
4156814
4157224
4157487
4157595
4157985
4158019
4158095
4158110
4158965
4160773
4160805
4162534
4163893
4163990
4164144
4165807
4168115
4168381
4168579
4170723
4171196
4173008
4173773
4174085
4174481
4175849
4177617
4181090
4182118
4184477
4184720
4185010
4185318
4185757
4186449
4187060
4187688
4187841
4188596
4189087
4189224
4189335
4191716
4192018
4192560
4194108
4194234
4195706
4196175
4198042
4199181
4199859
4203373
4208540
4210713
4211520
4213095
4213679
4214018
4214929
4217311
4217630
4217936
4218406
4218925
4219328
4220190
4223125
4226193
4226897
4226961
4228401
4228660
4228765
4230610
4230704
4231361
4233335
4235423
4237509
4238180
4238269
4241477
4241643
4241968
4243146
4244493
4244508
4246124
4246582
4247513
4248449
4248946
4251251
4251808
4251999
4254985
4255723
4260557
4260587
4262162
4262361
4264126
4264425
4264873
4265649
4266554
4266862
4267190
4268669
4269750
4270362
4271608
4273165
4273628
4274211
4275129
4275994
4276985
4277126
4278125
4278527
4279361
4279802
4280410
4281727
4281963
4281994
4284808
4286201
4286269
4287198
4287968
4291117
4291266
4291380
4292378
4293796
4295389
4295942
4296290
4296930
4297455
4297848
4298213
4298875
4299328
4299486
4301407
4302728
4303240
4303294
4303367
4306523
4308667
4311585
4311609
4311805
4312374
4312411
4312579
4312923
4312932
4313664
4313701
4313733
4314503
4318060
4320160
4320502
4321609
4322877
4323093
4323967
4325878
4326341
4327833
4328222
4331823
4332626
4332716
4333853
4337867
4337973
4338157
4338330
4339543
4340181
4340916
4341974
4342367
4342921
4342923
4344850
4346667
4346867
4347694
4347891
4347989
4348714
4350228
4350668
4352733
4352780
4353370
4353597
4354573
4355278
4356522
4357807
4358358
4360113
4361253
4362210
4362366
4363527
4363623
4365196
4365720
4367502
4370648
4371875
4372812
4372943
4373777
4374347
4374693
4375420
4375476
4376366
4376689
4378995
4379840
4380798
4383256
4385190
4385452
4385458
4386246
4387531
4389550
4390316
4390551
4391312
4391788
4392506
4392961
4396241
4396859
4397482
4398620
4399207
4399323
4401652
4403147
4403567
4403817
4403943
4404639
4404734
4405447
4407209
4410182
4411131
4411917
4415487
4415708
4416051
4416174
4419407
4419664
4420705
4421216
4422190
4424342
4425628
4427810
4428038
4429486
4432494
4432893
4433193
4433621
4435280
4435584
4435700
4435979
4437518
4437729
4438604
4440383
4440701
4442368
4442973
4443248
4445108
4445163
4448506
4450149
4451169
4454242
4454643
4455668
4455999
4456396
4456505
4456940
4456965
4458758
4459384
4459584
4459687
4459948
4460091
4461497
4464442
4467132
4467878
4468329
4468546
4468564
4469070
4469394
4469664
4469741
4471375
4471499
4471644
4473548
4475635
4477951
4478963
4482456
4482887
4483175
4483887
4484859
4487120
4488571
4488733
4490634
4491072
4494352
4494425
4494892
4495629
4496018
4496815
4497080
4497245
4497757
4498088
4500827
4501007
4501710
4504304
4504313
4504773
4506227
4510016
4510930
4512189
4514225
4515772
4515787
4519277
4521650
4522340
4525167
4525307
4527525
4529804
4531037
4531150
4531266
4531416
4532999
4533609
4533612
4537563
4537814
4537820
4538799
4539855
4540623
4541176
4541854
4542874
4543074
4543261
4544771
4545523
4546192
4546222
4548204
4548615
4550566
4552106
4553058
4554807
4556124
4556129
4556677
4561143
4562119
4562749
4563806
4566168
4566173
4566563
4566606
4567633
4568166
4569666
4569797
4570412
4573363
4573857
4574034
4574054
4576606
4577202
4577279
4577765
4580582
4582108
4583024
4583540
4584881
4585316
4586335
4586680
4586916
4586973
4588241
4588757
4588874
4591691
4592700
4593582
4593915
4595332
4598526
4599047
4599066
4601382
4602983
4604287
4604424
4604758
4605436
4605488
4606008
4606744
4609725
4610188
4610573
4611229
4612426
4614530
4614536
4615584
4616001
4616085
4616760
4619041
4619755
4620909
4621237
4621473
4622135
4622225
4624264
4624571
4625071
4625849
4627000
4627238
4630458
4630469
4632973
4635000
4635068
4635211
4636203
4636879
4637006
4638165
4638416
4638782
4638850
4642155
4643070
4644005
4644205
4645642
4646517
4647078
4648690
4649338
4649680
4650323
4653751
4655548
4656169
4656174
4657763
4659272
4662081
4662319
4663110
4663259
4663895
4664356
4664428
4665710
4666012
4666479
4666936
4666944
4667193
4667441
4669598
4670400
4670664
4671948
4672214
4672330
4674212
4675229
4675568
4678793
4679407
4679632
4680554
4682602
4683437
4683978
4685700
4686286
4686336
4686354
4686370
4687704
4687787
4687826
4689056
4693308
4696280
4696757
4696983
4698135
4698282
4699585
4699829
4704988
4705730
4706794
4708381
4709392
4712210
4712386
4712639
4714142
4714839
4716157
4716811
4717946
4718785
4719624
4719973
4721376
4721519
4721647
4723537
4724739
4724835
4726528
4726645
4727809
4728723
4728853
4729010
4730390
4730482
4731604
4731864
4732628
4733159
4733573
4734671
4736056
4736248
4737028
4737033
4737149
4740000
4740409
4741107
4741357
4741599
4743088
4744803
4744859
4746041
4746427
4747679
4749420
4753515
4753724
4754012
4754784
4756360
4756432
4756997
4757045
4757862
4758500
4760915
4761071
4761195
4761841
4762529
4762754
4763703
4765264
4767679
4768067
4772017
4772059
4774123
4774889
4774960
4776006
4776702
4777590
4777873
4779903
4780870
4781047
4782350
4786110
4786891
4787061
4787483
4788358
4788405
4788617
4788910
4789203
4790252
4791310
4791928
4792193
4792424
4792797
4793710
4793936
4795390
4796224
4796410
4796678
4797009
4797630
4798223
4800659
4801477
4804081
4807155
4809451
4809857
4810257
4813766
4814276
4814720
4814766
4815112
4817140
4818672
4822697
4823927
4825492
4826043
4826550
4826779
4830184
4830729
4830821
4832413
4832650
4833055
4834417
4835404
4836744
4836948
4839828
4840310
4841333
4842988
4843102
4843588
4846387
4847228
4848775
4849188
4850164
4850274
4850635
4851812
4852210
4854244
4855489
4855580
4855735
4856199
4856278
4856455
4856536
4858637
4858642
4858966
4861039
4861254
4861382
4861656
4863321
4867150
4867557
4868062
4868185
4868672
4868717
4869290
4871001
4871424
4871719
4873042
4873288
4873574
4874256
4876550
4876978
4879563
4884345
4885047
4885222
4885947
4886348
4888047
4889343
4889366
4889696
4893570
4898610
4899530
4899534
4899600
4903299
4905732
4907589
4908500
4909840
4911032
4912588
4913127
4913316
4914904
4915440
4916420
4917451
4918333
4920747
4921069
4922222
4922590
4923427
4923832
4923943
4925033
4926709
4927399
4928205
4929384
4929522
4931017
4933020
4933125
4933450
4934225
4934303
4934648
4935483
4935513
4936188
4938161
4939467
4940697
4943185
4944599
4944765
4945412
4945553
4945965
4946407
4946449
4947002
4947572
4948027
4948449
4948559
4951530
4953315
4958342
4958937
4960072
4963105
4963801
4964762
4965845
4966272
4966786
4967900
4968459
4971367
4971913
4972464
4972820
4973585
4973821
4974272
4975368
4975506
4975643
4976416
4978271
4978514
4980674
4980873
4981682
4981795
4982399
4985894
4987659
4988340
4989258
4992358
4993065
4993111
4993521
4996289
4996402
4996572
4997368
4998935
5000078
5000110
5000961
5003602
5005604
5005761
5006457
5006993
5008539
5008864
5009662
5010683
5011438
5013995
5015020
5015299
5015375
5015907
5016782
5017031
5019360
5019990
5021846
5023885
5024119
5027288
5027669
5027755
5029507
5031966
5032296
5033159
5033425
5034601
5035695
5037703
5037782
5039001
5039836
5040497
5041188
5041546
5042841
5043157
5044195
5044240
5044854
5046408
5046425
5046731
5047331
5048101
5048996
5050208
5050766
5051255
5052085
5052696
5055820
5056782
5058232
5061979
5064378
5064859
5066179
5067234
5068678
5072098
5072415
5072675
5073402
5073521
5074433
5075494
5076166
5078346
5079515
5080460
5080701
5081948
5084782
5085530
5085582
5086400
5088587
5089184
5089641
5091056
5092638
5092922
5094586
5095369
5095413
5095966
5097391
5098067
5100042
5100147
5100428
5100663
5100875
5101276
5101691
5101715
5102281
5102297
5103350
5105949
5107482
5107719
5107921
5108976
5108995
5110193
5111122
5111777
5112440
5112514
5114005
5114914
5118720
5119086
5119189
5119298
5119329
5121293
5121521
5122312
5125135
5125504
5126080
5126089
5126943
5128011
5128347
5130339
5131947
5132791
5133577
5133931
5134026
5134323
5134401
5135186
5136513
5136770
5137077
5137190
5139136
5139453
5140386
5142740
5143093
5144218
5144476
5146004
5149639
5150792
5151264
5152950
5152987
5155242
5156415
5157437
5159032
5159280
5161272
5161524
5162977
5163747
5168301
5171114
5171871
5172317
5172532
5173419
5173625
5176743
5177485
5178707
5178823
5179551
5179921
5180210
5180787
5180800
5181619
5182121
5182262
5182692
5185478
5186943
5187020
5187703
5188428
5188953
5189080
5191580
5192466
5195232
5196841
5197136
5197276
5198795
5200036
5201271
5201602
5202539
5204930
5205337
5205617
5205661
5207302
5207759
5209520
5212575
5214390
5214625
5215381
5215773
5215885
5216056
5218618
5219223
5219281
5219294
5219876
5220252
5220436
5220568
5222713
5224213
5224614
5224653
5224800
5227081
5227231
5230173
5230398
5232925
5233195
5233309
5234423
5240092
5240757
5240977
5241005
5243712
5243954
5244438
5244554
5245342
5248215
5249450
5251001
5251522
5253222
5253645
5254083
5254103
5254878
5254955
5255031
5255553
5256748
5257468
5257846
5258722
5261034
5263752
5264206
5265194
5266965
5268762
5269728
5270169
5273225
5273451
5275418
5276169
5277100
5277225
5277331
5277844
5277929
5278334
5278382
5280102
5280251
5281178
5281639
5282944
5283627
5283992
5284751
5285250
5285957
5287541
5287828
5287865
5289061
5291848
5293735
5294468
5295813
5297034
5298074
5298355
5298963
5300722
5301170
5302676
5302891
5302991
5303330
5305488
5306541
5308122
5309275
5309635
5310059
5310230
5310529
5310838
5311635
5312101
5313219
5313325
5313748
5313772
5314410
5315080
5315409
5315984
5316527
5318505
5320186
5321314
5321521
5321536
5322218
5323012
5323821
5324350
5324449
5325497
5325708
5325841
5326324
5328492
5333462
5334736
5334913
5335555
5337984
5338179
5338700
5343281
5343906
5344624
5344714
5345949
5346587
5346838
5347132
5347661
5350233
5351591
5352111
5352302
5353118
5353152
5353549
5353688
5354005
5354235
5355387
5357253
5357457
5358321
5358544
5359640
5359663
5360969
5361386
5361846
5362657
5364658
5364697
5367008
5369600
5369808
5371257
5372209
5372905
5374310
5374398
5378102
5378627
5379352
5379759
5379981
5380205
5384520
5384898
5385928
5386784
5387037
5388511
5388694
5389815
5390021
5390511
5390832
5391060
5391064
5391278
5391987
5392044
5392214
5392394
5392665
5393063
5393243
5393309
5395081
5395873
5396198
5396993
5397706
5398488
5398688
5399358
5399950
5400616
5405478
5406427
5412537
5413006
5413329
5413978
5415592
5415774
5415802
5418666
5418697
5418836
5419225
5419474
5421594
5422041
5422611
5422693
5423406
5424549
5427595
5428440
5429510
5429760
5431851
5432689
5433247
5436520
5437246
5437540
5438566
5441328
5441449
5441590
5443075
5445047
5446989
5448441
5449015
5449493
5449804
5450071
5451200
5451731
5452810
5452873
5456385
5457465
5458702
5459598
5459868
5460418
5461169
5462139
5462966
5463180
5463351
5466278
5467741
5470668
5471640
5472014
5472260
5473912
5475648
5476003
5476131
5477284
5478393
5479733
5480182
5482804
5484068
5484130
5487302
5487637
5489473
5489624
5491226
5491660
5493575
5493995
5495722
5495784
5497013
5497404
5498167
5499791
5502255
5504021
5504492
5505560
5506008
5506699
5507065
5507132
5507243
5508571
5508885
5509531
5510885
5512801
5516684
5519247
5522851
5523247
5524285
5524515
5525573
5525894
5526247
5526871
5526988
5528173
5528705
5529287
5529723
5529989
5532530
5532603
5532760
5535207
5536385
5536533
5536938
5538875
5540633
5541215
5542125
5543158
5543471
5545220
5545272
5545836
5546283
5546603
5547135
5547258
5547891
5549407
5550254
5551830
5552245
5554001
5554066
5554237
5554574
5555003
5555394
5556922
5558918
5559063
5562120
5563081
5563385
5563519
5564244
5564740
5566829
5572687
5574425
5575609
5576302
5577238
5578925
5578963
5579456
5579630
5581569
5582375
5583247
5583406
5584561
5585281
5590456
5594834
5595025
5595239
5595827
5595941
5597373
5597566
5597579
5598471
5598941
5599107
5601647
5601766
5601843
5602385
5603888
5605150
5607370
5608001
5610879
5610992
5612362
5613118
5613724
5614296
5614798
5615199
5615553
5616346
5616728
5617088
5617122
5617173
5617473
5618544
5618813
5621763
5623629
5624273
5625651
5625666
5626448
5628355
5628538
5630502
5632862
5634510
5634647
5635022
5635384
5636356
5636378
5637027
5637686
5638012
5638079
5638089
5643405
5645945
5647629
5647728
5647872
5648066
5650062
5650565
5650567
5652185
5652848
5654505
5655115
5656340
5657444
5660453
5661526
5663045
5664988
5665354
5667419
5667933
5668541
5668606
5669183
5669397
5670969
5674337
5674989
5676514
5676565
5677966
5678269
5679326
5680148
5680279
5680543
5681329
5682348
5684420
5689102
5689210
5689223
5689891
5690557
5690904
5691910
5692095
5694628
5696662
5698542
5698699
5699712
5700159
5700392
5701335
5702494
5702664
5703091
5705232
5705512
5707211
5708125
5708800
5709515
5709793
5710928
5711181
5711233
5711989
5712656
5712686
5712815
5714343
5714628
5715050
5715320
5717282
5723674
5723747
5723845
5723935
5724189
5724213
5725185
5725885
5726090
5727718
5727811
5727843
5730926
5732086
5732450
5733749
5733901
5734539
5735408
5736077
5738203
5739602
5740275
5740396
5742425
5743116
5743433
5743574
5743976
5745359
5745630
5748077
5748608
5749594
5750172
5751105
5752874
5755441
5755589
5756114
5757140
5757504
5757520
5758301
5758479
5759076
5759240
5759437
5760669
5761031
5761495
5761939
5763677
5765060
5765247
5765250
5769624
5770207
5771155
5773200
5775314
5776365
5777172
5777255
5777499
5777913
5779389
5780417
5781371
5781378
5784056
5784284
5784748
5784981
5784988
5786270
5786603
5786966
5787685
5788267
5788563
5789219
5789592
5789649
5795159
5795583
5796998
5799214
5799306
5799909
5803147
5803670
5805143
5805711
5805948
5806003
5806584
5806920
5806938
5808682
5809148
5809635
5809658
5810074
5810225
5811004
5811177
5811456
5811665
5811979
5813488
5814266
5814686
5815348
5816231
5819329
5822341
5822532
5823543
5824943
5825726
5826914
5827617
5827711
5828582
5828860
5829245
5829472
5829960
5832229
5834216
5834218
5834898
5835881
5836682
5837892
5838908
5838952
5839100
5839399
5839659
5840472
5840734
5840840
5841314
5843902
5844886
5845985
5846846
5854488
5855645
5856723
5857339
5857569
5858538
5860078
5860991
5861862
5862394
5862878
5863936
5864814
5865452
5866881
5869179
5870211
5870273
5872334
5873150
5874186
5875274
5878756
5878826
5879412
5879869
5880246
5882316
5883049
5885168
5886131
5886904
5889256
5889395
5890211
5890410
5890654
5891048
5891150
5891335
5896321
5896503
5898517
5899969
5900126
5900665
5903433
5903498
5904315
5906468
5909575
5911342
5913036
5914421
5914907
5915319
5916137
5916547
5916761
5917881
5919155
5919520
5919580
5920029
5921119
5921989
5925807
5926100
5926856
5926976
5927337
5927380
5928338
5928772
5928928
5928960
5928988
5930835
5933636
5933915
5935263
5935298
5935352
5936052
5937364
5937424
5937584
5938243
5938818
5939197
5939274
5939281
5939583
5939631
5939840
5940673
5941258
5941648
5941827
5942380
5942670
5942936
5943071
5945562
5948673
5949379
5949669
5950351
5951351
5952230
5952405
5952410
5953137
5956906
5958200
5959203
5960016
5960691
5962638
5962667
5962944
5963273
5964592
5966007
5967077
5967133
5968301
5969980
5970153
5975083
5976349
5977204
5978218
5979026
5980118
5982761
5986389
5990825
5992520
5993685
5994343
5995204
5996631
5997652
6003956
6004468
6005421
6006077
6006684
6008223
6008317
6008346
6008374
6009591
6011154
6012539
6013064
6017481
6018016
6019147
6020483
6021815
6023485
6024484
6024651
6028107
6031485
6031862
6033144
6034232
6035671
6035851
6035896
6035900
6036132
6036665
6037982
6038614
6038695
6039327
6039637
6041113
6041347
6041705
6043687
6044379
6045109
6046730
6047055
6047917
6047967
6049012
6050450
6052482
6052820
6054948
6055574
6055980
6056160
6057135
6057400
6058187
6059480
6060979
6062416
6065384
6066450
6066797
6066905
6067189
6067239
6067248
6067777
6068194
6070473
6075272
6076347
6080732
6081032
6082862
6083271
6084611
6086588
6086761
6086910
6087482
6088365
6089979
6090158
6091731
6091865
6092197
6092655
6094203
6094274
6095838
6097267
6097657
6097924
6098627
6098964
6099676
6099919
6100061
6101969
6102232
6102502
6106169
6106367
6106943
6107571
6110721
6111379
6113475
6113556
6113742
6116868
6117215
6117524
6118373
6119271
6119763
6120396
6120544
6120918
6121103
6121181
6122705
6122768
6123105
6123210
6124747
6126663
6127073
6128643
6128990
6132961
6133365
6133821
6135914
6135968
6136063
6136254
6137883
6139986
6141651
6143412
6144361
6144595
6145293
6145393
6145822
6147370
6147565
6149166
6150946
6151250
6151490
6153513
6154938
6155324
6160151
6162017
6162622
6162940
6163273
6163287
6165332
6166273
6166783
6166930
6167310
6168289
6169951
6170095
6170107
6170922
6171260
6172306
6172383
6172405
6173105
6173925
6177043
6181737
6184956
6185216
6185650
6185782
6186956
6189491
6190029
6190613
6190744
6191069
6191209
6191535
6191762
6194568
6195652
6198369
6199359
6200090
6200908
6201171
6202468
6203688
6203972
6206229
6207583
6208048
6208164
6208200
6208954
6210232
6212028
6213251
6218837
6218985
6223648
6224875
6226059
6226366
6227019
6227220
6231498
6232618
6233488
6233978
6234298
6238153
6238205
6238666
6239799
6240494
6243855
6245082
6245998
6246873
6247944
6251051
6251343
6251810
6251945
6254256
6254408
6255192
6258021
6259208
6260629
6260977
6261494
6262482
6262615
6265709
6266274
6266352
6267764
6268695
6268734
6270229
6270412
6270736
6271655
6272179
6272510
6272573
6272720
6273466
6274482
6275914
6276128
6276184
6278392
6278864
6280980
6281502
6282196
6282319
6282839
6283008
6283574
6288292
6288844
6289754
6290411
6291632
6293286
6293296
6293675
6296437
6296577
6296720
6298234
6298779
6298911
6299671
6300103
6300553
6301135
6301389
6301711
6303516
6303931
6304231
6304277
6308012
6308734
6308809
6310941
6312013
6313208
6313643
6314126
6314544
6315032
6315712
6316598
6318430
6319494
6319750
6320215
6322513
6323384
6326370
6326465
6326717
6328182
6328478
6328694
6329859
6331464
6333984
6334073
6334774
6334876
6334967
6336528
6338089
6338581
6338956
6339311
6340836
6341395
6341701
6341925
6343879
6344733
6345058
6345884
6347725
6347951
6348658
6351305
6351704
6353505
6354361
6356094
6356816
6356906
6357019
6358194
6358602
6360091
6361941
6362002
6362482
6362602
6364071
6364574
6365440
6366182
6369577
6373408
6373417
6373938
6376556
6377274
6379510
6380027
6380577
6381609
6382078
6382202
6383404
6384431
6385984
6388070
6389852
6392094
6393637
6394240
6395706
6396572
6397111
6397785
6398307
6402603
6403190
6403547
6403603
6404164
6406043
6406713
6408468
6408874
6409969
6411686
6414459
6415397
6417326
6417593
6417734
6418644
6420240
6421073
6422665
6424117
6425215
6429215
6429894
6431407
6431472
6431673
6432122
6434144
6434376
6434956
6437494
6440054
6441847
6442900
6443866
6444415
6446529
6446818
6446859
6452197
6452638
6453490
6453960
6454430
6455068
6455906
6456943
6456966
6458867
6460815
6463442
6465548
6466095
6466600
6466915
6467694
6468274
6470510
6470552
6470660
6470684
6471003
6472334
6475365
6476764
6477254
6478148
6478943
6479967
6480986
6482013
6485046
6486868
6489281
6489568
6489628
6491068
6491145
6491347
6491385
6493629
6496675
6497534
6497988
6498187
6500694
6503393
6503420
6503794
6505719
6505780
6509229
6509684
6510591
6511429
6511451
6511834
6512201
6512907
6514333
6514727
6514797
6516924
6517402
6517859
6518108
6518463
6518767
6521891
6522550
6522620
6524502
6525084
6526678
6526939
6527107
6527884
6528167
6529759
6530210
6531199
6532699
6533707
6533727
6535012
6535639
6536500
6537144
6538202
6539340
6539845
6540336
6540727
6541295
6541995
6542632
6542968
6544016
6545106
6546715
6547116
6547851
6548521
6548711
6549712
6550169
6550827
6551358
6551589
6552385
6555331
6557861
6559353
6560003
6562385
6562543
6563722
6564272
6565072
6565681
6567021
6568040
6570264
6570272
6570366
6571763
6575925
6576117
6580216
6581014
6581591
6581719
6582887
6583154
6583523
6583548
6583983
6584351
6585604
6586201
6587150
6588629
6588660
6589066
6590254
6590261
6590745
6592897
6594841
6595677
6596192
6596295
6596980
6597343
6598557
6599569
6600673
6600681
6601026
6603585
6610450
6612398
6612434
6613204
6613661
6615692
6617484
6617698
6618175
6618718
6619855
6620195
6621118
6621494
6623333
6623449
6625907
6626845
6628676
6630338
6632377
6634338
6635918
6637014
6637114
6638304
6640268
6643075
6647639
6648865
6648979
6650585
6651360
6652178
6652884
6653474
6654473
6655164
6656565
6661512
6661527
6661915
6662295
6662661
6663943
6668061
6668239
6668305
6668423
6668541
6669079
6669803
6670312
6671743
6672347
6673167
6673427
6673456
6674273
6675605
6675897
6676355
6679585
6681560
6681998
6682061
6682328
6683089
6683253
6683303
6683328
6685372
6686315
6686403
6687559
6688019
6688173
6690718
6691159
6692278
6693637
6693639
6694746
6694755
6696047
6698032
6698670
6701529
6701548
6702228
6703548
6708524
6709430
6710966
6712691
6712828
6713235
6713367
6713998
6715008
6715744
6715836
6716030
6716392
6718451
6719108
6720137
6720915
6721530
6721780
6725521
6725799
6726143
6727546
6728056
6728200
6729338
6729343
6731597
6731885
6732052
6732245
6732793
6735340
6736858
6737489
6737600
6740853
6743198
6743618
6743754
6745260
6745560
6746777
6748609
6752586
6752725
6754156
6754423
6755453
6756076
6756299
6757419
6759645
6761145
6761821
6761933
6763786
6764517
6765037
6765914
6766676
6767690
6767773
6770554
6774751
6774971
6775053
6776926
6777766
6778983
6779529
6780220
6780607
6780731
6782827
6788193
6788238
6788388
6790486
6792316
6793997
6794296
6794813
6795092
6795294
6798909
6799805
6802260
6803982
6806937
6807013
6808009
6808757
6811925
6811997
6812555
6813549
6813768
6814649
6816666
6816741
6816846
6817842
6818010
6821226
6821405
6821516
6822035
6822503
6823273
6826179
6830295
6830722
6832820
6833572
6834281
6834554
6834835
6834923
6838075
6838353
6839966
6839984
6840183
6840309
6841848
6842015
6842073
6842996
6843417
6844730
6846040
6847213
6848522
6848820
6849105
6850801
6851184
6851639
6854550
6855783
6855794
6857619
6858376
6859862
6860046
6860083
6860489
6860706
6862265
6863307
6863532
6864378
6864972
6865036
6867348
6869166
6872638
6872770
6873197
6873222
6873570
6873608
6873788
6875062
6876682
6877390
6877721
6879524
6880123
6882008
6882363
6884916
6885227
6886078
6886103
6887654
6888195
6889043
6890012
6890132
6893606
6894185
6895246
6895342
6895379
6895668
6895963
6896449
6901083
6901820
6901880
6903562
6903812
6904105
6904136
6904318
6906360
6907860
6908070
6908966
6911175
6911547
6912850
6913955
6920691
6921571
6923756
6923965
6924414
6924504
6925518
6926978
6926992
6927295
6927597
6928007
6931001
6931439
6931509
6931732
6932169
6935757
6937294
6937464
6938364
6939385
6940486
6941266
6942849
6943617
6944001
6944268
6944499
6944943
6945089
6945685
6945983
6946704
6947645
6948844
6949392
6950428
6950623
6951697
6952468
6953182
6953509
6954171
6956655
6958104
6961318
6962112
6962602
6963828
6964467
6965326
6967364
6969709
6970588
6970689
6975680
6976257
6976837
6977241
6978595
6980321
6980439
6980800
6981298
6981900
6983078
6983648
6984971
6985458
6988041
6991854
6991950
6992360
6995961
6997732
6998769
6999494
7001090
7002919
7003143
7004401
7005643
7006136
7007933
7007958
7008349
7009737
7011583
7013784
7015557
7016103
7019869
7019900
7019953
7022120
7023189
7024124
7024433
7024854
7026062
7026282
7026683
7027135
7027660
7028053
7028386
7029166
7030473
7032438
7032735
7033427
7033724
7033911
7034907
7036804
7036870
7039635
7040165
7040977
7041056
7041472
7041651
7043213
7043222
7043695
7043797
7044047
7044395
7044869
7046206
7046729
7047316
7048379
7049574
7050942
7053618
7054860
7055495
7061740
7062226
7063164
7063267
7064216
7064263
7064935
7064979
7068250
7069745
7071351
7071732
7072750
7074616
7074736
7074786
7074849
7075777
7075915
7076507
7078189
7080140
7081255
7085222
7089070
7090834
7091063
7093132
7094273
7096032
7097035
7099333
7102015
7102252
7103594
7105708
7105733
7106291
7106606
7107468
7108424
7109425
7109455
7111599
7111754
7113686
7114071
7115874
7116557
7119967
7120310
7120604
7121564
7122377
7123253
7123315
7124496
7124941
7124949
7126206
7126729
7128260
7129129
7131324
7132069
7132357
7132464
7134993
7137612
7138089
7138411
7139897
7142456
7143423
7144055
7144187
7144215
7144512
7144862
7145121
7145272
7147627
7149045
7150824
7152718
7154655
7155584
7156032
7156552
7156648
7156993
7157426
7158211
7158222
7161738
7161968
7163633
7164142
7164604
7165208
7166547
7166751
7168048
7169077
7169536
7169970
7170698
7171404
7172090
7173437
7175480
7175759
7176667
7176739
7177266
7177333
7177715
7178360
7178823
7179258
7179405
7179721
7181939
7182464
7182938
7182989
7183030
7185061
7185102
7187191
7188089
7188622
7188912
7190584
7191276
7193487
7193593
7194532
7196896
7197457
7199062
7199090
7199364
7202872
7205999
7206345
7206723
7207346
7207455
7208749
7211230
7211817
7214619
7214770
7215449
7216013
7216183
7217250
7217919
7218821
7223190
7223760
7223869
7225977
7228477
7231905
7231955
7232678
7234136
7240315
7241489
7241819
7242270
7242805
7243535
7243868
7244635
7244671
7246957
7247367
7250788
7250825
7251090
7251377
7251929
7252606
7255063
7258944
7260300
7260418
7262400
7262409
7262945
7265760
7266362
7266561
7267227
7269481
7269728
7271387
7271643
7272128
7272541
7275549
7275885
7276696
7279050
7280438
7280720
7281906
7282076
7283468
7284073
7286980
7289169
7292876
7295844
7297502
7298281
7298694
7300946
7301471
7301656
7302301
7302927
7303385
7304151
7306119
7307895
7311200
7311424
7312288
7312703
7315052
7316353
7317022
7317188
7319403
7320361
7321645
7323382
7323532
7324245
7324944
7325986
7326286
7326692
7327824
7328580
7328765
7329323
7329446
7330324
7330487
7332288
7332934
7333224
7334210
7336559
7337333
7339848
7340240
7340777
7341050
7341750
7343787
7343916
7344585
7345585
7347379
7347594
7347889
7348597
7348854
7349249
7349412
7350340
7356145
7357766
7360398
7362367
7362401
7362937
7363620
7363635
7363773
7364298
7364396
7366252
7368731
7368850
7369281
7369580
7370259
7370395
7370461
7370664
7370742
7370810
7372987
7373285
7373849
7377520
7377676
7380967
7381276
7382488
7382877
7382945
7384995
7386180
7386972
7387216
7387724
7390143
7393002
7393052
7395761
7397804
7398148
7398805
7403391
7405312
7406388
7409745
7410389
7410944
7412810
7413092
7414222
7416225
7417065
7418039
7420319
7420336
7420841
7421680
7421774
7422645
7422789
7422905
7425469
7425835
7426609
7427636
7428568
7430682
7431396
7432703
7433270
7433547
7433624
7433823
7434923
7437791
7438827
7439042
7439066
7441056
7441854
7442467
7443651
7444208
7444380
7445539
7445559
7446846
7447745
7449582
7450133
7451543
7453752
7454704
7455423
7455625
7457043
7457272
7459398
7459479
7459935
7461298
7461309
7461366
7461786
7462451
7462581
7463829
7463895
7464670
7465266
7467121
7467803
7468134
7469472
7471202
7471528
7474489
7475430
7475810
7476077
7476385
7477908
7477925
7478308
7480883
7482114
7483105
7483261
7483666
7485783
7487496
7487686
7487858
7489790
7490784
7491358
7493756
7494119
7495971
7497948
7498389
7499243
7500336
7501460
7503169
7504316
7506014
7506074
7507764
7508636
7508842
7508937
7510854
7511430
7512409
7516197
7516624
7516947
7516976
7518006
7518724
7519477
7521684
7522083
7522285
7523645
7525065
7526242
7526453
7528271
7528943
7529238
7530452
7530540
7531917
7532488
7532926
7533503
7533549
7534918
7537883
7538410
7538734
7540208
7540554
7540841
7542987
7543117
7543305
7545554
7549850
7550314
7550836
7551621
7552678
7553349
7554092
7554103
7554426
7558195
7558481
7559135
7559691
7559725
7559897
7560072
7560694
7560967
7562158
7563608
7565965
7567998
7568723
7570194
7571924
7572708
7574375
7574635
7574754
7575009
7575714
7576226
7576924
7577228
7578584
7580057
7581527
7582137
7582518
7583263
7583759
7585345
7587299
7587677
7588405
7595029
7597060
7597552
7597896
7598536
7598791
7599211
7599356
7601845
7602738
7603434
7603440
7604058
7605341
7605369
7607187
7607895
7608751
7612053
7612371
7612665
7613146
7613787
7614787
7615062
7615467
7616249
7617420
7619073
7619098
7619215
7620710
7622163
7622557
7622821
7624829
7628772
7628843
7630033
7630353
7630472
7630649
7631250
7631614
7631969
7633368
7633758
7635566
7636451
7637729
7638647
7642181
7642214
7644933
7646486
7646622
7647380
7647481
7649182
7649845
7650020
7651502
7655638
7660824
7662103
7663028
7664102
7664198
7664847
7665209
7667459
7667874
7668318
7668541
7669370
7670970
7670990
7671084
7671205
7671402
7672574
7672738
7673244
7674326
7675150
7676220
7677450
7678575
7678624
7678968
7680975
7681321
7682455
7682569
7684031
7684169
7685741
7687551
7687648
7687850
7689021
7690829
7692304
7693909
7695291
7695425
7695965
7696041
7697011
7697336
7698626
7699026
7701781
7703023
7703320
7706741
7707060
7707847
7708019
7708320
7709181
7709522
7710154
7710363
7712975
7713873
7715027
7715719
7718651
7720181
7725181
7725550
7727523
7729005
7730910
7731150
7731379
7733338
7733748
7734257
7734334
7735485
7735749
7736645
7736785
7737281
7737605
7737875
7738258
7738449
7739412
7739689
7740589
7742591
7743883
7743936
7744656
7744686
7744694
7744940
7744977
7747744
7749638
7749850
7749855
7750600
7751476
7751662
7753679
7755114
7755431
7756905
7756942
7757071
7757932
7758323
7759078
7759115
7759787
7760211
7760831
7761244
7762938
7762995
7764716
7765644
7766068
7768567
7770596
7771735
7774044
7774684
7776422
7776611
7779180
7780806
7781872
7784997
7785667
7788565
7790095
7793143
7794311
7795795
7796444
7798534
7799383
7799858
7800977
7802462
7802560
7805109
7806227
7806436
7807499
7808324
7810517
7810701
7812469
7815607
7817176
7818408
7819165
7819443
7819516
7820557
7821847
7822528
7823856
7824904
7825849
7826328
7829338
7829888
7830028
7831144
7831440
7831552
7832828
7834595
7835443
7835484
7835738
7836394
7837575
7837754
7838360
7839096
7840247
7841321
7842441
7842838
7843178
7843283
7844026
7844232
7847918
7848869
7849603
7850460
7851991
7854349
7854682
7855254
7856365
7856766
7857354
7857356
7857399
7858212
7858645
7859536
7860803
7865647
7867464
7867580
7869293
7869415
7870757
7871124
7872528
7873105
7875603
7876108
7876595
7877412
7878088
7879367
7881872
7883748
7885737
7886431
7887096
7888095
7888734
7890781
7891228
7891389
7892337
7892965
7894065
7895672
7896382
7896579
7900627
7900771
7901460
7901894
7903353
7903577
7904192
7905909
7907097
7907126
7907310
7908902
7912083
7912419
7913206
7916924
7918005
7921167
7924283
7924464
7924924
7928285
7929460
7930948
7931377
7933700
7933769
7934303
7935076
7936096
7938597
7940063
7941224
7941569
7942468
7943298
7943620
7944100
7944114
7945824
7946978
7949690
7950185
7951043
7951242
7951465
7952220
7952340
7954241
7954484
7954694
7955440
7955491
7955528
7956951
7957512
7958346
7959011
7959274
7960338
7961114
7961140
7961617
7962051
7962139
7962474
7963176
7963674
7963925
7966233
7966724
7966882
7966939
7967366
7967608
7968053
7969605
7969749
7970281
7971814
7971979
7974394
7974528
7974704
7974895
7975055
7975104
7975326
7975409
7975629
7976233
7976501
7977770
7978503
7980992
7983074
7983668
7986112
7986539
7987017
7990139
7990817
7991284
7991882
7993912
7995912
7996126
7998645
7998789
7999280
7999390
8000397
8002182
8004116
8005259
8005451
8005468
8006999
8007000
8007272
8007398
8008032
8008551
8012190
8013726
8015730
8016353
8016432
8016744
8017519
8017719
8019229
8021428
8022228
8022525
8023046
8023478
8023793
8024447
8025743
8025894
8026263
8026282
8026982
8027881
8028695
8029868
8030775
8031627
8031710
8032342
8033053
8035462
8036184
8036795
8037874
8039380
8039926
8041077
8041403
8042088
8043554
8044341
8045295
8046356
8047404
8047986
8048207
8049517
8050015
8050111
8050275
8050755
8050877
8052613
8052986
8053202
8053648
8053823
8054191
8054398
8055028
8055403
8057483
8057539
8059144
8059265
8060762
8060936
8061745
8061816
8061988
8062389
8063107
8063664
8064269
8064634
8070798
8070888
8073181
8074351
8074657
8074884
8075475
8075781
8077294
8077411
8077724
8077731
8078423
8078645
8080476
8081290
8081456
8081893
8082129
8083537
8085224
8085774
8086776
8087173
8087176
8087783
8088630
8088714
8088969
8091075
8092444
8094140
8094522
8094773
8094946
8095011
8095260
8096311
8097458
8099583
8100058
8102260
8104385
8104511
8106975
8108695
8109269
8109781
8114154
8114957
8115596
8115680
8117867
8118564
8119986
8122434
8125271
8127575
8127858
8128071
8129972
8130057
8130842
8131452
8133005
8134134
8134293
8134471
8134500
8135595
8135888
8136594
8138987
8141733
8141843
8142725
8143026
8144050
8144573
8147972
8148084
8148110
8148576
8149466
8150039
8150263
8152828
8153196
8153527
8154855
8156308
8157726
8158192
8159013
8159682
8159936
8160115
8163151
8165489
8165914
8166604
8168549
8170846
8171535
8173022
8173051
8173222
8173716
8173835
8174169
8174247
8175581
8176806
8176998
8177214
8178759
8179430
8179696
8180651
8182151
8182609
8184140
8184754
8185665
8186066
8190675
8191357
8191575
8191662
8191681
8191745
8194061
8195752
8196952
8198597
8199028
8199113
8199134
8199814
8199906
8200187
8200395
8200837
8200928
8201694
8201937
8201944
8203753
8205870
8207760
8208124
8208666
8209014
8210333
8210567
8213046
8213211
8214225
8214278
8214612
8215336
8215858
8217731
8218196
8219588
8219672
8220837
8224756
8224814
8225017
8225483
8225540
8225825
8227054
8228038
8229095
8230114
8231063
8233573
8234343
8234415
8236894
8238195
8240076
8240292
8240636
8240968
8241528
8244557
8244819
8244968
8245066
8245739
8246340
8246708
8247220
8247230
8248439
8249268
8249708
8253478
8253954
8254365
8254557
8255917
8256232
8258082
8258472
8258601
8259912
8262230
8264122
8265381
8265580
8266927
8267162
8268615
8270241
8273075
8273268
8274182
8274365
8274904
8275551
8275901
8276191
8276487
8277173
8278776
8278979
8279480
8279563
8279894
8280066
8280759
8280877
8281194
8282003
8282612
8285692
8288940
8288993
8293241
8293565
8293819
8296245
8296754
8299106
8300609
8300661
8302025
8303163
8303871
8305777
8306568
8308189
8308224
8308853
8309003
8311546
8311865
8312263
8313999
8314185
8314790
8314857
8316100
8316247
8316294
8317973
8318756
8318958
8320071
8320169
8320562
8321551
8324085
8325436
8326797
8328649
8328743
8331171
8331430
8332845
8334769
8336101
8337248
8340178
8340611
8341488
8343021
8344008
8344180
8346528
8346750
8347593
8347861
8348048
8348462
8349120
8350545
8350703
8351907
8353104
8354505
8355392
8355930
8360498
8360531
8361266
8361848
8363069
8364092
8364454
8364788
8366118
8366973
8367723
8368347
8369623
8371558
8372537
8372796
8375281
8376974
8377777
8378549
8380240
8383290
8383328
8385691
8385936
8386540
8386879
8390168
8391571
8393508
8396795
8398101
8398604
8400417
8400671
8402888
8405459
8405529
8405915
8406433
8407322
8408428
8409501
8409946
8410005
8411581
8411907
8415321
8417699
8418584
8419435
8420070
8422084
8422121
8424484
8427444
8427554
8427647
8427791
8427823
8428836
8430471
8430828
8431176
8431748
8433501
8433929
8434589
8434801
8434827
8435692
8435950
8437416
8437640
8437866
8438372
8438404
8438789
8440113
8441520
8442071
8442425
8442468
8445347
8446076
8446297
8448615
8448638
8448770
8450009
8450714
8450747
8456172
8459420
8459930
8463247
8466227
8467126
8469114
8469800
8469994
8471784
8472866
8473349
8473463
8475650
8476532
8478046
8478248
8478886
8480856
8481977
8487056
8488392
8488439
8488995
8489630
8491034
8492279
8492844
8494348
8496045
8497289
8497686
8497767
8498311
8498593
8499227
8499960
8500078
8500478
8501466
8501946
8502000
8503891
8507013
8508073
8508232
8508339
8509897
8510466
8511196
8512044
8512141
8512473
8512532
8513708
8514193
8514861
8517527
8517909
8518928
8519069
8521311
8526267
8527134
8527342
8527521
8528154
8528504
8528712
8528767
8531173
8531664
8532761
8532965
8535565
8536417
8537481
8537837
8541286
8545212
8545502
8546346
8548089
8548687
8549100
8549513
8549920
8550177
8551366
8552328
8552420
8552733
8554560
8554766
8555187
8555199
8555236
8555338
8555946
8557094
8558043
8558701
8559637
8560646
8560859
8561203
8562082
8562241
8563370
8563540
8564571
8565124
8566178
8567873
8568217
8568881
8569021
8573129
8573707
8573897
8574426
8577170
8578778
8578938
8579653
8580237
8581409
8581620
8581958
8583671
8584703
8586308
8587264
8587542
8587612
8587796
8589952
8590788
8590795
8590857
8591350
8591380
8591403
8592350
8592593
8593631
8597400
8597467
8599334
8601247
8603150
8603218
8603262
8603416
8604635
8604950
8605152
8605223
8606177
8606353
8607629
8607937
8608384
8608653
8608866
8610573
8610713
8610858
8611721
8613909
8614287
8615613
8616032
8617013
8617606
8618223
8618283
8619414
8621845
8622615
8624354
8625617
8625742
8628095
8628336
8629591
8630089
8630673
8630785
8632213
8633184
8634387
8634749
8635410
8636725
8638222
8638510
8638579
8641071
8641538
8645895
8647117
8647979
8649267
8649485
8652796
8653478
8654025
8654126
8654487
8655642
8656408
8656420
8657022
8659933
8660268
8661100
8661225
8661652
8663195
8663686
8666099
8666289
8666348
8666840
8667717
8668925
8670648
8671430
8671618
8671640
8672404
8674372
8675635
8676402
8678137
8678621
8678972
8679917
8681211
8681628
8682561
8684519
8687898
8688182
8688250
8688320
8688861
8689311
8690596
8691852
8693768
8694819
8697478
8697633
8697944
8698049
8699725
8700562
8702537
8703018
8703104
8703780
8704652
8705023
8705728
8708910
8709174
8709513
8710518
8711246
8713333
8713567
8713843
8714305
8714843
8717431
8717435
8720337
8722311
8722335
8722370
8723850
8727327
8728300
8729014
8729282
8730482
8731854
8732270
8732452
8733770
8734523
8735069
8736184
8738401
8741427
8744841
8747873
8747975
8752163
8754217
8754327
8755399
8757211
8758056
8759467
8759811
8760799
8760841
8761528
8764248
8764547
8764674
8765131
8767001
8767910
8770961
8771299
8772245
8773577
8775303
8776060
8777376
8777631
8777898
8777959
8778071
8778821
8780789
8781963
8782045
8785813
8786514
8787070
8787879
8789152
8789317
8789815
8790560
8791651
8792896
8793726
8793831
8795181
8799145
8801129
8803474
8807287
8807718
8809368
8809720
8810831
8810909
8813524
8814204
8814324
8815315
8816966
8817785
8821460
8824500
8824741
8824995
8826639
8828757
8829961
8830416
8830500
8830936
8831064
8831096
8831313
8831482
8833469
8833484
8834009
8834701
8835693
8841111
8841325
8841472
8841504
8841753
8841843
8844940
8844996
8845031
8845829
8847203
8847717
8849438
8850659
8850762
8850965
8851682
8851736
8851795
8852057
8852238
8852260
8852543
8852698
8854032
8854366
8854703
8855275
8856412
8857192
8857368
8858394
8858857
8861834
8861949
8864077
8864171
8864219
8864496
8868759
8869694
8870062
8871637
8871722
8872404
8873172
8873848
8874131
8874911
8878180
8878934
8879722
8880766
8881459
8882443
8882683
8883170
8884545
8884547
8887231
8888217
8888446
8889146
8890207
8890582
8890924
8893294
8895702
8896267
8896280
8897135
8897632
8898333
8898525
8901175
8903727
8904109
8904603
8906802
8907044
8907953
8909676
8910082
8910143
8910666
8911682
8911825
8911872
8912908
8912953
8913215
8913599
8913746
8914100
8916591
8916684
8916686
8917030
8917194
8922111
8922728
8924101
8925781
8926514
8926611
8926896
8928090
8928480
8929230
8929649
8931374
8931443
8932385
8933856
8934137
8934472
8934846
8938272
8939277
8940585
8941618
8943417
8946702
8946922
8948153
8949045
8949170
8950222
8951589
8952874
8956042
8956410
8956761
8957077
8957403
8957424
8958554
8958604
8959015
8959561
8959656
8960651
8961041
8961886
8962609
8963159
8965340
8966191
8967288
8967508
8968129
8970552
8971460
8972002
8972463
8974366
8975366
8977497
8978912
8979741
8979824
8980256
8981659
8981961
8982611
8982620
8983486
8984838
8986750
8986778
8986805
8986926
8989410
8991134
8992085
8992265
8992774
8993575
8993866
8996359
8996553
8998011
8998017
8998677
8998742
9000830
9001933
9002135
9002379
9003696
9004893
9005184
9005583
9006448
9007357
9007447
9008271
9011893
9012125
9012567
9016097
9016106
9017917
9018288
9018366
9018899
9019385
9019572
9019981
9022250
9022473
9022747
9026139
9027177
9030916
9031032
9031712
9032373
9033102
9033107
9033218
9034123
9034254
9035271
9036698
9036950
9037010
9037152
9039795
9039832
9042889
9043377
9043778
9046723
9047082
9048030
9049719
9051182
9053425
9054070
9054464
9054560
9054842
9054920
9056040
9058981
9059164
9059690
9059823
9060136
9060207
9062663
9062761
9063638
9063709
9064165
9066438
9066810
9066943
9067139
9068079
9068978
9069141
9069181
9071450
9071639
9071857
9072829
9074307
9075268
9075346
9075504
9078031
9078092
9079116
9080958
9082185
9082819
9084837
9085434
9085711
9085714
9086913
9087500
9088576
9088942
9089427
9090687
9091310
9091820
9093156
9094248
9095725
9098374
9098786
9099573
9099634
9100189
9102934
9103260
9103273
9104696
9105516
9106391
9106802
9107692
9110279
9112342
9113619
9114511
9116313
9116884
9118537
9118813
9119615
9119755
9120365
9120800
9121497
9121802
9123763
9125054
9125387
9125652
9126472
9129910
9130510
9130747
9132522
9132693
9133344
9133741
9135158
9136039
9136803
9138693
9140724
9142015
9143137
9144283
9144841
9146198
9148607
9149535
9150429
9152844
9153624
9153709
9154836
9155159
9155388
9155890
9156681
9156716
9156797
9157571
9160777
9160908
9162272
9162972
9163350
9164545
9164604
9164648
9166476
9167885
9169402
9170622
9170680
9171845
9172426
9178843
9181266
9182960
9183116
9183532
9183592
9185000
9185553
9188271
9189586
9190190
9190384
9190865
9191068
9192003
9192192
9193078
9193485
9194578
9194653
9195794
9196208
9198165
9198843
9199697
9203253
9203285
9205247
9206393
9206701
9207046
9208303
9208532
9210013
9210283
9210968
9211445
9213348
9213467
9213858
9214890
9215743
9216641
9217864
9218763
9218776
9220416
9222047
9222461
9224079
9226256
9227091
9227808
9227819
9231382
9231647
9231999
9232487
9234809
9236200
9238109
9239419
9239711
9241790
9242706
9243673
9245632
9246693
9247478
9247876
9248706
9248902
9249095
9249300
9249918
9250262
9251321
9253396
9253742
9255935
9256470
9258581
9259642
9259889
9259890
9260347
9260577
9263057
9264523
9265038
9265917
9266334
9266459
9267315
9268256
9269083
9271183
9271971
9273877
9277228
9277651
9278254
9278322
9279316
9281806
9283672
9284543
9286547
9288142
9288618
9290722
9290986
9291349
9292563
9297928
9297990
9299986
9300112
9300611
9301214
9301228
9304767
9306651
9306965
9307287
9307728
9307865
9307998
9308341
9308771
9310136
9310590
9314105
9314900
9315451
9316198
9316338
9316962
9317569
9320375
9320584
9321947
9323008
9326304
9326721
9328922
9329517
9329843
9330294
9332650
9332975
9333252
9333441
9334229
9334697
9335990
9336083
9336495
9337107
9337182
9339449
9340305
9340974
9341016
9343072
9343987
9344531
9345037
9345973
9346725
9348494
9352635
9352785
9354258
9355464
9357058
9357712
9358689
9359873
9361463
9364252
9364899
9365119
9366475
9368010
9368477
9369060
9370316
9372677
9373541
9374923
9374941
9375023
9375567
9376486
9377380
9377927
9378239
9379762
9379793
9380249
9382695
9385838
9385985
9386552
9387338
9388085
9388858
9389328
9389536
9391244
9393470
9394835
9395108
9395339
9395777
9396458
9396997
9398246
9398777
9399024
9401061
9401073
9402252
9402615
9402951
9407977
9410694
9411211
9411511
9411835
9411861
9412186
9412358
9413813
9416355
9417033
9417878
9420054
9420765
9422671
9425280
9426638
9428265
9430940
9431182
9432067
9433525
9434750
9435093
9435308
9435545
9437832
9438248
9442221
9444935
9446041
9446552
9447081
9448263
9448345
9448990
9450653
9451349
9452845
9454653
9455423
9455511
9456440
9457772
9458116
9459919
9461774
9463125
9464680
9466568
9466645
9467916
9468623
9469771
9469778
9473447
9474093
9475641
9475671
9478131
9478853
9479226
9481137
9482141
9484718
9486200
9487349
9488456
9491636
9494134
9494912
9496165
9496982
9497697
9498021
9500099
9502638
9503473
9503745
9505928
9507216
9509546
9509579
9509945
9511536
9511947
9518617
9520001
9520407
9520776
9520989
9521010
9521161
9522059
9522450
9523377
9524836
9526319
9526695
9528257
9529957
9530151
9530372
9531012
9531259
9533472
9536169
9537319
9539301
9539438
9539678
9540285
9543618
9545290
9545916
9546130
9547078
9549316
9549652
9549832
9551032
9552264
9553605
9554743
9556788
9558132
9558218
9559518
9559557
9559624
9560273
9560496
9562125
9562498
9566622
9566645
9567156
9567214
9567431
9568200
9572483
9574649
9575145
9575818
9576758
9576910
9577295
9578276
9578513
9579807
9579860
9585424
9585588
9585847
9587535
9587651
9589293
9589878
9592765
9592948
9593523
9594462
9594505
9595034
9595725
9596627
9597629
9597658
9598380
9599190
9600602
9600689
9601922
9602250
9603358
9603735
9604017
9604129
9604149
9604443
9605313
9608729
9611658
9613821
9613832
9614232
9615757
9616082
9616085
9616115
9616138
9616579
9617377
9618449
9619291
9619538
9620244
9621022
9621252
9621470
9624362
9624774
9625239
9627590
9627765
9627980
9629228
9630630
9631025
9631726
9632868
9632877
9634531
9634608
9636114
9636403
9636858
9639641
9639888
9644403
9645154
9645382
9645559
9646362
9647068
9647184
9647625
9648573
9649229
9649820
9652229
9652296
9653785
9654390
9656054
9658933
9659159
9659557
9661983
9663525
9663649
9664409
9665385
9665612
9667115
9667828
9667847
9668419
9669075
9669269
9669439
9669447
9670629
9671153
9671155
9671289
9672440
9673533
9673729
9675073
9677339
9679269
9679370
9679708
9679746
9680822
9682925
9683340
9684768
9686096
9687112
9687330
9687556
9687874
9688823
9688918
9689281
9690610
9690921
9690993
9691248
9691470
9691767
9693325
9695694
9695806
9699260
9699612
9700787
9701412
9702443
9704059
9704640
9705492
9705520
9705727
9706477
9708238
9710918
9714370
9714566
9714983
9715704
9719412
9721521
9722686
9723855
9724143
9724912
9725785
9726657
9727547
9733101
9733464
9734449
9735247
9735276
9737357
9738171
9739621
9739965
9739997
9742022
9742066
9747539
9748120
9749223
9749494
9749769
9750791
9750887
9752490
9752621
9752838
9753761
9754280
9755746
9756747
9757557
9759303
9759307
9759321
9761513
9761823
9764228
9765985
9767825
9767921
9769956
9770542
9770797
9770840
9772300
9774367
9774934
9775219
9779142
9780137
9780784
9780884
9783033
9783733
9787413
9788985
9788992
9789230
9789395
9789433
9789623
9789853
9791006
9792240
9794286
9795709
9795774
9796132
9797849
9798169
9798613
9798826
9801391
9802198
9802590
9804215
9809378
9811213
9811313
9812140
9812208
9813765
9814823
9815290
9815484
9816562
9817276
9818361
9820248
9821257
9822914
9826464
9827176
9827709
9828235
9831441
9833890
9835129
9835863
9837515
9837640
9837686
9837913
9838235
9838420
9840669
9842350
9842907
9843544
9844244
9847518
9847637
9847913
9848400
9848453
9848635
9849326
9849819
9850608
9852417
9853203
9853556
9853833
9854069
9854738
9856864
9858720
9858932
9862296
9862788
9862844
9863891
9864326
9868295
9869652
9877097
9877511
9878077
9878696
9878779
9879117
9880536
9880858
9881175
9881286
9881637
9883281
9884309
9885704
9886368
9887550
9887587
9887665
9888177
9888794
9888831
9890045
9891396
9891505
9891771
9893916
9893973
9894014
9896486
9896822
9897028
9897287
9898161
9899115
9899396
9899709
9900075
9900081
9900408
9902549
9903431
9903447
9904409
9904473
9904800
9904981
9907422
9908906
9909995
9910243
9910292
9911116
9911547
9911604
9911623
9911637
9914862
9915971
9917372
9918256
9921655
9923553
9924517
9925626
9925880
9926112
9926190
9929821
9932365
9932473
9934062
9934499
9935041
9935147
9935968
9936040
9936323
9936356
9936713
9937195
9937254
9937304
9937800
9940995
9941229
9942230
9942307
9945318
9946329
9946963
9947046
9948037
9948378
9948502
9950533
9951852
9951921
9952081
9953331
9953928
9956479
9956792
9958682
9958708
9960372
9963301
9963734
9964830
9969569
9970035
9972002
9974922
9979628
9981022
9982615
9983670
9984502
9985008
9985715
9985723
9987368
9988185
9988563
9988759
9990864
9994326
9994434
9996175
9997502
9997766
9998459
9998647
9999269
