113
1483
2039
2143
2484
3610
4362
4435
4616
6289
7711
8750
9416
9793
10096
10174
10422
10608
10764
10783
10925
11247
11459
12891
12925
13902
13939
13974
14811
17383
18187
19210
21897
22074
22478
23934
24260
24462
25115
25328
25772
26551
28239
28643
30010
31120
34047
35052
35678
36558
36732
38078
38580
41418
42211
42865
43074
44617
45880
46627
46640
46691
46907
47199
47395
48052
48200
49317
49375
49455
51077
53886
54136
54494
54749
57193
59313
59901
59952
60181
61925
62064
63382
63507
63531
64218
65344
65730
68896
69869
70214
72961
77661
77780
77888
80242
80289
80467
85855
86225
86675
89671
89904
90423
90660
91268
91270
91881
94058
96844
97094
97095
97316
97952
98220
98242
98436
99345
99948
104133
107892
108465
111527
111567
111808
112031
112413
115023
117752
117819
118840
119486
119829
120823
122481
122586
125979
126669
127574
127881
128563
128585
128804
129452
129952
130172
131128
131169
131412
133057
133422
134218
138523
139082
139455
141794
142358
142646
143778
144508
145004
145188
145605
145809
146049
146889
147831
147865
148613
149929
151733
151921
152140
152820
154038
154988
155005
156086
157629
157827
157894
159200
160124
162406
163334
163813
165692
166120
166664
167123
167332
168966
171852
171936
172739
173109
174841
176904
178859
178965
181316
182667
184009
184451
185612
186410
186691
186728
186959
186978
187191
187340
189029
189820
190690
191452
191749
194309
195380
198900
203719
204405
205709
205773
207037
207315
207416
209799
210709
212425
212881
212993
214999
216921
217986
218706
220102
220502
221295
223901
225500
225935
226622
227348
228465
228652
229867
229922
230584
232832
232910
234435
234805
235234
236363
238306
238792
239543
239640
239955
240023
240494
240753
242207
242704
242785
244257
244370
245305
246129
246195
246279
246928
246950
247694
249073
249524
253377
253798
253920
256512
257201
259512
259591
259661
259683
260015
260362
261240
262567
262613
262688
265226
266495
268342
268543
270698
271342
271543
272270
272471
273019
273055
276143
280705
281216
281409
281699
284566
284757
286168
286737
288107
288751
289681
290078
290164
290203
290856
292410
293351
295561
296561
297760
298062
302352
303345
304366
305060
305136
306620
308125
309369
311131
313224
316218
316229
316844
316848
317789
319245
320211
321111
321148
322106
324189
324220
324711
325485
326670
326788
327483
334708
335498
335691
335932
336545
337086
337768
338277
338748
341011
341216
342243
343647
344135
344341
344974
347415
349014
349994
350653
351689
352461
352587
353473
357264
357475
357562
357971
359141
359200
361613
361615
361922
362720
363092
363263
363661
364202
364805
364847
365345
365625
368457
369048
370038
370405
370682
370825
372220
373111
374081
374691
374728
375689
376432
385056
387269
387684
388280
389544
390195
390493
390801
391713
393745
394662
401244
401902
403568
403866
406546
406868
410238
410611
412134
414558
414836
416486
417926
418368
418846
420211
420606
421096
421524
422783
423024
424923
425070
426365
427132
427837
428808
430997
431130
431405
432185
432311
432654
432800
438290
438307
439715
439917
442521
444064
445252
445996
446270
446383
448492
448829
450401
452875
454429
454597
454846
455191
455403
456026
456339
456403
457194
458413
459306
459638
461509
462618
462726
463740
464011
464764
465401
466385
467564
467798
467947
468524
469436
470903
471097
471458
475200
476702
476715
477666
477875
477878
478306
478410
478413
478427
481070
481955
482933
483972
484074
484462
485587
486080
486745
486950
488046
488174
488337
489896
490159
491543
492837
492929
493418
493972
496125
497518
498165
500655
501831
502204
503614
505508
505644
506561
507785
508648
508766
509714
510734
513308
514452
515023
515806
515869
516152
516827
516997
519203
519403
520644
520798
521057
521249
522249
522511
523360
525202
526147
527784
528615
531649
531792
532460
534289
540583
542179
544534
545095
545753
548007
548858
549224
550101
550158
550408
551001
551646
554799
555395
555904
556290
556430
556868
558428
558854
560120
560446
560981
562987
563002
563152
564405
566388
569068
569618
569967
570577
570594
571510
571734
573358
576274
576744
577081
577648
577786
578102
579394
582149
586218
588333
588750
588953
589684
590316
591810
592201
593142
593529
594915
595231
598646
599077
600999
601099
601475
603246
608117
608185
609009
610305
610468
610687
611175
611411
612521
613325
613542
613731
614230
615628
615737
618797
621531
621659
622128
622923
624994
627954
629359
631391
631778
632155
638050
638052
638862
639463
639557
642636
642908
643918
644671
644783
647524
648174
650694
655329
655660
655709
656092
656487
658075
662087
662270
662439
664854
667162
668110
668815
671979
672131
672894
674818
675753
677523
677841
678859
680402
681341
683022
684750
685825
687285
689290
689389
689446
690196
690412
690850
691225
694998
696463
696740
697614
698045
699909
700574
705032
706165
706833
708273
709810
710866
710880
711470
712553
712747
713489
716151
716503
717158
717370
719493
720102
721963
722188
724815
725646
726528
728147
728690
731210
731302
731474
731475
733411
735327
735419
735659
736102
738261
739432
741942
743046
744383
745697
746259
747450
750595
751717
753128
753174
753420
753637
756786
758226
758854
759927
759973
761936
762507
763908
768244
769313
771093
772060
772238
773021
773417
774036
775250
775611
776957
778824
780291
780498
782660
785401
785930
786095
786280
787078
787293
792393
793125
794315
794380
795501
796029
796948
797631
800074
800223
800240
802776
803003
803427
805039
805577
805757
807194
807404
809000
809195
811638
813746
813847
813857
816245
817982
819810
819936
820993
821142
822738
825882
826912
828380
828985
829551
829631
829895
830159
831079
832604
833732
835309
835599
835965
836185
836206
836403
838038
838664
839188
839283
839966
842858
843367
843568
844876
845554
846220
846529
846770
847326
847838
850059
852253
852304
853940
855220
855889
859597
860022
860506
861262
862836
863994
864308
866313
868535
872093
872438
873192
874997
875685
876209
878144
878963
879612
880187
883076
884304
884438
885703
886413
887886
890411
891295
891938
894649
894918
895077
895282
895455
896337
897461
897719
897790
898666
899673
900070
903923
905019
905729
906567
908136
908244
909644
912087
913044
915621
916402
916474
917836
918006
920064
920344
920582
921166
921478
923048
924972
925564
926364
928220
928415
928449
930899
931566
932256
934477
935177
935272
936923
937074
937655
938413
938693
938701
941455
942490
944241
944433
944997
945652
946906
948066
949826
949972
950575
951211
952330
952671
953011
953884
954121
954162
955637
960458
963751
964045
964098
966844
967297
968091
970315
972252
972476
972840
973267
974085
974324
975015
975940
977533
978150
978400
980152
981213
982320
984108
985208
985557
985664
986408
988457
988465
990722
991496
993081
994726
997313
999740
1000043
1000157
1002014
1002181
1003153
1004245
1004655
1005715
1005871
1006916
1008530
1008941
1009052
1009850
1011955
1013720
1013806
1014526
1015029
1016686
1017165
1017325
1018284
1019946
1020689
1021902
1022691
1023236
1027866
1030950
1031722
1032631
1033613
1034809
1035673
1036591
1038328
1040100
1041488
1042172
1042581
1044141
1044196
1044390
1044819
1046322
1047171
1047179
1047431
1047930
1048906
1048958
1050051
1051637
1052656
1052883
1053813
1054832
1056716
1059326
1061547
1063672
1063717
1063781
1064271
1064932
1064935
1065243
1065320
1066562
1068082
1068650
1069510
1079254
1079608
1079700
1079798
1079938
1080195
1080731
1082779
1083147
1084343
1086223
1087187
1089052
1089083
1089093
1090344
1090486
1092793
1092953
1093166
1096322
1096534
1097171
1097532
1098657
1100606
1100884
1101241
1101443
1102699
1102834
1103154
1103283
1106826
1106858
1108596
1108693
1110967
1111808
1111817
1113978
1114215
1115835
1115907
1116726
1116793
1117941
1118193
1119908
1121374
1125255
1125430
1129958
1130582
1132073
1132387
1132459
1134223
1134583
1134615
1134938
1136939
1138684
1139616
1141577
1142482
1143317
1143802
1144179
1144258
1144500
1144777
1144789
1145069
1147131
1150207
1151159
1152056
1152769
1153025
1153284
1153380
1153498
1153750
1154022
1154344
1154621
1155955
1157692
1157743
1159182
1161311
1161502
1162396
1163580
1165443
1166225
1166882
1168641
1169104
1172893
1173195
1176351
1177868
1179604
1179954
1180680
1181313
1181661
1182213
1182763
1183400
1183678
1185034
1185313
1185400
1185655
1186680
1187213
1187758
1188626
1191506
1191935
1195307
1196256
1197316
1201838
1202248
1202785
1203859
1204913
1206702
1208114
1209971
1213251
1213268
1214991
1215832
1219942
1221135
1222281
1222759
1223287
1224163
1224487
1226021
1226752
1228224
1228264
1229384
1230496
1231556
1231595
1231647
1232231
1233959
1239054
1240949
1241466
1242509
1242869
1243856
1244045
1244111
1246060
1246651
1246750
1247925
1248350
1250876
1252162
1253645
1254604
1255526
1255864
1257125
1259377
1260049
1260946
1262429
1264667
1265006
1266185
1266651
1266669
1267673
1267882
1270428
1270694
1271770
1272084
1273123
1273161
1274783
1276423
1277505
1277765
1278155
1278475
1278609
1279807
1280015
1280755
1281158
1281480
1283278
1283424
1283504
1284197
1284278
1284766
1284971
1285292
1286486
1287812
1288739
1289455
1290684
1294037
1296354
1297987
1298423
1299083
1299305
1299655
1300686
1303805
1307825
1311101
1313516
1313539
1315684
1316330
1317910
1318389
1320140
1320505
1320720
1321981
1322812
1323206
1324160
1326707
1327126
1327913
1328158
1328699
1330010
1330023
1330673
1330854
1331049
1331912
1331944
1332316
1332795
1333042
1333335
1334548
1336645
1337051
1337692
1338909
1338919
1340512
1341387
1342154
1342541
1343297
1343764
1344399
1345754
1346633
1347252
1347423
1348715
1348853
1348972
1349035
1349243
1350913
1351730
1352498
1353045
1354120
1354591
1354983
1356192
1356756
1356777
1358768
1358855
1359138
1361587
1361658
1362792
1363246
1363863
1365763
1366401
1366871
1366959
1367891
1368400
1368934
1369714
1370320
1372374
1374514
1374515
1374681
1375179
1375535
1376644
1376645
1378231
1380573
1382155
1382647
1382819
1383068
1383753
1383979
1384978
1386798
1388831
1389418
1389857
1390512
1391332
1391684
1392240
1392274
1392473
1393428
1393535
1396722
1398389
1400857
1403452
1405291
1405481
1407174
1407258
1410746
1410868
1410975
1412876
1413434
1413679
1413770
1413921
1414366
1414480
1414947
1415862
1416106
1417958
1418172
1419608
1420853
1420878
1421198
1422986
1429527
1434229
1435299
1435487
1437566
1438214
1441023
1441965
1442489
1442862
1443421
1444079
1444440
1444828
1445309
1446750
1448001
1449926
1450182
1450421
1451565
1453208
1455136
1457525
1458182
1461850
1462142
1463447
1463972
1464056
1465612
1466752
1467076
1469486
1471078
1471200
1471419
1472554
1474051
1474254
1476667
1477296
1478892
1480764
1481529
1481589
1482053
1482199
1484364
1484770
1485314
1485604
1485651
1485707
1486180
1486321
1488074
1488140
1488792
1491090
1491168
1491557
1492536
1492916
1494097
1496319
1498263
1500234
1500484
1500880
1503111
1505011
1505237
1508046
1509674
1509788
1509960
1510004
1510352
1510884
1510919
1511682
1512127
1513012
1513527
1513677
1513700
1513991
1516010
1516254
1516482
1517333
1521609
1522277
1522905
1525904
1532258
1532587
1535709
1538688
1539473
1541782
1542543
1542879
1543443
1544150
1544452
1544828
1545201
1545235
1545524
1547068
1548663
1549024
1549162
1549695
1550148
1551063
1551412
1551964
1553632
1556605
1556761
1557346
1557852
1558320
1559033
1559311
1559418
1559905
1562870
1562956
1564637
1565840
1566290
1566333
1568683
1571269
1572380
1574792
1575101
1575427
1577482
1577855
1578377
1578750
1578908
1578963
1579503
1583517
1583622
1585528
1587353
1587873
1590114
1590828
1592027
1592545
1593155
1593393
1594233
1594245
1600500
1600592
1600761
1601049
1605270
1606293
1606920
1607038
1609638
1613549
1615129
1615214
1615395
1616219
1616572
1617296
1617622
1617646
1617649
1618931
1619248
1619713
1620164
1621384
1621768
1622579
1623763
1625289
1625826
1626069
1626171
1626943
1630119
1631443
1635346
1635525
1635591
1636936
1637224
1637589
1637849
1637904
1641439
1642128
1642789
1642814
1642978
1645766
1645799
1649012
1649841
1651041
1651269
1651750
1652086
1652858
1653629
1654502
1654921
1655301
1656223
1656449
1657545
1657681
1658533
1663316
1663537
1664742
1666031
1666847
1667770
1668562
1670628
1671025
1671290
1671946
1672161
1672274
1675357
1675596
1676384
1676500
1676710
1677397
1681840
1682303
1682546
1682733
1683066
1683901
1685079
1686716
1687374
1687462
1689730
1689844
1691125
1693515
1694219
1694916
1697877
1698628
1699366
1699715
1701620
1701710
1701930
1702365
1705784
1706380
1706769
1707401
1708390
1709584
1712623
1713004
1713602
1713954
1718210
1718964
1720435
1720692
1720790
1722468
1723951
1724455
1724982
1727431
1728283
1729240
1729771
1731497
1731761
1732853
1733179
1733600
1734765
1736699
1738068
1739568
1739657
1739685
1741536
1741703
1745083
1746178
1746335
1747197
1748674
1749764
1750064
1751128
1752017
1752221
1752557
1752592
1752803
1752893
1754629
1755479
1755562
1756665
1758622
1759364
1759925
1760774
1761157
1761632
1762268
1762598
1763729
1766291
1767044
1769759
1772219
1772391
1773439
1774493
1775292
1776099
1777138
1777718
1779346
1779549
1780400
1781517
1781735
1782575
1782715
1783068
1783493
1786407
1786992
1788885
1789043
1790905
1791398
1796549
1796588
1798038
1798105
1798152
1798313
1798679
1798735
1799721
1799798
1800747
1802193
1802514
1803351
1804460
1804506
1805813
1806341
1807268
1807989
1809667
1811234
1812200
1812220
1812358
1812595
1813149
1813559
1814027
1815137
1817249
1817285
1817468
1817726
1817887
1818774
1819439
1819851
1820088
1820158
1820577
1820796
1821618
1822022
1822237
1824958
1825861
1825962
1826882
1828667
1830009
1830014
1830576
1832747
1833756
1834458
1836665
1837934
1839892
1840074
1840297
1841151
1842221
1842772
1844384
1848623
1848994
1849795
1850864
1851626
1852569
1853889
1855250
1857197
1857247
1861304
1862240
1864689
1864998
1865134
1865245
1865366
1865818
1867202
1867794
1868490
1869241
1869254
1870835
1871359
1873695
1873730
1874275
1875203
1875288
1875443
1876190
1876872
1877011
1877039
1878356
1878780
1879136
1879617
1880206
1880624
1881140
1881242
1881466
1882054
1882685
1882988
1883692
1884075
1886771
1887411
1888041
1888051
1888580
1888590
1889479
1889791
1890010
1893443
1894717
1896093
1901756
1901958
1901963
1902862
1906665
1907250
1907834
1908656
1909847
1911528
1911738
1911981
1914237
1914310
1916428
1916640
1916665
1917562
1917807
1919470
1920915
1920945
1921208
1921230
1922403
1924799
1925407
1925641
1926694
1929140
1929505
1930289
1930619
1934935
1935085
1935226
1935435
1935867
1936125
1936488
1938009
1939202
1940063
1941477
1942389
1942398
1942724
1943919
1944227
1945738
1945855
1947941
1950259
1951610
1951766
1952482
1952570
1953134
1955067
1955915
1958551
1959406
1959424
1959515
1959557
1959971
1960245
1960934
1961221
1961309
1961352
1961385
1961584
1962369
1964716
1964763
1965138
1965494
1966086
1966646
1967503
1968322
1968347
1968803
1970764
1971184
1972315
1973914
1977204
1978340
1979184
1980914
1981307
1982114
1983105
1983585
1985476
1985742
1985904
1987288
1988605
1988699
1990162
1990376
1991050
1992260
1992425
1993262
1994391
1995013
1996334
1996534
1998358
1999329
2000288
2002390
2002434
2002981
2004100
2006192
2006286
2006977
2007577
2009509
2009871
2010276
2010319
2011743
2016057
2017675
2018094
2018393
2019621
2020038
2020158
2020474
2021185
2021618
2023840
2023933
2024748
2028958
2029187
2029826
2030172
2030733
2034920
2035821
2041473
2041524
2044132
2044331
2044876
2044959
2046254
2047225
2048944
2049065
2051527
2052344
2052828
2052974
2053974
2054338
2055150
2055967
2056228
2056751
2058621
2059176
2059226
2059764
2060734
2062633
2067972
2070367
2070378
2070662
2073860
2076190
2078167
2078779
2078820
2078880
2079940
2083420
2083763
2083889
2084773
2084996
2086432
2087340
2087674
2088808
2091848
2093299
2093607
2093874
2094628
2095849
2103428
2104013
2104319
2104803
2104994
2105801
2106158
2106820
2107967
2108145
2109459
2112620
2113165
2113261
2113542
2114408
2115206
2115907
2118048
2118393
2118916
2119362
2120467
2121291
2121483
2121816
2122115
2122873
2123079
2125034
2125220
2125992
2126207
2127738
2127813
2128866
2131365
2132758
2135366
2137864
2139041
2139388
2140110
2140835
2140889
2142719
2143462
2143569
2144604
2145515
2145884
2146430
2146744
2146792
2147147
2147704
2151693
2152432
2153726
2154815
2155486
2157258
2158996
2159819
2162298
2162638
2164466
2164830
2165169
2165468
2165522
2165532
2165589
2165804
2165908
2166282
2166324
2166343
2166999
2167309
2167487
2167762
2169086
2169883
2171196
2172506
2172771
2173090
2173472
2174616
2178299
2179559
2181985
2183135
2184295
2184453
2185273
2185672
2186629
2187463
2188364
2188535
2190484
2192194
2192505
2194883
2195768
2196228
2197216
2198165
2198301
2198780
2199082
2199333
2203315
2203436
2204809
2205255
2205694
2205934
2207128
2208756
2212536
2213517
2213800
2214839
2215135
2215632
2215769
2216831
2217510
2219378
2219555
2220643
2221718
2223131
2229181
2229514
2229645
2230508
2230652
2231254
2231791
2234427
2234536
2235829
2235892
2237072
2237328
2237681
2237701
2237989
2238009
2238430
2238539
2239215
2239996
2240211
2240389
2241864
2243710
2244217
2244686
2245219
2245360
2245623
2247537
2247687
2249404
2249636
2250375
2250722
2252437
2255734
2256202
2256626
2256959
2258787
2261679
2261963
2263581
2263604
2263858
2264134
2264415
2266355
2267237
2268017
2269458
2272123
2274728
2276097
2276936
2278674
2282154
2282368
2284566
2285082
2286184
2287343
2288561
2289398
2289605
2289752
2289801
2291588
2292011
2293771
2294194
2295282
2295375
2295918
2296435
2298919
2301607
2302998
2303114
2304010
2305956
2305985
2307431
2307521
2307629
2307793
2308328
2309449
2310452
2311056
2312135
2313537
2314684
2314738
2317132
2318626
2319278
2319787
2320451
2320469
2320660
2321340
2321438
2321777
2321976
2322646
2322843
2326151
2332021
2336674
2336737
2336904
2336993
2337647
2338373
2339096
2341071
2341230
2341940
2342169
2342404
2343954
2344843
2345071
2345793
2346952
2346989
2347651
2348144
2349319
2350803
2352955
2353050
2354405
2355502
2355624
2356035
2356552
2356613
2357204
2357218
2357613
2357890
2359955
2361000
2361414
2361420
2362822
2363766
2365053
2366048
2366615
2366654
2366767
2367175
2367339
2369317
2369349
2371793
2373349
2374447
2376977
2378977
2378981
2379183
2382131
2382463
2387055
2388294
2389483
2390107
2392512
2392735
2392978
2393593
2394319
2394598
2394624
2394883
2396284
2397892
2403301
2403478
2403739
2403794
2406569
2406982
2407781
2409628
2409667
2411314
2412796
2413214
2413790
2415550
2416622
2416876
2417532
2417594
2418820
2418918
2419235
2420778
2422254
2423282
2428014
2429354
2430987
2432356
2433001
2433471
2434687
2435697
2435993
2436019
2436827
2437288
2438821
2439461
2440128
2441126
2441248
2442360
2442827
2442947
2443490
2444714
2445044
2446507
2448213
2448754
2448889
2449369
2450957
2453018
2453133
2454000
2455749
2459395
2460189
2461570
2461660
2462188
2463152
2463626
2465158
2466243
2468302
2468356
2471047
2471825
2473580
2473728
2476465
2476604
2476797
2477793
2480364
2482219
2482782
2483010
2483042
2484535
2485243
2485346
2486955
2487626
2489201
2489798
2490461
2490786
2491939
2493367
2494406
2494895
2496498
2496800
2500043
2500635
2502719
2502982
2506088
2506524
2507042
2508560
2508783
2509147
2511118
2512159
2512263
2512370
2512655
2513602
2513724
2514463
2514939
2516276
2516740
2516959
2517532
2517634
2518671
2520727
2521293
2521533
2522194
2522727
2525029
2526656
2526926
2528635
2529550
2530975
2531573
2533799
2533937
2535460
2535791
2537136
2537888
2539021
2539128
2540175
2540691
2541518
2541945
2543370
2543536
2543719
2543947
2544019
2545800
2548502
2550133
2551877
2553921
2555081
2555110
2556683
2558125
2558170
2559367
2561304
2561425
2562689
2564191
2564916
2565506
2565863
2566588
2569225
2574959
2575879
2576570
2576666
2579537
2580441
2581385
2582045
2582628
2583211
2584184
2586919
2587013
2588760
2588905
2590739
2592717
2593607
2595835
2595977
2597454
2597639
2597945
2598081
2598194
2599064
2599067
2600221
2602176
2604739
2605443
2605684
2606321
2610798
2610874
2611881
2612578
2614207
2614259
2617126
2622339
2623362
2623573
2624264
2626311
2627531
2629318
2629902
2631382
2631914
2632176
2633359
2634773
2635731
2635933
2636691
2637872
2638201
2639783
2639969
2640326
2640635
2642302
2642701
2643205
2645552
2646166
2647363
2647906
2650503
2651809
2652563
2654724
2655255
2657730
2658209
2658293
2658502
2659037
2660446
2661445
2661711
2663639
2664306
2667607
2668149
2668966
2669298
2669708
2669922
2671086
2672185
2673043
2674704
2676349
2678389
2679618
2679984
2680384
2680981
2681776
2682013
2682804
2682869
2683613
2684463
2684886
2684896
2685232
2685670
2686196
2686800
2688537
2689388
2689569
2690118
2693469
2694622
2697941
2700051
2700414
2700549
2702590
2703146
2704046
2704531
2706273
2706790
2706967
2708979
2709293
2709431
2710052
2710570
2711168
2714678
2717044
2719342
2720830
2720909
2721771
2721927
2722379
2723889
2724276
2724604
2725571
2728627
2729245
2731285
2731294
2733153
2734210
2734433
2735960
2739476
2740358
2742296
2743951
2744037
2744418
2748002
2748218
2748366
2750607
2752345
2753269
2754216
2754805
2755690
2756646
2756825
2757342
2757722
2757840
2759197
2759464
2759773
2761343
2762090
2762227
2762517
2763330
2764212
2764568
2765143
2766222
2766794
2768237
2769501
2769772
2769792
2770301
2771798
2772071
2772955
2773676
2775473
2775649
2775694
2775879
2777085
2777659
2779277
2780410
2784217
2784988
2787765
2788098
2789780
2790681
2791954
2793995
2798044
2799545
2800308
2801277
2801509
2802248
2802518
2803149
2803532
2803893
2804771
2804929
2805082
2807627
2808863
2808961
2809286
2809625
2812413
2812992
2816494
2817994
2818011
2818688
2822752
2824166
2824444
2824484
2825059
2826619
2828146
2828721
2830149
2832525
2834325
2834627
2835071
2837621
2838280
2838299
2838818
2838931
2839512
2840962
2841842
2843595
2843994
2844273
2847482
2847618
2851373
2851697
2852060
2853189
2853755
2854580
2855893
2856854
2859084
2859223
2859394
2860456
2862077
2863977
2865605
2867594
2870820
2870943
2871784
2871970
2872039
2874277
2874629
2876694
2877906
2878237
2879857
2881886
2883968
2884166
2884700
2885145
2885844
2886837
2887369
2889740
2890019
2890626
2891572
2891616
2891831
2892543
2893000
2893006
2894797
2894803
2894924
2896155
2896535
2900250
2900294
2900764
2901043
2902885
2905656
2907221
2907815
2907945
2908271
2909081
2909119
2909779
2910406
2910449
2910451
2910746
2912706
2913108
2913783
2914689
2914952
2915316
2915906
2918079
2919125
2919592
2920223
2920846
2921731
2925526
2926543
2928208
2928783
2929777
2929839
2930936
2931772
2936787
2941358
2941476
2944433
2944914
2948104
2949143
2950082
2950688
2950804
2950914
2955062
2956738
2957157
2957965
2959031
2959675
2959831
2961733
2962569
2962616
2962738
2963436
2963904
2964553
2967406
2968411
2969220
2969248
2972861
2974024
2974297
2974669
2974886
2975507
2976504
2976940
2977954
2978336
2978509
2980906
2981421
2983417
2984029
2984165
2985634
2986324
2987204
2987483
2987961
2988047
2990086
2991090
2991790
2992558
2993162
2994262
2994532
2995198
2996086
2996711
2996952
2997522
2998799
2998941
3000056
3000822
3001417
3002577
3002889
3002976
3003163
3004097
3004898
3005427
3005876
3005979
3007164
3007200
3007836
3008147
3008382
3008848
3009013
3009642
3009917
3011414
3012915
3014083
3015045
3015574
3017649
3018990
3020290
3020938
3021127
3022951
3023661
3024392
3024912
3025235
3026181
3028022
3029326
3029613
3033538
3034131
3034870
3035283
3037409
3040582
3044688
3044754
3046002
3046561
3047215
3050272
3052450
3054421
3054783
3055478
3055933
3056787
3056978
3059489
3062195
3062314
3062685
3062740
3066551
3067368
3068959
3070075
3070254
3072548
3073038
3074536
3077991
3080894
3081587
3082234
3083330
3083582
3085580
3088187
3089914
3090661
3090769
3090818
3092034
3092710
3094181
3094279
3095060
3095719
3095781
3095910
3096732
3098046
3098252
3100919
3101062
3101383
3101550
3101572
3102608
3103369
3103458
3105243
3106404
3106907
3107194
3109232
3109259
3111300
3112324
3112472
3114918
3116902
3117078
3117443
3118096
3119597
3119850
3121576
3121748
3123942
3123971
3125709
3128520
3128981
3128991
3129576
3129682
3130249
3132653
3133152
3133192
3133973
3136394
3136426
3138327
3138630
3138673
3138795
3141319
3141443
3141641
3142051
3142182
3144275
3146374
3146382
3146937
3147081
3148325
3148691
3148966
3149256
3149324
3149502
3150150
3150515
3151295
3152098
3152295
3154499
3154690
3155521
3158353
3159841
3160056
3160637
3161096
3162913
3163529
3166330
3167426
3169477
3169861
3170662
3170867
3171289
3172290
3172927
3173379
3174553
3175073
3175191
3175535
3175885
3175970
3178700
3178849
3178939
3180560
3182501
3183613
3184687
3185889
3186318
3188873
3189883
3190200
3195074
3195464
3195567
3197983
3198401
3199665
3200936
3202201
3202931
3204607
3204862
3205523
3205773
3206037
3207021
3207053
3208335
3209952
3211311
3213942
3214285
3215742
3217456
3220000
3220021
3222461
3223015
3223405
3224291
3224675
3225167
3228100
3229319
3229651
3230148
3231503
3232145
3232311
3232675
3233597
3233631
3233981
3235241
3235504
3237836
3238206
3238433
3238671
3239308
3239403
3241386
3243013
3244248
3244398
3244675
3245896
3247368
3247904
3249561
3249634
3251444
3252345
3254043
3254193
3254906
3254978
3256220
3256735
3257554
3258005
3258229
3259342
3259455
3261037
3262158
3262910
3263911
3264267
3266968
3267305
3267984
3268170
3268622
3268825
3269789
3270145
3270389
3270390
3271961
3272568
3273154
3274169
3275998
3277050
3278977
3282573
3283578
3284914
3285356
3285502
3286141
3286894
3286996
3287140
3289930
3290431
3290657
3291386
3291839
3292423
3293652
3294643
3295035
3296749
3298298
3299644
3300720
3301897
3306540
3307536
3307818
3308725
3308981
3309129
3310430
3311220
3311224
3311353
3312660
3313180
3316325
3318618
3319825
3320144
3322748
3322775
3323459
3324610
3324926
3325342
3327469
3328023
3328817
3329760
3331886
3332516
3332700
3333675
3336577
3337035
3337950
3339314
3339351
3347262
3347692
3347742
3348056
3348635
3349738
3350240
3354820
3355884
3356589
3357159
3357275
3358159
3358319
3361998
3362428
3366784
3367040
3369072
3369090
3369604
3371071
3372995
3374056
3375674
3376787
3376850
3377234
3378101
3379642
3380258
3380502
3384521
3386085
3388232
3389482
3390929
3391079
3392390
3392523
3393015
3394222
3395609
3397307
3399439
3400219
3402834
3403018
3403237
3404732
3405814
3406178
3407792
3409155
3410330
3412923
3413467
3413776
3414189
3415425
3417692
3419199
3419265
3419630
3420551
3421357
3421750
3423487
3423601
3423885
3424039
3424611
3427006
3428018
3429259
3430505
3432160
3433862
3435472
3435771
3435862
3436143
3439292
3440195
3440878
3441001
3441386
3442060
3442565
3443396
3445460
3445944
3447863
3448024
3449610
3452879
3453087
3453227
3454016
3457467
3457815
3461434
3461972
3462570
3462678
3462724
3463066
3463646
3464480
3466398
3469817
3471335
3471842
3472348
3475184
3475280
3477501
3477946
3478020
3478508
3478860
3482184
3482510
3483548
3485631
3486009
3487934
3491350
3491804
3492595
3493039
3498258
3499541
3500123
3502313
3502812
3503095
3503871
3508019
3511709
3513065
3515031
3516897
3517150
3517341
3518889
3520159
3521017
3524065
3524222
3526372
3526757
3527127
3527728
3527776
3528985
3529304
3530807
3531919
3532794
3532928
3535425
3536503
3536530
3537984
3538368
3538591
3539578
3539943
3540719
3540976
3542523
3543405
3544548
3552543
3552649
3554080
3554629
3555923
3558909
3560424
3561540
3561826
3564001
3564097
3564696
3564709
3564937
3566349
3567298
3569328
3569940
3571280
3572452
3574573
3574879
3575113
3578087
3578302
3579975
3581214
3586321
3587372
3587694
3587832
3588716
3588799
3589917
3590070
3590500
3590939
3590947
3592251
3594062
3594453
3595543
3595680
3596666
3597898
3598700
3598779
3599012
3599387
3600836
3601656
3601731
3601834
3604327
3607409
3608484
3608691
3609685
3610038
3610163
3610206
3611028
3612180
3613012
3616018
3617044
3617329
3619176
3619271
3619308
3620491
3620725
3621838
3622262
3623330
3623689
3623917
3624590
3627677
3627712
3627834
3628285
3630755
3631029
3631454
3631975
3632503
3633018
3633855
3634829
3635834
3636632
3637476
3638576
3638653
3639041
3639087
3640886
3641157
3641890
3642293
3642905
3643348
3644353
3646230
3646356
3647133
3648478
3648601
3649352
3650296
3651492
3651972
3652433
3652661
3653008
3653671
3653954
3654654
3656851
3658852
3660474
3660653
3660704
3660863
3660938
3661167
3662642
3665539
3665826
3667504
3667603
3667730
3668444
3669614
3669842
3671428
3671545
3671933
3673317
3675587
3677363
3679576
3680523
3681535
3682126
3682328
3682546
3685273
3685775
3687726
3688042
3689181
3690705
3691597
3692951
3694624
3694854
3695328
3695545
3696321
3697599
3700849
3700874
3702078
3703702
3704727
3704739
3706243
3707237
3707512
3709300
3709801
3710142
3712321
3713766
3715621
3718308
3718488
3720982
3721749
3722210
3723026
3723056
3724018
3725225
3727171
3727476
3729793
3730903
3731103
3731602
3735151
3735320
3736064
3736676
3739194
3740153
3741905
3743602
3743678
3743850
3745179
3746804
3747237
3747554
3748409
3749342
3749716
3751183
3752164
3752309
3752618
3753141
3754187
3754710
3755873
3756886
3757297
3758047
3758299
3760052
3762254
3764305
3766162
3767027
3767203
3767292
3767889
3768380
3769511
3769516
3771703
3771792
3772481
3773006
3773074
3773783
3774588
3775296
3777106
3779572
3779735
3779795
3780421
3780918
3781498
3781536
3782317
3782387
3785558
3785856
3786105
3786299
3786360
3786771
3787237
3790174
3790983
3791532
3791829
3793117
3793554
3794045
3794113
3794157
3794718
3795049
3795121
3797084
3797191
3799006
3799709
3800471
3801366
3803240
3803838
3804171
3804792
3805119
3805651
3809011
3809974
3810252
3811429
3812913
3813988
3814048
3815595
3816852
3816958
3817075
3817158
3818855
3818909
3819479
3821221
3822589
3823294
3824831
3829074
3829307
3829621
3832402
3832771
3833515
3835470
3837055
3839164
3839196
3840163
3840554
3841380
3841836
3842122
3842305
3842550
3843366
3843465
3844628
3845127
3845765
3846269
3848443
3848807
3851508
3852156
3852337
3852507
3854191
3855628
3857952
3859248
3859479
3860922
3861192
3861269
3861664
3862243
3863284
3864455
3864758
3866253
3866422
3866469
3866832
3867906
3870471
3871121
3871891
3872892
3873545
3874091
3875626
3875833
3876353
3877219
3878155
3878379
3879405
3879785
3882070
3882203
3882405
3882507
3884370
3884813
3885025
3886336
3886624
3889164
3889830
3890998
3891302
3892019
3892531
3893445
3894320
3896295
3896847
3896905
3897467
3899000
3899349
3900723
3900901
3902020
3902312
3904211
3906236
3906578
3907711
3908606
3909195
3909674
3911148
3911870
3914153
3914518
3914709
3915398
3916077
3917633
3918565
3918643
3918979
3919103
3922074
3923910
3926438
3926816
3928644
3931051
3933532
3936630
3938003
3938277
3938807
3939113
3939514
3940259
3940366
3940565
3940733
3941480
3944535
3945189
3945880
3946838
3946924
3947204
3947470
3948780
3948937
3949775
3950762
3952394
3955162
3955350
3957508
3958227
3958406
3959551
3961573
3961744
3962030
3965099
3965200
3965339
3967282
3968774
3968978
3970426
3970888
3972523
3972792
3973067
3973654
3974692
3975601
3975721
3977518
3978138
3979628
3979838
3983236
3984514
3984929
3988248
3989526
3991002
3991257
3991385
3991691
3991868
3992837
3994134
3994495
3995905
3997105
3997204
3997243
3997612
3997687
3998052
3998438
3998768
3998781
3999783
4000178
4001393
4001890
4002511
4003171
4004379
4004938
4005447
4006205
4007631
4010455
4010512
4010837
4010993
4011182
4012285
4012305
4012615
4014039
4014130
4014515
4014914
4015743
4016921
4016968
4019483
4019946
4019989
4021531
4023555
4023770
4024770
4024964
4025700
4026569
4027049
4027240
4029253
4029499
4029557
4030071
4030420
4030728
4031298
4032656
4035966
4036029
4036752
4038832
4041072
4041682
4041791
4044005
4045471
4045708
4046031
4046866
4047650
4047815
4047904
4048395
4049021
4049258
4050570
4051905
4054562
4054898
4055346
4055993
4058145
4059311
4059414
4059664
4060393
4061338
4064300
4065856
4066650
4066913
4068155
4068359
4068685
4070435
4071467
4073040
4074154
4074940
4077377
4077957
4078632
4078981
4079828
4080151
4081685
4081708
4081885
4082476
4083007
4083236
4084190
4085354
4087620
4088274
4088752
4090529
4092271
4093393
4094427
4094971
4097189
4097195
4099739
4099740
4101517
4101679
4102360
4104195
4106021
4107695
4108148
4108300
4108885
4109079
4109210
4109683
4110005
4110509
4110602
4111097
4112242
4113030
4114427
4114498
4114934
4115018
4115249
4115687
4118334
4119782
4120480
4120835
4121701
4121810
4123061
4126707
4126853
4127162
4127434
4128816
4129047
4129097
4129455
4131245
4131543
4132718
4134725
4134781
4135022
4138092
4138137
4138453
4138841
4138901
4139474
4140195
4140512
4140925
4141522
4142284
4143773
4146087
4146185
4146747
4148091
4148605
4149139
4149962
4149976
4150191
4150368
4150513
4150657
4153070
4153186
4153509
4154807
4157569
4157822
4159010
4161345
4163959
4164605
4167230
4167839
4171802
4172185
4172364
4174311
4174386
4175110
4175307
4175575
4177452
4177715
4179718
4179797
4182358
4182471
4182496
4182958
4183557
4184535
4185578
4185732
4186698
4188318
4189236
4189985
4190038
4191601
4194322
4194415
4195506
4195968
4197974
4198196
4198785
4199332
4199397
4199936
4201838
4202690
4202933
4203846
4204372
4205240
4206363
4207301
4209330
4209746
4210175
4212294
4213368
4213899
4214030
4214849
4218430
4219244
4220410
4221200
4222961
4223313
4223669
4223747
4224242
4224299
4225042
4225386
4229258
4230280
4231452
4233091
4233680
4233803
4234701
4234708
4235291
4236384
4236715
4238992
4239794
4240288
4240425
4242716
4243849
4244464
4246294
4246913
4248855
4249437
4249513
4249730
4250326
4250746
4250842
4251006
4251011
4251750
4253444
4254347
4255056
4255557
4256002
4258272
4258334
4259556
4260296
4260522
4260544
4260945
4261137
4262227
4262528
4263301
4263606
4264913
4267402
4267719
4268954
4270946
4271622
4274962
4275721
4275860
4276575
4276673
4277107
4278373
4280269
4281275
4281550
4282096
4283905
4284595
4285135
4286428
4286462
4290724
4290744
4291838
4293948
4294816
4294996
4295889
4295922
4296711
4299196
4302559
4303470
4303945
4305116
4306285
4307386
4308652
4309503
4309855
4309973
4310510
4311232
4311306
4312635
4312670
4317704
4318333
4319566
4319672
4319729
4320474
4325175
4326930
4329870
4330398
4330442
4331482
4332722
4334178
4334438
4335069
4339380
4340030
4341083
4341950
4342890
4343464
4344872
4345010
4345215
4346195
4347279
4347858
4348506
4349133
4349187
4349694
4350812
4350873
4350896
4353642
4356273
4359440
4360196
4363025
4363569
4363956
4364865
4365309
4365729
4366233
4367164
4367613
4367772
4368774
4369938
4369965
4372580
4372745
4373083
4373581
4373848
4373976
4374567
4375203
4375505
4377015
4378790
4378898
4380153
4380197
4380622
4382308
4382640
4382917
4383097
4384689
4385816
4386692
4387651
4387786
4390835
4391863
4392194
4394691
4395309
4396230
4396464
4398381
4400388
4401110
4401482
4401645
4402117
4402177
4402536
4403101
4406179
4407653
4408815
4414156
4414238
4415703
4419582
4419847
4422855
4422938
4423224
4423321
4424429
4425639
4428157
4428820
4429151
4431291
4431747
4431982
4432161
4432855
4433418
4436035
4436234
4436884
4436953
4437489
4438847
4439315
4439836
4440297
4440378
4440980
4441477
4442791
4442857
4442901
4443104
4444023
4444296
4444483
4444555
4444912
4445520
4446372
4447032
4447319
4447967
4448514
4451750
4453237
4454355
4456422
4458950
4460045
4460318
4461451
4463780
4464839
4465730
4466472
4468484
4469062
4469258
4470271
4470451
4470922
4472105
4472525
4473547
4473578
4474600
4475181
4476548
4476615
4478182
4478305
4478859
4478894
4480167
4480505
4481781
4483429
4485224
4487246
4487364
4487984
4489526
4492171
4492834
4494481
4494566
4496090
4496200
4500744
4501403
4501974
4502255
4503419
4504033
4505013
4505599
4509146
4510592
4510927
4515017
4516299
4516789
4519029
4519415
4519640
4521045
4521342
4521700
4521888
4521900
4522470
4523407
4523704
4524135
4525635
4526859
4526976
4527266
4527289
4528472
4528498
4529154
4529459
4529531
4530349
4530880
4531000
4531461
4532229
4532617
4535213
4538238
4538745
4538916
4538917
4539714
4540762
4542820
4543125
4543739
4544673
4544758
4549184
4550141
4551293
4552095
4554009
4554687
4556207
4556273
4556683
4560429
4560693
4562454
4563160
4563725
4563834
4564003
4564511
4565091
4565184
4565991
4566371
4568292
4568562
4569395
4572244
4573311
4573577
4573926
4573991
4575604
4576144
4576180
4576986
4577741
4579542
4580965
4583017
4584831
4587420
4587863
4588720
4589338
4589435
4590904
4591547
4593061
4594558
4595495
4595948
4598689
4598966
4600541
4600932
4601306
4601518
4602009
4602081
4603516
4604025
4604303
4604463
4604865
4607704
4608002
4608754
4611937
4613526
4613716
4613850
4615995
4616762
4619241
4620297
4620542
4624422
4624550
4625361
4625983
4626174
4627296
4628306
4629697
4630085
4631070
4631380
4635362
4635444
4635862
4638452
4638469
4642931
4643848
4643874
4644305
4644829
4645610
4646301
4649933
4650218
4650433
4650955
4651953
4652774
4653490
4653693
4654592
4654806
4655530
4656294
4656606
4657333
4658447
4659775
4659854
4660139
4661462
4661622
4669052
4669955
4672522
4673105
4676053
4676305
4676528
4676655
4677110
4677904
4683417
4684693
4685864
4686252
4687004
4689686
4690208
4691850
4693418
4693880
4694408
4694751
4696737
4697105
4697539
4698005
4699260
4699273
4700253
4701350
4703208
4705080
4709937
4711503
4713990
4715818
4720615
4720993
4722973
4723080
4723984
4725708
4728051
4728778
4729764
4730110
4730360
4730856
4730888
4731253
4732068
4732116
4734909
4735092
4735115
4736433
4736491
4737109
4737248
4737377
4737500
4739650
4740053
4740390
4740621
4741625
4741975
4742276
4742374
4743316
4744836
4744865
4744991
4745155
4745418
4746106
4746586
4747312
4748364
4749828
4750722
4750782
4751748
4751800
4755313
4755428
4756538
4757479
4757513
4758750
4760222
4761734
4764060
4764219
4765393
4766199
4767581
4768053
4768824
4769345
4770620
4771974
4772853
4775076
4775162
4775820
4775853
4777105
4777171
4777328
4777888
4781176
4781370
4781642
4784486
4786634
4787514
4787657
4789128
4790793
4792708
4795801
4797569
4798226
4798596
4802595
4802984
4803041
4804074
4804385
4805454
4806010
4806380
4806527
4806632
4806721
4807906
4808187
4809709
4811126
4814289
4814665
4815164
4815619
4817267
4820477
4820932
4823650
4824911
4825505
4825826
4825860
4826704
4827089
4827419
4829046
4829064
4831691
4833308
4833779
4835189
4835289
4836149
4836249
4837766
4839023
4839970
4840094
4842302
4842437
4844418
4847722
4848605
4849152
4849982
4850551
4851495
4855186
4855953
4859057
4863782
4863853
4864769
4865494
4866193
4866358
4867558
4867879
4867931
4868751
4868804
4869017
4869757
4871254
4871755
4872132
4872165
4872842
4873648
4873830
4874178
4874861
4875912
4877840
4878784
4879055
4880465
4880477
4881189
4883115
4883774
4884133
4884213
4887436
4888261
4891363
4892142
4892833
4893234
4894284
4894585
4895122
4895513
4898181
4900681
4901825
4902072
4904714
4907534
4907846
4908192
4909951
4910450
4911328
4911998
4913103
4913174
4913307
4913888
4914360
4914422
4915454
4916452
4916476
4916597
4916647
4919828
4923971
4924040
4924971
4928045
4928738
4928856
4929330
4929721
4930068
4930244
4930942
4930950
4931485
4932086
4932411
4935278
4936060
4936135
4936590
4936858
4937062
4939410
4939658
4939692
4939718
4939915
4942890
4945330
4946188
4946433
4947899
4948099
4949231
4949290
4951301
4952037
4952338
4953002
4953855
4954106
4954749
4955499
4956453
4956637
4956828
4956833
4958179
4960146
4961077
4962643
4963315
4963602
4965154
4966614
4968089
4968880
4969052
4969310
4970060
4971218
4972494
4974196
4974267
4976231
4978369
4979000
4980014
4980607
4981458
4981995
4983340
4984298
4984980
4985175
4985227
4985321
4986000
4988510
4990298
4990475
4991501
4991723
4992688
4992689
4993620
4995491
4998269
4999934
5000093
5000182
5001678
5002940
5004639
5007301
5007510
5008632
5009436
5010838
5013574
5014440
5015277
5016204
5016572
5017502
5019691
5020279
5021302
5022395
5023313
5025928
5026383
5030277
5031620
5033601
5035519
5036027
5036315
5037974
5038629
5039755
5043360
5044460
5044729
5045391
5046021
5048437
5049033
5052039
5052282
5053935
5054087
5054744
5054770
5054977
5056699
5059070
5059424
5062368
5062944
5063968
5065013
5065173
5066103
5070169
5070367
5070915
5071243
5072279
5073450
5073612
5075662
5076435
5076682
5077338
5078186
5078207
5078915
5078975
5079188
5079253
5083605
5086061
5086134
5086379
5086423
5089606
5089765
5090447
5091421
5092838
5092971
5093218
5093476
5094034
5094974
5095229
5095807
5095838
5096748
5097302
5098453
5100843
5102019
5102341
5103118
5103835
5103995
5105265
5105290
5105858
5107361
5107839
5108038
5108845
5109271
5110174
5111827
5113221
5113918
5115233
5115982
5117519
5117589
5118466
5118750
5119906
5120502
5122721
5124565
5124786
5126109
5127768
5127907
5128436
5130912
5131330
5133441
5134926
5135335
5135541
5136726
5137169
5138999
5139016
5140534
5143610
5145713
5145733
5147087
5148730
5150508
5151963
5155014
5155432
5155605
5156767
5157610
5158109
5158795
5160703
5161012
5162803
5166159
5166578
5167213
5169670
5171030
5173242
5173681
5174247
5174783
5176477
5176938
5178434
5179176
5180156
5181671
5183718
5183942
5184965
5185327
5185880
5186279
5186735
5186797
5188724
5189026
5189189
5189310
5190300
5193279
5193699
5194726
5198613
5199536
5200151
5201160
5201338
5202644
5203251
5204820
5205832
5206381
5207848
5208560
5208728
5209618
5209849
5210370
5210691
5212025
5212499
5213578
5214754
5215406
5217385
5220791
5221301
5222227
5222802
5225317
5225540
5228148
5228367
5228469
5228834
5229125
5229161
5229672
5232202
5233200
5234941
5235348
5237029
5237791
5238365
5239588
5239915
5240584
5241872
5245732
5246370
5247125
5247333
5247536
5247566
5248196
5249209
5250053
5250084
5250946
5251360
5254915
5255985
5256459
5259307
5262104
5262827
5263440
5266982
5267498
5267509
5269374
5269675
5270850
5271180
5271724
5274870
5274905
5275787
5276041
5276614
5276981
5277950
5278417
5279804
5280356
5281320
5281946
5282586
5283025
5285326
5287638
5287880
5287920
5288261
5290760
5292270
5292422
5292793
5293228
5293503
5296850
5297365
5298346
5299065
5299120
5299631
5299998
5304814
5305534
5305702
5305745
5306499
5306712
5306778
5306924
5307298
5308255
5309585
5309641
5309893
5312446
5312623
5312694
5314212
5314994
5318123
5318268
5318300
5318353
5318554
5319854
5320930
5321202
5321258
5321849
5321911
5322596
5323261
5323591
5325674
5325876
5325938
5326394
5327088
5327113
5328772
5331233
5333662
5334197
5334489
5334877
5335231
5335458
5335903
5337112
5338229
5340024
5340328
5341751
5341961
5341973
5341979
5343407
5344895
5344968
5345040
5346389
5346654
5347319
5348018
5348718
5350479
5350831
5350840
5351771
5352832
5353072
5354203
5354428
5354785
5354807
5354858
5355520
5355568
5359095
5360415
5360417
5360634
5361827
5363107
5363380
5365550
5365771
5366241
5367471
5368403
5369379
5369776
5370106
5371330
5373072
5375258
5375392
5376005
5376132
5377424
5378091
5378266
5378411
5380906
5381911
5382754
5383357
5383601
5384628
5385160
5386813
5387681
5388095
5388802
5389120
5389199
5391335
5391357
5391444
5391572
5392379
5393403
5393473
5393475
5394276
5394920
5395683
5397645
5398960
5399006
5399232
5399667
5400346
5401687
5401761
5401846
5403284
5403528
5404029
5404235
5404439
5405284
5407389
5407450
5408073
5410297
5410600
5412682
5413569
5414076
5414777
5416558
5418739
5420221
5420869
5420960
5421266
5422032
5422356
5425752
5426415
5426622
5427113
5427447
5427942
5428710
5428950
5429723
5430587
5431104
5431347
5432033
5432085
5434002
5434337
5434978
5435453
5437009
5437152
5437918
5437929
5438033
5439123
5439451
5441321
5441684
5442007
5442372
5442788
5444277
5445807
5447127
5449263
5450060
5450089
5450441
5450884
5450975
5451034
5451211
5453598
5455888
5458963
5458987
5463297
5464026
5464297
5465347
5465797
5465801
5465835
5468532
5469776
5470177
5471001
5471345
5474563
5474791
5475412
5475554
5476434
5476617
5478797
5480454
5481002
5481862
5482685
5483444
5485494
5485844
5487365
5487991
5488571
5489919
5490667
5490887
5492036
5492556
5493007
5493175
5493389
5496355
5496467
5498324
5498725
5500996
5501389
5501458
5502508
5502685
5502898
5503743
5503813
5504174
5504244
5507475
5508365
5509037
5509414
5510214
5511505
5511554
5512996
5514221
5515292
5515511
5517104
5519315
5520236
5521360
5524100
5524958
5528925
5529484
5531895
5532486
5532908
5533599
5534344
5534408
5537457
5537995
5538996
5543122
5543912
5543982
5544870
5545617
5545974
5546327
5546350
5546537
5547494
5547542
5548668
5549015
5549780
5551120
5551768
5552077
5552906
5553045
5553557
5553983
5554078
5554597
5554872
5562640
5563499
5563857
5566890
5567244
5567655
5567735
5568291
5569409
5570103
5571231
5571836
5572515
5574658
5575405
5577864
5578124
5578621
5581265
5581321
5581668
5582285
5582867
5582996
5584790
5585853
5586156
5586363
5586784
5587595
5594239
5594670
5595425
5596053
5596191
5597012
5597126
5598088
5599309
5602134
5603666
5604313
5604722
5604859
5606279
5610248
5610252
5610772
5611717
5613446
5613588
5615324
5615462
5615809
5615886
5616599
5616655
5620296
5620834
5621865
5625226
5627171
5627868
5628682
5629411
5629604
5631094
5631291
5633384
5634227
5634674
5635085
5636036
5636997
5638823
5643851
5644063
5651851
5652312
5652327
5654598
5655704
5656835
5658324
5658385
5658802
5659356
5659706
5659745
5660046
5661539
5662392
5662548
5662637
5662948
5663114
5663370
5663941
5664323
5665696
5668018
5669538
5670809
5670829
5671058
5672055
5672343
5673832
5675071
5675314
5676061
5677589
5678007
5678469
5678932
5680898
5682640
5683292
5684791
5685344
5685778
5685972
5687673
5689842
5689946
5691342
5691704
5693065
5693492
5696475
5697808
5700646
5702710
5702841
5702988
5703677
5704447
5704645
5706813
5707605
5707829
5709496
5709792
5710117
5710828
5711084
5711867
5711935
5712531
5713366
5715495
5715820
5716263
5716559
5717896
5720097
5721917
5723611
5723669
5725923
5726446
5726456
5726725
5728019
5729589
5731434
5732198
5733241
5733555
5734306
5734563
5736901
5736970
5737066
5737075
5737115
5737469
5740242
5740731
5741027
5741217
5741660
5743101
5744249
5746525
5746765
5747591
5747663
5747861
5747924
5749354
5749376
5750388
5755870
5756240
5758318
5758363
5761032
5762102
5763451
5764324
5764405
5768474
5769058
5771208
5771603
5771895
5773138
5774429
5775886
5776840
5777076
5777370
5777374
5777624
5778587
5780867
5781782
5784299
5787040
5787079
5788869
5789719
5790096
5790488
5791694
5793704
5794188
5794215
5796701
5797930
5798195
5799780
5802107
5804651
5805058
5805577
5806482
5807561
5809887
5810310
5811218
5812630
5814816
5815380
5815928
5817182
5817356
5817388
5818697
5818946
5819049
5819563
5822071
5822848
5823101
5823842
5824209
5824738
5827853
5827953
5828979
5829714
5830086
5831084
5832014
5832160
5832183
5832409
5832730
5834127
5834738
5836887
5837147
5838672
5839426
5839949
5840755
5841141
5841946
5842943
5843162
5844744
5844829
5847988
5848088
5850730
5852030
5852524
5855204
5856377
5857992
5859259
5860378
5860669
5861637
5861911
5862506
5862608
5864613
5864673
5867062
5867242
5867447
5868285
5870088
5870984
5872592
5872872
5872962
5874187
5875263
5875991
5876855
5877760
5877897
5882573
5883438
5883964
5886467
5886571
5889196
5889414
5890817
5891025
5893792
5893829
5894357
5896154
5896363
5897054
5898288
5899387
5900368
5902041
5902751
5902908
5903106
5903315
5903368
5904834
5904886
5905020
5907167
5908684
5909663
5910244
5911134
5912335
5912682
5913000
5915156
5915184
5915408
5915412
5915960
5916943
5917571
5918554
5919706
5919995
5920662
5922282
5923617
5924928
5926218
5929682
5930086
5931322
5931522
5932355
5936094
5938022
5939567
5944282
5945206
5947279
5948473
5949269
5950392
5950960
5956071
5958648
5958805
5959146
5960483
5960935
5966118
5967851
5968981
5970117
5970342
5971373
5972220
5972581
5972590
5972809
5973739
5974573
5975018
5975200
5977692
5978814
5978881
5981504
5981960
5982170
5982484
5984943
5987274
5987736
5991985
5994406
5995214
5996164
5997001
5997579
5998117
5998131
5998644
6001231
6003836
6005097
6005126
6006183
6008388
6009304
6010598
6011171
6013834
6014221
6014965
6015389
6016384
6016578
6016646
6017690
6019401
6019872
6020178
6020190
6021681
6021848
6022752
6022913
6023515
6025581
6026687
6027847
6029189
6031612
6032962
6033557
6033936
6034468
6034941
6037040
6037344
6039796
6040855
6042293
6042442
6042474
6042480
6043027
6045500
6048793
6049490
6051115
6052138
6053260
6054786
6055928
6058913
6059486
6060293
6061128
6061325
6062344
6062711
6064477
6064586
6064830
6066699
6068035
6068080
6069084
6069318
6069757
6070688
6070985
6071711
6077290
6077562
6078019
6081544
6081576
6082341
6082734
6084725
6084904
6085609
6085958
6087625
6088177
6088277
6089946
6090780
6092180
6092896
6092911
6093524
6096997
6097496
6097724
6101150
6101854
6103532
6104965
6105362
6105488
6106098
6106671
6109117
6113513
6114475
6116119
6116847
6118048
6118114
6118577
6119300
6119697
6121582
6122803
6123128
6123256
6125688
6125768
6126008
6127253
6127783
6130433
6130817
6131086
6131615
6134967
6135363
6136737
6138351
6138896
6139674
6140301
6141588
6143672
6143746
6145620
6148213
6148241
6149859
6150737
6151074
6153465
6154296
6154598
6155106
6157456
6158475
6159084
6160258
6161901
6162846
6163007
6164794
6165416
6169327
6171606
6173150
6173699
6173967
6174855
6175043
6175537
6179610
6181744
6184264
6185280
6186014
6186365
6187035
6187878
6190970
6191181
6191595
6192480
6193704
6194215
6195839
6197435
6198464
6199112
6199522
6200426
6200480
6202071
6205455
6205762
6206798
6208090
6209256
6209685
6211564
6212268
6213843
6214139
6215431
6215553
6216538
6219736
6220528
6225292
6226064
6226883
6228582
6230075
6231824
6232142
6233337
6234598
6235553
6235683
6235742
6236761
6238555
6239019
6239043
6239102
6239427
6239465
6240842
6241366
6241973
6242337
6243511
6245314
6248731
6249627
6250094
6250150
6250344
6253611
6254017
6254575
6254742
6255533
6255600
6256223
6257702
6258084
6258166
6260139
6260768
6262282
6262660
6262680
6262994
6265640
6266190
6266719
6267373
6267550
6268361
6269819
6271905
6272846
6273185
6273234
6274137
6274475
6275081
6276330
6277775
6279513
6280392
6283896
6284123
6284926
6285026
6286812
6287611
6287708
6289578
6290359
6291269
6292713
6293540
6294721
6297153
6297594
6299524
6300488
6303768
6304569
6304925
6307132
6307579
6307976
6309279
6310220
6311909
6312732
6312795
6319448
6321403
6321503
6322614
6322762
6323964
6326380
6329169
6329197
6330385
6332300
6334241
6335952
6336921
6339202
6340013
6340619
6340980
6341294
6341733
6341838
6342112
6343440
6343839
6344469
6345678
6347572
6348194
6348825
6349252
6349455
6352104
6352331
6353192
6353366
6355725
6357294
6357538
6360750
6361148
6361194
6362378
6362896
6362973
6363808
6363928
6364468
6364505
6364593
6367499
6368780
6369373
6371506
6371832
6374165
6377111
6380441
6380825
6382940
6383086
6385089
6385959
6387399
6388837
6389749
6389956
6390094
6390983
6391541
6392137
6392417
6392542
6393204
6398290
6399269
6399418
6399694
6400423
6404535
6407952
6408323
6409336
6413753
6414950
6415199
6415864
6416031
6416942
6417780
6418854
6418888
6419588
6419924
6421999
6422446
6422474
6423660
6424603
6425990
6426246
6426780
6430967
6431088
6433167
6433690
6434219
6434884
6435334
6436070
6437248
6437293
6437586
6440026
6440896
6441866
6442592
6444199
6446221
6448676
6451939
6453620
6458077
6458290
6459349
6459589
6459735
6460584
6462599
6463045
6465695
6466137
6467479
6468932
6469380
6469854
6470733
6471073
6473377
6475591
6476833
6478383
6482339
6482914
6483295
6485536
6487891
6488098
6488329
6488700
6489247
6490068
6491206
6491638
6492065
6493946
6496527
6497939
6498016
6498993
6499994
6500113
6500503
6504990
6505561
6507195
6507556
6507869
6507931
6508220
6509109
6509159
6509531
6509794
6509850
6510012
6511510
6512812
6513543
6513711
6515339
6515888
6516908
6517102
6518242
6522098
6522364
6524604
6527677
6528644
6528651
6530248
6532542
6533173
6534016
6535035
6537664
6538867
6539225
6540284
6540812
6541867
6544106
6544635
6545201
6546012
6546334
6549267
6549861
6550735
6554031
6554461
6555588
6556410
6556678
6558199
6558750
6561140
6561348
6561467
6561760
6563698
6563901
6564414
6564909
6566265
6566350
6569686
6569974
6570214
6570988
6571400
6572175
6572442
6573640
6575116
6575838
6577854
6578136
6579634
6580172
6580431
6580923
6582503
6584475
6584792
6585068
6587781
6588889
6589803
6596212
6596901
6598973
6599116
6601739
6602909
6603593
6605478
6606972
6606984
6608670
6608733
6609841
6611372
6612123
6612178
6615778
6616232
6618318
6619818
6620599
6621119
6622663
6623007
6623437
6623612
6625826
6628801
6628835
6630035
6632202
6633072
6633188
6634164
6635431
6636061
6636447
6636599
6637126
6638862
6640956
6644617
6648355
6648948
6651177
6651273
6651917
6652656
6652903
6653205
6653283
6654365
6654948
6655427
6655621
6657738
6658575
6658889
6659738
6660021
6660405
6660500
6660775
6661182
6662020
6663093
6663199
6664314
6664572
6664765
6665211
6666310
6666998
6667984
6668008
6669417
6672274
6672701
6673573
6674400
6675722
6675839
6675891
6677971
6678441
6678831
6680946
6681759
6682159
6682965
6683187
6683646
6684165
6685698
6687733
6688275
6688612
6689038
6689637
6689832
6691833
6692742
6693151
6694679
6694793
6695755
6698386
6698700
6698771
6699097
6699967
6701367
6702698
6702922
6706638
6706649
6706946
6707180
6708906
6709867
6712579
6713128
6713832
6716663
6717440
6719259
6719404
6719655
6719980
6721146
6721198
6722848
6723692
6723785
6725085
6725348
6726379
6727677
6729517
6730201
6732053
6734951
6735484
6735918
6737238
6738209
6740202
6741969
6742049
6743023
6744860
6747574
6747625
6748669
6749316
6749599
6753331
6754218
6754230
6756001
6762344
6763410
6763715
6766795
6767976
6768103
6769400
6769723
6769955
6770051
6770481
6771865
6772996
6773868
6774431
6775839
6780130
6780177
6781190
6781569
6782256
6785212
6785238
6785929
6786923
6787908
6788459
6788604
6789199
6793097
6793597
6793678
6793870
6794110
6794170
6795124
6795289
6796534
6797741
6798451
6799252
6799338
6801364
6802069
6802990
6803005
6805274
6805557
6806024
6806258
6806283
6806775
6806966
6807334
6808600
6811613
6812020
6813368
6814340
6815739
6816938
6818256
6818274
6819306
6820197
6822708
6822886
6824115
6824929
6825180
6826762
6826862
6827625
6829605
6830060
6831825
6832855
6834877
6835641
6836647
6836859
6837306
6841903
6841954
6842283
6842997
6843991
6844583
6846457
6848114
6848185
6848281
6849710
6850805
6852787
6853657
6853737
6854216
6854838
6855451
6856687
6858132
6858643
6860727
6861669
6862874
6865754
6866050
6866376
6866540
6866940
6869298
6871292
6873291
6875597
6875710
6875746
6876248
6876266
6878338
6880672
6881168
6882617
6884766
6886788
6888879
6889925
6890274
6891744
6894552
6894558
6895323
6895832
6896558
6896749
6898754
6900038
6901591
6902703
6903311
6909032
6909972
6910282
6911624
6913213
6914942
6915019
6917039
6917255
6918318
6919830
6920560
6922742
6923540
6924129
6925873
6928882
6929125
6929925
6932117
6933054
6933678
6934702
6936056
6936084
6936561
6938742
6941107
6942767
6945517
6946254
6948650
6949165
6949489
6950383
6951427
6954872
6955002
6960623
6961462
6961719
6963308
6964532
6965007
6965097
6966737
6967980
6969686
6970761
6971436
6971531
6971614
6971679
6972167
6973208
6974556
6975801
6977767
6978484
6983838
6985462
6988090
6988889
6989258
6992670
6994557
6995143
6995183
6996030
6996508
6996841
6997582
6998813
7000667
7000668
7000694
7001116
7001762
7003055
7003464
7003780
7004352
7008218
7009897
7010074
7010297
7010744
7013305
7014050
7014750
7014861
7015288
7016251
7016273
7016411
7017371
7017973
7018379
7020848
7022225
7022310
7022498
7023135
7023499
7023998
7024668
7026528
7026772
7026817
7030105
7032680
7033544
7034848
7036753
7036959
7040440
7040652
7041028
7042346
7045206
7046134
7047110
7048557
7049529
7049602
7050386
7051181
7051530
7054295
7056092
7056231
7056605
7057836
7060035
7060716
7060955
7062395
7063501
7064182
7066737
7067576
7070036
7070172
7070276
7070444
7070518
7071320
7071855
7072083
7074075
7075243
7078109
7079313
7080059
7081783
7082442
7082767
7083744
7084405
7084486
7088053
7089397
7091115
7091157
7092004
7092086
7092398
7093774
7094021
7094407
7095257
7096105
7096712
7099514
7100824
7102650
7103019
7103961
7104811
7105010
7106460
7106580
7107817
7111610
7111794
7112062
7112841
7113369
7115026
7115312
7116361
7118536
7119372
7120227
7121845
7122457
7122898
7124166
7124953
7124994
7125666
7126494
7126696
7133049
7133626
7133900
7134483
7135709
7137571
7139813
7140203
7140264
7142252
7142309
7144765
7146768
7149373
7149918
7153555
7154958
7155071
7155835
7158044
7158296
7162379
7162607
7164346
7166459
7166479
7166782
7167691
7167748
7167839
7169014
7169952
7170428
7171020
7172119
7173237
7174775
7175956
7176372
7176840
7177377
7179164
7179459
7181144
7182498
7182825
7182866
7183417
7183647
7184605
7184617
7186046
7186134
7186440
7187760
7188236
7189096
7189116
7189881
7189905
7190265
7191773
7193587
7193920
7193962
7195081
7195315
7196053
7197241
7201468
7202313
7205017
7205424
7206790
7207442
7208227
7210606
7210609
7212259
7215963
7217019
7218890
7220231
7220303
7221149
7222232
7225564
7225992
7226034
7227615
7229143
7229741
7230594
7231646
7232086
7232760
7233816
7237171
7238889
7241745
7241845
7242900
7243844
7244132
7244183
7248443
7249239
7249305
7250171
7251178
7251548
7252476
7252579
7253323
7255543
7256461
7256544
7256889
7258856
7258857
7259999
7260462
7264493
7264740
7266237
7266908
7267842
7268366
7269382
7269720
7271828
7272328
7272435
7273134
7273181
7275856
7278567
7280165
7280351
7280643
7281843
7283710
7284342
7286003
7293044
7293920
7293942
7293971
7296355
7296385
7297263
7298655
7299675
7300230
7300243
7300822
7300944
7301451
7305991
7306678
7308993
7309837
7311592
7314611
7316808
7316918
7319439
7319854
7321137
7323031
7323278
7325918
7326216
7327056
7327082
7327269
7327713
7329086
7330596
7332533
7332747
7333801
7334229
7335074
7335415
7335504
7335842
7336624
7338820
7339032
7342522
7343010
7343047
7343988
7345122
7345248
7346833
7347235
7348565
7349563
7351960
7353252
7353367
7354879
7356049
7358436
7359271
7359461
7359894
7362564
7362804
7363084
7363986
7366002
7366711
7367412
7367464
7367583
7369119
7369292
7370624
7371245
7372303
7374796
7376451
7377221
7378670
7379440
7382836
7383350
7384372
7385814
7386612
7386722
7387443
7388057
7390119
7390997
7391728
7391754
7392440
7392609
7392897
7395611
7395771
7396050
7396404
7397500
7398219
7399277
7399694
7403413
7403816
7404658
7407792
7409532
7409822
7412289
7413328
7413926
7415216
7416193
7416504
7418637
7419137
7423857
7424255
7424652
7425048
7427010
7427259
7427431
7428188
7428821
7434421
7434582
7435897
7436110
7436448
7441232
7441754
7442372
7445592
7446864
7448047
7449569
7450056
7455144
7456536
7458454
7459181
7459921
7460228
7460975
7464696
7464902
7465559
7465647
7465687
7465929
7466272
7466465
7466604
7467370
7469814
7471058
7472107
7472881
7475780
7479496
7481152
7481410
7481440
7485460
7486074
7486984
7487834
7488043
7489206
7489824
7490062
7490232
7490595
7491296
7492593
7494333
7495132
7495667
7500798
7503534
7503931
7504122
7505298
7507575
7507997
7508132
7508639
7512069
7512203
7512324
7512451
7513959
7515705
7517421
7518320
7518398
7519652
7522024
7523060
7525162
7525241
7525658
7527870
7528949
7528975
7529427
7530680
7531303
7531683
7534315
7535390
7538091
7539432
7541791
7541870
7544294
7544426
7549102
7550176
7553251
7553912
7554523
7556915
7557309
7558072
7562351
7562913
7564988
7565448
7565507
7566375
7567168
7567302
7568298
7568508
7571789
7571800
7572188
7572382
7573368
7573494
7573692
7573903
7573960
7574406
7575052
7576159
7577234
7578453
7579169
7579910
7580158
7580262
7583361
7583765
7587797
7589867
7590226
7590647
7590728
7591027
7591355
7591724
7591773
7592882
7594032
7594556
7594578
7596889
7597221
7597683
7598317
7598588
7599269
7599999
7600299
7600677
7602461
7602865
7603796
7604103
7608259
7609726
7610430
7611445
7612376
7612658
7613120
7613963
7614014
7615823
7617783
7617905
7617924
7619096
7619923
7622388
7623012
7625298
7625853
7626693
7627116
7630038
7631071
7632047
7633940
7635643
7638572
7638654
7640326
7641976
7642925
7643469
7643499
7645758
7646547
7646581
7647589
7649068
7650902
7651761
7653222
7653657
7655243
7656749
7659313
7660087
7660445
7660916
7662914
7663160
7663419
7663895
7664046
7665521
7666434
7667397
7667482
7667732
7667747
7668676
7669933
7671041
7673087
7674996
7679572
7679603
7680092
7680354
7681071
7681591
7681916
7682818
7683308
7683381
7685523
7685525
7687713
7689002
7689176
7689344
7690138
7690240
7690751
7693828
7693910
7695286
7697557
7700259
7700660
7701952
7702994
7703017
7703812
7704934
7706415
7706624
7706880
7707064
7707121
7709540
7709967
7710386
7711591
7711666
7715130
7715608
7716009
7718837
7719013
7719922
7720446
7720686
7721074
7722286
7723448
7723865
7724627
7726101
7726634
7726832
7727348
7727804
7729025
7730913
7730983
7731999
7732008
7732426
7735021
7736593
7736659
7737724
7738136
7740492
7740954
7741963
7743264
7747610
7747660
7749160
7749942
7750114
7750795
7756419
7756964
7757748
7757781
7758211
7759734
7759993
7760863
7761560
7764591
7767702
7768437
7768689
7769684
7769870
7770729
7771481
7772050
7773319
7775953
7780146
7781841
7783171
7784719
7786955
7787309
7789707
7790445
7790651
7791096
7791561
7791618
7791681
7792488
7793063
7793376
7794620
7796150
7797259
7797465
7799014
7802702
7802873
7803808
7803823
7806504
7807072
7809116
7809457
7809867
7810134
7810555
7811566
7811845
7812526
7813626
7817232
7817488
7818276
7819014
7819237
7820266
7820768
7821255
7823279
7824877
7825021
7825407
7827427
7827560
7828017
7828095
7829701
7830074
7830270
7830603
7831972
7834142
7834385
7835471
7836044
7838204
7838957
7839015
7839798
7840352
7840610
7841081
7842939
7845149
7847345
7847478
7848750
7848781
7848863
7849954
7852486
7852618
7854232
7854251
7855441
7858580
7860208
7862083
7862440
7863792
7866476
7866486
7866852
7870478
7871361
7871427
7876394
7877059
7880297
7880443
7882159
7882250
7884511
7884607
7886736
7887169
7889465
7890085
7891116
7893335
7893719
7894215
7895263
7895982
7897854
7898354
7900383
7900673
7901186
7902355
7903503
7906160
7907667
7907996
7909087
7909803
7909903
7912409
7913045
7913287
7915242
7917051
7918370
7919076
7922499
7922680
7923791
7924030
7924378
7925101
7925107
7925647
7925921
7926043
7926916
7927215
7928431
7929119
7929883
7931353
7931557
7932494
7933420
7935510
7935841
7937393
7937695
7941089
7941216
7943597
7943785
7944571
7945162
7945455
7945483
7945923
7946743
7950086
7950762
7951516
7951748
7954599
7958742
7959814
7960298
7961699
7964198
7964952
7965485
7967253
7968657
7968692
7968819
7969786
7972267
7972528
7973166
7973306
7973630
7977595
7977696
7978674
7978688
7979559
7981615
7981861
7983375
7984575
7984900
7985763
7985890
7986660
7987027
7987897
7988461
7989520
7991607
7991633
7992557
7992984
7993444
7993461
7995389
7996951
7997691
7997989
8002429
8003595
8004956
8006802
8008204
8008270
8008827
8010779
8011218
8012113
8013700
8014874
8015148
8017145
8018077
8021188
8025071
8025335
8025922
8027414
8031522
8032231
8033181
8033269
8033359
8033815
8034473
8037110
8037847
8038563
8038667
8041596
8042648
8043381
8044956
8046003
8046233
8046627
8047317
8049753
8050264
8050816
8051739
8051982
8052646
8053575
8056418
8056555
8056813
8057330
8057607
8058336
8058888
8059466
8060798
8061544
8062997
8063639
8063836
8064415
8064758
8067425
8067796
8067808
8068420
8069042
8069343
8071307
8072665
8074157
8075421
8075729
8076306
8076691
8077429
8078405
8079417
8081145
8082277
8082516
8082616
8084433
8086590
8086640
8087677
8087708
8088557
8088880
8089422
8090395
8090789
8092060
8092607
8093642
8093733
8094204
8096723
8097256
8097754
8098227
8098432
8098680
8098864
8099159
8100513
8101213
8102176
8102831
8102882
8104139
8104864
8105024
8106569
8107303
8107743
8107832
8108234
8108240
8108419
8109373
8109791
8110022
8111798
8114840
8114971
8115290
8115578
8116993
8118067
8119553
8120443
8121202
8122855
8125531
8127875
8129885
8130764
8130835
8131906
8132150
8132907
8137553
8137790
8138682
8139193
8139656
8140328
8140336
8140924
8142556
8142712
8146654
8146973
8147073
8147279
8148942
8149116
8149414
8149896
8150625
8152825
8153016
8153172
8153809
8154484
8156450
8157593
8158284
8159509
8162248
8162772
8164877
8166195
8168678
8170154
8171783
8172074
8172468
8172927
8173790
8174293
8174996
8175030
8176940
8178569
8180412
8181222
8182422
8184373
8187624
8190425
8190498
8192060
8192722
8195352
8197221
8197432
8198661
8198982
8201368
8202943
8203094
8203611
8205180
8205573
8208123
8208932
8210683
8214994
8215312
8215464
8216769
8217145
8217848
8219996
8220142
8220678
8220723
8221901
8223746
8224010
8224082
8225155
8225331
8226914
8229641
8230691
8230726
8231072
8231537
8232195
8232756
8234552
8235518
8236205
8237431
8237681
8240331
8241024
8241659
8243044
8244020
8244872
8245718
8245726
8246358
8247016
8247333
8248283
8249805
8251519
8252519
8253508
8253733
8255063
8256293
8256441
8256688
8258855
8260002
8260503
8261232
8261372
8261662
8263071
8264974
8266444
8266599
8267561
8268739
8268789
8269755
8269943
8270735
8270874
8272332
8272342
8273582
8273725
8274728
8275381
8275488
8276494
8277168
8277991
8278437
8279160
8279406
8280330
8280957
8281276
8281547
8281738
8283949
8285534
8287266
8287372
8288023
8288161
8288228
8289444
8289558
8289640
8289895
8293078
8293301
8294679
8296846
8297790
8297826
8298378
8299000
8299003
8299300
8300518
8306209
8308828
8309756
8309889
8311448
8311882
8312232
8312415
8312558
8312905
8313249
8313809
8314667
8314983
8316666
8316754
8320948
8322392
8323396
8323678
8323816
8323967
8326640
8326769
8327640
8328914
8329771
8330155
8331608
8332104
8332381
8334607
8335437
8336421
8337878
8338091
8339586
8339956
8340783
8341308
8341366
8343246
8343399
8344468
8344577
8345018
8346795
8348187
8348720
8348932
8349489
8349859
8353299
8353489
8354761
8356437
8356730
8356827
8357282
8361054
8361666
8361853
8362101
8362607
8363462
8363948
8367564
8367610
8368336
8368498
8368843
8369270
8369408
8369920
8370260
8373147
8377503
8379938
8380644
8380686
8380819
8381319
8382827
8383262
8383272
8385726
8385747
8387016
8388762
8390067
8390348
8390792
8392225
8392767
8396600
8396669
8396673
8397343
8397402
8398869
8398911
8399813
8400286
8401920
8402300
8405037
8405819
8406667
8407389
8408022
8408240
8408311
8410142
8411649
8412102
8413659
8414042
8414827
8416287
8416687
8416919
8418497
8418803
8419720
8420753
8422592
8423121
8423719
8423879
8424256
8426193
8426378
8427380
8429426
8430455
8431340
8431548
8431769
8432973
8434105
8434312
8434339
8434759
8435066
8435502
8437426
8439346
8440630
8442206
8442588
8443236
8444180
8446133
8446892
8447202
8448053
8448346
8449191
8450409
8450812
8450970
8452885
8453850
8458067
8458182
8458950
8460313
8461056
8461200
8464624
8465446
8465547
8466919
8470366
8470986
8471152
8472829
8474916
8475120
8477161
8477682
8477890
8478603
8479328
8479842
8483849
8484390
8484442
8485656
8486698
8486932
8488508
8490745
8491326
8493201
8493323
8494156
8495920
8496182
8496702
8497510
8497644
8498295
8499680
8500939
8502616
8504117
8504458
8507831
8508007
8508840
8509911
8511053
8512554
8514224
8514230
8514583
8515502
8516788
8518211
8520977
8521104
8522886
8522972
8523842
8525107
8525302
8526015
8526959
8528229
8528234
8528252
8528287
8529002
8529529
8529965
8530202
8530449
8531301
8531733
8535202
8537813
8539745
8540271
8540373
8541929
8542821
8543440
8546612
8547641
8548006
8549184
8549393
8550137
8550676
8550679
8551978
8555096
8555298
8555998
8556024
8556596
8557597
8558589
8558950
8560031
8560498
8561218
8562402
8562561
8563552
8564625
8564672
8565019
8568018
8568604
8568791
8570029
8570277
8570862
8570959
8571084
8571295
8571820
8572322
8573346
8573399
8573924
8574079
8576852
8577146
8577481
8578772
8579909
8581597
8582119
8582876
8584953
8585121
8586310
8587101
8589112
8591473
8592580
8593171
8593869
8595265
8595516
8596129
8596315
8596329
8596337
8596535
8596564
8598981
8599411
8599605
8599606
8599617
8601926
8603830
8604738
8605057
8606692
8606868
8608399
8609431
8610072
8611238
8613029
8614230
8614521
8615274
8615315
8616010
8616194
8616309
8616500
8617030
8621167
8621250
8621450
8623065
8624361
8625153
8625377
8625388
8626884
8627131
8627733
8629765
8630139
8630909
8633332
8633712
8633795
8635331
8635925
8637118
8637566
8637703
8641122
8642973
8643812
8644580
8646229
8647181
8647295
8648662
8649434
8649976
8650384
8650480
8651903
8654541
8655226
8655471
8656972
8659316
8659601
8660181
8660588
8660651
8661219
8662083
8666201
8666284
8666639
8666825
8667018
8668208
8668931
8669119
8670344
8670548
8670912
8671420
8671719
8672482
8673634
8675513
8676666
8678414
8678612
8678969
8679967
8681731
8681797
8682321
8682557
8682639
8682887
8683261
8684352
8685052
8686959
8688637
8689573
8689843
8691172
8691711
8692517
8692759
8693337
8694003
8694239
8694455
8695441
8696594
8697221
8698579
8699910
8700215
8700545
8701294
8701497
8701929
8702280
8704843
8707899
8710099
8714272
8714917
8715441
8715940
8716556
8717135
8719661
8720293
8720752
8723063
8723149
8723650
8726702
8728041
8729135
8729332
8730470
8733906
8735138
8735491
8735602
8735817
8737890
8737934
8739084
8739464
8742065
8743402
8744908
8745213
8745241
8748114
8750165
8751582
8751994
8752596
8754156
8754232
8759244
8760135
8760628
8760719
8760812
8761751
8766038
8766789
8767622
8770307
8770772
8770984
8771674
8775080
8775565
8778240
8778711
8779220
8780254
8780351
8785105
8786071
8786528
8787060
8788652
8789643
8790773
8790977
8791331
8791430
8791667
8792383
8793682
8794023
8794297
8794406
8795919
8797231
8798222
8800410
8801205
8801742
8802239
8802447
8802484
8802979
8804744
8806891
8806933
8807169
8809200
8810254
8810532
8810648
8812566
8813819
8813997
8814210
8815191
8816243
8817190
8818087
8820004
8822567
8822931
8824207
8824975
8827154
8829001
8829643
8830277
8830759
8830897
8832074
8832078
8835539
8835701
8836879
8837426
8838555
8839086
8840378
8842099
8842866
8843818
8847543
8848550
8848894
8850657
8850714
8850731
8854535
8855133
8856508
8857209
8857335
8857786
8858368
8859512
8860238
8861358
8861972
8862584
8863088
8863201
8864129
8864284
8865557
8868032
8868411
8869274
8869436
8870064
8871144
8873623
8873855
8873930
8876646
8877350
8877404
8878121
8878447
8878841
8879050
8879285
8880230
8881255
8881572
8881875
8882913
8882962
8883725
8884141
8884311
8884694
8885230
8885375
8885997
8886873
8887479
8888834
8891444
8891505
8892260
8894062
8896078
8898643
8898972
8899838
8900380
8901282
8902118
8902596
8902800
8902994
8903538
8907457
8907845
8908083
8908152
8908325
8908518
8908981
8909596
8909620
8911608
8912986
8913845
8913859
8913956
8914941
8915056
8915877
8916176
8916360
8916466
8917155
8918718
8919528
8920202
8920994
8922080
8922213
8925385
8925866
8927678
8927852
8927878
8929082
8929550
8930200
8930837
8931603
8932343
8934005
8936334
8937067
8937221
8937539
8939372
8941143
8941285
8941622
8942210
8943868
8945887
8945914
8949151
8949886
8950202
8951911
8952198
8952234
8952323
8953385
8954147
8955552
8956705
8958034
8958645
8960826
8961415
8965975
8968266
8968296
8969145
8969773
8971866
8973173
8973200
8973207
8974645
8975295
8975412
8981051
8983004
8984018
8984756
8985266
8985303
8987051
8988351
8989215
8989310
8990002
8991242
8991247
8991277
8991680
8991715
8991730
8991906
8993733
8994382
8996662
9001265
9002214
9003397
9005910
9007017
9008311
9009391
9011310
9011459
9011605
9012622
9012761
9012798
9013070
9013236
9015084
9016366
9016801
9017783
9018743
9021723
9022047
9022548
9023516
9023598
9025105
9025768
9025813
9026648
9026998
9027438
9027448
9027744
9027903
9029564
9029822
9031886
9032276
9032669
9032746
9032857
9033031
9037198
9039916
9041876
9043860
9044189
9044368
9044785
9045002
9045232
9047275
9048403
9048429
9052895
9053175
9053861
9054092
9056189
9056527
9056685
9057805
9058190
9058667
9060501
9061730
9063534
9064725
9066440
9067014
9067995
9068453
9068637
9068808
9068852
9069311
9069474
9069498
9070713
9070812
9072519
9073837
9074033
9074131
9074417
9075615
9080423
9080752
9081119
9081696
9085788
9090281
9091158
9091317
9091392
9091583
9091818
9092095
9092540
9092591
9092908
9093838
9094984
9095086
9095087
9095573
9097783
9098413
9099317
9100780
9102938
9103231
9105383
9105764
9107269
9108192
9108278
9108699
9109053
9109605
9109984
9111734
9111812
9112445
9112843
9114305
9115718
9119139
9120297
9120361
9120439
9121498
9122886
9123182
9123669
9123916
9126258
9128592
9130414
9131363
9131811
9132310
9132998
9133343
9133490
9134090
9134790
9135425
9136391
9137213
9137997
9138673
9139046
9140158
9140320
9140344
9140451
9140675
9142504
9142678
9144606
9145084
9147528
9149107
9150797
9153752
9155749
9156280
9156824
9156837
9157082
9157183
9157349
9157370
9157469
9158131
9159092
9159401
9159546
9163779
9165547
9166996
9168011
9169209
9169273
9169491
9171854
9173458
9173578
9180225
9180718
9181578
9181595
9182851
9183858
9184075
9185711
9185959
9186883
9187110
9192741
9193347
9195465
9197800
9198668
9199203
9200519
9201681
9201939
9201998
9202480
9203480
9204260
9205128
9205564
9206371
9210369
9211097
9211415
9213719
9215357
9215833
9216088
9216166
9217702
9217909
9218198
9219864
9220621
9221470
9223456
9223556
9224637
9225164
9225674
9225784
9228150
9229492
9230037
9230183
9230947
9232080
9233478
9234053
9235476
9236843
9238135
9238161
9238950
9239333
9239365
9240756
9241014
9241353
9243420
9243501
9243912
9248237
9249266
9252716
9254103
9254213
9255804
9256077
9257599
9257679
9258984
9259149
9259722
9260070
9261862
9261940
9262520
9262547
9266061
9266485
9268357
9269624
9269903
9270531
9270791
9272609
9272959
9273880
9276404
9276452
9277036
9279284
9279562
9280983
9281212
9283992
9285484
9285510
9285561
9286581
9286597
9286976
9287624
9288115
9288390
9288553
9288786
9289933
9291004
9292168
9294121
9294740
9295990
9296602
9297133
9298200
9298470
9301592
9302060
9304863
9307003
9307848
9310084
9310666
9311576
9312857
9313417
9315338
9318193
9318441
9319161
9323182
9323328
9325005
9325483
9325554
9326014
9326181
9326413
9327262
9327385
9328091
9329827
9329963
9330046
9330713
9331186
9332193
9333222
9334599
9334702
9335359
9336437
9336700
9336944
9337679
9338525
9339598
9340663
9342425
9342731
9344602
9345233
9346838
9348087
9348793
9348979
9351815
9351924
9353030
9354974
9356577
9357208
9357715
9358367
9359788
9361564
9361571
9361731
9362051
9364717
9364944
9367655
9369834
9371003
9371668
9372016
9374833
9377405
9377840
9380757
9383155
9387821
9387863
9387941
9388111
9388827
9390454
9390646
9391663
9392479
9393556
9394067
9394916
9400626
9400640
9401959
9402709
9402801
9404449
9407049
9407902
9409551
9409938
9410164
9410977
9412154
9412325
9413195
9413633
9414276
9414516
9415982
9418433
9418862
9419798
9420325
9420820
9421083
9421401
9422139
9422200
9422516
9423739
9424345
9426744
9426882
9427176
9428975
9430926
9431364
9433632
9436227
9436351
9436757
9438169
9438639
9439265
9440855
9440873
9444320
9446318
9446506
9446556
9448184
9448770
9449360
9449470
9449812
9450303
9452498
9452568
9455140
9456079
9456366
9458503
9458763
9461276
9463034
9464014
9465242
9466437
9467980
9468513
9469637
9470231
9472565
9472677
9472732
9473954
9474566
9474571
9474997
9475199
9475271
9475588
9475937
9476821
9478622
9479452
9479988
9481569
9481888
9482533
9487206
9487399
9487669
9487943
9487951
9488971
9491703
9492016
9493247
9495775
9496087
9496379
9496466
9496518
9496736
9496786
9499464
9500242
9501322
9503261
9503856
9504147
9505100
9505210
9505355
9505421
9509967
9511065
9511871
9512746
9515666
9515706
9516688
9516850
9518263
9519373
9520842
9521908
9523115
9523136
9523438
9523989
9528106
9529113
9529494
9531969
9533236
9534223
9536701
9536813
9537830
9538501
9538757
9539095
9539369
9539808
9539949
9541908
9542005
9542243
9542300
9542483
9543866
9544454
9545449
9548586
9549735
9550162
9551058
9552667
9553249
9553471
9553660
9554494
9554914
9555641
9557280
9557424
9557852
9558575
9562959
9563576
9563895
9565564
9568360
9569458
9571293
9573654
9575531
9578405
9579841
9581790
9582196
9582281
9585003
9585449
9585950
9586022
9586088
9586456
9586782
9587437
9587473
9588677
9589572
9593428
9594370
9596900
9597135
9598544
9598642
9598929
9600109
9601862
9604310
9605063
9605750
9606153
9606224
9607828
9608361
9608778
9609562
9609626
9610020
9610584
9612681
9613307
9613328
9613558
9613617
9614446
9614491
9614502
9618426
9618686
9619121
9620752
9622869
9623607
9623945
9624530
9624637
9625155
9625611
9626025
9626370
9628874
9630005
9630553
9630924
9632006
9633585
9634332
9634481
9634574
9634674
9637097
9637125
9637426
9638118
9639902
9642936
9642955
9643469
9646399
9646721
9647561
9648414
9651003
9651782
9652454
9653211
9653945
9654854
9655633
9655765
9655943
9657434
9657642
9657891
9658026
9658427
9659198
9663408
9664226
9664252
9666740
9667130
9667526
9668693
9668774
9669032
9671284
9671617
9672203
9672938
9673960
9675012
9675246
9677544
9679937
9681461
9687225
9687322
9689101
9689165
9689499
9690085
9690919
9692008
9693295
9693330
9694287
9694374
9695223
9697704
9699067
9699221
9699282
9699935
9700318
9700438
9700655
9702200
9702491
9704602
9704605
9705351
9705794
9707822
9708130
9708976
9710413
9711531
9711963
9712298
9712368
9712578
9714018
9715121
9715568
9715657
9715937
9715968
9717990
9718194
9718738
9719413
9720074
9722780
9723176
9724661
9726028
9728293
9732372
9732791
9736220
9736389
9736537
9738187
9738712
9739466
9739981
9740102
9740160
9740344
9740413
9744105
9745600
9747655
9748218
9750443
9750510
9750933
9752926
9757269
9758213
9759649
9759839
9761346
9762919
9765736
9766051
9766696
9767266
9774133
9775482
9776427
9777084
9777285
9778347
9779960
9781476
9781996
9782445
9782874
9783730
9785456
9786279
9787860
9787924
9788351
9788695
9790755
9794359
9795200
9795793
9796681
9798300
9798915
9799985
9801715
9802302
9802316
9802512
9805856
9806027
9807494
9807949
9808666
9809401
9810682
9811047
9811536
9813199
9813430
9813806
9814381
9817494
9817557
9818198
9818753
9818868
9818957
9819737
9820674
9821743
9822540
9822554
9822898
9823421
9824465
9824807
9825815
9826229
9826533
9829272
9830117
9832070
9833119
9833294
9834941
9836260
9836337
9836631
9837859
9838088
9838107
9838900
9841261
9843231
9845188
9846107
9847576
9848611
9851380
9852174
9852351
9852433
9853088
9854323
9854403
9855577
9855962
9857861
9857926
9858091
9858917
9859449
9860070
9862839
9865934
9867474
9867587
9867975
9868090
9869457
9869651
9870426
9872586
9872830
9875464
9876799
9877055
9877692
9878990
9881051
9881587
9882551
9883855
9884862
9886327
9887341
9889236
9889891
9891534
9892167
9892435
9892505
9894643
9894731
9895231
9897002
9897127
9897742
9898305
9899057
9899334
9900569
9900740
9902578
9904044
9904357
9905605
9905660
9907451
9907875
9908423
9908504
9908929
9909008
9909079
9910231
9910641
9910695
9910931
9911862
9912767
9913755
9913957
9914003
9916231
9917961
9919006
9919217
9920008
9920727
9921589
9921855
9922718
9923550
9925006
9929237
9929278
9931443
9931716
9932069
9933469
9934156
9934238
9934683
9935115
9935637
9937918
9939891
9940384
9942106
9942357
9942746
9944177
9944719
9944915
9947968
9949411
9949529
9951911
9952145
9952671
9954087
9955404
9956472
9956940
9957350
9957725
9959148
9960138
9961611
9962097
9963079
9963695
9964034
9964599
9966063
9966649
9967461
9970533
9971612
9971748
9972401
9973205
9976035
9976680
9977958
9978429
9978487
9979555
9980242
9981744
9982455
9983465
9984080
9986125
9988277
9991013
9992091
9992483
9993115
9993781
9994061
9994694
9997672
9997742
9998858
