1909
2062
2730
3104
3305
3629
4700
5051
5357
7990
10439
12446
12952
13382
14861
14943
15604
16604
17228
18065
18700
18777
19169
19738
20049
21167
21667
23539
23578
25342
25375
25775
27686
28738
29003
29746
29819
30729
30850
30918
31800
31970
32288
32713
33377
35227
35867
36216
36694
39214
39360
43832
44524
44915
45712
46586
46948
48741
49223
52861
55296
55422
56141
56632
58422
58673
59104
60149
64432
66467
67270
67370
68702
70164
70484
71830
72306
73445
77290
78194
78306
79613
79648
80743
81744
82046
82091
82153
85857
87061
87479
88913
90668
92394
93443
94826
95288
98455
99491
100021
105045
105297
106945
107051
110069
110463
113605
114067
114106
115363
115838
116560
116571
116732
116939
117725
117772
118372
119359
119973
121145
121497
121621
122035
125375
126094
127196
127948
130469
131571
132071
132446
132750
133322
133338
134138
136778
137910
139228
139281
140555
141242
143083
144004
144857
145045
145787
148065
149119
149551
149610
149833
150404
150544
151154
151600
151610
151835
152582
152728
153329
154468
154745
156858
156945
157539
157978
158259
158394
158902
159119
159650
159854
160034
161811
161957
162865
162910
163730
164801
165124
165455
166088
167564
168825
169279
170301
171065
173730
174228
174236
176355
179400
180600
180670
181414
182087
183675
185065
185693
186689
187911
188444
189942
190116
194762
197336
197446
198031
200513
201967
202337
203254
203821
204638
205502
208034
208099
209745
210156
211122
212743
213025
215312
216183
217089
217169
217857
218009
218156
219899
221007
222440
224078
224892
225357
227353
227481
227821
228727
229427
230665
231757
232798
233097
235070
235373
235414
235524
237249
240466
240999
242180
244402
244586
244688
245178
245618
246940
247424
247689
248112
252399
255296
256118
257054
259154
260254
261163
261258
262341
262508
264306
265148
267745
268005
269194
269932
270583
271865
272451
274035
274572
274754
274900
275010
276049
276515
278339
281876
282268
282578
283825
285794
285905
285962
287892
290780
291006
292298
292736
293835
295775
296697
299582
301056
303152
303587
304138
304417
305244
307081
307196
308374
308491
310226
312177
312179
312437
313523
313714
314374
315921
316940
318063
319116
320026
320841
321558
323465
323991
324175
324463
324599
324826
326576
326747
326950
327242
329446
329813
329934
330473
331585
334499
335541
336624
336647
339396
341456
341947
342030
343060
343325
343424
343498
345474
346165
347167
347680
348587
349101
349271
349892
352087
352687
354397
355100
355259
356110
357386
360296
360720
362955
363100
365378
365491
365907
367274
368095
368943
370425
370873
371709
372273
373938
374041
376894
377233
379783
380125
380483
381981
382993
383594
384857
385569
386001
387468
391132
392634
392909
394275
395021
395675
398555
399566
401490
401523
402231
402368
403294
403380
403514
404076
408223
409298
409960
410021
410440
411072
411141
414726
415312
416528
416981
417217
417292
417487
419627
422748
422920
423045
424829
430090
430352
430521
432409
432689
433203
436249
439061
440379
441837
443575
444121
446341
447024
449663
450172
450809
451028
452013
452987
453635
455440
456923
460583
461508
461969
462423
462532
462796
464883
465657
466332
467257
469253
469286
469778
469805
470349
471211
472219
472832
472898
473811
475424
476835
477154
483386
483745
485049
485960
486482
487359
488357
488637
488866
488977
489031
490214
492565
493093
493444
493844
494258
495083
495089
496704
497158
497257
497899
501091
501427
501823
502574
504042
504311
504341
504764
505609
506237
506609
507018
507563
510958
514883
515260
517727
518337
519964
520162
520564
522059
522131
522985
524136
526342
526389
527210
527276
528562
529376
529958
530529
531024
531744
531843
537640
538736
541488
541763
544112
544425
544560
544778
548113
548533
549250
550082
550515
550689
552280
552327
552607
553617
554177
554382
554943
555470
555739
555837
556036
556877
556880
559342
560006
561873
563075
563286
563785
564495
564593
564969
565777
566507
568072
568861
569615
571068
571425
573294
574047
574104
576173
576362
576790
577545
577848
579856
579994
580074
580451
581201
582199
582440
582467
582954
583076
583270
583429
583709
588193
589209
590731
592329
592953
593065
595402
595598
596662
596901
597100
597886
598004
598158
598971
599496
600377
600580
601616
602097
602636
602894
607749
607831
608434
609436
609940
610003
610511
611759
612465
613688
615446
616252
616558
616702
617873
619744
621183
622190
623649
625832
626823
630484
631393
632498
634486
635313
637692
638573
640985
641619
641796
644624
646660
648074
650352
650709
651721
651812
652401
653476
653509
653835
653985
654566
655334
655932
656796
658164
658825
661144
663132
663177
663380
663430
663802
666339
667786
668320
668510
668908
669164
670341
671818
671908
673235
673499
675322
678167
680367
680706
682494
682696
683553
683629
683795
684131
684238
690840
691359
692845
693946
695416
695509
695819
696092
698632
699880
701676
703214
704179
705062
706163
709461
710765
710949
711279
711691
713971
714907
715096
715136
715631
716904
717905
719768
721557
724460
726199
727397
727398
727763
728061
729126
730271
731722
732719
732734
733947
736368
736963
739932
739967
740022
744304
745521
745711
746002
748560
749086
749351
753903
754007
754175
754303
756731
756812
757890
758086
758899
759466
760399
761178
761460
761599
763559
766909
768291
769998
771106
771689
771758
772291
772391
772615
773388
773535
774097
780723
781700
784314
784666
786287
788244
788325
789133
789144
792120
792483
792647
795140
795668
795700
796638
796970
797541
798211
799077
800463
800966
801571
802105
803850
804090
804649
804699
805166
805395
805742
805751
805794
806162
806301
806789
807185
807265
809338
811479
812578
813844
814087
814502
814517
814556
815052
815727
815742
816444
818711
820177
820534
820959
821487
822136
822745
824112
824784
826670
829201
829649
830484
832202
833194
834448
835776
836504
836966
837982
838065
839291
841075
842691
843009
844587
844727
844877
844929
845212
848833
849606
853028
853717
855000
856661
857048
857467
858679
861905
864665
864691
868722
869332
871592
871618
872764
876141
876162
876177
877408
878189
880137
880314
880905
881393
881828
883375
883544
885024
885637
887778
889821
890559
892134
895143
896313
897954
899807
899828
900816
901173
902327
903044
904077
905891
906374
908203
911964
912543
913013
913841
914452
914502
916303
916324
916839
917456
918658
919290
922722
922916
924106
924576
926422
929023
929559
929984
931810
931942
932417
932699
934044
938124
939223
941241
941275
941317
943221
944693
946168
946293
948058
949197
949402
949608
950221
950345
950386
950858
951177
951398
952732
955793
956099
956684
957408
958204
958565
958931
959185
960315
960966
961399
962032
962804
962808
963293
963748
964220
964556
965287
969305
970459
971299
971933
972192
972502
973593
974302
976071
976471
976992
977050
978147
978670
979482
982382
983840
984795
987177
987507
987576
987687
989205
989413
990468
990885
993483
997129
997849
998936
999102
999710
999830
1000278
1000444
1001232
1004544
1004632
1005858
1012175
1012418
1013105
1015562
1015992
1019025
1019093
1020203
1021116
1021875
1024630
1025029
1027623
1028320
1028328
1029244
1029443
1029595
1032087
1032108
1032900
1033530
1034186
1034964
1035285
1036173
1036565
1040652
1040683
1040820
1041964
1043353
1045769
1045941
1048579
1048722
1049394
1050184
1051629
1051736
1053682
1055021
1058016
1058546
1059633
1061042
1062534
1062571
1063094
1063702
1064615
1065631
1066968
1070541
1071153
1071925
1072753
1074712
1075719
1076024
1076050
1076717
1077959
1078172
1080008
1080448
1080623
1081806
1084349
1085493
1086907
1087709
1089325
1089961
1090424
1092993
1093191
1094371
1095821
1096255
1096297
1097937
1098287
1098426
1101682
1102087
1102190
1102231
1103129
1103769
1105773
1106438
1108154
1108250
1108316
1110984
1114101
1114210
1116753
1117009
1117771
1118188
1119644
1120430
1120919
1121863
1122050
1122206
1123496
1123514
1124257
1125852
1129476
1129488
1129537
1129756
1131731
1131847
1132032
1132925
1133026
1133137
1134671
1135277
1135589
1135992
1136473
1137237
1137713
1138084
1141191
1141478
1141583
1142611
1144671
1144824
1145626
1147262
1147733
1149722
1151064
1153308
1153746
1155224
1157465
1158986
1160099
1160316
1160654
1161114
1161401
1162427
1162888
1163739
1164610
1165845
1165894
1166413
1166463
1166851
1167652
1168059
1170117
1170896
1171706
1171971
1173007
1173136
1173704
1173980
1176096
1176960
1177524
1177683
1177736
1178614
1179406
1181890
1182831
1183081
1184174
1185565
1186206
1186271
1188395
1188988
1189461
1190847
1191129
1191500
1191961
1192986
1192994
1197303
1197474
1197846
1198113
1198595
1199386
1200736
1201733
1201984
1202616
1207586
1207712
1210313
1210733
1212523
1213187
1215624
1215926
1216590
1216654
1217030
1217852
1218325
1218587
1219283
1219432
1219644
1220490
1221013
1221582
1221665
1221806
1222472
1223452
1224165
1224599
1225029
1225401
1225779
1225965
1226374
1229211
1229748
1231371
1233281
1234642
1235655
1236465
1238529
1239568
1240011
1242681
1243400
1243728
1245030
1246921
1247313
1247541
1248251
1248810
1249174
1250070
1250564
1250909
1251334
1252676
1253126
1255176
1255402
1257404
1258428
1261884
1263240
1266928
1268347
1269176
1269378
1269486
1269759
1270327
1272351
1272368
1272407
1273195
1275997
1276612
1280412
1280627
1280997
1284008
1285699
1286207
1286266
1288362
1288881
1288907
1288995
1291221
1291339
1291821
1293510
1294856
1296883
1296983
1297082
1299020
1300009
1302456
1302747
1303237
1304189
1306579
1306788
1307106
1307365
1307865
1308399
1308744
1309562
1310253
1310324
1310502
1311309
1311749
1312728
1313172
1315213
1316509
1317755
1318046
1318207
1318583
1318656
1318927
1319306
1319769
1319928
1320269
1320530
1320564
1320848
1321085
1321522
1321906
1323541
1326420
1326993
1327395
1328111
1328281
1330227
1332133
1332516
1334083
1335069
1335609
1336990
1337057
1337708
1338864
1339374
1340087
1340269
1340528
1341569
1341707
1342093
1342863
1343080
1343156
1343171
1344812
1345025
1345719
1346582
1347662
1348071
1350624
1350710
1351116
1353529
1354685
1355910
1357366
1358630
1358939
1359488
1362557
1363456
1364083
1364756
1365005
1366784
1366816
1367060
1368405
1369920
1371374
1371552
1371678
1371737
1372667
1372890
1373087
1373200
1374896
1375783
1376720
1377250
1378023
1379966
1381518
1382032
1382445
1384399
1384801
1386729
1389844
1389989
1393247
1393644
1395587
1395669
1398503
1399867
1399880
1400655
1400916
1401708
1401859
1403662
1406221
1406889
1407971
1408966
1411478
1413232
1413514
1413714
1414046
1414665
1417792
1419063
1419881
1423219
1423609
1423667
1425162
1428939
1429420
1429554
1429663
1430742
1430881
1430905
1432201
1433327
1433572
1433627
1434991
1435194
1435603
1436061
1436574
1438854
1440281
1441081
1441348
1442395
1442814
1443177
1443422
1443441
1443445
1444028
1444254
1446205
1447211
1448060
1448273
1449547
1449751
1449858
1450254
1450917
1451427
1452956
1454223
1454599
1455498
1456663
1461059
1461825
1463182
1464764
1465327
1465395
1465616
1465957
1472060
1472226
1472245
1472324
1472775
1473849
1474024
1476562
1477451
1477474
1477898
1479698
1479788
1480424
1480509
1481591
1485477
1487698
1488016
1488953
1489614
1491883
1492998
1493084
1493484
1494314
1494840
1497213
1497757
1498110
1499309
1499712
1501487
1504101
1505834
1506677
1509019
1509390
1509804
1511045
1511396
1513278
1513402
1513628
1514697
1515129
1515283
1515477
1516059
1516501
1516547
1518270
1518862
1521445
1521714
1521913
1522716
1522820
1523163
1523168
1523454
1525032
1527422
1528659
1528880
1530797
1532265
1533187
1535022
1538107
1538311
1539775
1541905
1543070
1543348
1546894
1547173
1547502
1548229
1549117
1549959
1551450
1553923
1556473
1556504
1557588
1557624
1558019
1560295
1560604
1561027
1561511
1561624
1562010
1562168
1562780
1562910
1564269
1564741
1567427
1568518
1570745
1571091
1572206
1572338
1575731
1575861
1576219
1577241
1577246
1577513
1577580
1579162
1581210
1582256
1584272
1588169
1588617
1588966
1590134
1590278
1590618
1592190
1592482
1595281
1596024
1596577
1599742
1600813
1600856
1601039
1601117
1601317
1601636
1602837
1603262
1603903
1604431
1605000
1605692
1605795
1606811
1607753
1608786
1609239
1609329
1610771
1613096
1615231
1615287
1616695
1616734
1617680
1618674
1619310
1619828
1621184
1621537
1622011
1624591
1625848
1626795
1626944
1626947
1627312
1628194
1628960
1631980
1635678
1636048
1636427
1636549
1637090
1637542
1638020
1639804
1639817
1640440
1640506
1640795
1640886
1641370
1642587
1645245
1646537
1646610
1646773
1648761
1649240
1650058
1651170
1652299
1652396
1652517
1653085
1654797
1655606
1656521
1657791
1658082
1658582
1659409
1661301
1661306
1662673
1663140
1663623
1663734
1666880
1667025
1669118
1673708
1674492
1674760
1676267
1676626
1677842
1678604
1681405
1681718
1682522
1683005
1683108
1684090
1684589
1687726
1688228
1689759
1691934
1692004
1692323
1692383
1692898
1694519
1695180
1696508
1697621
1698476
1700118
1701486
1701572
1701968
1702517
1702570
1703667
1706394
1707222
1707817
1708452
1708479
1710541
1711271
1713041
1713884
1714938
1715040
1715133
1717392
1717929
1718759
1719154
1719743
1721377
1722030
1722691
1722727
1723212
1724073
1730187
1730211
1731842
1732834
1733678
1735423
1737475
1737761
1738122
1739532
1739995
1743382
1743686
1744329
1745920
1747627
1748888
1749407
1749943
1750261
1751579
1751874
1752290
1755938
1756867
1758778
1759432
1760342
1761207
1762731
1762822
1763050
1765835
1766366
1766541
1768070
1768111
1768811
1769132
1769689
1769808
1770661
1771482
1771601
1772427
1777680
1777736
1778482
1780668
1781867
1782300
1782462
1783532
1784253
1784895
1786350
1787071
1792011
1792456
1792847
1793606
1793609
1793736
1793903
1794007
1795327
1795591
1795656
1798278
1798433
1799221
1800706
1804036
1805210
1806244
1806355
1806470
1806671
1806776
1807165
1807512
1807562
1808058
1809282
1810637
1811312
1811427
1812451
1812870
1813064
1813085
1813596
1815524
1816248
1818125
1818485
1820900
1823746
1824713
1825087
1825428
1825885
1826038
1826474
1826910
1829413
1830885
1832009
1832651
1833615
1835851
1836255
1836929
1838831
1839016
1839677
1839861
1840868
1841969
1843543
1843780
1843795
1843797
1844719
1845055
1847710
1848923
1848955
1850013
1850507
1853435
1853631
1854432
1854526
1855788
1856176
1857054
1857820
1858659
1861450
1862238
1862281
1862589
1864693
1868654
1868926
1870006
1870233
1870693
1870960
1871428
1876468
1877375
1879197
1879780
1880050
1880350
1880691
1883774
1885532
1885928
1886392
1887491
1887522
1890690
1892103
1892830
1894336
1897207
1897989
1899568
1901094
1901098
1901866
1902559
1903122
1903453
1905352
1906056
1908061
1911581
1912256
1913596
1913705
1914106
1914506
1915460
1916099
1916320
1916343
1916528
1917207
1918432
1919003
1919275
1919401
1920745
1922173
1922664
1923873
1925052
1925643
1927095
1927352
1927439
1928116
1928349
1928583
1929638
1930440
1931207
1932945
1933289
1935672
1936282
1936744
1937036
1939092
1939234
1940038
1940760
1941249
1941568
1941742
1943159
1943888
1944317
1945049
1945086
1945549
1946465
1949531
1952829
1953667
1954305
1955469
1956698
1957950
1961299
1963119
1964176
1964706
1964768
1966313
1968036
1968070
1968723
1970487
1973323
1973958
1975176
1975976
1976802
1977402
1979123
1979782
1979961
1982554
1983041
1983444
1984406
1984782
1986259
1987278
1987539
1989467
1992093
1993403
1993431
1994202
1995269
1995594
1996092
1997677
2001360
2001521
2003437
2005179
2007396
2007695
2008586
2009172
2011754
2011770
2012747
2014042
2014234
2015639
2017159
2017480
2019140
2019439
2023117
2024095
2024360
2027041
2028482
2028892
2030568
2030988
2031136
2031368
2032597
2033637
2033778
2034091
2034385
2036690
2037170
2037654
2037926
2038425
2039155
2039303
2039568
2041102
2041398
2041424
2041512
2041574
2041963
2044662
2046141
2047544
2047666
2051254
2051392
2051393
2052310
2053075
2054058
2058614
2058861
2061033
2061279
2062924
2065126
2068075
2068233
2068384
2069932
2069948
2071382
2074846
2075370
2075577
2075670
2076880
2078860
2084379
2084506
2085092
2087612
2087912
2088790
2089073
2090154
2090505
2091074
2091294
2091620
2091834
2096426
2096511
2096688
2096743
2097048
2097399
2098674
2098953
2100000
2102637
2105283
2105644
2107289
2108245
2108397
2111271
2111359
2111766
2114631
2114872
2115464
2116378
2118193
2118643
2118771
2123031
2123274
2123690
2128346
2129568
2129605
2130032
2131598
2134421
2135364
2136987
2137321
2140939
2142509
2146906
2148604
2148663
2149756
2151654
2152480
2153069
2153158
2155276
2160887
2162319
2162830
2162836
2164051
2168275
2168785
2168895
2169497
2171112
2172905
2174450
2174504
2175017
2175541
2175727
2176504
2177803
2177885
2178511
2178960
2183355
2183593
2185128
2186041
2186864
2187632
2188932
2190867
2191942
2193475
2196500
2196748
2197644
2198863
2200666
2201011
2201029
2204243
2205576
2207130
2207590
2209155
2210848
2211245
2211350
2212570
2214898
2215929
2216288
2217598
2217982
2221567
2221748
2224912
2225239
2227868
2228731
2229055
2229287
2230663
2231107
2231374
2232252
2232295
2232333
2233260
2234112
2234329
2234639
2235740
2236520
2237823
2238425
2239306
2240469
2241715
2241938
2242291
2243129
2243197
2244628
2244968
2245888
2246121
2249617
2250035
2250559
2250716
2251195
2252258
2253013
2253836
2254293
2257476
2259390
2259632
2259767
2259833
2261763
2262232
2262281
2262659
2262664
2263874
2266415
2267832
2268681
2269303
2270065
2273162
2273293
2274173
2274305
2274633
2275585
2276133
2276639
2278085
2278651
2279301
2279417
2279698
2279927
2280280
2280319
2280957
2281968
2282892
2283187
2284319
2285703
2286001
2286769
2288060
2288920
2289439
2289703
2290606
2293743
2295289
2295747
2295864
2296042
2296752
2299080
2299189
2300573
2301318
2302495
2302967
2304378
2305229
2305796
2306171
2306635
2308028
2309235
2310606
2310848
2310924
2314485
2315040
2315250
2315533
2315607
2315835
2316910
2318623
2318811
2320468
2321074
2323382
2324538
2324869
2326222
2326228
2327275
2327487
2328189
2328513
2329613
2330875
2331140
2331382
2331827
2331869
2331991
2332650
2336726
2336794
2337897
2338976
2339545
2339994
2340128
2340265
2340619
2341028
2341212
2344003
2344216
2345907
2346322
2346470
2346877
2346924
2353411
2357256
2358817
2359252
2360662
2362065
2362367
2362522
2363604
2364228
2364691
2365182
2365354
2367649
2368487
2369055
2373580
2373581
2374670
2377540
2378010
2378159
2379874
2383017
2383673
2383685
2383723
2385277
2385786
2386161
2387700
2388298
2389118
2389214
2390383
2390441
2392597
2392659
2394878
2395140
2395803
2396062
2396901
2399223
2399717
2402498
2403463
2405359
2406557
2406739
2408778
2409002
2410840
2412382
2414956
2415166
2415817
2416426
2417381
2418340
2419570
2420178
2420865
2421104
2422837
2423291
2423661
2423907
2425389
2425990
2427385
2428586
2429209
2430084
2430980
2431963
2434110
2434143
2435664
2435672
2436706
2437724
2438241
2440565
2441136
2442702
2446267
2447071
2447274
2447369
2447632
2448747
2450454
2450497
2452083
2453244
2454208
2454330
2455850
2455871
2455987
2457087
2458912
2459237
2459811
2460311
2462347
2464696
2465602
2465848
2465927
2468124
2469407
2471806
2472284
2473537
2474115
2475061
2475308
2475949
2476111
2476616
2476921
2477518
2478163
2478523
2480257
2480275
2480358
2482624
2482679
2483499
2484408
2485040
2487013
2490504
2491717
2494005
2495604
2496858
2497186
2497577
2497657
2499652
2500137
2502981
2503064
2504227
2504477
2504909
2505142
2505666
2506806
2507256
2507283
2507345
2512050
2512557
2516109
2516394
2516757
2518350
2521433
2522404
2523410
2525192
2527192
2528512
2528945
2530316
2530525
2532450
2532472
2533126
2533933
2534273
2535651
2536811
2536875
2536977
2537347
2537788
2537805
2540060
2541797
2541855
2542793
2542891
2543360
2543806
2545137
2545293
2545522
2545892
2546341
2549558
2551108
2551782
2552662
2552868
2554214
2555894
2556005
2556136
2556297
2556334
2557075
2557819
2559027
2559116
2559404
2559817
2561849
2562054
2562149
2562985
2564075
2564187
2566263
2566450
2566767
2569768
2570689
2570717
2574563
2576308
2576495
2576984
2577559
2578922
2579462
2582258
2582300
2582483
2583350
2583865
2583869
2584991
2585138
2585233
2585650
2585815
2586983
2590090
2590144
2591397
2591414
2591599
2594168
2594290
2594420
2596800
2600133
2601502
2601951
2602542
2603142
2606653
2607052
2608972
2609294
2609452
2609824
2610315
2611782
2612237
2612442
2613176
2613375
2613873
2615111
2616918
2618115
2618522
2619073
2620425
2620655
2622567
2622872
2623974
2624156
2624478
2624735
2626010
2626750
2627694
2627885
2631624
2633653
2633770
2634869
2635437
2637061
2637109
2637126
2638382
2638525
2639105
2639111
2639161
2639634
2641474
2643195
2646091
2646864
2647348
2647916
2651625
2651974
2653098
2653130
2653388
2653395
2653770
2655068
2657910
2658844
2661635
2662233
2664672
2665178
2666361
2667853
2667887
2668573
2670811
2672577
2673143
2674326
2675690
2676038
2677734
2678977
2679381
2679399
2680947
2681644
2682269
2682915
2684745
2685419
2685819
2689313
2689360
2692131
2694080
2694651
2695306
2695521
2695688
2697732
2698283
2698685
2699212
2700459
2700558
2701889
2703229
2704341
2704433
2704639
2704801
2705364
2706441
2708091
2708149
2712154
2712243
2713020
2713595
2713691
2715090
2715998
2717464
2717572
2718747
2719100
2720186
2720623
2721052
2722016
2723227
2724742
2726973
2730113
2730826
2732311
2732768
2734371
2735473
2739207
2739856
2741702
2742009
2742201
2742688
2743116
2746966
2747295
2747468
2747602
2748290
2748703
2752743
2752965
2753528
2753790
2756398
2756451
2757793
2758018
2758335
2758497
2759393
2759874
2761911
2764578
2765769
2767066
2767328
2767501
2767518
2767734
2767818
2767831
2767843
2768162
2768454
2768948
2769450
2769847
2771527
2771734
2773074
2773286
2773970
2774245
2774448
2774731
2777457
2778250
2780625
2780784
2782032
2782638
2783070
2783666
2783942
2784618
2787195
2787580
2789320
2789483
2790276
2792801
2793700
2794248
2795254
2795622
2799870
2800004
2800243
2800886
2803652
2803993
2805498
2807030
2807035
2807117
2810079
2810657
2810995
2811306
2812384
2813213
2813338
2815145
2815409
2815707
2816275
2816484
2816932
2817192
2817251
2817311
2817446
2817478
2817672
2817683
2817778
2819704
2821397
2822855
2822958
2823823
2826394
2829020
2829358
2829661
2830090
2831192
2831251
2831412
2831679
2832652
2832724
2836778
2837018
2837075
2837751
2837839
2838500
2839360
2841658
2843101
2843849
2846951
2847383
2849142
2850457
2852590
2853562
2855247
2856557
2857182
2859024
2859338
2859747
2862185
2862233
2863957
2864347
2864996
2865047
2866130
2866906
2868336
2869972
2871151
2871606
2875091
2876170
2876324
2876976
2878711
2879644
2880648
2880804
2881103
2882461
2883264
2883485
2883722
2883740
2888140
2890703
2893610
2894769
2895480
2895636
2896002
2896099
2896613
2898270
2899537
2899833
2901215
2901491
2901640
2903488
2904024
2904587
2906881
2906947
2906970
2909405
2909939
2911002
2911335
2911990
2912644
2914161
2916965
2917673
2917705
2918325
2919160
2919598
2919774
2920161
2920270
2920756
2920869
2921013
2921734
2922547
2922945
2923018
2923471
2923684
2925157
2926293
2926411
2927297
2927862
2929322
2929613
2930035
2931033
2932089
2937331
2940514
2940677
2941085
2941139
2942658
2943723
2943947
2944088
2944895
2947237
2947416
2948690
2952692
2953140
2953576
2955111
2955621
2956615
2957017
2960051
2960154
2960430
2963531
2968603
2968811
2970334
2970352
2971080
2971553
2972575
2972655
2973609
2976228
2977940
2978136
2979004
2979168
2979292
2979347
2985364
2985990
2986728
2986835
2986908
2987269
2987554
2988403
2989075
2989112
2989523
2990461
2990559
2992360
2992809
2993385
2997368
2999388
2999508
3000264
3002477
3002623
3003443
3005046
3006009
3006066
3006563
3006957
3007430
3008175
3008377
3012398
3013763
3014041
3014438
3015123
3015569
3016657
3018461
3020097
3020523
3022224
3023833
3024331
3024479
3025066
3025256
3025557
3025876
3028127
3030638
3030857
3031287
3031681
3031830
3032988
3034754
3034923
3038736
3039010
3039074
3040431
3040466
3041063
3041766
3042038
3047153
3047377
3047427
3048573
3048691
3048804
3049041
3049824
3050278
3050310
3050477
3051889
3052058
3052090
3052176
3052691
3053158
3056658
3056833
3057018
3058527
3058806
3059076
3059105
3059534
3060862
3061483
3061750
3063285
3063463
3064763
3065833
3066583
3066696
3067215
3067928
3068327
3068683
3068920
3069032
3069703
3069822
3075321
3075511
3076701
3077317
3078305
3079225
3079496
3079629
3083961
3084964
3085294
3089311
3089953
3090934
3091013
3092776
3092988
3093545
3095281
3096954
3097917
3098863
3099327
3099428
3102184
3102247
3105799
3108168
3110168
3111023
3111813
3113710
3113936
3114043
3114053
3115577
3115579
3116014
3119301
3120130
3122140
3123446
3124363
3124399
3124521
3125040
3125545
3125656
3126178
3126647
3127339
3127360
3129369
3131903
3133004
3133582
3133931
3134147
3134671
3135215
3136454
3137237
3137818
3138586
3139807
3141697
3141970
3142411
3143827
3145021
3145236
3145903
3145974
3146132
3147277
3147843
3149907
3150010
3152557
3152662
3153868
3155136
3155562
3155908
3157133
3157583
3157680
3157891
3158946
3159560
3159935
3162108
3163646
3164338
3166312
3166792
3167403
3167487
3167515
3169654
3170272
3170656
3170731
3170788
3171349
3171903
3172834
3175207
3177922
3177955
3178835
3179659
3179963
3180119
3180306
3181901
3182656
3183285
3183527
3184052
3184267
3185237
3185507
3186684
3186700
3187986
3188465
3188787
3188948
3189527
3189646
3190022
3190526
3191469
3192199
3192729
3192824
3193171
3196416
3197802
3199526
3201423
3201807
3203440
3205054
3205145
3206547
3209989
3210165
3211366
3215626
3215907
3216668
3217052
3217503
3218155
3219677
3220223
3221778
3222415
3225778
3225872
3225896
3226929
3227564
3227584
3231300
3232886
3234403
3235809
3237937
3238697
3239408
3240232
3240550
3243085
3244584
3244655
3244707
3244954
3248878
3249350
3251071
3251264
3251371
3251424
3253133
3254139
3254143
3254929
3256462
3259423
3260554
3264166
3265391
3265482
3266260
3268286
3268368
3268757
3268929
3269232
3270166
3272139
3272343
3273298
3274732
3275582
3275629
3275835
3276270
3278011
3280003
3282141
3282318
3282662
3283938
3284578
3285581
3286795
3287139
3288123
3288166
3291009
3291144
3291548
3292467
3292788
3293092
3295231
3298343
3298421
3298893
3299467
3299758
3301024
3301888
3302049
3302567
3302718
3302987
3303032
3304348
3304853
3306369
3308282
3310006
3316051
3316098
3316337
3316444
3316725
3316949
3317555
3318261
3318672
3318735
3319185
3319697
3320290
3321625
3323190
3323912
3324176
3324365
3325059
3327274
3327337
3328581
3328815
3330127
3330611
3335708
3338096
3340626
3341792
3342841
3343095
3344284
3346468
3346506
3348132
3348785
3351979
3352229
3352926
3353318
3353946
3354168
3354346
3354798
3355145
3356420
3356654
3356685
3358875
3358999
3359126
3360166
3360365
3361216
3362840
3363089
3363444
3363905
3364179
3364434
3364538
3364594
3366179
3366517
3366728
3367456
3370585
3374953
3377530
3380338
3381485
3382791
3382967
3384458
3384520
3385161
3390425
3391670
3392513
3392521
3392901
3393841
3397350
3400510
3402071
3402245
3402683
3404531
3404921
3405743
3406637
3406732
3409000
3411713
3413125
3413756
3415751
3416012
3416041
3416477
3418175
3422496
3426925
3427250
3427645
3428496
3429257
3431030
3431157
3433326
3433969
3435440
3435584
3437482
3440625
3441787
3443211
3444131
3445734
3447333
3447864
3450768
3453234
3453947
3455066
3456244
3456335
3456556
3458277
3459213
3459407
3460562
3461204
3461685
3462176
3462262
3465266
3465268
3468309
3469076
3471146
3472471
3475879
3479486
3484150
3486928
3487014
3489088
3489491
3491169
3492967
3494215
3494784
3497028
3498182
3498467
3498671
3499578
3501030
3501571
3502848
3503189
3503406
3503524
3503660
3504967
3506601
3507092
3507406
3507454
3508173
3508355
3508956
3509122
3510475
3511509
3513324
3514290
3514313
3515147
3516012
3517012
3517382
3517397
3517993
3518266
3520922
3522038
3522214
3522390
3523694
3523770
3523864
3524068
3525300
3526198
3527903
3529163
3529175
3530246
3530988
3534018
3534055
3537883
3540311
3543537
3544028
3544409
3545047
3546858
3552128
3552160
3554761
3554768
3555564
3556181
3556303
3557114
3560024
3561442
3561642
3561949
3562856
3563092
3564348
3567136
3567909
3569060
3569190
3570949
3571892
3573912
3575571
3576487
3578028
3578847
3578868
3580120
3582345
3583083
3583881
3587153
3589324
3589538
3591237
3591470
3591571
3592720
3593554
3597196
3597221
3597754
3598296
3600604
3600914
3603234
3604217
3604953
3606349
3607367
3608181
3608194
3608618
3609112
3609329
3609422
3609612
3610076
3610289
3611105
3611616
3612645
3613020
3613712
3613729
3614771
3615220
3615237
3615274
3618700
3619005
3619677
3621494
3621707
3623074
3623230
3623319
3623483
3624935
3625912
3627144
3628046
3628200
3630336
3634936
3634997
3635396
3635502
3635861
3636065
3636415
3637481
3639082
3639364
3640029
3641952
3642763
3645434
3646864
3647279
3647508
3647801
3649095
3649415
3649603
3650346
3651602
3651949
3653183
3654863
3655429
3660560
3662918
3664588
3666690
3666728
3666826
3667667
3668938
3670289
3672027
3672881
3674213
3675018
3675336
3675690
3676383
3678761
3679914
3680009
3680554
3680720
3680826
3682901
3683708
3683917
3685198
3685828
3686152
3687847
3688727
3689541
3690447
3690612
3690880
3691693
3691984
3692157
3692775
3693028
3693878
3698480
3698818
3700616
3701227
3702242
3702889
3703034
3703164
3706425
3706727
3707023
3708409
3708443
3710374
3710534
3710894
3711276
3712658
3714958
3716059
3716286
3716347
3717401
3722162
3724376
3725834
3725930
3726244
3727076
3728797
3729662
3729945
3730553
3730932
3731428
3731636
3734831
3735183
3737804
3740104
3740530
3740636
3741369
3742811
3747864
3750187
3750998
3752662
3753427
3754063
3754485
3755016
3755109
3755241
3758575
3760475
3760527
3760881
3761564
3762956
3763599
3764436
3764998
3765888
3766888
3769975
3770235
3771266
3771865
3772136
3775347
3775610
3775654
3777197
3779453
3779643
3781450
3783023
3783495
3784015
3784856
3785534
3785549
3786398
3786738
3786898
3788445
3788938
3789340
3789847
3790829
3790865
3792443
3793347
3793520
3794017
3794735
3795543
3795624
3799993
3801149
3802070
3802714
3802937
3803790
3804688
3807069
3807756
3808976
3809422
3810893
3811735
3812004
3812200
3813361
3813854
3815104
3815869
3816004
3816478
3817264
3817972
3818175
3818474
3820150
3821695
3822375
3822947
3823996
3824383
3827034
3827111
3827252
3828748
3830159
3830411
3830947
3831025
3831065
3831698
3831947
3832360
3835466
3836648
3837966
3838485
3839475
3839490
3841128
3841142
3843183
3843231
3843547
3844599
3846493
3846756
3846884
3847748
3848922
3850326
3852718
3852837
3852872
3853745
3856138
3856140
3856268
3856319
3857980
3858814
3860159
3860522
3862608
3864938
3865536
3867772
3869150
3869496
3870667
3871136
3871432
3872008
3872919
3874456
3874767
3875451
3877567
3878341
3878820
3879016
3879966
3880644
3881591
3881682
3882911
3883244
3883399
3883974
3884398
3884427
3885410
3885458
3886056
3886076
3886789
3886958
3887870
3888157
3889264
3890067
3890306
3891334
3891415
3891614
3891849
3892048
3892657
3894127
3894821
3895630
3896000
3897590
3899255
3899310
3899555
3901849
3902544
3902550
3903608
3904492
3905325
3906611
3906842
3907556
3907630
3908004
3908049
3909909
3911468
3912386
3912412
3913291
3914288
3915257
3918305
3918984
3919057
3919110
3919782
3921682
3922673
3925618
3925741
3927110
3928783
3928848
3929708
3930714
3931019
3931933
3934142
3934201
3938712
3938821
3939821
3940435
3940632
3942090
3942797
3945272
3945574
3946453
3947532
3949413
3951943
3952356
3953816
3954102
3954357
3960642
3962075
3962350
3963715
3963899
3964049
3964098
3964167
3964781
3966397
3967611
3967686
3970198
3970563
3970985
3972664
3973858
3974647
3976750
3977545
3978545
3978868
3981534
3982531
3985245
3986927
3986968
3989539
3995735
3995980
3995994
3997815
3997921
3998364
3998932
3999382
3999508
4001042
4001440
4002163
4002657
4003823
4004911
4006614
4007540
4010173
4010686
4012471
4013670
4016640
4016692
4018114
4018321
4018325
4019085
4019449
4019713
4023596
4024019
4024594
4025166
4027074
4031901
4033130
4034336
4034572
4034945
4035902
4037116
4037716
4038044
4039304
4039510
4039785
4040310
4041846
4042069
4044573
4045054
4045415
4047421
4051785
4052605
4052722
4053565
4055107
4055397
4056408
4056533
4057273
4059649
4060667
4060765
4061679
4062205
4063534
4063943
4064341
4064798
4066356
4066398
4069038
4069699
4069842
4070160
4070903
4071895
4071924
4072904
4075716
4076045
4076672
4077621
4078633
4079232
4079417
4079678
4079738
4084975
4085243
4086353
4086701
4086939
4087374
4087805
4092045
4092110
4092185
4094005
4095267
4095560
4096267
4097764
4098413
4099301
4101309
4101889
4102553
4105499
4106903
4108025
4112289
4114242
4115337
4117912
4118226
4118680
4119298
4119307
4119762
4119995
4121258
4123177
4123224
4125842
4126030
4127300
4127796
4128798
4128863
4130539
4134430
4135055
4135419
4135488
4136710
4137201
4139728
4139844
4140326
4141192
4141293
4142032
4142867
4143051
4145644
4146999
4147097
4147273
4148566
4148815
4149113
4149494
4150602
4153104
4153158
4154238
4155708
4156751
4157809
4158681
4161624
4163056
4163148
4163778
4164017
4165805
4166139
4166371
4166711
4167309
4167454
4167734
4168026
4168542
4172474
4173368
4173379
4174175
4174365
4175058
4176740
4178493
4179448
4179540
4179812
4180085
4181793
4182009
4182149
4182835
4183600
4183722
4184391
4186741
4187306
4188919
4190119
4190842
4191252
4191717
4191785
4191800
4191849
4193750
4197917
4198882
4200714
4200752
4202508
4204014
4207965
4208318
4209100
4209554
4213372
4216840
4218328
4220001
4221092
4221687
4221865
4222832
4223356
4224142
4224905
4224931
4226336
4228561
4228976
4229271
4230962
4231384
4232229
4232811
4234885
4236258
4236364
4238457
4239061
4240301
4241181
4246217
4246426
4246517
4247759
4247923
4247954
4248226
4248713
4248715
4248885
4250409
4251927
4252620
4253980
4254395
4254830
4258688
4260395
4260511
4260709
4263512
4265934
4265961
4266086
4266335
4267507
4268765
4270928
4271163
4271857
4274022
4274091
4274548
4276699
4280068
4281038
4281724
4282224
4282369
4284005
4284321
4285145
4285213
4286181
4286989
4288084
4288683
4288851
4288954
4289398
4291145
4293591
4296810
4296914
4298657
4298740
4300044
4300308
4300771
4301336
4304886
4305026
4307771
4308260
4309020
4309494
4309949
4310396
4311053
4314659
4315735
4316690
4316812
4318535
4320775
4321224
4321629
4323507
4324173
4324463
4325333
4327292
4327318
4328328
4329929
4330890
4331058
4331253
4331372
4331421
4334124
4334894
4336265
4336783
4338155
4338196
4338518
4339561
4341301
4341793
4342432
4346965
4348792
4348833
4350314
4351972
4352361
4353796
4355457
4355507
4355586
4356423
4356446
4357047
4357945
4358872
4361296
4361377
4362103
4362881
4365223
4367577
4369896
4370032
4370635
4371474
4373224
4373971
4376224
4377667
4379044
4379368
4380351
4380506
4380704
4381001
4381586
4382568
4382886
4384644
4387231
4387457
4388634
4389894
4390242
4392212
4393291
4393543
4394336
4394494
4395380
4397338
4397773
4398129
4398946
4399036
4401065
4401448
4401888
4403869
4403919
4405879
4408091
4408233
4408341
4409074
4410329
4410738
4411293
4412250
4412468
4413684
4415086
4415954
4416141
4416521
4418717
4421658
4425771
4426153
4432546
4432856
4434311
4434448
4436455
4436940
4437571
4437594
4439261
4440480
4441419
4445924
4446318
4446837
4447484
4448599
4450435
4452953
4453250
4454591
4454624
4454836
4455151
4455256
4455734
4455952
4457088
4460284
4460667
4462413
4462771
4462870
4463159
4463253
4463663
4464619
4464858
4465644
4466183
4467158
4467907
4468081
4470466
4471266
4473524
4473532
4474035
4475416
4475662
4477094
4477229
4477267
4477355
4480698
4481016
4481520
4481956
4482401
4487701
4490102
4491932
4493668
4493693
4494293
4497617
4499059
4499392
4500036
4500683
4501179
4501819
4502075
4502428
4502638
4503148
4506399
4510043
4511562
4511874
4512604
4514989
4518774
4520571
4520736
4520908
4521216
4522709
4523000
4523781
4525442
4526443
4526672
4527069
4527538
4532164
4532349
4532980
4534225
4535953
4537273
4537503
4538088
4539712
4540704
4541075
4542437
4542702
4543717
4543755
4544640
4544998
4545061
4545276
4546327
4546859
4547763
4548488
4549641
4550050
4551996
4552536
4558697
4560120
4561135
4561943
4562920
4563277
4564311
4564378
4564732
4568625
4570243
4571373
4574674
4575022
4576911
4577973
4580458
4580994
4581041
4583142
4583894
4584068
4584756
4587793
4588249
4588435
4589399
4589515
4589693
4591171
4591363
4591695
4592062
4593371
4594106
4595501
4596335
4596913
4598582
4598792
4599593
4599652
4602559
4604439
4604632
4604713
4605567
4609371
4611727
4612079
4612357
4614213
4615271
4616383
4616502
4617413
4617946
4618644
4619600
4620988
4623049
4628483
4628489
4629131
4629592
4630010
4630344
4630647
4630792
4631979
4631988
4632657
4632746
4633408
4633919
4635110
4636880
4637195
4639908
4640513
4640657
4640834
4641090
4641538
4643073
4643592
4644440
4646863
4648582
4653526
4655417
4655784
4660379
4661411
4661657
4662371
4663648
4663791
4664332
4665270
4665317
4667159
4667854
4668333
4668550
4669838
4669994
4670021
4670424
4671631
4673074
4673859
4673963
4674371
4674867
4675079
4675115
4675806
4675973
4676165
4676172
4676668
4679727
4680490
4680496
4681592
4682096
4683189
4683195
4684293
4686379
4687010
4687178
4688049
4688064
4688449
4689076
4689207
4691446
4693421
4693788
4693869
4694744
4695056
4695776
4699631
4704152
4704154
4704401
4705005
4705088
4705614
4705812
4707480
4708361
4708366
4709347
4710051
4711396
4711747
4712483
4712599
4717576
4717761
4718031
4718477
4718894
4720457
4721683
4725576
4726884
4728352
4729075
4729689
4730816
4735883
4737233
4737353
4737844
4737870
4739528
4739856
4740720
4742127
4742176
4742544
4742948
4745433
4748361
4748849
4749636
4750050
4750077
4750189
4750301
4750865
4752294
4752367
4752535
4753061
4753555
4755324
4755705
4755798
4756122
4756498
4756687
4756784
4757082
4758847
4759886
4760477
4760485
4760740
4761924
4762295
4763185
4763927
4764473
4764932
4766462
4767028
4767276
4767943
4770078
4770652
4770748
4773394
4773916
4775609
4779173
4780278
4781154
4781368
4781992
4786506
4786836
4786840
4787047
4787847
4790412
4791089
4792028
4793089
4797443
4799376
4800351
4801139
4802132
4803100
4804024
4805528
4805590
4807070
4807312
4808060
4811034
4811329
4811848
4813721
4813923
4814228
4814260
4815468
4816312
4816611
4816794
4817620
4818448
4819163
4820490
4820968
4821874
4822484
4822943
4824628
4825885
4827181
4827715
4828465
4828671
4829294
4829751
4831504
4831625
4831987
4833299
4833407
4834100
4834973
4837741
4838262
4839645
4842125
4843797
4844038
4845701
4845946
4846349
4846995
4848527
4848832
4849293
4849603
4850288
4851640
4853041
4858219
4860364
4860821
4862674
4866635
4867109
4867304
4867875
4868994
4871849
4872762
4873818
4874361
4875367
4878205
4879087
4879716
4882635
4883086
4883420
4883489
4884663
4884938
4886330
4886641
4888375
4888841
4890465
4890805
4895023
4896957
4897595
4900701
4901357
4902686
4902789
4903013
4905345
4905659
4908629
4912305
4912542
4913435
4913932
4914484
4916417
4917286
4917527
4917954
4918388
4921265
4921972
4925106
4926468
4926884
4927956
4928115
4928184
4928886
4930826
4933120
4933202
4933794
4934910
4935423
4937680
4940152
4941569
4942589
4943141
4944671
4946700
4948548
4949687
4950101
4950255
4950916
4956071
4956102
4956684
4957387
4958872
4959996
4960285
4960983
4961772
4963740
4964172
4964643
4966580
4967820
4968143
4968902
4969451
4969662
4970611
4970653
4970929
4972049
4972102
4972721
4973264
4973730
4975011
4977058
4978040
4978060
4978375
4979047
4979524
4981353
4981382
4982217
4984688
4984697
4986249
4987027
4987103
4987431
4989342
4990195
4990460
4990742
4992909
4993439
4994691
4996024
4996351
4997008
4999001
5001328
5002144
5002168
5003421
5005217
5005980
5006325
5006555
5008294
5009190
5010373
5012732
5012980
5013357
5014372
5014434
5016487
5019365
5020007
5020844
5022618
5023049
5023527
5024323
5025429
5026348
5026562
5026655
5029268
5030479
5032662
5032745
5032829
5033130
5033665
5034927
5035319
5036157
5036571
5037294
5037987
5040145
5040820
5041574
5044844
5045320
5048529
5050017
5051531
5052549
5054240
5054799
5056137
5057989
5059848
5061538
5064520
5065477
5066014
5068308
5070054
5070904
5070951
5072236
5075839
5078891
5079353
5079847
5080069
5082161
5084518
5084763
5085570
5085819
5086338
5086429
5086759
5086942
5086983
5087235
5088131
5089437
5090490
5090806
5093354
5093445
5094381
5094389
5096232
5097090
5097673
5098598
5098842
5100059
5101110
5102021
5102907
5103156
5103633
5104174
5104421
5104599
5105155
5105520
5106967
5107775
5108104
5108319
5108380
5109435
5110657
5111719
5111864
5112225
5117100
5118202
5120152
5122286
5123612
5123898
5126838
5129586
5130193
5130213
5130496
5133036
5133506
5133578
5134479
5135581
5136692
5141911
5143869
5144495
5144854
5145078
5145382
5146807
5147092
5147226
5147375
5147385
5147626
5149765
5152376
5155150
5155426
5156120
5157117
5157857
5158216
5159562
5162555
5162885
5163378
5164867
5165082
5168309
5169180
5170939
5171444
5171964
5172075
5174040
5175133
5175250
5175535
5176084
5177620
5179306
5179989
5181959
5183875
5184001
5185638
5189003
5191838
5191856
5192675
5194160
5196807
5198360
5200711
5202546
5203719
5208116
5208500
5213304
5214383
5215666
5215956
5216515
5217171
5217441
5219725
5219765
5221597
5221770
5224434
5225384
5225407
5226942
5227569
5229365
5229507
5230428
5233125
5234249
5234262
5237151
5238074
5238961
5240434
5241245
5241525
5243191
5244514
5247212
5247382
5247824
5248873
5249773
5250168
5250356
5251570
5254106
5254420
5256357
5256517
5258579
5260727
5261788
5261901
5261928
5263330
5264523
5266884
5267302
5268060
5269016
5270100
5270617
5271430
5271617
5272141
5273524
5273616
5274422
5274939
5275562
5276205
5279206
5280496
5280509
5280545
5280905
5281019
5281033
5281110
5281414
5281636
5282736
5283680
5286411
5287373
5288632
5289255
5289350
5289549
5290312
5290583
5291013
5291163
5292103
5292423
5293612
5293773
5294081
5295125
5296897
5297777
5299199
5300875
5301631
5302305
5302770
5304255
5304700
5305174
5306575
5306734
5306997
5307598
5307659
5309166
5309207
5309547
5310427
5313295
5315390
5317894
5319177
5319813
5320251
5320993
5321834
5322107
5326316
5327654
5328444
5331060
5332837
5336361
5336484
5337665
5337865
5337964
5340592
5341366
5341818
5342058
5342068
5342701
5343914
5345996
5346466
5347162
5348831
5351174
5353363
5353976
5355743
5356173
5359416
5359964
5360241
5360519
5360710
5362929
5366527
5366921
5368205
5368936
5370345
5370554
5370710
5370787
5371258
5371414
5373113
5374230
5375912
5376402
5376503
5377202
5378208
5378951
5381035
5381378
5381493
5382071
5382120
5383326
5383787
5383989
5384925
5386271
5387647
5387885
5391630
5392969
5393257
5395540
5396310
5396451
5396499
5396539
5396947
5397134
5400258
5401005
5402502
5402939
5403896
5404463
5404615
5405645
5406920
5407455
5409135
5409348
5409870
5410568
5411085
5411206
5411555
5412077
5413135
5414551
5416419
5417177
5417623
5418211
5419286
5420985
5421004
5421277
5421475
5423572
5423586
5425472
5426246
5427324
5429339
5430222
5432420
5432608
5432723
5433253
5433831
5434116
5435309
5436019
5436554
5436757
5438025
5439280
5439572
5439604
5442952
5443895
5444225
5444337
5447522
5448432
5448498
5449412
5450391
5450843
5455782
5456816
5456888
5457771
5457797
5458751
5458877
5459621
5462523
5462602
5464008
5469000
5469223
5470186
5470467
5471371
5472467
5473525
5474160
5474492
5476775
5476829
5477078
5477967
5481313
5483696
5483808
5483915
5484771
5485398
5486323
5488223
5489505
5490281
5491283
5492034
5493919
5494966
5495204
5496177
5497002
5497430
5498797
5499081
5499250
5503371
5506322
5507289
5507668
5508076
5508299
5508902
5509807
5510949
5511741
5511967
5512162
5513287
5515117
5516585
5518000
5519881
5519949
5521100
5521113
5521381
5522017
5525173
5529326
5531417
5531545
5531647
5533566
5533587
5533661
5533857
5535552
5537604
5537957
5538660
5538980
5539121
5539438
5541732
5541779
5542053
5546969
5549435
5550236
5550472
5551672
5551787
5552899
5553895
5554501
5558007
5559878
5561424
5561621
5562649
5563366
5563420
5565513
5565906
5568287
5569230
5569529
5569654
5573001
5574165
5574375
5575610
5576335
5576511
5576857
5577195
5577941
5578371
5579013
5579219
5579262
5579779
5581712
5584808
5585995
5588995
5591599
5592974
5594250
5595147
5596658
5598693
5599482
5602823
5604873
5610906
5611569
5612695
5612764
5612818
5614651
5615169
5615229
5615439
5616443
5618271
5620124
5620251
5621440
5622899
5623447
5623771
5624679
5626807
5629472
5632622
5632759
5634166
5634624
5634773
5635946
5635996
5636287
5637417
5637558
5637636
5637790
5639306
5639313
5639772
5639809
5641004
5641928
5642071
5642762
5643645
5643897
5646967
5648111
5649507
5649935
5650992
5651447
5651865
5653805
5654728
5655794
5657543
5661142
5662268
5662656
5663419
5663767
5664295
5665168
5667193
5667677
5672866
5673482
5674109
5674957
5676256
5676381
5676832
5678491
5678821
5680460
5681794
5682105
5684157
5686292
5687015
5687074
5687211
5688621
5690184
5690620
5693207
5693722
5694948
5696688
5696948
5697426
5702987
5703083
5704898
5706948
5707632
5708919
5709164
5709653
5709705
5709959
5712414
5712758
5713245
5713925
5716331
5720085
5720280
5720972
5720985
5720999
5721789
5721863
5722003
5723966
5728432
5729371
5729905
5730786
5732824
5733690
5735292
5736116
5738597
5738672
5738945
5738951
5739196
5740493
5740753
5742219
5742471
5744277
5744336
5746803
5747303
5748227
5749975
5750986
5751914
5753589
5754316
5754367
5757379
5757675
5757997
5759525
5760008
5760831
5762465
5762805
5763098
5763425
5763654
5767020
5768336
5769258
5770124
5770693
5771304
5772802
5773034
5773310
5774100
5776893
5779144
5780082
5780317
5780880
5780953
5781367
5786233
5786366
5787307
5789356
5789471
5790187
5790485
5790801
5791821
5792992
5795587
5796728
5798351
5799842
5802077
5802959
5803883
5804024
5805046
5805424
5806168
5807650
5810580
5811846
5811969
5812635
5813459
5814253
5815401
5818195
5818905
5819020
5819494
5821782
5823175
5824251
5824639
5825961
5826069
5826392
5826707
5827414
5827914
5828890
5829082
5830087
5830658
5831402
5832303
5833383
5834015
5834562
5835796
5836215
5836264
5836405
5837619
5840808
5841851
5843172
5843993
5845727
5846489
5849204
5849505
5849878
5849933
5850767
5853340
5859209
5860140
5860631
5860800
5861158
5861949
5862983
5863450
5863498
5863990
5864079
5864589
5865151
5865911
5867119
5867400
5867596
5867967
5868175
5869727
5870049
5870707
5870919
5871179
5872924
5874804
5875508
5877029
5877911
5878978
5879599
5880131
5881878
5882014
5882953
5882974
5883078
5886219
5886343
5887292
5888913
5889105
5889453
5890536
5892285
5892742
5893356
5893622
5894935
5895076
5898726
5899547
5899892
5900010
5900087
5902107
5902581
5903785
5904072
5906410
5907244
5908562
5909163
5910478
5912055
5913575
5913710
5915094
5915404
5916950
5919002
5919733
5920882
5921067
5922472
5925327
5926054
5926813
5927259
5927919
5929414
5929982
5930539
5930682
5931701
5932939
5934326
5935148
5935207
5935845
5935887
5937057
5937683
5938242
5938780
5939442
5940308
5943786
5943999
5947387
5947726
5949936
5950633
5951029
5954374
5955062
5956170
5956227
5956659
5957438
5959857
5961711
5961728
5962176
5962439
5962907
5962999
5964016
5964190
5964446
5966512
5967003
5967213
5967747
5968234
5968433
5970654
5970809
5971161
5971508
5972406
5972663
5972703
5973193
5974137
5976110
5976341
5977439
5977995
5980521
5981690
5983115
5984293
5985593
5986231
5986993
5987111
5989279
5989912
5990280
5991167
5991271
5991889
5992166
5992313
5992452
5992466
5995466
5995651
5995739
5996280
5996662
5998289
5998480
5998609
5999373
6000571
6002341
6002453
6002777
6002865
6003025
6004121
6006341
6006745
6006796
6007669
6007691
6007701
6009580
6009644
6009730
6009878
6010654
6011425
6011509
6015583
6018458
6018660
6019008
6019896
6020497
6021869
6022324
6022417
6023334
6023439
6024429
6024817
6024857
6025024
6025054
6025653
6025983
6027308
6028095
6032693
6032789
6033801
6034234
6034516
6035296
6035507
6037772
6039211
6039634
6039772
6040021
6042445
6042460
6050253
6051013
6052404
6053898
6054162
6056327
6057433
6057532
6058226
6059080
6060207
6061389
6063953
6069611
6069634
6070036
6072358
6072532
6074540
6074964
6076528
6078315
6079239
6079868
6081408
6081676
6082638
6084364
6084729
6085023
6085568
6085796
6086109
6086556
6086836
6087910
6088287
6088653
6089686
6090399
6092646
6092889
6093617
6096243
6096468
6098118
6099040
6099183
6101163
6104706
6105392
6106108
6108584
6110009
6110731
6111048
6111364
6111763
6113208
6113869
6114115
6114471
6115960
6116443
6117246
6117402
6121079
6121194
6121423
6124305
6125935
6129453
6129998
6131192
6131858
6132730
6133618
6134418
6135041
6136415
6136454
6136855
6139162
6139419
6139838
6141787
6142522
6143397
6144347
6145621
6148096
6148578
6150054
6153167
6153466
6154227
6158226
6159708
6161294
6163041
6163097
6163972
6165627
6169000
6171739
6172329
6173886
6173965
6177451
6177522
6177969
6178015
6178017
6180536
6182218
6182625
6182973
6186866
6187719
6189159
6189406
6189576
6190603
6191105
6191833
6192365
6192682
6194044
6197208
6199240
6199992
6200530
6201033
6203568
6203819
6204168
6206386
6208087
6208719
6209032
6209127
6209919
6210339
6211289
6211457
6211788
6213217
6213531
6214346
6219126
6220466
6223758
6223897
6223988
6224459
6225152
6226529
6226766
6229277
6230094
6231662
6231814
6232784
6232841
6233800
6234206
6234747
6235635
6239338
6240125
6240212
6243045
6243903
6246403
6246465
6247746
6248440
6249583
6250721
6251886
6252714
6253070
6257695
6257980
6258738
6259268
6259302
6262201
6264218
6264631
6265538
6266172
6268038
6268632
6268658
6270281
6271518
6271528
6271562
6271685
6272162
6273285
6273369
6274177
6274933
6275913
6276551
6279743
6279821
6281209
6281395
6284821
6285093
6287002
6290248
6290563
6290771
6291989
6292601
6292949
6293159
6295212
6296310
6296320
6296513
6296723
6296854
6298104
6298614
6298719
6298943
6299029
6300174
6300287
6301014
6302352
6303091
6303534
6304042
6304178
6304835
6305100
6305112
6306426
6306453
6307661
6308559
6310193
6311570
6312567
6315653
6317460
6318242
6318794
6318878
6319032
6320845
6321069
6323357
6324025
6325118
6325306
6325552
6326609
6327644
6328693
6328949
6330304
6331266
6331444
6331752
6332245
6333005
6337460
6337665
6338671
6338924
6340125
6346215
6346722
6348380
6348428
6348583
6349182
6349763
6349861
6350066
6350484
6353928
6355384
6356197
6356698
6357320
6357845
6358647
6358984
6359655
6360099
6360180
6361262
6361452
6364633
6367433
6368059
6368308
6369010
6370233
6371083
6371338
6373251
6373714
6374148
6374214
6374949
6376738
6377704
6377882
6378284
6380001
6380024
6380605
6381735
6384020
6385473
6387848
6389232
6390169
6391493
6394760
6394995
6397446
6398320
6399357
6399481
6400522
6401507
6402375
6402436
6402959
6403886
6404194
6404990
6405253
6406108
6408087
6411025
6411920
6412100
6412497
6413594
6414197
6415554
6417138
6417913
6418887
6419544
6419685
6419945
6420228
6422264
6423837
6424723
6425564
6427001
6427697
6427808
6429596
6431566
6431704
6431761
6432351
6435532
6436776
6437340
6437354
6437572
6438855
6438943
6441333
6441554
6441832
6444308
6444548
6445070
6445259
6447355
6449788
6456077
6456978
6458369
6459406
6460149
6461616
6461808
6466077
6466475
6466776
6467937
6468474
6468694
6470708
6470760
6471162
6471984
6472370
6472644
6472769
6472851
6475144
6475358
6475562
6476442
6477126
6477297
6479556
6480077
6485928
6486603
6488921
6490078
6491593
6493782
6494048
6494380
6494879
6495579
6495626
6496481
6497600
6498003
6500316
6505826
6506255
6506696
6507357
6507363
6507550
6507596
6509541
6509713
6509848
6513092
6513100
6513169
6513564
6515356
6515444
6515905
6515916
6516408
6521067
6522898
6524302
6524684
6525604
6526816
6527333
6528612
6529616
6529955
6531620
6533195
6534238
6535861
6540618
6541483
6541508
6543168
6543744
6543997
6544151
6546336
6546549
6548365
6548703
6548704
6550619
6551137
6551996
6552871
6553000
6553456
6553799
6554788
6556667
6557011
6559748
6561264
6561424
6565659
6565937
6567680
6570100
6570161
6570491
6572526
6572742
6574182
6574738
6575019
6575040
6575327
6575709
6577601
6578957
6579376
6579735
6579922
6581528
6582826
6583094
6583573
6584264
6584607
6585428
6586132
6587012
6587535
6589249
6589328
6589360
6589881
6590244
6592207
6593219
6595059
6595286
6596443
6599678
6600152
6601140
6602086
6602275
6606637
6607762
6608949
6609041
6609862
6610542
6611470
6612385
6612751
6613978
6614242
6617144
6617345
6617640
6618238
6619304
6619475
6620894
6621336
6621359
6621367
6622573
6622932
6624363
6624605
6624918
6625331
6627606
6627957
6627985
6629748
6630142
6630784
6631221
6631281
6631966
6632334
6632489
6635155
6636963
6641536
6641719
6642611
6643372
6644511
6645210
6645354
6645907
6646758
6647238
6647671
6648262
6650700
6652047
6652527
6652535
6653001
6653392
6655804
6657768
6658515
6659163
6660094
6660757
6661548
6661654
6662085
6662958
6664191
6664484
6664754
6664827
6665399
6666119
6667876
6668339
6669069
6678049
6678280
6678682
6680307
6681222
6681879
6682544
6684242
6686034
6686376
6686818
6688253
6690165
6690849
6691133
6691403
6692731
6693780
6695212
6698213
6699793
6701544
6702041
6702084
6703030
6706858
6707420
6707421
6708163
6710379
6710814
6711334
6712705
6713139
6713640
6713655
6715169
6718081
6718284
6718668
6722597
6727160
6727309
6728592
6729410
6729553
6732009
6732185
6733471
6733794
6738286
6738474
6738710
6739637
6739785
6740681
6741154
6741161
6741831
6742488
6744853
6746690
6747870
6750154
6750671
6752049
6752935
6752999
6754878
6754926
6755150
6755663
6756485
6756721
6758044
6758936
6760349
6760881
6761328
6761642
6763495
6763818
6763905
6764236
6764745
6764851
6765449
6767163
6768399
6769373
6769761
6770111
6770238
6770287
6771780
6772158
6773347
6774262
6774684
6774739
6774979
6775768
6778510
6779238
6780826
6781084
6781206
6781264
6781302
6781401
6781696
6782216
6782409
6782635
6782890
6786759
6787261
6789320
6789396
6790416
6792686
6793343
6794607
6795806
6796256
6796520
6799063
6799782
6800083
6800769
6801446
6802212
6803969
6804780
6804860
6808186
6808318
6808676
6809019
6809359
6810510
6810945
6811679
6812044
6814928
6815023
6815648
6819074
6819082
6819887
6819894
6820843
6822618
6823355
6823659
6824069
6824735
6825775
6826711
6826979
6829869
6832753
6833221
6834826
6835628
6835686
6835737
6836304
6838431
6839180
6839246
6839261
6839557
6839664
6839977
6840369
6841511
6843479
6843912
6845088
6846519
6848509
6848717
6849643
6850203
6850212
6850497
6851267
6851482
6852711
6852876
6853318
6854982
6855326
6855835
6858676
6859068
6859232
6859287
6861528
6861880
6862829
6863035
6864552
6865805
6867866
6869837
6871177
6871465
6873022
6873318
6874824
6875613
6876226
6876866
6877645
6877854
6878572
6882181
6884013
6885092
6886135
6886461
6888901
6889205
6889820
6890394
6890568
6890632
6891435
6892932
6898672
6899441
6899506
6900311
6901052
6901154
6901626
6904241
6905209
6905283
6905584
6905989
6907365
6907506
6909455
6910975
6911549
6912243
6912474
6913676
6913764
6915043
6915139
6915874
6916047
6918155
6919463
6920195
6922969
6923780
6927152
6928093
6929763
6929764
6930008
6932125
6932437
6934086
6934375
6934510
6934855
6934949
6935189
6937537
6937602
6939075
6940248
6941036
6942233
6943303
6943734
6944999
6945379
6945430
6945666
6947811
6948814
6949039
6951529
6952073
6952574
6953533
6954248
6954852
6955053
6960308
6960684
6960886
6961594
6962050
6962333
6962586
6963638
6964534
6966199
6966792
6967061
6968858
6969431
6971101
6972574
6973815
6975661
6977040
6978978
6984515
6984947
6985445
6985731
6986307
6987246
6987677
6987819
6988225
6991538
6991843
6992856
6993536
6994144
6997364
6997583
6997765
6999078
6999814
7000644
7004027
7004679
7004832
7005003
7005209
7007096
7007317
7007523
7007733
7008287
7010315
7010637
7011626
7015537
7015721
7015823
7016603
7018732
7019910
7020917
7021088
7022679
7024477
7026263
7026428
7026920
7027515
7030344
7030464
7030814
7031612
7031624
7032987
7034373
7036280
7037874
7038015
7038491
7038789
7041241
7041878
7042921
7043303
7043306
7044221
7046322
7046466
7046839
7047041
7048229
7048601
7049186
7049252
7049716
7049958
7050058
7051029
7052415
7053787
7053848
7054038
7055251
7055726
7056267
7056384
7057251
7058217
7058753
7059303
7059512
7065653
7065676
7068523
7069859
7072114
7072949
7073727
7074439
7075191
7076398
7076460
7076501
7078610
7078734
7081192
7081668
7082418
7083573
7083686
7084177
7084350
7085682
7086631
7087139
7089337
7089760
7090025
7091422
7092124
7092139
7092856
7093538
7095797
7100093
7100285
7102185
7105577
7106018
7106701
7108547
7109065
7109984
7110300
7110607
7111488
7112505
7113656
7115004
7117082
7117697
7118546
7119274
7119659
7119712
7120021
7120281
7121122
7121168
7122965
7124849
7125116
7125360
7125540
7127277
7127546
7130862
7137244
7143469
7145270
7148156
7149036
7149457
7152364
7154106
7155697
7161331
7162437
7162655
7163030
7165340
7165391
7165569
7167445
7168164
7169462
7171159
7172143
7172543
7173629
7176210
7177811
7177918
7178270
7178520
7178543
7179056
7180016
7181410
7183805
7184701
7185165
7188320
7191190
7191506
7192121
7193765
7194593
7195218
7195244
7196474
7198776
7200008
7200011
7201919
7202594
7202753
7203875
7203887
7204776
7204996
7206395
7209025
7209978
7210911
7212416
7212683
7212895
7213197
7213741
7215806
7216056
7216109
7216823
7216837
7217418
7217855
7218234
7220275
7221231
7222012
7222825
7224409
7225559
7226558
7228884
7229017
7229043
7229157
7229953
7230243
7231751
7232003
7232561
7233068
7233859
7234394
7234713
7236968
7239175
7239563
7245042
7246040
7246229
7246491
7247916
7248582
7251216
7252346
7252729
7253045
7253096
7253596
7254810
7256274
7257845
7258244
7261000
7263557
7263899
7265973
7266276
7266799
7266997
7268539
7269952
7271861
7272305
7272830
7273463
7274722
7278100
7279124
7280221
7281441
7282103
7282301
7282598
7283256
7284029
7286081
7289410
7290181
7290611
7293522
7293714
7294884
7295315
7295357
7299614
7299782
7300757
7301247
7301259
7301479
7301982
7302958
7303548
7303561
7303677
7303727
7304038
7304066
7304513
7305581
7306135
7306447
7307759
7308836
7311793
7313580
7313908
7313969
7316144
7316369
7317060
7320576
7320707
7321668
7321689
7322362
7322427
7323470
7324968
7325099
7325291
7325677
7325930
7325980
7326008
7327776
7328330
7330941
7331969
7332522
7333600
7334233
7334526
7335093
7335341
7336572
7336599
7337243
7338966
7339215
7339585
7339684
7339702
7342495
7343349
7344112
7346021
7347230
7348521
7349156
7349825
7350974
7351767
7353353
7354421
7355691
7355813
7358027
7358605
7362370
7364139
7365088
7365372
7365463
7366558
7367668
7368509
7368773
7369017
7369140
7369352
7372727
7372796
7373053
7374077
7375041
7375125
7375389
7381093
7381236
7382899
7384072
7390316
7391375
7394434
7394639
7395014
7395640
7396020
7397782
7399083
7399747
7402689
7403214
7404464
7404773
7405058
7405415
7406818
7407237
7407495
7408667
7408786
7409301
7409311
7410594
7410759
7410856
7411488
7412017
7414898
7416246
7416821
7417262
7419498
7420102
7426206
7426816
7428366
7428719
7430733
7433477
7433541
7433989
7436039
7436357
7438817
7441598
7443005
7443712
7444364
7444408
7444696
7444990
7445325
7445361
7447188
7448133
7448297
7448448
7449283
7449360
7449856
7450351
7450476
7450498
7452578
7454650
7454902
7456522
7457042
7459846
7461611
7462964
7467171
7467546
7468681
7468686
7468774
7468930
7471813
7472195
7474237
7474349
7474441
7474631
7475009
7476505
7477190
7477495
7478937
7479300
7479379
7480003
7480240
7480261
7482132
7482512
7488924
7489575
7492981
7493184
7493686
7495984
7496145
7496531
7498159
7502594
7502706
7503985
7506749
7507365
7508440
7510216
7510534
7511527
7512237
7512442
7513338
7514489
7514499
7514785
7515524
7515736
7517395
7518055
7520279
7520782
7521238
7521243
7521830
7521856
7522593
7524083
7524112
7524833
7525698
7526570
7526775
7528441
7530090
7531807
7534272
7538142
7539600
7539727
7539889
7539968
7540075
7541083
7543489
7543811
7544019
7545420
7547081
7547736
7548235
7550873
7552222
7552758
7553051
7555591
7555649
7556881
7557982
7558483
7561148
7561244
7561464
7561680
7562554
7562908
7563352
7564500
7564604
7565106
7565552
7565723
7567614
7568022
7570449
7570507
7571011
7571277
7574768
7576771
7578060
7578273
7581143
7581264
7582016
7583136
7583204
7584372
7586890
7588034
7588752
7591061
7592312
7592486
7593832
7593912
7594113
7594135
7595128
7596485
7596782
7597486
7597570
7599179
7601491
7601947
7606745
7607141
7607798
7608803
7609206
7609231
7609244
7610959
7611377
7613344
7614296
7614327
7615546
7617469
7617745
7619826
7620294
7620788
7622661
7622903
7623803
7624205
7624605
7627354
7629202
7629302
7631607
7632347
7633962
7635541
7636680
7637676
7638185
7638319
7638911
7639027
7640614
7641597
7641808
7642663
7643547
7644656
7645886
7646381
7647185
7647452
7647949
7648649
7649090
7651289
7651930
7651990
7655125
7655809
7655905
7656717
7657225
7657638
7658703
7659127
7659680
7660760
7661948
7662634
7662754
7664190
7665522
7666281
7666414
7666659
7666897
7668030
7668338
7668841
7669904
7670649
7671342
7672518
7672717
7672740
7673115
7673764
7674855
7677173
7677731
7677780
7678206
7678559
7679225
7679842
7681242
7681386
7681819
7682122
7682272
7682493
7682741
7684757
7685069
7685154
7689443
7690254
7693748
7693879
7694076
7697521
7699051
7702275
7704461
7704510
7704569
7705095
7705988
7707398
7710795
7711583
7711628
7711697
7716039
7716323
7716388
7718448
7718883
7719155
7719223
7719724
7719926
7719990
7720253
7720636
7720758
7724028
7725272
7725337
7728185
7729505
7729586
7731408
7735222
7735417
7735459
7735935
7737075
7738263
7738738
7741837
7742535
7742944
7743759
7745051
7745627
7745854
7748407
7748920
7749052
7749413
7751354
7751784
7751830
7752664
7752958
7753213
7754003
7754179
7755733
7758985
7759931
7761203
7761223
7764321
7765047
7765095
7766605
7768035
7768160
7769077
7769641
7770080
7770249
7770732
7770762
7773112
7773386
7773963
7774402
7777039
7777076
7777268
7777530
7778896
7780253
7780342
7783327
7783501
7784720
7784796
7785285
7785426
7785627
7787547
7787735
7788241
7788841
7789064
7789325
7790032
7790186
7791262
7791779
7791800
7792913
7794585
7797071
7797167
7798471
7800230
7801764
7801768
7801772
7802239
7802716
7804824
7805679
7808905
7808939
7809139
7809192
7809490
7812023
7812842
7814110
7814248
7815744
7816170
7818751
7818794
7821558
7823038
7824597
7827089
7830614
7831323
7833088
7834004
7834191
7835710
7839297
7839588
7840924
7841507
7842350
7845542
7845590
7847694
7847745
7847934
7848275
7848896
7849313
7849915
7851303
7851449
7852584
7852960
7853968
7854173
7856138
7857405
7858814
7858915
7859303
7859837
7860246
7860646
7860679
7861057
7861889
7863857
7864244
7866219
7869998
7870069
7870350
7870832
7871066
7872023
7872607
7873791
7875425
7877701
7878558
7879197
7879675
7879832
7881033
7881834
7882052
7883750
7883985
7886279
7890234
7891350
7892870
7892903
7893333
7893398
7899234
7902864
7904279
7905288
7906255
7907793
7908480
7908812
7909388
7909399
7912084
7912838
7913486
7914530
7915439
7915501
7916365
7916520
7917022
7918116
7920433
7921263
7922314
7922855
7923757
7924581
7924717
7925162
7925223
7925855
7927605
7930816
7931385
7931898
7938303
7942240
7943071
7944056
7944411
7944476
7944877
7946592
7947327
7947617
7948338
7948492
7949123
7949270
7951021
7951738
7952911
7954155
7955297
7957772
7958621
7958805
7958991
7959079
7959283
7960003
7961264
7961276
7961965
7964244
7967379
7969963
7970180
7971353
7971634
7972046
7972634
7972895
7973613
7974841
7974901
7975081
7975825
7976946
7977604
7978040
7978987
7979690
7980025
7980646
7981191
7982008
7984322
7988188
7991970
7993227
7994858
7995263
7996355
7997306
7997914
7998676
8002640
8003537
8003925
8005457
8005887
8007721
8011495
8012530
8012723
8013165
8013604
8014825
8014828
8015240
8016118
8016727
8016816
8017950
8018760
8019611
8020420
8020690
8021142
8021377
8025755
8027862
8027935
8028552
8029208
8029272
8029955
8030079
8030613
8032382
8038395
8039246
8039267
8040634
8041672
8042267
8043818
8044340
8044353
8044744
8046609
8046811
8047390
8047620
8048648
8049342
8050331
8051331
8051804
8052388
8054390
8056468
8057004
8057897
8058702
8059427
8059506
8059978
8062675
8063162
8064010
8064296
8065783
8066241
8066718
8067129
8067901
8068324
8069481
8069991
8071572
8072087
8072717
8076153
8076169
8076764
8078125
8078686
8080364
8081641
8085336
8088500
8088847
8089455
8090342
8090752
8094514
8095121
8096586
8096740
8096827
8097174
8098105
8098201
8098383
8098797
8098875
8102028
8102451
8102691
8103986
8106043
8106744
8107358
8108218
8108552
8108801
8111415
8111472
8112148
8116229
8118518
8121159
8121370
8122244
8123142
8124085
8125635
8126431
8126491
8127758
8128140
8128177
8129719
8134112
8136125
8136401
8136465
8136707
8137467
8140850
8141238
8143341
8143864
8143994
8145455
8145641
8145673
8145929
8147319
8147634
8148615
8148633
8149515
8150179
8151901
8154217
8155119
8155835
8156510
8156707
8156738
8157085
8157388
8157834
8160456
8160870
8161313
8162281
8162437
8162763
8163345
8163455
8163813
8165905
8166068
8166688
8168120
8169281
8171752
8172906
8173223
8174552
8174646
8175169
8176251
8176958
8177112
8178157
8178434
8178610
8179702
8183776
8185721
8187491
8188713
8188735
8188848
8190445
8190720
8191123
8191968
8192464
8192505
8193173
8193816
8196390
8200554
8200787
8204312
8204391
8204858
8204969
8206857
8208920
8209000
8210164
8211966
8214915
8214952
8217769
8218352
8220341
8220660
8221265
8221503
8227658
8227675
8228931
8229888
8229965
8230321
8230911
8232296
8234623
8234900
8235519
8235635
8235999
8238799
8238932
8241053
8242718
8244232
8246050
8247945
8251228
8251250
8252933
8255016
8256054
8256842
8257003
8257255
8258495
8259120
8259268
8260053
8260188
8261309
8263279
8263734
8264356
8266623
8267304
8267562
8272299
8272361
8274688
8276537
8277160
8277758
8277849
8278331
8279157
8279250
8279421
8281679
8281717
8282189
8282873
8284754
8285541
8287881
8288080
8290208
8291381
8291548
8292193
8292310
8292371
8292536
8293732
8295045
8295422
8296428
8297744
8299206
8299376
8300054
8300615
8301690
8302380
8303527
8306077
8306720
8308419
8310837
8312581
8314274
8315613
8316742
8316965
8317678
8318587
8320065
8321248
8321374
8322705
8325638
8326781
8326845
8329042
8329299
8329410
8329873
8330130
8330711
8330818
8332415
8340168
8340447
8341629
8342668
8344049
8344183
8345486
8345588
8347376
8347386
8347584
8347672
8347971
8348046
8349356
8350129
8350347
8351836
8352275
8353054
8354606
8355369
8357285
8357614
8359292
8359683
8362759
8364527
8367933
8368358
8368405
8369201
8369412
8371196
8373359
8375385
8376399
8377703
8378162
8380649
8381640
8383948
8384107
8385457
8386392
8387421
8389424
8389760
8390133
8390202
8390851
8391553
8391960
8392282
8394038
8394454
8394511
8394681
8394897
8395428
8395625
8397539
8398941
8398945
8404480
8404607
8405418
8405751
8406761
8407089
8408484
8409733
8411368
8414693
8415543
8415672
8419740
8419749
8419858
8420137
8421420
8421847
8422380
8423044
8423585
8426514
8427227
8427319
8427439
8428407
8430080
8432051
8433374
8433413
8434510
8434536
8434943
8437628
8437807
8438419
8439032
8440881
8441585
8442175
8442357
8443045
8443213
8445995
8448662
8448880
8449874
8450170
8450611
8453042
8453869
8454639
8454933
8455994
8457376
8457882
8459303
8459511
8460261
8460464
8460468
8461195
8462720
8465365
8467237
8468618
8470582
8471593
8472142
8474455
8478376
8480104
8480266
8482171
8483441
8484320
8484354
8484780
8485351
8487040
8487048
8487486
8489128
8492270
8492438
8492939
8494799
8495029
8496484
8498843
8499363
8499809
8500310
8500752
8500785
8503027
8503555
8504112
8505130
8505955
8506357
8508051
8512338
8513024
8513567
8513809
8514047
8514425
8515924
8516357
8516744
8521505
8523646
8525046
8525174
8526352
8527517
8529115
8529539
8529798
8532320
8532852
8534680
8536097
8537489
8537527
8537871
8538302
8539231
8539859
8541684
8542001
8542771
8543203
8543918
8546019
8546650
8546807
8548728
8549073
8551706
8552130
8552432
8553976
8554569
8555704
8556037
8557926
8559172
8559343
8560821
8562362
8563681
8564152
8567551
8567975
8568037
8568317
8568505
8568849
8570079
8570206
8570232
8572359
8574186
8578925
8580992
8581435
8582098
8582287
8582618
8583479
8585078
8585461
8585737
8586184
8587529
8588979
8593278
8595823
8599644
8599848
8600514
8601335
8601560
8604438
8604522
8605262
8605758
8607437
8607730
8608575
8608579
8609012
8609593
8613580
8613931
8614501
8614627
8615239
8616960
8617280
8619483
8619796
8619818
8620095
8620159
8621627
8622517
8622993
8624173
8625406
8626643
8627292
8628004
8628822
8629634
8630046
8631042
8631776
8632188
8633253
8633371
8634078
8634236
8634325
8635395
8635443
8637782
8640528
8647853
8648094
8651144
8655036
8656362
8658563
8660304
8661846
8661983
8662487
8663412
8664902
8665987
8667267
8667658
8670257
8670332
8671773
8673566
8673598
8673790
8674954
8675274
8676885
8677149
8678422
8679370
8680981
8682034
8682275
8682793
8683657
8684814
8689379
8690020
8690091
8690507
8691080
8691329
8692578
8693214
8694270
8694424
8696393
8696526
8698434
8698519
8698921
8700309
8700621
8701875
8702522
8705319
8705889
8706763
8706808
8707309
8708957
8710272
8710305
8711795
8712174
8712661
8713743
8713891
8714734
8716763
8717811
8718251
8718913
8719192
8719677
8722142
8722764
8724148
8726456
8726767
8727194
8727900
8728484
8729792
8731897
8732094
8732911
8733309
8734854
8735125
8735687
8736654
8737533
8737558
8738457
8738954
8739021
8739098
8740155
8742508
8742966
8742973
8744850
8745014
8747368
8748051
8748887
8750204
8751312
8752705
8753233
8753572
8753646
8754073
8758231
8758386
8760140
8760583
8760707
8763532
8764608
8767137
8768061
8768547
8769176
8769478
8769917
8771429
8771727
8771842
8772324
8774627
8774944
8775041
8775059
8775746
8776457
8777762
8779419
8780301
8780609
8780894
8783005
8783158
8784113
8785097
8785319
8786820
8786964
8788326
8794014
8794128
8794697
8795282
8795794
8795940
8798008
8799146
8799474
8805304
8806459
8808119
8808817
8809012
8809244
8809271
8809803
8810338
8810434
8810608
8811640
8812490
8813067
8813290
8814393
8814759
8816179
8817025
8817249
8819073
8821872
8823354
8825273
8827747
8828899
8829918
8830388
8831348
8832607
8833081
8833134
8833618
8834261
8836196
8836372
8837264
8838803
8839555
8839658
8840180
8841418
8844052
8846010
8847620
8848626
8849061
8851152
8852972
8853352
8853992
8854564
8854730
8855193
8855679
8855867
8857420
8859002
8859807
8863066
8864297
8866242
8866942
8867748
8867806
8868600
8869850
8870611
8871321
8871356
8872118
8872822
8873344
8873873
8877638
8878274
8878285
8878976
8879732
8881580
8884581
8886916
8886984
8887379
8887628
8887691
8890634
8891061
8891285
8891532
8891540
8891749
8891765
8892624
8893683
8896794
8897169
8897919
8899384
8899444
8899535
8899837
8902368
8902465
8902971
8904081
8906085
8906192
8908129
8908165
8908469
8909866
8910132
8911670
8912217
8914032
8916089
8916510
8916793
8917034
8917261
8917642
8917987
8919520
8919615
8920297
8921233
8921235
8921764
8922250
8924152
8924551
8924957
8926001
8926926
8928434
8929166
8930345
8932847
8932982
8933120
8933143
8933310
8933687
8934087
8934103
8934391
8935046
8936028
8936839
8936939
8937435
8939508
8940581
8941251
8941508
8941992
8942619
8942697
8945692
8946116
8950188
8951263
8951435
8951644
8954850
8955389
8955857
8956638
8957377
8957383
8959853
8960335
8960538
8961728
8962411
8962711
8963273
8963500
8963882
8964273
8964352
8964529
8964590
8965064
8966998
8967202
8967967
8969671
8969897
8971309
8971694
8971891
8972738
8973056
8973151
8977334
8977431
8977690
8977800
8977871
8978189
8978417
8978455
8979477
8979543
8979656
8980458
8981959
8982702
8982863
8984038
8985186
8985391
8985938
8985998
8987399
8991022
8991876
8993074
8993424
8993533
8993608
8994213
8995216
8995316
8995812
8996015
8996104
8997163
8998062
8998469
8998909
9000173
9001360
9002044
9003704
9005434
9009176
9009904
9010266
9010300
9010393
9010555
9011256
9014177
9016808
9019296
9019490
9020099
9020263
9021130
9021358
9021730
9023221
9025238
9025367
9028677
9029164
9029338
9029352
9029802
9030438
9031453
9032704
9034212
9035017
9035882
9036362
9037040
9037143
9037473
9037673
9038048
9038287
9038462
9039160
9039630
9040306
9043695
9043843
9044395
9046231
9046949
9047174
9047348
9048958
9049077
9049715
9050787
9053256
9053919
9054563
9055187
9055925
9056936
9057023
9057368
9058094
9059097
9059799
9059973
9060384
9060693
9061965
9062508
9062525
9063045
9063974
9067883
9070877
9070960
9071468
9072610
9072756
9074326
9076805
9078692
9079306
9079351
9079430
9080472
9080476
9081569
9082010
9082704
9086002
9087042
9087799
9088663
9089633
9089705
9091784
9094141
9095572
9096060
9098671
9099281
9099779
9100075
9101561
9104986
9105307
9105434
9107071
9108119
9108766
9113218
9113558
9113803
9115163
9115180
9117012
9117812
9118325
9119825
9120407
9121012
9121461
9122423
9123455
9124601
9125024
9126204
9126875
9127330
9128305
9128476
9128831
9129535
9131483
9132434
9135556
9136385
9137428
9138878
9139300
9139577
9139625
9139637
9140918
9141043
9141736
9142471
9143351
9143459
9143574
9143687
9145070
9145509
9145610
9146759
9147124
9147544
9147702
9148532
9149208
9150717
9153024
9154958
9155556
9156225
9156270
9156476
9156580
9157900
9160664
9161524
9162042
9165384
9165569
9166229
9166739
9167238
9167579
9167621
9167780
9170613
9171806
9172110
9175714
9176520
9177108
9177540
9177590
9177885
9178830
9179250
9180195
9181063
9181136
9181873
9182247
9183776
9184205
9185058
9186291
9187259
9187407
9187915
9188347
9188789
9189410
9189764
9190060
9191610
9191868
9192012
9192346
9194030
9197001
9197015
9197203
9199323
9201038
9203474
9203482
9205369
9207801
9210076
9210256
9212703
9214527
9214936
9215077
9215558
9215872
9217447
9217796
9218090
9218237
9218620
9220649
9223137
9223477
9223961
9224118
9225471
9225660
9228336
9228718
9232475
9232557
9232835
9232896
9234835
9236952
9238480
9238535
9239922
9241264
9241916
9242491
9242747
9243599
9244412
9244858
9244930
9247518
9248332
9249295
9249483
9249589
9251625
9254496
9255043
9255051
9255776
9257584
9260223
9261386
9261639
9262033
9263506
9265768
9266158
9268865
9268971
9269610
9270161
9270583
9270731
9270901
9272411
9273306
9273709
9274096
9274191
9275455
9277363
9278193
9278599
9278601
9278961
9280060
9281061
9281835
9281837
9282651
9283820
9284251
9285978
9286639
9287153
9288817
9291756
9293355
9293561
9294565
9294962
9295330
9295950
9296055
9296685
9296987
9297672
9300409
9301298
9301448
9302431
9303045
9305593
9306690
9307769
9307782
9308706
9310794
9311437
9312614
9313302
9313700
9313988
9314312
9315086
9316282
9317034
9317514
9317638
9317823
9318811
9320215
9320582
9321910
9324585
9324778
9326255
9326757
9327386
9327977
9329474
9329710
9330129
9332154
9333330
9334141
9334835
9335608
9335934
9336058
9337255
9337366
9339208
9339563
9340674
9340696
9340818
9344559
9344717
9346632
9349599
9349748
9350113
9352043
9352081
9356612
9356706
9357490
9358141
9358311
9359926
9360346
9360529
9362179
9363902
9365111
9368632
9369344
9370838
9373728
9374119
9378087
9378533
9378809
9380056
9382797
9384167
9385862
9386671
9387394
9389776
9389937
9390669
9391158
9393541
9393967
9395042
9395289
9395437
9396754
9400437
9401556
9403563
9403700
9404404
9404428
9405286
9407975
9410826
9411403
9413202
9414413
9417213
9417303
9418884
9419108
9419848
9420896
9421010
9421095
9421959
9422575
9423787
9423845
9428076
9429263
9429350
9429562
9431888
9433995
9437780
9439773
9440507
9441590
9441692
9442169
9442577
9443829
9444445
9446168
9446411
9446801
9446982
9448130
9448588
9449751
9449911
9450293
9452387
9452630
9453306
9453506
9455836
9456839
9458539
9458673
9459541
9461446
9461652
9462299
9463305
9463775
9464158
9464307
9465207
9466203
9467266
9467727
9468286
9468349
9469482
9470284
9471754
9471916
9472450
9472996
9474084
9474194
9479081
9479207
9481211
9482685
9485965
9486362
9486431
9486830
9487102
9487787
9489028
9489300
9489815
9489958
9490428
9490474
9491682
9493475
9494336
9495236
9497769
9498912
9499420
9499685
9501000
9501045
9501359
9502109
9504630
9504717
9506520
9507050
9507190
9507207
9507349
9508406
9508600
9509390
9510169
9510809
9510897
9511994
9512128
9512317
9513480
9514002
9514983
9515576
9515578
9516574
9516784
9517465
9517906
9518841
9520421
9521223
9523503
9524390
9524683
9524790
9524806
9527548
9527580
9530682
9531045
9532249
9533049
9533788
9534115
9534915
9535601
9535698
9536573
9537873
9537993
9538283
9539314
9541039
9543298
9544490
9544500
9545913
9548423
9549298
9550302
9550521
9553105
9554206
9554998
9555075
9555456
9556569
9556758
9556805
9556814
9558656
9558876
9559054
9562528
9564399
9564806
9565681
9565742
9566954
9568463
9570407
9570555
9572041
9574213
9574698
9575209
9576414
9579142
9579378
9580344
9581441
9583581
9584254
9584842
9585068
9590392
9590975
9591185
9591502
9592788
9594406
9595123
9595466
9595902
9595991
9596409
9602305
9609269
9609487
9610707
9611366
9611373
9611397
9614313
9616406
9618619
9619421
9621385
9622312
9622694
9622697
9624833
9625569
9625787
9626593
9626916
9627395
9628108
9629599
9630431
9631301
9632627
9632833
9635031
9635691
9639465
9639724
9640063
9640160
9645864
9647453
9650284
9654240
9656579
9658906
9659788
9659891
9662434
9662524
9663993
9664833
9664860
9665719
9666228
9668706
9668985
9669855
9669891
9671805
9672669
9673056
9673106
9673551
9674102
9674547
9675050
9675070
9677182
9677407
9678156
9679928
9680838
9682764
9683085
9684241
9686440
9687919
9689834
9690816
9691049
9691649
9692493
9693128
9693598
9693676
9694349
9696687
9697957
9700355
9701085
9701296
9702086
9702136
9702654
9703146
9704288
9705632
9705636
9707038
9707356
9708095
9708231
9711148
9711183
9711851
9712493
9713187
9713792
9715695
9719464
9720439
9720521
9720966
9721036
9722877
9724913
9725487
9727003
9727274
9727513
9727636
9730230
9734055
9735821
9736712
9736717
9737002
9739137
9740359
9742133
9744507
9745541
9747863
9749378
9751267
9751459
9752848
9753581
9755439
9755872
9756581
9756790
9757123
9757977
9758501
9760892
9761601
9761967
9763070
9764675
9764731
9765218
9766226
9766384
9766918
9769313
9770327
9772039
9772687
9773244
9773265
9774268
9775703
9775866
9777711
9778655
9781416
9781616
9782093
9782197
9785833
9787496
9788322
9789642
9789820
9790730
9792642
9797660
9798807
9798988
9799453
9799856
9800330
9800971
9801541
9803702
9805853
9807774
9809947
9812298
9813713
9815551
9815814
9817982
9819123
9820932
9821325
9821875
9822645
9823387
9823477
9823690
9826475
9826942
9827599
9828315
9829885
9830142
9830996
9831020
9832580
9833319
9833338
9833853
9834491
9837071
9837531
9838174
9840489
9841438
9842397
9843505
9845657
9846488
9846598
9847552
9852074
9854557
9856493
9857748
9858878
9859283
9860499
9860941
9861088
9862181
9862322
9862497
9864248
9864750
9865828
9866084
9867148
9869372
9870896
9871994
9872356
9873530
9873885
9875391
9877292
9877844
9877921
9879011
9879514
9879929
9880700
9882958
9883001
9887678
9888288
9889263
9889322
9890172
9892217
9892276
9896016
9896451
9896473
9898205
9899379
9899531
9899601
9900889
9903078
9904407
9904649
9905587
9908466
9909298
9911347
9912026
9912478
9913624
9915968
9916991
9917699
9919090
9919625
9919781
9921147
9923295
9924058
9925204
9925638
9925869
9926964
9930121
9930667
9931195
9932059
9932603
9935913
9936867
9939497
9940326
9940904
9941209
9942689
9943451
9946434
9947168
9947570
9947888
9949039
9949903
9950551
9950690
9954848
9954888
9955196
9956137
9958321
9958387
9959305
9960800
9960824
9961338
9961609
9962330
9964763
9965291
9966114
9966793
9969648
9971514
9973278
9974623
9975052
9975862
9976151
9976615
9978687
9979104
9979415
9981228
9982185
9982644
9982739
9983206
9983401
9986081
9988625
9988768
9989315
9989591
9991266
9994259
9995707
9995992
9997583
9997821
9998056
9999032
9999725
