716
2764
7388
7656
8325
8326
9530
10629
11921
13118
14063
14544
17599
17777
18007
20198
20622
21269
22557
22858
22880
22885
23072
24417
24905
26779
27856
27915
27935
28026
28924
29016
30896
31522
32232
33714
34126
34911
35812
37129
37152
37472
38203
39549
41734
41860
42426
42488
43983
45084
45253
45445
45818
46682
46849
47397
54221
54397
55217
55761
58938
60128
60940
61079
62089
63111
63272
64145
64561
67353
67456
68755
69272
71112
71527
72064
73134
74039
74472
74500
75333
75839
76509
76732
77236
78694
78754
79162
79621
79853
81330
81402
81598
81609
82157
82760
83669
83843
86595
86963
88705
88960
90051
90614
92531
92852
92926
92943
96798
96975
97138
97250
97433
101480
101957
102206
102564
102946
103168
103870
104561
104771
109004
110270
110702
111389
112394
112651
112676
113468
113808
114560
114696
115177
115181
115366
115445
116317
117559
117989
118643
119394
120236
121773
122336
122474
123562
123828
125476
126448
126809
127498
127810
129649
130423
131297
132601
134586
135691
137116
137506
139161
139882
141181
144847
145900
146463
149109
149266
149344
153102
153341
153433
153917
153943
156632
156989
157518
158768
159305
159616
161648
161950
163889
165440
166014
166417
166593
167487
168686
168948
170045
170576
170911
171512
171937
173117
174025
174676
175706
176076
176246
178305
178456
178660
185336
185427
188116
189038
192829
195146
195587
196654
201982
203233
204977
205490
206001
210050
210257
211193
211923
214529
214838
216035
218419
221239
222576
224094
224349
225005
225407
225790
226360
226680
226766
227302
228318
229209
229660
229763
231155
232385
232601
234512
234635
235804
237458
240184
240869
243633
244672
245666
246318
247063
247482
248475
248596
249450
250141
250233
251370
251929
254666
254737
255546
255903
256396
256425
257284
257522
262782
263677
264994
265875
266497
267685
269689
270375
270594
270953
271470
272214
272548
273189
273988
274437
274450
276061
276949
277219
277225
278839
279055
280538
280834
282336
282774
285502
286747
288329
288375
288508
289511
289648
289801
290580
291066
291140
292611
293584
293859
296984
297209
297572
298324
299317
301078
302861
303058
303059
303322
303930
304014
306306
309330
309340
311566
312360
313020
314685
315039
316052
316394
321856
321930
322562
322610
323030
323921
325997
326549
327686
328726
331819
332115
332346
332896
333648
333668
335188
336782
338248
339304
339701
340963
342049
343336
343373
343814
345065
350571
350833
353136
353418
354746
355437
355940
356235
356647
357874
358226
359435
359701
359972
360173
360358
362285
363393
363966
366252
366538
368268
369267
369572
370159
371442
373272
373547
374187
375003
376566
379218
379399
380081
380557
381296
382385
382654
383799
385535
386499
386782
387864
387865
387958
388493
393565
393832
395352
396421
396893
397283
397696
398721
398968
399738
400220
400847
401672
404130
404273
405691
406228
407309
407517
407726
408586
411132
413495
413632
414100
416046
416428
417781
418380
419509
420202
424037
424156
427477
430656
431140
431269
432729
435874
436285
437478
438367
438488
439024
439077
439754
440933
442636
443205
443556
444001
444610
446673
447229
448253
448598
449537
451814
452425
453252
453464
453938
454408
454784
456071
456142
458097
460590
461121
461338
462235
465722
466488
466604
467352
468858
470174
470904
472401
473133
473407
473960
474966
475209
477740
478367
480370
481274
486474
487943
488860
491485
491682
491806
492053
492066
493496
494136
494631
495366
496365
497729
498109
498490
499905
500204
502998
503471
504934
507056
510583
511039
511453
512981
513732
515335
519164
520339
520463
521099
521332
523055
524180
525085
527767
529649
529843
530106
531494
533544
535551
536029
538778
538969
541032
541943
544352
548297
549314
549639
550536
550593
550854
551972
552161
552468
553466
553535
553545
553568
555930
558094
558130
559927
560993
561867
562180
562265
567104
567684
568469
569135
569469
570222
570866
571720
571767
571906
575555
576533
579962
580334
581933
582202
584189
584309
585655
585893
586281
586535
586669
589632
592581
593504
595380
595447
597254
598856
601039
601041
602271
604255
605047
606331
607102
608742
609618
610474
610660
612050
612748
613508
616897
618397
618617
618975
620001
620909
621397
621477
621675
621970
622934
625162
625638
625705
625882
626952
627308
629825
630010
630235
632909
633106
634959
635237
636876
637322
637359
637557
638721
638744
640198
641660
641673
642457
642718
642969
643094
643309
643409
643720
645516
646187
647214
647806
648904
649732
650348
651281
651936
653063
654846
655002
656112
656685
660134
660325
662349
663333
663844
664556
664690
665316
665558
665630
665962
666611
669311
670122
670350
672459
672483
673215
673530
673725
674580
674590
675933
676265
677008
678638
679252
680328
685488
686181
687685
688180
690128
690636
691205
692580
692848
694382
694486
696013
697538
697629
697725
698440
698783
699895
702589
706267
706523
715777
717683
719963
722076
722800
723641
723690
723724
724183
724345
724468
724867
729038
733798
738226
740605
740653
740932
741504
741537
745690
746599
747507
747940
748131
748336
748948
749245
751914
752024
753019
754292
754392
755285
757137
757431
757686
759619
759802
760318
762456
765867
767062
767098
767570
767738
769227
770191
771378
772446
773268
773413
775205
776050
776531
776673
777408
777574
777961
779200
780207
780796
780914
780939
782554
784381
784614
787668
788962
789955
790811
791362
791926
792129
792649
793622
794809
796270
798429
799748
799835
800050
800562
801221
802864
803454
803496
803852
806174
806526
806872
807091
807171
807338
807933
809491
809563
810083
810225
810318
811094
812593
816287
816314
816452
816677
818099
821836
822353
824588
825616
825661
826205
826559
829849
831482
831758
832019
832090
835470
835941
836950
837338
838356
841458
842252
842404
843014
843490
843524
843994
844280
844980
845545
846816
848565
848749
849182
851500
851868
852979
853088
853340
854229
854627
854660
855128
855484
855610
855848
856808
856986
857273
858221
858746
858943
859692
859889
860679
862858
863097
863462
864201
866495
866505
866823
866925
867541
867740
869856
870822
873825
874547
877189
878044
878083
879697
879705
880436
880985
881100
882310
882347
882643
885280
885340
885526
886773
887592
887937
888223
888281
888953
889755
890314
891116
892823
893193
893495
893686
893941
893980
895126
897163
898793
898835
899441
902466
905181
906950
907898
911740
912574
913419
913442
914319
915572
917002
917712
918964
922318
922372
924509
925469
925860
926584
927971
928549
928625
929252
930672
931459
931678
931979
932210
936591
938093
938805
939682
940359
940814
941328
941759
942380
942381
943084
943222
943856
945910
946784
946862
947743
949017
949560
949655
950610
953755
953910
956743
957451
959105
959231
960658
961584
962368
962653
963373
964854
965541
966507
967481
968279
969516
969910
970655
970694
970976
973302
973695
974145
975111
975345
977404
979328
979532
979954
981786
982596
984164
986162
987236
987244
987334
987800
991415
991486
991953
992538
993030
993196
993220
993392
994740
995701
996177
997343
997764
999028
1003191
1003447
1003464
1003944
1005465
1005514
1011723
1012945
1013214
1013265
1013446
1018960
1019041
1019183
1019283
1020159
1020599
1021124
1022061
1022284
1024188
1024222
1024304
1024669
1024805
1028202
1030518
1030542
1030582
1031029
1031532
1034417
1034968
1035825
1035855
1036229
1036670
1037239
1037505
1037857
1038497
1039884
1041573
1041903
1042365
1044305
1045418
1045670
1046004
1046590
1047592
1052335
1054435
1054540
1055084
1055694
1055924
1057468
1060638
1061440
1061536
1064213
1067507
1069163
1072806
1074231
1074605
1076447
1079733
1079990
1081758
1082960
1082967
1084385
1084386
1085291
1086216
1087601
1089873
1090534
1094418
1095774
1097552
1098510
1098710
1100516
1100620
1100676
1101811
1101839
1102165
1103570
1103849
1104088
1105371
1105458
1106612
1116419
1118107
1118996
1119342
1123603
1123637
1127680
1127863
1128497
1128503
1129139
1129394
1133639
1134451
1135124
1135963
1136182
1137064
1137261
1140062
1141593
1141644
1143077
1144638
1144971
1145479
1147433
1147827
1147953
1148726
1148910
1151698
1152110
1153137
1153566
1155017
1157139
1157192
1157487
1157828
1157873
1157948
1158955
1159480
1160177
1163205
1163535
1163867
1164634
1165034
1166269
1167017
1167196
1167992
1169709
1174164
1175095
1175248
1175505
1177654
1179484
1180443
1180570
1180729
1180872
1181353
1183366
1186181
1187924
1188203
1188408
1188931
1189078
1191383
1192646
1192956
1194781
1195207
1196391
1196745
1196760
1196928
1201061
1202637
1202640
1202879
1203459
1205637
1206853
1207351
1208528
1208963
1209125
1209629
1211325
1211776
1212622
1212700
1212858
1215382
1216450
1218327
1218685
1221416
1222662
1223992
1225709
1228168
1228531
1228582
1229430
1231545
1232236
1233346
1234149
1236649
1236904
1237332
1237467
1237734
1239598
1240073
1240198
1240665
1240687
1240692
1241323
1244100
1244742
1246013
1248615
1251270
1251526
1252024
1252539
1252750
1254286
1254354
1254573
1255458
1257028
1257209
1258738
1259297
1259831
1260708
1261115
1261259
1261760
1264834
1265647
1266194
1266998
1267384
1267875
1268244
1268759
1273812
1274171
1274272
1274305
1275336
1275608
1277173
1278006
1278476
1279381
1280714
1282734
1283112
1283188
1284337
1287349
1289465
1291871
1292878
1294733
1295039
1295809
1296343
1296841
1301749
1302751
1303056
1303195
1303533
1305397
1309279
1309593
1310130
1313943
1315206
1317091
1317591
1318477
1322024
1324640
1325068
1325291
1328848
1330685
1331102
1333121
1333950
1336837
1339922
1340157
1340699
1340988
1341468
1342025
1342497
1342806
1343859
1344530
1347158
1348319
1349390
1351286
1351498
1354003
1354254
1356787
1357545
1358803
1359385
1359427
1360632
1360722
1360723
1360749
1361668
1362623
1363683
1364250
1364757
1365370
1367523
1367991
1368353
1368738
1371213
1371409
1372094
1372493
1375343
1376024
1376457
1377240
1377720
1379671
1379734
1379766
1381899
1384717
1385547
1388661
1390594
1392171
1392960
1392971
1393439
1396336
1396714
1396774
1398011
1398500
1399092
1399133
1400018
1400894
1401759
1402737
1403323
1405405
1406222
1406573
1406650
1407137
1408107
1408894
1409701
1411678
1411801
1413108
1413899
1416191
1416491
1417505
1418883
1420545
1421222
1423597
1424889
1425585
1425941
1426079
1427258
1428606
1428698
1430776
1430877
1431589
1432192
1434517
1436483
1437575
1438627
1438871
1440504
1441037
1442074
1442631
1442633
1442696
1442712
1442879
1444996
1446902
1447195
1448496
1449623
1453445
1454779
1456130
1456519
1457021
1457718
1458108
1458845
1460858
1461888
1462247
1463133
1463309
1464831
1466193
1467173
1467408
1468588
1468906
1469712
1469987
1470482
1472345
1473239
1474214
1474569
1474814
1475201
1476977
1477071
1477453
1478962
1480655
1481683
1481900
1483626
1485098
1485499
1486245
1486383
1487248
1487343
1488334
1488977
1489005
1493242
1493610
1495294
1495341
1497387
1497872
1499310
1499862
1500712
1501162
1501459
1502063
1502252
1502974
1503752
1504159
1505630
1505737
1509226
1511088
1513121
1514040
1515435
1516104
1516117
1518349
1519126
1519137
1521752
1523234
1523887
1524133
1524819
1525422
1525712
1525955
1526396
1526555
1527126
1527569
1528636
1529923
1531276
1531590
1532498
1532641
1534177
1534456
1535802
1536633
1536643
1536976
1537889
1538228
1544117
1544368
1547004
1547315
1547799
1548247
1550590
1551628
1551755
1552226
1552836
1555401
1556278
1556656
1558340
1558532
1558631
1558963
1560526
1560612
1561586
1566066
1566217
1566458
1568176
1569052
1570305
1576133
1576244
1576667
1577361
1578318
1580231
1582193
1583068
1583488
1584538
1588492
1589452
1590359
1590602
1592023
1594122
1595022
1595315
1595632
1597222
1597737
1599389
1600365
1600450
1600692
1601207
1601360
1601556
1601802
1604806
1605880
1609823
1611502
1612897
1613680
1613867
1615996
1620133
1620924
1623435
1624243
1624920
1625611
1625712
1628902
1629208
1629551
1629628
1630310
1633699
1634591
1634908
1635837
1635908
1636242
1636729
1637685
1637761
1638406
1638598
1638896
1639990
1640377
1640932
1641784
1644080
1644102
1644569
1645522
1646611
1647619
1649896
1650888
1651127
1651500
1652608
1655286
1656771
1659928
1660937
1661199
1662335
1663003
1663631
1664232
1667302
1669001
1669177
1671509
1671821
1672236
1672457
1674228
1675192
1675459
1676447
1677106
1678454
1679712
1680038
1681239
1684368
1685308
1685946
1686609
1687109
1687525
1687790
1688944
1690905
1691255
1693426
1694208
1694687
1694900
1696165
1696480
1696962
1697282
1702339
1703563
1705081
1705409
1705930
1706893
1707474
1708235
1708314
1709173
1710693
1711107
1711451
1711700
1712803
1713405
1714349
1715173
1715623
1716599
1717188
1719006
1720364
1722212
1722214
1722379
1722386
1723866
1723964
1724379
1724694
1728380
1728911
1732782
1732806
1732862
1733829
1734712
1735408
1736064
1736111
1736147
1737424
1738475
1738554
1739659
1740745
1742540
1744770
1747605
1748265
1749526
1750568
1751084
1751472
1752173
1756383
1756883
1760621
1761338
1762139
1762414
1763400
1764415
1765153
1765592
1765959
1766297
1769193
1769298
1769943
1772253
1775102
1779414
1780477
1781924
1784553
1786906
1787236
1787607
1788636
1793452
1796517
1798748
1798794
1799285
1799662
1800978
1802174
1804174
1804290
1804653
1808128
1808622
1811495
1812155
1813095
1813328
1814621
1814770
1818185
1818658
1819032
1820090
1820573
1820971
1823252
1823263
1823799
1823958
1826108
1826706
1826759
1828643
1828926
1829015
1830373
1830892
1831214
1832252
1833360
1833712
1834384
1834491
1834726
1836672
1840189
1842812
1843462
1844000
1844578
1847180
1847273
1848759
1849530
1849860
1850710
1850992
1852545
1852646
1852915
1856179
1857062
1860247
1861176
1862242
1862768
1863046
1863826
1864527
1865547
1867226
1872643
1872774
1872911
1875074
1875424
1877363
1878836
1880589
1880685
1880974
1882332
1886943
1887124
1887472
1887705
1888921
1889919
1890037
1890301
1890887
1891446
1892204
1893641
1894961
1895217
1895526
1897072
1898238
1898855
1900400
1900797
1902417
1902961
1903671
1903973
1904044
1904579
1905142
1908205
1911065
1913455
1914847
1915309
1919226
1919283
1921187
1921898
1922223
1922575
1926986
1927989
1928927
1929117
1929398
1930564
1930788
1932115
1932135
1932257
1932450
1933415
1933610
1935889
1937550
1938280
1938717
1939703
1940379
1941825
1942084
1943086
1944356
1944967
1945511
1946373
1946527
1947686
1948858
1949000
1951841
1952296
1952853
1954855
1957451
1958021
1958171
1959581
1959615
1960233
1962984
1963014
1963242
1963854
1967403
1967963
1969604
1969780
1970679
1970933
1971604
1971711
1972337
1973888
1974265
1974352
1974969
1976655
1976761
1977202
1978702
1978764
1978985
1979598
1983594
1984442
1985665
1986992
1987442
1987955
1989612
1990397
1990570
1990631
1991981
1992035
1992557
1994034
1995528
1995667
1996173
1996699
1996724
1996853
1997364
1998662
1999475
2000608
2001739
2004329
2004703
2004849
2005441
2007610
2008026
2008064
2008632
2009929
2012270
2012416
2012508
2012730
2012753
2012864
2014973
2015070
2016539
2020984
2022244
2024105
2024637
2025258
2028838
2030005
2030229
2030375
2030840
2033111
2033561
2033974
2034896
2035245
2036267
2036940
2039515
2040409
2044511
2045346
2045354
2046502
2047003
2047657
2048518
2048553
2050835
2051469
2052622
2054848
2056941
2057697
2057981
2058769
2059102
2060206
2060858
2061345
2061846
2063564
2064163
2064454
2064857
2065169
2067764
2068353
2069643
2071363
2072557
2073550
2074091
2075767
2076994
2077294
2077825
2079301
2079341
2081050
2083597
2084530
2084531
2084581
2084975
2086861
2087188
2088710
2091906
2092918
2093175
2095298
2096065
2096525
2096730
2097504
2097797
2098176
2102487
2102711
2103304
2103546
2103684
2104524
2105112
2106265
2106923
2109826
2110438
2111166
2113800
2114228
2114658
2114841
2114920
2115977
2116571
2116591
2116781
2117248
2117857
2119646
2120034
2120423
2120897
2122105
2123723
2124200
2124517
2125788
2129311
2129580
2129657
2130190
2130567
2131880
2131994
2132629
2134401
2134533
2135111
2135592
2135735
2136594
2137369
2137414
2139034
2139713
2140560
2140710
2142174
2143250
2143386
2143692
2143772
2144167
2145909
2146057
2147505
2149238
2149965
2152286
2153605
2154383
2155721
2157902
2158841
2162318
2163744
2165710
2166922
2168686
2168786
2173428
2173462
2173879
2175768
2176413
2178004
2179489
2179763
2180615
2183891
2184864
2185582
2187372
2187662
2187899
2188942
2188954
2189423
2190300
2190829
2191229
2192042
2193718
2194751
2195690
2198776
2201557
2202104
2202417
2203392
2204288
2205056
2206497
2207047
2207309
2207504
2207863
2209063
2209734
2210735
2210900
2211214
2211452
2212375
2213892
2214331
2214458
2214609
2215031
2215600
2217088
2217435
2220003
2220941
2222763
2226505
2227058
2228893
2230375
2234084
2234273
2234307
2235792
2237375
2238109
2238296
2239086
2240481
2242654
2242924
2243561
2244679
2245106
2246017
2246861
2248845
2249271
2249581
2249729
2251881
2253290
2253948
2255374
2255809
2256195
2257382
2258732
2259135
2260685
2262224
2263690
2263879
2264064
2265133
2267082
2268426
2269075
2269870
2270535
2273229
2276098
2276810
2278405
2278948
2280912
2281411
2282304
2282592
2282805
2284238
2285512
2286169
2286272
2288090
2290238
2291358
2291935
2292101
2294423
2295161
2300349
2301865
2302041
2303740
2303948
2303963
2304169
2305191
2305655
2306244
2307727
2309104
2309615
2309902
2310958
2311727
2312751
2312819
2312996
2313296
2315385
2317864
2319492
2320332
2320923
2322548
2323120
2324067
2324070
2328055
2328414
2330327
2331394
2332213
2332557
2333220
2333640
2333958
2336097
2339221
2340475
2341584
2342616
2343115
2343158
2343221
2343476
2343592
2344712
2344737
2344932
2345042
2347640
2349062
2350148
2351173
2351609
2352559
2355410
2357006
2357455
2357859
2360034
2363142
2364210
2364354
2364923
2365761
2365860
2366949
2367287
2367699
2368630
2369019
2369737
2370891
2372171
2372568
2372710
2373669
2374737
2374783
2374995
2377357
2377517
2377765
2378139
2378476
2378524
2378789
2378932
2379434
2379961
2380731
2381403
2382520
2382795
2383404
2383926
2387118
2389501
2390658
2391264
2391689
2391708
2392805
2393086
2393361
2395760
2397284
2397362
2397578
2398482
2398971
2399630
2402322
2402837
2403043
2404518
2405812
2405890
2411638
2411959
2412035
2412329
2412445
2414006
2414844
2414881
2415372
2416233
2416559
2417034
2418165
2419135
2419600
2420493
2421753
2422805
2423802
2426340
2427214
2429750
2430339
2432393
2432842
2434514
2435116
2435125
2435134
2435161
2435655
2437002
2437931
2438593
2439032
2441138
2441398
2442059
2442087
2442122
2443566
2443664
2446001
2446584
2446768
2447991
2449714
2450448
2450648
2452742
2452809
2455717
2456637
2457588
2458916
2459840
2459891
2461247
2461569
2462039
2464680
2465749
2467779
2469351
2469464
2470192
2470715
2471927
2472757
2472778
2475097
2478350
2480749
2482721
2483297
2483325
2483561
2484905
2485449
2485570
2485577
2486373
2486839
2487502
2489104
2489892
2493267
2494248
2496482
2496806
2498583
2499117
2501310
2502251
2503060
2503722
2504370
2504783
2507564
2509152
2512808
2513661
2513668
2514612
2516180
2516540
2517239
2517875
2518341
2518911
2519374
2520378
2521311
2521688
2522232
2523960
2524660
2528882
2529113
2530591
2530669
2530839
2530885
2531444
2532074
2532428
2532675
2533769
2533820
2535581
2536910
2539230
2540354
2541648
2542283
2543215
2543553
2544596
2545289
2550446
2551344
2553689
2555590
2555677
2556123
2556536
2556841
2557072
2558201
2558530
2560081
2560652
2561390
2562185
2562209
2562428
2562719
2571672
2574077
2574111
2575519
2575896
2580251
2580616
2580948
2581484
2581639
2582715
2583625
2584973
2585196
2585256
2586840
2588337
2588524
2589688
2589838
2593075
2593680
2596291
2597086
2597643
2598780
2598914
2599793
2600939
2601935
2602039
2602865
2603416
2603860
2604016
2604137
2605640
2609588
2610062
2610471
2614721
2614950
2616013
2616537
2617032
2618206
2618841
2619536
2621699
2624515
2625002
2625145
2626032
2626301
2626910
2627258
2628280
2628558
2629433
2630896
2631056
2633539
2633893
2634758
2636441
2637137
2637138
2637331
2637518
2639819
2640588
2641378
2643149
2645285
2648200
2648772
2649739
2649753
2650360
2650628
2652469
2652766
2653184
2654181
2656479
2657035
2657378
2657404
2660238
2662935
2664415
2669113
2670329
2670352
2671495
2675251
2675412
2675454
2676286
2678163
2680815
2681633
2682573
2684416
2686719
2687754
2692678
2692769
2692837
2694193
2694247
2694688
2695151
2695603
2696386
2698881
2700358
2700849
2700917
2701245
2703963
2704553
2705684
2706595
2708042
2710681
2713310
2713437
2713813
2714323
2717311
2718976
2720954
2721757
2721801
2722015
2722291
2722816
2724476
2727392
2728445
2728508
2729921
2729982
2730453
2732499
2734087
2736556
2736786
2741755
2742770
2743233
2743253
2744133
2744304
2744537
2745748
2747256
2747641
2750498
2752325
2752424
2752690
2757184
2757408
2761131
2761327
2763857
2765759
2766504
2766777
2767285
2768631
2769718
2770477
2770814
2770980
2772018
2773208
2774180
2775362
2775872
2776066
2776169
2778297
2778455
2780104
2780879
2781913
2781979
2782414
2782740
2783537
2783917
2784666
2784853
2784928
2786738
2787608
2788029
2788290
2788966
2789548
2790053
2790346
2792653
2794020
2794359
2796217
2796446
2797441
2797945
2799228
2799353
2800237
2800334
2801652
2802117
2802134
2802534
2802790
2803216
2804295
2804747
2805095
2805661
2805869
2806114
2806378
2806514
2807111
2810343
2810593
2810699
2811293
2811379
2812086
2813595
2813630
2813913
2814350
2814572
2816727
2817128
2817454
2817982
2819104
2820043
2820484
2820797
2821325
2822700
2822993
2824974
2826455
2826586
2827718
2827779
2827914
2829673
2829736
2829963
2830171
2833012
2833557
2836133
2836211
2838823
2839439
2840910
2841008
2841659
2842325
2842446
2846216
2847426
2847758
2848324
2850593
2850777
2852528
2853039
2854382
2854724
2855104
2855480
2857234
2857328
2857737
2859033
2860896
2861558
2864683
2865402
2867086
2867452
2867931
2868301
2868509
2872317
2873344
2874007
2877062
2879251
2879829
2880579
2883341
2886588
2887038
2887704
2888085
2889367
2889506
2890513
2890958
2891314
2891413
2891685
2895133
2895210
2895240
2896849
2900962
2901691
2901734
2902454
2902482
2903443
2903530
2904271
2905132
2905699
2906852
2907595
2909367
2909374
2909523
2909705
2911399
2913251
2913479
2913747
2913816
2913824
2915464
2915678
2916709
2916831
2917446
2918140
2918789
2918836
2918847
2919062
2920379
2922433
2923306
2925549
2926278
2926295
2927587
2927644
2929631
2929955
2932051
2932606
2934081
2935505
2936166
2936286
2936405
2943260
2947243
2947547
2947882
2947980
2947982
2948689
2949969
2951329
2953074
2954655
2954888
2956742
2957532
2957899
2960649
2960754
2961007
2961665
2963441
2964625
2965587
2967593
2967736
2967763
2968393
2969097
2970237
2970621
2970990
2972926
2973940
2975960
2976237
2976819
2977191
2977429
2977936
2978293
2979503
2982555
2984280
2985280
2985742
2985831
2989145
2989691
2990428
2990799
2990970
2991040
2991561
2991905
2991907
2992099
2993224
2993814
2995962
2997126
2997345
3001637
3003950
3005059
3007312
3007316
3007697
3009041
3011018
3012160
3012369
3012667
3014429
3016358
3021286
3021847
3022851
3022999
3023390
3025752
3026607
3027766
3028136
3031935
3032390
3032549
3033475
3033823
3035238
3036556
3037963
3038701
3040513
3041284
3042710
3043469
3043832
3044118
3044448
3044606
3044612
3047650
3047679
3047760
3048962
3049363
3049716
3049757
3051189
3052199
3052304
3053717
3054815
3056456
3057854
3060753
3061115
3062086
3063530
3064093
3064906
3065566
3066709
3069116
3069611
3071258
3072443
3072949
3074387
3074970
3077955
3079229
3079672
3079697
3080768
3080836
3081032
3081291
3081338
3082301
3086894
3087725
3090172
3090963
3094351
3098708
3099293
3099318
3101187
3102031
3102548
3104076
3104301
3104593
3106055
3108287
3108530
3109217
3111266
3112061
3113292
3114754
3114911
3116427
3117558
3119132
3119227
3119281
3119316
3119621
3120634
3120959
3122076
3123347
3124868
3125682
3125892
3126486
3127297
3128732
3128812
3129900
3131718
3131763
3132326
3133249
3133399
3134275
3134310
3135639
3136303
3137551
3139926
3140352
3140505
3140639
3143693
3145163
3145625
3146427
3147436
3147580
3147722
3148481
3149928
3150825
3151307
3151378
3152046
3153313
3154138
3155789
3155961
3156316
3156547
3156677
3157002
3158061
3158568
3158690
3163702
3164582
3164786
3165549
3167492
3168785
3169632
3173276
3173280
3173950
3174009
3175651
3176281
3176473
3177666
3180333
3180960
3183227
3184462
3186193
3186660
3186777
3187037
3188134
3189506
3190288
3190389
3192300
3192491
3193856
3194310
3194446
3195221
3195910
3196940
3198283
3199605
3199664
3200685
3202300
3205536
3207031
3207142
3208345
3208824
3209712
3211210
3211993
3212484
3215507
3216031
3216034
3216778
3216805
3217529
3217630
3221123
3221212
3221333
3221651
3223347
3223477
3223976
3224339
3225233
3227213
3228616
3228673
3229157
3229726
3231267
3234277
3234858
3234903
3236412
3238277
3238516
3238865
3238987
3239173
3239689
3240173
3240376
3241013
3241424
3242060
3243057
3243878
3245712
3246438
3249383
3250427
3251166
3252508
3252783
3253921
3254995
3255438
3256492
3256844
3257726
3258181
3259668
3259880
3260421
3262317
3262450
3263249
3263316
3263964
3264886
3265498
3265792
3266020
3266595
3266714
3266805
3267307
3269346
3270081
3270478
3272073
3274125
3274653
3276823
3277154
3277403
3279566
3279711
3281594
3282242
3283087
3283148
3283302
3284961
3285147
3288139
3288258
3289374
3293463
3294610
3296154
3298590
3299139
3299970
3301020
3301212
3301738
3304723
3305512
3305930
3306645
3307254
3309201
3310269
3312334
3313575
3313606
3314654
3316909
3316930
3318454
3318621
3318738
3322119
3322495
3322947
3325407
3327658
3329284
3329422
3331017
3331334
3333410
3333762
3334597
3337213
3337793
3338160
3340070
3342034
3342353
3344018
3344497
3345139
3345188
3345538
3347552
3347814
3348139
3348756
3349957
3350005
3351801
3351833
3353659
3354098
3354488
3354647
3356074
3356253
3357005
3357475
3358115
3359145
3361497
3361843
3363042
3363126
3363471
3363668
3364271
3364950
3365287
3365449
3366224
3366572
3367331
3368018
3369886
3370316
3371322
3373179
3374349
3374552
3377752
3378326
3378717
3379664
3380792
3382211
3382809
3382958
3383809
3384137
3385175
3388559
3389878
3390897
3391656
3391771
3391895
3392481
3392765
3393366
3393378
3393620
3395001
3395087
3395659
3396514
3398272
3398350
3399649
3401548
3402320
3403780
3403887
3404328
3405995
3407693
3408567
3408772
3410065
3411214
3411370
3411449
3413716
3415427
3416542
3417050
3417385
3417595
3417867
3417939
3418498
3420320
3420561
3421930
3423894
3424385
3424586
3424742
3424875
3426600
3427699
3428940
3428971
3432341
3433736
3434638
3436985
3439304
3442959
3443062
3445007
3445349
3447267
3447621
3447693
3448100
3448218
3449063
3450460
3452566
3453283
3453998
3454408
3457623
3460040
3460164
3460451
3461064
3462954
3463446
3464198
3464616
3464667
3465485
3466215
3466561
3467334
3468391
3468772
3470745
3472451
3473509
3476187
3477222
3478439
3479475
3480560
3480740
3481564
3482786
3485222
3486007
3488552
3488568
3489601
3491335
3492604
3492893
3493321
3493783
3494879
3496173
3496417
3496733
3496799
3497804
3497813
3498519
3499103
3499767
3500705
3500736
3500813
3501300
3501867
3502173
3502942
3503337
3507868
3509478
3509512
3510509
3511085
3515156
3515546
3515726
3517174
3517986
3519773
3519879
3520242
3520452
3521388
3521584
3522540
3523106
3525121
3525602
3526077
3526809
3529756
3531123
3531264
3531456
3531978
3533581
3534445
3534462
3535747
3537050
3537597
3540439
3540692
3544930
3545495
3545941
3546430
3547564
3548145
3549296
3551716
3551748
3551957
3552149
3553097
3554227
3554992
3555788
3557837
3558409
3559107
3559169
3560389
3562632
3563094
3563372
3563861
3564327
3565114
3565417
3567572
3568195
3569224
3570632
3571076
3571374
3571440
3571704
3571835
3573601
3574076
3576177
3576428
3578482
3580110
3580249
3586685
3587546
3588445
3590295
3593174
3594240
3595817
3596928
3598566
3599232
3600146
3601708
3602655
3603139
3605487
3609822
3610082
3610371
3610619
3610856
3612779
3613654
3613793
3614486
3614593
3614736
3615246
3615786
3615875
3616131
3616285
3616552
3617335
3618178
3618633
3619719
3621608
3623325
3625236
3627262
3627268
3627424
3628275
3629994
3632024
3632509
3632798
3633081
3633767
3634713
3638633
3639254
3639462
3639933
3640609
3640643
3643285
3643664
3646210
3646326
3646594
3647697
3648712
3649590
3651198
3652272
3652632
3653168
3653582
3657496
3657996
3659788
3660728
3661024
3661225
3662276
3662766
3663894
3663907
3664024
3664638
3664938
3666258
3668304
3669960
3670681
3672455
3672601
3673361
3673461
3675734
3675776
3677222
3677751
3677761
3678938
3680569
3681272
3682657
3684748
3686078
3686856
3687209
3687889
3688855
3689173
3689218
3691304
3692023
3693480
3693636
3697062
3697106
3697795
3697872
3698049
3698462
3699404
3699418
3700040
3701267
3704002
3705164
3705320
3705990
3706146
3706587
3708677
3710248
3710376
3710572
3713174
3713416
3713842
3716141
3716424
3716541
3716835
3717050
3718564
3720578
3720623
3721361
3723973
3724214
3724347
3724694
3725254
3726224
3726316
3727570
3727760
3728526
3729159
3729238
3729425
3729677
3730730
3731358
3733122
3736193
3736355
3736722
3737092
3737731
3738362
3738762
3738877
3739890
3740646
3740865
3740894
3741855
3741991
3742282
3744004
3745971
3746841
3747760
3748354
3748989
3749440
3750451
3750558
3750852
3751886
3751904
3753719
3754043
3754999
3758063
3758105
3759341
3760652
3761413
3761737
3762010
3763478
3763591
3763610
3763689
3764262
3765091
3765532
3767844
3768105
3769296
3770302
3771994
3772827
3773049
3773974
3774129
3774562
3775209
3775310
3775311
3775513
3775567
3776668
3777445
3778317
3778541
3778978
3780784
3781110
3781429
3781832
3782389
3784268
3784373
3786471
3787165
3787908
3789165
3790600
3790900
3791773
3792649
3792685
3792747
3794090
3794292
3796110
3797114
3797941
3798493
3800297
3801818
3801864
3802994
3804212
3804519
3804600
3804665
3805109
3805217
3805998
3806910
3806978
3807074
3807315
3807813
3808566
3808890
3813601
3813782
3813937
3814217
3815350
3816717
3818116
3821310
3821474
3821568
3821627
3822021
3824997
3826919
3831035
3831669
3831777
3835167
3835307
3835418
3836772
3837154
3837686
3837735
3837795
3837960
3839294
3841200
3841638
3843072
3843942
3845869
3846129
3847343
3847926
3848292
3849400
3850554
3851912
3853571
3855853
3855901
3857479
3858125
3859055
3859998
3862128
3862317
3862339
3862739
3863324
3866411
3866418
3866423
3867470
3867995
3868621
3868643
3872009
3873707
3874522
3877652
3879102
3879140
3880171
3881911
3882363
3882637
3883295
3883325
3885448
3886901
3887033
3887789
3887820
3887990
3889432
3889628
3890046
3891153
3891578
3892508
3892895
3894427
3895212
3895302
3896420
3896517
3897214
3898425
3898966
3900485
3900618
3901484
3901896
3903200
3904147
3904495
3905861
3906119
3907010
3907035
3910444
3911684
3912172
3912704
3912995
3913088
3913833
3914613
3914777
3916544
3916593
3919229
3919829
3922732
3923049
3923375
3923893
3923940
3924001
3925332
3925392
3926489
3926907
3927536
3929631
3930099
3930953
3931733
3932225
3933753
3936864
3938247
3939865
3940324
3941002
3943098
3944296
3945118
3945950
3946584
3946750
3949941
3953110
3953454
3954311
3955277
3955970
3956352
3956943
3957724
3957911
3961046
3961060
3962499
3963526
3964352
3965812
3967490
3973674
3974357
3975106
3975501
3976092
3976107
3976173
3976175
3976563
3977449
3978649
3979419
3980156
3980661
3980743
3984552
3984986
3986100
3986454
3987237
3987488
3987522
3988878
3989387
3989543
3990444
3990837
3995954
3995997
3997482
3997693
3998465
3998562
3998607
3998972
3999155
4000212
4002892
4003992
4004907
4005101
4005368
4006522
4006763
4007787
4008031
4008736
4009433
4010861
4010902
4011108
4012679
4013040
4013081
4013336
4014403
4014778
4015487
4016848
4021357
4021506
4021563
4021678
4022001
4022276
4022564
4022681
4023179
4023300
4025345
4026512
4026606
4028145
4030297
4030938
4032607
4032750
4033579
4035928
4036496
4039266
4039872
4040553
4042185
4042423
4042973
4043699
4045585
4046746
4050016
4050341
4050347
4051392
4052496
4053151
4054919
4055096
4055741
4056925
4057336
4057675
4058729
4059267
4059660
4060146
4061761
4062433
4062870
4063919
4068682
4070187
4071973
4072007
4073515
4074086
4074398
4077064
4080212
4080557
4081015
4081980
4082579
4084240
4084947
4084966
4085070
4087056
4087473
4088580
4089989
4090134
4090515
4092600
4094863
4095580
4096707
4098912
4101085
4101456
4101494
4101717
4102349
4104321
4105044
4108487
4108876
4108911
4109471
4109524
4110327
4110720
4111716
4113169
4113225
4113531
4118220
4120593
4120682
4121197
4123434
4126823
4126964
4128725
4128881
4129430
4129674
4129934
4130619
4131900
4132553
4132595
4132661
4134236
4134562
4135191
4135251
4136144
4138166
4138869
4139403
4140292
4140330
4140748
4147162
4147714
4148182
4149806
4150943
4150987
4151415
4151483
4154073
4154548
4155529
4156229
4156910
4157801
4160216
4161089
4162779
4162943
4163392
4163887
4164068
4164649
4164745
4165365
4165529
4165849
4165979
4166396
4167736
4167791
4167913
4169015
4170195
4170589
4171586
4173474
4173603
4176452
4176520
4177188
4177217
4178396
4178508
4178961
4178995
4179310
4179520
4179775
4180953
4181161
4182148
4182450
4183603
4183787
4185135
4188339
4188428
4188547
4188622
4189732
4189790
4190611
4192063
4195092
4195345
4195748
4195996
4196734
4200143
4202630
4202654
4203237
4203523
4204463
4205042
4207144
4207762
4209553
4215144
4216498
4216922
4217836
4218901
4220000
4220411
4220685
4222000
4222566
4222962
4223314
4223362
4225861
4226306
4226313
4227166
4227727
4228214
4228773
4231148
4231732
4235120
4235232
4235318
4235584
4237003
4240208
4240415
4240883
4243509
4244425
4245239
4246430
4247679
4250613
4253573
4253614
4254258
4254641
4255624
4256053
4257220
4257298
4257604
4258805
4259170
4263098
4263985
4264335
4267176
4269087
4269441
4271218
4271752
4274050
4274791
4275161
4275491
4275610
4278224
4279183
4279348
4280541
4282376
4282560
4282795
4282814
4282966
4283358
4284111
4286004
4287302
4289773
4297289
4298423
4298613
4298651
4299621
4299802
4301005
4301360
4301860
4302166
4303040
4303556
4303756
4305036
4305197
4305218
4305500
4305948
4306959
4308912
4310282
4311367
4313776
4314004
4314206
4314401
4315014
4315798
4317768
4319014
4319576
4319922
4320473
4324335
4324533
4327211
4328877
4329029
4329832
4331900
4332092
4332268
4333109
4333286
4334217
4334869
4335190
4335242
4335842
4339440
4341337
4343273
4344171
4344703
4345409
4347274
4348313
4349923
4351213
4352955
4358216
4358507
4359269
4359540
4361833
4361886
4362538
4363287
4363779
4365373
4365687
4366266
4366308
4366503
4366546
4366596
4366976
4367705
4370458
4371065
4373521
4373970
4375396
4375404
4375652
4376691
4376814
4377707
4377846
4379447
4379566
4380414
4381457
4382076
4382760
4382944
4383519
4384795
4386260
4386680
4387944
4389340
4390807
4394572
4394908
4395708
4395709
4396037
4396335
4397592
4398041
4398992
4399514
4401062
4401791
4404119
4405979
4407817
4408024
4411012
4411478
4413167
4416045
4418759
4418891
4420168
4420804
4421086
4421771
4421977
4423136
4423740
4424619
4427755
4430935
4431072
4432249
4435065
4436272
4437232
4438695
4439921
4442198
4443646
4443998
4444168
4444785
4445990
4446218
4446225
4446767
4446771
4446787
4448722
4449356
4451949
4452036
4452352
4453666
4453956
4455504
4456271
4456549
4457716
4462602
4462790
4465812
4468457
4468850
4469119
4469798
4470346
4471647
4472980
4474112
4475094
4475432
4475854
4477319
4478794
4481359
4481761
4482541
4483101
4483782
4484459
4484570
4485080
4485567
4486833
4486866
4488351
4489685
4490065
4490675
4494181
4494946
4495627
4496029
4496622
4498833
4499750
4500300
4500500
4502981
4504555
4505419
4505974
4506137
4506441
4507809
4508332
4508797
4509004
4509047
4509438
4510088
4510694
4510720
4511484
4513406
4513507
4515593
4515915
4517184
4518153
4518914
4519810
4522473
4522677
4523969
4525520
4526168
4526834
4527210
4529430
4529522
4529850
4530193
4532006
4532187
4536533
4537117
4538103
4539657
4542305
4542854
4544246
4547458
4549355
4552204
4552533
4553171
4554307
4554409
4554626
4554739
4555188
4556427
4556762
4556835
4559683
4559712
4560975
4562293
4563287
4566361
4567036
4567754
4568549
4569672
4571085
4572743
4574510
4574535
4575517
4577003
4578368
4579893
4581777
4582107
4582171
4582526
4582674
4582688
4582791
4582813
4583462
4583587
4586588
4587985
4588453
4588820
4590007
4590492
4591525
4592942
4593465
4594486
4594616
4597576
4598224
4601361
4601363
4603002
4603256
4603501
4603875
4604114
4605134
4605767
4609666
4610354
4612084
4612878
4616029
4616893
4618076
4618552
4618954
4620364
4621421
4621450
4621669
4621949
4622825
4623719
4624196
4625434
4627628
4628754
4629363
4629576
4630531
4631712
4631771
4632964
4633091
4633759
4634760
4635609
4636817
4637235
4637770
4638433
4638445
4639505
4639568
4640927
4641305
4642131
4643256
4645867
4645886
4647183
4649039
4649569
4651557
4652036
4653468
4654457
4654659
4656067
4656433
4656583
4658559
4660278
4660835
4660980
4660987
4662250
4662446
4664113
4664256
4664824
4664967
4665689
4667391
4669435
4671704
4672382
4673045
4673275
4674507
4675660
4678058
4678646
4679419
4679485
4681808
4681983
4682614
4683120
4683689
4684006
4684576
4684987
4686167
4686180
4687813
4688367
4689228
4689880
4691923
4692320
4695916
4698486
4698890
4700687
4702399
4703054
4703199
4705361
4707260
4707319
4708160
4709895
4711148
4712176
4713385
4714587
4717015
4717277
4720719
4721223
4721284
4721524
4721925
4722206
4722289
4723091
4723226
4723483
4723621
4725079
4725994
4726547
4727142
4731008
4731913
4732646
4734171
4735311
4735595
4736262
4736453
4736830
4737205
4737486
4739246
4739468
4739891
4741025
4741103
4742095
4745802
4750252
4754373
4761595
4762427
4762854
4763963
4766365
4766543
4767515
4771035
4771167
4771801
4772043
4772116
4774090
4775040
4775199
4775904
4776095
4776239
4777275
4777643
4779075
4780306
4781282
4781343
4782798
4783738
4784284
4784374
4784649
4785195
4787556
4788488
4789087
4789561
4789604
4790551
4791130
4791313
4791838
4792714
4794226
4794978
4795582
4798213
4799222
4800803
4800962
4803203
4805223
4806992
4810982
4812132
4813711
4814002
4816271
4817753
4818110
4819229
4819752
4821453
4821472
4823379
4825448
4826316
4831015
4831703
4831793
4832607
4835779
4835969
4837170
4838731
4839300
4839583
4839701
4841214
4841481
4842382
4848109
4850768
4851355
4852246
4852850
4854963
4855242
4855305
4856414
4856571
4856920
4859288
4859387
4859749
4860388
4862077
4862748
4862971
4863142
4863214
4863968
4864063
4865378
4865818
4868811
4869112
4872387
4872874
4873105
4874301
4875161
4876713
4877071
4880726
4881029
4882012
4882158
4884840
4887799
4889980
4890214
4890897
4890949
4892000
4892473
4892888
4895014
4895720
4900380
4900615
4900908
4901285
4901904
4901931
4902331
4903532
4904282
4905589
4907560
4907735
4908221
4909685
4910174
4911692
4914315
4914336
4917879
4917929
4918472
4919071
4921266
4921613
4922085
4922209
4925861
4928049
4930175
4931181
4932978
4934986
4935682
4939045
4939299
4939979
4940598
4942607
4943677
4947537
4948567
4951646
4951707
4952185
4954980
4955010
4955493
4955859
4956277
4958739
4960545
4961726
4964095
4964115
4964151
4964211
4964647
4964849
4966377
4967925
4968591
4968672
4968937
4969828
4971257
4971347
4971681
4972707
4973019
4973939
4974178
4974460
4974710
4976235
4977706
4981362
4981803
4981814
4982773
4983736
4984790
4986149
4986414
4987373
4987601
4988800
4988860
4992135
4992378
4992574
4993222
4994184
4994518
4994756
4995047
4995979
4997791
4998253
4998736
4999011
5000637
5003059
5003099
5004071
5004281
5005543
5006273
5007404
5007987
5008791
5011603
5011639
5012396
5012419
5014478
5016711
5018571
5019404
5019644
5021321
5021945
5022932
5023404
5024531
5024555
5024718
5026290
5027547
5029356
5030313
5031450
5032111
5032859
5033570
5033614
5033956
5034203
5035216
5035712
5036072
5036195
5037470
5038430
5038727
5041541
5043385
5043443
5045456
5046558
5049570
5049838
5050235
5050587
5052040
5052471
5054068
5054649
5056234
5056392
5056732
5058411
5059608
5059902
5062326
5062490
5063320
5063470
5064093
5065430
5066251
5067070
5067164
5067927
5070631
5072787
5072890
5073700
5073752
5073796
5074800
5076375
5076619
5076712
5076948
5078337
5079222
5079841
5081762
5083010
5083468
5083677
5083924
5085479
5085580
5086073
5086910
5087051
5088339
5089492
5089660
5089664
5090396
5091624
5093722
5093943
5096558
5098629
5099008
5100000
5103304
5103827
5104761
5106538
5107837
5108496
5109081
5111519
5112810
5114414
5114775
5115142
5119949
5121157
5121199
5121594
5123189
5123602
5123930
5124296
5124846
5126394
5126487
5127123
5127616
5128634
5129041
5129620
5130961
5132485
5132881
5133340
5133388
5134217
5136755
5136846
5137274
5137301
5138546
5139483
5140042
5140813
5141724
5142347
5143385
5146316
5147570
5148225
5149911
5150571
5150662
5151066
5151378
5151784
5152855
5153041
5154292
5155435
5156170
5157422
5157745
5158731
5161470
5161703
5162520
5166587
5167284
5169851
5170499
5170995
5172990
5173230
5175729
5180622
5181422
5182139
5182506
5182995
5183064
5183199
5185781
5187462
5190694
5191029
5191723
5193414
5193525
5195759
5195822
5195977
5196028
5196319
5196595
5199016
5199933
5200672
5200813
5201908
5202048
5202142
5203263
5205415
5206947
5208211
5208518
5210354
5210558
5212214
5213034
5213066
5214624
5214692
5217015
5217162
5219028
5219187
5219257
5220229
5221107
5221220
5221240
5222412
5223212
5225885
5227953
5229912
5230546
5230563
5231144
5231706
5231910
5232310
5233392
5236071
5239956
5240508
5240672
5241923
5241947
5246474
5247678
5248040
5248796
5250059
5250070
5251758
5251782
5253518
5253633
5257527
5258079
5260302
5260717
5261693
5264331
5264630
5267250
5267752
5268910
5270313
5272545
5272688
5272916
5273196
5277570
5277713
5278266
5279164
5279748
5279906
5280174
5281392
5282206
5283743
5283963
5285880
5287384
5287812
5287979
5288298
5290561
5291186
5292583
5292751
5295906
5295952
5296240
5296557
5297031
5297861
5300711
5300811
5302867
5302996
5304055
5305651
5305662
5310505
5311433
5311442
5313052
5313383
5314372
5316747
5317281
5317468
5318763
5322273
5322544
5322669
5324969
5325535
5327798
5328117
5330466
5332056
5332127
5332601
5332719
5332885
5333834
5334359
5335235
5336018
5336145
5337647
5338064
5338131
5338916
5339177
5339185
5339199
5339811
5341097
5341498
5343122
5343366
5343915
5345565
5346394
5348648
5349056
5349285
5350488
5351047
5352339
5352630
5354148
5355887
5356111
5357295
5358243
5358661
5359794
5360740
5361239
5361928
5363532
5363955
5364563
5366438
5366786
5367079
5367911
5368150
5368900
5368975
5371584
5371861
5372804
5372900
5373784
5375915
5377648
5378631
5378736
5380335
5380670
5381382
5382038
5388043
5388221
5388935
5389359
5390762
5391723
5392687
5394151
5395241
5395357
5396287
5396726
5397221
5399968
5400209
5401034
5402030
5402040
5402086
5403253
5405295
5405459
5405661
5406771
5407888
5408201
5408778
5410692
5412748
5413891
5415315
5415684
5417062
5417235
5418170
5419644
5419988
5420292
5421713
5423369
5423585
5426368
5427426
5427749
5428320
5428627
5428728
5430491
5430859
5431521
5433398
5434755
5435733
5435794
5436282
5439608
5440683
5441102
5441657
5442969
5443086
5443266
5443404
5447020
5447984
5448588
5448669
5448904
5451183
5451907
5451937
5453449
5453624
5455030
5455157
5458132
5461420
5463584
5466110
5466720
5469334
5469607
5469706
5470330
5470421
5470780
5471903
5472451
5472953
5473279
5474403
5477296
5477701
5480477
5480959
5481244
5482428
5483828
5484262
5486593
5487061
5487579
5487625
5488249
5492539
5492567
5493010
5496183
5496660
5497819
5498143
5498762
5499755
5502463
5502905
5503836
5504697
5506281
5506393
5508276
5509144
5512255
5512303
5512863
5513415
5513658
5515094
5515172
5516096
5516468
5516819
5516919
5519831
5520847
5522285
5522912
5522990
5525117
5525192
5526602
5527017
5528601
5529796
5532172
5533135
5533988
5534932
5535368
5536127
5536194
5538365
5538873
5542320
5542560
5543443
5543934
5544022
5547756
5552485
5552679
5554895
5557711
5559048
5560531
5561136
5561557
5562739
5563323
5563329
5565066
5565948
5566551
5566989
5567121
5567137
5567780
5567811
5567899
5571168
5571354
5572136
5573489
5573571
5575197
5575201
5575503
5576120
5576911
5577166
5577935
5579048
5579614
5579936
5580726
5581599
5583266
5585928
5587498
5588665
5589125
5590037
5592923
5594052
5594186
5595969
5598090
5598272
5599239
5599259
5600213
5600248
5600342
5601180
5602612
5603212
5604699
5605236
5608011
5609199
5610107
5610219
5611367
5612790
5613156
5613238
5613240
5613514
5613779
5614208
5614449
5614749
5615464
5616652
5617077
5617518
5618199
5618453
5619611
5619868
5619999
5621153
5621258
5622880
5625224
5626374
5626620
5627358
5628128
5628972
5629031
5629286
5631093
5631566
5631785
5631975
5632461
5632902
5633858
5635157
5635422
5635904
5637794
5638796
5638798
5639136
5640791
5642751
5644599
5648421
5648635
5652254
5652762
5652989
5654732
5655324
5656103
5657958
5658201
5658377
5660523
5661580
5661835
5663796
5664080
5664796
5665965
5666736
5669168
5669792
5674616
5674908
5675563
5676845
5677073
5677800
5677915
5678454
5678747
5679982
5680017
5683221
5684689
5687296
5688764
5690857
5692581
5693618
5694659
5696636
5696669
5696738
5696762
5696786
5698170
5699220
5700343
5701393
5704229
5706420
5707395
5707907
5708557
5709848
5712243
5712335
5713522
5713894
5713972
5717243
5717472
5717660
5720445
5720467
5720903
5722438
5723399
5727688
5728141
5728838
5728998
5729139
5729593
5732425
5733129
5734620
5735098
5735604
5739918
5740749
5741319
5741992
5743589
5743640
5743769
5746469
5748759
5749808
5749979
5750401
5750876
5750942
5753608
5753990
5755218
5755386
5756134
5756892
5759140
5760652
5760670
5760814
5761457
5764208
5764220
5764822
5765139
5765453
5765945
5765968
5767139
5769052
5769607
5770823
5771736
5772080
5772621
5773621
5774539
5775193
5775439
5777987
5779253
5779702
5779914
5780193
5780284
5780744
5781452
5782894
5783584
5786624
5787284
5787836
5788999
5789890
5791604
5791737
5792396
5792511
5792522
5793481
5793552
5795090
5796824
5796932
5797248
5797786
5800312
5800892
5800942
5801116
5801661
5802215
5805323
5807051
5807238
5807537
5810371
5811410
5811715
5813848
5815804
5816120
5816156
5819722
5820859
5821382
5823552
5825755
5825945
5826918
5827611
5827962
5829850
5831441
5833504
5833644
5834008
5834370
5836129
5836328
5836786
5837155
5837786
5839605
5840766
5841207
5841318
5841449
5842487
5842935
5844441
5845569
5848395
5849312
5849869
5850088
5851420
5852624
5852812
5853536
5854104
5855766
5857936
5859960
5860184
5860901
5861898
5862045
5864301
5864728
5864915
5866398
5866683
5868152
5868244
5870228
5872533
5874573
5874699
5876147
5876797
5877077
5877807
5877837
5879058
5879799
5881208
5881631
5881789
5881820
5882320
5882657
5884981
5885513
5886631
5887304
5888680
5888986
5890079
5890206
5892088
5892937
5893655
5894148
5894191
5897058
5898487
5898919
5899712
5899783
5900234
5903654
5904046
5906360
5906540
5906695
5906811
5907262
5909174
5909320
5910470
5911027
5911279
5912356
5912895
5914060
5914843
5916126
5916583
5916863
5919502
5920759
5921294
5921468
5922079
5922136
5923037
5923125
5923129
5923331
5924971
5925016
5927208
5928141
5928409
5928483
5928874
5929709
5930752
5933070
5933120
5934755
5936015
5940967
5941309
5941683
5942651
5943460
5944340
5946139
5946538
5946595
5947791
5948095
5950421
5952148
5952734
5953605
5954197
5954201
5955469
5955543
5956036
5958673
5959259
5960107
5964290
5966853
5969612
5973396
5975295
5975590
5975922
5976371
5976491
5976964
5976987
5977216
5977621
5979389
5979850
5980006
5981782
5982063
5983222
5983425
5983621
5985976
5986210
5986341
5987262
5989049
5989134
5991997
5993086
5993286
5995421
5995469
5998930
5999853
5999890
6001183
6001266
6002232
6002609
6003678
6005955
6006575
6007424
6008301
6008969
6009137
6010320
6010435
6012667
6012710
6013021
6014578
6014923
6016080
6016652
6017728
6018771
6018902
6019249
6019464
6019598
6020879
6022769
6023086
6023248
6024254
6025819
6026030
6026074
6027047
6027092
6027516
6028143
6028477
6028829
6029497
6032645
6032746
6033770
6035423
6039425
6040853
6042630
6042649
6043122
6043296
6043464
6043787
6044122
6044429
6046583
6047713
6047934
6050833
6051656
6053016
6053024
6053287
6054459
6055382
6060711
6061067
6061145
6061709
6061920
6062409
6063030
6064028
6065728
6065979
6066585
6070898
6070918
6071180
6072153
6074343
6074651
6078239
6081228
6082253
6083063
6083464
6084935
6085430
6086368
6089536
6090613
6091087
6092323
6092649
6095050
6096858
6097269
6097643
6098867
6101302
6104450
6106961
6109129
6109435
6110426
6110687
6111509
6112336
6112367
6113008
6113430
6114850
6114917
6115601
6117045
6117436
6117909
6117993
6119090
6119442
6120624
6121047
6122380
6123277
6123867
6124289
6126597
6127427
6127803
6128355
6129443
6130069
6131091
6132444
6133804
6134077
6134206
6134761
6134950
6136341
6136364
6136431
6137214
6137917
6139703
6140179
6140278
6140554
6141456
6143937
6146499
6147224
6148019
6148048
6148892
6148918
6148959
6149140
6150745
6151070
6151229
6151640
6152552
6155738
6158839
6160182
6162110
6163207
6163508
6163891
6169534
6170480
6173321
6173918
6174384
6176109
6176537
6176556
6176672
6177306
6177864
6179664
6179673
6179756
6180203
6181243
6184182
6186127
6190511
6190565
6192190
6193722
6194708
6194989
6197152
6198869
6199512
6200171
6200676
6203082
6203165
6203498
6204322
6204471
6204559
6205290
6205859
6208635
6209005
6209344
6210433
6214226
6216431
6216605
6217443
6217858
6218230
6219200
6220522
6221917
6225575
6225665
6226489
6226554
6226735
6227236
6228874
6230188
6231831
6231904
6235970
6236561
6238518
6238683
6239451
6239855
6241773
6242183
6242680
6244828
6247647
6247946
6249784
6250546
6250891
6252217
6252269
6253340
6255181
6255610
6256062
6256295
6256782
6257516
6257596
6258641
6259077
6259590
6261381
6262531
6262807
6263012
6263434
6264156
6265527
6266066
6267325
6268140
6268267
6277852
6280015
6280385
6281644
6282543
6282646
6283683
6284043
6284420
6284645
6285517
6285580
6286091
6287027
6287541
6287563
6287567
6289537
6291893
6292628
6292838
6293176
6294107
6294475
6294676
6295220
6295789
6295905
6296103
6298079
6298160
6302279
6303166
6303435
6303721
6304445
6304528
6304601
6304732
6306463
6306492
6306661
6309068
6309618
6310218
6311020
6312014
6312302
6313462
6313654
6315439
6315557
6318678
6319413
6320625
6320685
6321154
6323893
6324061
6324151
6324295
6324777
6327247
6328017
6331087
6331772
6332027
6333325
6334377
6336254
6338306
6339322
6339773
6339778
6341160
6342154
6343650
6344380
6346377
6347825
6347860
6348473
6349866
6349955
6350754
6350942
6351213
6351647
6352717
6354101
6354408
6354622
6355411
6356328
6357269
6357619
6357665
6360533
6360776
6361488
6364962
6366559
6367162
6373626
6374839
6375606
6376310
6376380
6379449
6380148
6380155
6380185
6380470
6380750
6381781
6384383
6384894
6385392
6385980
6386174
6386260
6386478
6386984
6387635
6387995
6390696
6391292
6391873
6392614
6393539
6396883
6396993
6399929
6402103
6402410
6404494
6405178
6405288
6407155
6407799
6407813
6408999
6409452
6409586
6409660
6409742
6412232
6412956
6413589
6414886
6415962
6416373
6421042
6421442
6421980
6422451
6422985
6423649
6423886
6424923
6425291
6425870
6426286
6426317
6426788
6428496
6430347
6430475
6431693
6436820
6439302
6439872
6440194
6440232
6443917
6444409
6446286
6446303
6449152
6450917
6450986
6453322
6454562
6455004
6455870
6457326
6458135
6458281
6458316
6458585
6458790
6459624
6460209
6460547
6461436
6461451
6461923
6461977
6464169
6464377
6464553
6464987
6467115
6467146
6468195
6468215
6469589
6469689
6469896
6471466
6471603
6471839
6471988
6472977
6473023
6474724
6474900
6474937
6475038
6476174
6476349
6478427
6480235
6480390
6483767
6484114
6484806
6485548
6486085
6486369
6486730
6487238
6487486
6489688
6491412
6492744
6493216
6493287
6494607
6496014
6496113
6498427
6498759
6498983
6499143
6499665
6500003
6500413
6500590
6501606
6503820
6504321
6504626
6505132
6506340
6507900
6507916
6508301
6510086
6510816
6513846
6514385
6514877
6515533
6515563
6515618
6518576
6521114
6524251
6524253
6524551
6525016
6525043
6527561
6528722
6528971
6529163
6529272
6530807
6532368
6534971
6537892
6538732
6538999
6539829
6542639
6543258
6544056
6545813
6547531
6548048
6548831
6548997
6550407
6550755
6550923
6551552
6551913
6553066
6553354
6553715
6555510
6557055
6558135
6560363
6561727
6561795
6561875
6562137
6562968
6562969
6564632
6566600
6568386
6568565
6569594
6571752
6573710
6576075
6576331
6578616
6579137
6580012
6580577
6580953
6581107
6581902
6582930
6583500
6584198
6584476
6585301
6585374
6586322
6586518
6586652
6586990
6588133
6588718
6589410
6590883
6590954
6593053
6598729
6601581
6601722
6602052
6602183
6603801
6605754
6606349
6606755
6608447
6609144
6610578
6611535
6611808
6612536
6614144
6614217
6615094
6615562
6615814
6616148
6617906
6618046
6618538
6621941
6622680
6623057
6624217
6626074
6626341
6626367
6627048
6628554
6628732
6629774
6629842
6630154
6630426
6632191
6632307
6632530
6634016
6635930
6636471
6636785
6639021
6639056
6639295
6640019
6641098
6641912
6642272
6642656
6643761
6645039
6649527
6650010
6650061
6650487
6650921
6651192
6651438
6652851
6653146
6653462
6653847
6655864
6656374
6657069
6657190
6659542
6659668
6661299
6663209
6664704
6666681
6667864
6668502
6670769
6673252
6676483
6680269
6681863
6683042
6683668
6683958
6685673
6688254
6688804
6688929
6689300
6689908
6690308
6691384
6692322
6692694
6693045
6694530
6696253
6697605
6698305
6703373
6703639
6703776
6703779
6705216
6705627
6706152
6706405
6707675
6709142
6712226
6712807
6713492
6714662
6715041
6716007
6716273
6717985
6718155
6719067
6719301
6719528
6720615
6721156
6722566
6723975
6724784
6725615
6730346
6730391
6731283
6731464
6733537
6734500
6734865
6736007
6736549
6737270
6738238
6741678
6743919
6744212
6744407
6744431
6746876
6747272
6747344
6747895
6750364
6750597
6751168
6751567
6752059
6752862
6754541
6755216
6755401
6756953
6758270
6760763
6761444
6761605
6762458
6762525
6763098
6763375
6764360
6765404
6765545
6768118
6768410
6768499
6769340
6770319
6770344
6771184
6771248
6772895
6774196
6776162
6776981
6777042
6777436
6780332
6783045
6783071
6783276
6783737
6784372
6784529
6784720
6785326
6787139
6787651
6788804
6788810
6788976
6791968
6792818
6793285
6793912
6794238
6794654
6796821
6797310
6798743
6798780
6800287
6800459
6801767
6803176
6805882
6807175
6807241
6807260
6808424
6808483
6809546
6809849
6810381
6810838
6810983
6811930
6812634
6814070
6815686
6816606
6817195
6817401
6817779
6819400
6819411
6821429
6823970
6823998
6824190
6824662
6825414
6826652
6828173
6828853
6828981
6830417
6830516
6831325
6832289
6832300
6832383
6832850
6834351
6834728
6838550
6840855
6843443
6843580
6843647
6844051
6844100
6845057
6846424
6848010
6848679
6849116
6850410
6852455
6853931
6853944
6854436
6854801
6854869
6854929
6857009
6859136
6859649
6860368
6861298
6862605
6863608
6864786
6864816
6864856
6866172
6866334
6866502
6867615
6868875
6871122
6871331
6872860
6874253
6875772
6876088
6876447
6876693
6877012
6877061
6878736
6880414
6880709
6883003
6883700
6885796
6886837
6887360
6888451
6889430
6889674
6891046
6891476
6892350
6892582
6893672
6896438
6896794
6897485
6899172
6899928
6900473
6900542
6901467
6902545
6903210
6905140
6905719
6905772
6908639
6909160
6909532
6911750
6912038
6913011
6914063
6919092
6919337
6919433
6920998
6922126
6922136
6922801
6924303
6925910
6930440
6930834
6932668
6933103
6933219
6934070
6934598
6937185
6939008
6939390
6941847
6942547
6943132
6944285
6944530
6944984
6946419
6946902
6947864
6949121
6949416
6950341
6950997
6951409
6952405
6953381
6954942
6958120
6958630
6959264
6959378
6960292
6963586
6965267
6965750
6967396
6969326
6969987
6973045
6973584
6973754
6973916
6974686
6975573
6975864
6978551
6978729
6980396
6980466
6980833
6981322
6982593
6982650
6983300
6983313
6984723
6985896
6988699
6988787
6989018
6991598
6991638
6992164
6992550
6993374
6994198
6996918
6998128
6999735
7002293
7003126
7003454
7003825
7004631
7005824
7006184
7007318
7007516
7008780
7010754
7012075
7013180
7017396
7018977
7021842
7022098
7022302
7025568
7028326
7028993
7029703
7030339
7030892
7030986
7032369
7032774
7033119
7034075
7034179
7034578
7035251
7035955
7037248
7037715
7038179
7039686
7040390
7042348
7044370
7045641
7046151
7049722
7049849
7051981
7054493
7056790
7058289
7059207
7059538
7061632
7062482
7062639
7063102
7063340
7063426
7063851
7064000
7064639
7066244
7067645
7068093
7068740
7068975
7069012
7069392
7070902
7072663
7074224
7075908
7075955
7079003
7080063
7080326
7080783
7081399
7081634
7081658
7083471
7083723
7084795
7084923
7085669
7088513
7090605
7091386
7092202
7093839
7094359
7095022
7095614
7095649
7096148
7097542
7098984
7099510
7100237
7100551
7101081
7101255
7101556
7101982
7102217
7102578
7102688
7103915
7106270
7107349
7108042
7108213
7108513
7108933
7109695
7111064
7111556
7111966
7112648
7113834
7114629
7115630
7115637
7115673
7118946
7119040
7119520
7120087
7121435
7124151
7125179
7126785
7130282
7130438
7131463
7131493
7131669
7135606
7135672
7138596
7140539
7140754
7143440
7143460
7143515
7143668
7144425
7144608
7145853
7150036
7153134
7153183
7154022
7155403
7156758
7157902
7158882
7159742
7162357
7164074
7164124
7165823
7166690
7167112
7167299
7167695
7168768
7168937
7171951
7173552
7174546
7178965
7179386
7180782
7181343
7182871
7183171
7183350
7183753
7183862
7185002
7185380
7186687
7186882
7187111
7187124
7188368
7188882
7189038
7189901
7191112
7191141
7197549
7198702
7199078
7201250
7201655
7202298
7202634
7202721
7203735
7205110
7205571
7206300
7206703
7208128
7208993
7210057
7212694
7213599
7214525
7215368
7215724
7217035
7218126
7218651
7219849
7220099
7221197
7222373
7222780
7224127
7224447
7224615
7225614
7227190
7227315
7228554
7230408
7231292
7231573
7231705
7232126
7236006
7237236
7239645
7239691
7241826
7243276
7243291
7243518
7244591
7246349
7248335
7248557
7249241
7249764
7250215
7250447
7253220
7253707
7253803
7255030
7256244
7257060
7257245
7257346
7257381
7257863
7260445
7263321
7264221
7265085
7265215
7265461
7265539
7266171
7266458
7268320
7269310
7270353
7273119
7273427
7275108
7275580
7275976
7275981
7276315
7276876
7277657
7278331
7278680
7279137
7281009
7283737
7284722
7285688
7286619
7287901
7289085
7289152
7289561
7289759
7289856
7293758
7295846
7296371
7296375
7296535
7296603
7296649
7299672
7299722
7303982
7305546
7307787
7308794
7309307
7310362
7310529
7311184
7312318
7312657
7316300
7316626
7317562
7319367
7319619
7319626
7320047
7320836
7322604
7324630
7324922
7325621
7326190
7326291
7326470
7327289
7328887
7329250
7330699
7330760
7331568
7333122
7333201
7333724
7333989
7336177
7336741
7339228
7340758
7342093
7342662
7345783
7346467
7347127
7347409
7348559
7348851
7349491
7351509
7351724
7352206
7352638
7353630
7353727
7354451
7355744
7356577
7357695
7357821
7358465
7358578
7359973
7361543
7362496
7362555
7364195
7365038
7365196
7365746
7366719
7367420
7367422
7368406
7370389
7370397
7372532
7377393
7377929
7378549
7378643
7384594
7388516
7389328
7389858
7390248
7391277
7391422
7391581
7391746
7392252
7392899
7393527
7393748
7393763
7394281
7394671
7395047
7395383
7396072
7396413
7396547
7396642
7396673
7397525
7398076
7401125
7401755
7402112
7402962
7403789
7403925
7404971
7405197
7405882
7407204
7407217
7407580
7408858
7409683
7410169
7410618
7411262
7411463
7414226
7414824
7415777
7417847
7417858
7418103
7418914
7419135
7419368
7419681
7420312
7420346
7421289
7421290
7423242
7423743
7423860
7425031
7425950
7428309
7430947
7431186
7432779
7434318
7436216
7436536
7437940
7439677
7440493
7440572
7440877
7442291
7445457
7446197
7447856
7448612
7451823
7452896
7452919
7453515
7454139
7455224
7458865
7459211
7459590
7460171
7461619
7462178
7462569
7463010
7464023
7465148
7467728
7468045
7469502
7470067
7470857
7471298
7472002
7475590
7475777
7477536
7477578
7477811
7482585
7483825
7483923
7485734
7487724
7488415
7488485
7490894
7491295
7492457
7492494
7492864
7496060
7497056
7497203
7497601
7498307
7498893
7499513
7500268
7500274
7500973
7505494
7505831
7506155
7506491
7506983
7508009
7508693
7510136
7512168
7512690
7513322
7514700
7515419
7517552
7521983
7522532
7522862
7523468
7524992
7525696
7527315
7527495
7528751
7528769
7529113
7529339
7529700
7530215
7532080
7533142
7533604
7534323
7535945
7536890
7536994
7537733
7538671
7542149
7543030
7544332
7548198
7548462
7550448
7551118
7551684
7551935
7553019
7555572
7556212
7557469
7561183
7561361
7561794
7561971
7565949
7567925
7568657
7570000
7572358
7572636
7573665
7573940
7574920
7576032
7578258
7578478
7580904
7580933
7581411
7581833
7581909
7583508
7585413
7588065
7588882
7588913
7589555
7590630
7591005
7593253
7593972
7595861
7596071
7596343
7596634
7597609
7598215
7598535
7599098
7599653
7599695
7601140
7601453
7601992
7603861
7605537
7606548
7607596
7607698
7607772
7609460
7610643
7612212
7612229
7612637
7616670
7617346
7617589
7618296
7618314
7618559
7619135
7619317
7621467
7628133
7628690
7630676
7632146
7632222
7633080
7634624
7635573
7636943
7637339
7638220
7642019
7643733
7643924
7643968
7644447
7644979
7646389
7647404
7647766
7648805
7649107
7649366
7649934
7650691
7650908
7652842
7653312
7653970
7654828
7656887
7657676
7658462
7659909
7659931
7660171
7660316
7660579
7660663
7662301
7662551
7666893
7668536
7670485
7670647
7671373
7673106
7673774
7673790
7674028
7674349
7675879
7678956
7679044
7680262
7680836
7682037
7687043
7687424
7689371
7689499
7690164
7690718
7691944
7692436
7692823
7693709
7694050
7694128
7695117
7695245
7695706
7695809
7696359
7696490
7697748
7698015
7698657
7700154
7700282
7702247
7702369
7702460
7702916
7704711
7705066
7706185
7706852
7707751
7707998
7709790
7710209
7712370
7712441
7713048
7713090
7713240
7715471
7716278
7717721
7717764
7718569
7719513
7720220
7720290
7720352
7721125
7721247
7723099
7725802
7725927
7726309
7726865
7729773
7731256
7731588
7732066
7732251
7733192
7733574
7734009
7735080
7737545
7737675
7738141
7739776
7740840
7741626
7741979
7742173
7743077
7743092
7744222
7744245
7744906
7745588
7746342
7747848
7748318
7748495
7748552
7748771
7748815
7751739
7755183
7755418
7755666
7756080
7758316
7758480
7759698
7761478
7767272
7769000
7769132
7771071
7772785
7773662
7775434
7776080
7776192
7776539
7778853
7779415
7780262
7780387
7780641
7782910
7783264
7786172
7788294
7788736
7789625
7790217
7790848
7791972
7792507
7793382
7794890
7797123
7797241
7797643
7798261
7799026
7799438
7800232
7801208
7801439
7801509
7803303
7804523
7804931
7806377
7806645
7808410
7809221
7809246
7810236
7810475
7810642
7810738
7810962
7813468
7815896
7816017
7816636
7816741
7817999
7818495
7818696
7819052
7821654
7821808
7822931
7823075
7823847
7824411
7826792
7828515
7828740
7830524
7832487
7833957
7834454
7834515
7837168
7837665
7838054
7840147
7840583
7840959
7841225
7842413
7844914
7846090
7846395
7846843
7848766
7849914
7852396
7853233
7853738
7854634
7854955
7857720
7859134
7859233
7860267
7860661
7861243
7862004
7862525
7862589
7863390
7864424
7864775
7865316
7865927
7866606
7867740
7867867
7868413
7870580
7871736
7873817
7874039
7875782
7876720
7882072
7883756
7885083
7885228
7889500
7889552
7890093
7891093
7891994
7892778
7894554
7894886
7895166
7895284
7895805
7896195
7896610
7897651
7899972
7902949
7903897
7906148
7907701
7907780
7908148
7908889
7909590
7909988
7911207
7912803
7914373
7914773
7915602
7915678
7916152
7917024
7917639
7919240
7922292
7922418
7922501
7925361
7925672
7926036
7926174
7927804
7928212
7928640
7929229
7929937
7930631
7930943
7931127
7932138
7932163
7932425
7933601
7934828
7936130
7937654
7938568
7939309
7941373
7943056
7943857
7943879
7946591
7947178
7950247
7951313
7951991
7956432
7956453
7957306
7962802
7963181
7963526
7964763
7965389
7967278
7967297
7967806
7967867
7968467
7969373
7973832
7973944
7975348
7978902
7979263
7979930
7981904
7982797
7984394
7984632
7984808
7984862
7985267
7989466
7991527
7991874
7992236
7993549
7994931
7997039
7998085
7998996
7999920
8000505
8000605
8001967
8002091
8002296
8003495
8003520
8005428
8007288
8007686
8007812
8009050
8009769
8012633
8014256
8014520
8015385
8016258
8016782
8016817
8018769
8019132
8019988
8021292
8024360
8024442
8025041
8025583
8027499
8028105
8028735
8031147
8031234
8034273
8034550
8035048
8037311
8039059
8039546
8039898
8040320
8041915
8044963
8045602
8046005
8046034
8046184
8047247
8047845
8049805
8050840
8051850
8052290
8052894
8053128
8056456
8056626
8057778
8058676
8058809
8060603
8060976
8061624
8062111
8064153
8064877
8067530
8068871
8070108
8072106
8072611
8072769
8074238
8074856
8075929
8077199
8081856
8082344
8082491
8083299
8083346
8083600
8084578
8085666
8087518
8088483
8088873
8089049
8089158
8090197
8090300
8090922
8091186
8091386
8092287
8092387
8093249
8093269
8094069
8094523
8094665
8095200
8095590
8096365
8097797
8097859
8097947
8098434
8098724
8099657
8099658
8099915
8101397
8101971
8102254
8105272
8105289
8106031
8107875
8107950
8109789
8109848
8110012
8113440
8116635
8117307
8117399
8117533
8117918
8120303
8120466
8121124
8121587
8122631
8124135
8125597
8126123
8128313
8129623
8129872
8130168
8130330
8131888
8132852
8133401
8135083
8135998
8140722
8140743
8143488
8143610
8143676
8143879
8145213
8145413
8148836
8149249
8149312
8150276
8150530
8150540
8151313
8153255
8153321
8156854
8157650
8158865
8159116
8159370
8160108
8160133
8161202
8162028
8162750
8166383
8167268
8167767
8169708
8173046
8174214
8174344
8174599
8176289
8177600
8184229
8186021
8186361
8187510
8187774
8188243
8189793
8190307
8191309
8192291
8193584
8193885
8195044
8195144
8197192
8198358
8198849
8199631
8200805
8201062
8201586
8202298
8202890
8204962
8208091
8208885
8208948
8208952
8209531
8209767
8209823
8213623
8213693
8214007
8214638
8215579
8215717
8217384
8217609
8218398
8219504
8220761
8221977
8221981
8222474
8222829
8223202
8224271
8224416
8227279
8228692
8231599
8232206
8233254
8233304
8233525
8234101
8234328
8234330
8235386
8235788
8236077
8236344
8236430
8238083
8238461
8240173
8240657
8240758
8242248
8243324
8244927
8246604
8248324
8251259
8252100
8252572
8252664
8255006
8255336
8256163
8257024
8257330
8258822
8265431
8266017
8266495
8266847
8266966
8267012
8268425
8268819
8269197
8269609
8270996
8271504
8271534
8272258
8273297
8275044
8275714
8276952
8277431
8278517
8279078
8280724
8281582
8283447
8285226
8286722
8287132
8288419
8288732
8289700
8290879
8296764
8297162
8299029
8299472
8301343
8303457
8303774
8304781
8304987
8305888
8306119
8306421
8307187
8307730
8307764
8308564
8309576
8310272
8310901
8311076
8311402
8311682
8315291
8317206
8317408
8318709
8318980
8321069
8322256
8322746
8323720
8326276
8327431
8331286
8331460
8332998
8333830
8335797
8335969
8337555
8338070
8339177
8339768
8342208
8342380
8343464
8345439
8345453
8348696
8349475
8349657
8350452
8352964
8353064
8353276
8353303
8353593
8355219
8355334
8356323
8358001
8358518
8360008
8361947
8362555
8363461
8363666
8363807
8366625
8366646
8367296
8369963
8378869
8379144
8380265
8380290
8381146
8381658
8381961
8383895
8384277
8385642
8390101
8393408
8394670
8395121
8395481
8395932
8397279
8397955
8398040
8400529
8401655
8401772
8403770
8403895
8409200
8410088
8412423
8414325
8414455
8414957
8415752
8415851
8417107
8418345
8419184
8419319
8419379
8419507
8420156
8421954
8422443
8423546
8424212
8424352
8424504
8424567
8425450
8426173
8426323
8426914
8427359
8427527
8427825
8427853
8427869
8429100
8429526
8431729
8432233
8432319
8433980
8434810
8435521
8437634
8441297
8441936
8443017
8443717
8444376
8444580
8445568
8447868
8448072
8449108
8451287
8451610
8452637
8453019
8453687
8457270
8458417
8459990
8460294
8462363
8463533
8463550
8465112
8467753
8467797
8468807
8468832
8469148
8469265
8469368
8470925
8474647
8474850
8475859
8476757
8477004
8477074
8477574
8477943
8478591
8481239
8482307
8483463
8485744
8486370
8488068
8488674
8488691
8489101
8490195
8490626
8490630
8492577
8492779
8492944
8493277
8493662
8494261
8494765
8495142
8495466
8496091
8497584
8497935
8502103
8502981
8504105
8504805
8505411
8505462
8505492
8505538
8508017
8509810
8510441
8510478
8510888
8514829
8515646
8516548
8516612
8517372
8518205
8519770
8522141
8525254
8525679
8526171
8526862
8526989
8528799
8529732
8529797
8531078
8531844
8533086
8533447
8534037
8534397
8535604
8535908
8535983
8536716
8539944
8540696
8541025
8541981
8548203
8549298
8549983
8551887
8552018
8552633
8553151
8553771
8554387
8556821
8557138
8557243
8558652
8559917
8561594
8562249
8562810
8566803
8567373
8567429
8568283
8568392
8572725
8573177
8573322
8573566
8573849
8574900
8574966
8577764
8579442
8580355
8581824
8581850
8582373
8582449
8582622
8583546
8585292
8585697
8585941
8586758
8587286
8595014
8595695
8595832
8596662
8598122
8600170
8600171
8600460
8601712
8602645
8604607
8604968
8606236
8610210
8612615
8613068
8613535
8617075
8617419
8619124
8621049
8621890
8622865
8622997
8623294
8623342
8625121
8625301
8626250
8626336
8629446
8630170
8631166
8631680
8632074
8632831
8633952
8636684
8636772
8638318
8638421
8639797
8639822
8639878
8640787
8644453
8645124
8645657
8646896
8650045
8650190
8650613
8651429
8651582
8653339
8655633
8656275
8657472
8657585
8657669
8657770
8657945
8658161
8658226
8658231
8658431
8658575
8659213
8659331
8661841
8662032
8662475
8663538
8663539
8663960
8666425
8667124
8667801
8668631
8670608
8672816
8674218
8675260
8676700
8677016
8678063
8678610
8679479
8680707
8681118
8681449
8682475
8682716
8684049
8685603
8686086
8686580
8688399
8688439
8690562
8691665
8691837
8693808
8694075
8694309
8695103
8696044
8697567
8699106
8699196
8703232
8704115
8707138
8709010
8710996
8712371
8712526
8712821
8714493
8715061
8716455
8717668
8718588
8719209
8720867
8722405
8723784
8723796
8724683
8724785
8725490
8726728
8727567
8730103
8730937
8731785
8733811
8735425
8735781
8736425
8738424
8738718
8740089
8741631
8742069
8742717
8743700
8744133
8745464
8746907
8747114
8747371
8747518
8747778
8752025
8753807
8755943
8756127
8756993
8758569
8760524
8763827
8763855
8763944
8764185
8764551
8764772
8766171
8766633
8767565
8769927
8771414
8774887
8775317
8775493
8776376
8776937
8776978
8777573
8779489
8780183
8781036
8781970
8782825
8783811
8785779
8787604
8788890
8789388
8790391
8790674
8791546
8792033
8793139
8793223
8793895
8793941
8794072
8795849
8795855
8798657
8799931
8801681
8801965
8802129
8802719
8803561
8804050
8805156
8805306
8806163
8807657
8807834
8811272
8812863
8812946
8813061
8814699
8815691
8816621
8817021
8823748
8825705
8827488
8830077
8830232
8830332
8831213
8831497
8835327
8837872
8838350
8839287
8839692
8840687
8843001
8844816
8846106
8846848
8847497
8847923
8850590
8850907
8851295
8851408
8852116
8853110
8853125
8853638
8854039
8854712
8856019
8856971
8858246
8860312
8860772
8860867
8861700
8862981
8864382
8866414
8867025
8867334
8867534
8873013
8874499
8874976
8875332
8875437
8876266
8877769
8879208
8879562
8879849
8880042
8881479
8883291
8885449
8885729
8886177
8887562
8887841
8888007
8888675
8889258
8889305
8889441
8890165
8891267
8891307
8892775
8894898
8899396
8899678
8899776
8900509
8903194
8903375
8903776
8904733
8905733
8906486
8908633
8909131
8909232
8909578
8909580
8910957
8912189
8913056
8914407
8914483
8918149
8919727
8920091
8920584
8921470
8921858
8921870
8922537
8923318
8925179
8927175
8929658
8930116
8930719
8932001
8933394
8933973
8934222
8935764
8937121
8937883
8938861
8939156
8940131
8942300
8943008
8943940
8943995
8944154
8944180
8945401
8945520
8949102
8949324
8950267
8953526
8954205
8955516
8955570
8955786
8957928
8959118
8960639
8960770
8961144
8962201
8962800
8962976
8962986
8964932
8965336
8965626
8966492
8966787
8968174
8968725
8968733
8968978
8970919
8973915
8978429
8978500
8978782
8979113
8979399
8981539
8981970
8982048
8984390
8984477
8985458
8987278
8987593
8988337
8991363
8992061
8992922
8992977
8994427
8994505
8997123
8999115
8999475
9002648
9004917
9005635
9005674
9007732
9008934
9009163
9010545
9010998
9015056
9015456
9016547
9016587
9016937
9017558
9019058
9020471
9022288
9022651
9023312
9025726
9027844
9029595
9031299
9032884
9033416
9034379
9034580
9035190
9038358
9039404
9041117
9041493
9041543
9046754
9046861
9048540
9048758
9051641
9051761
9052792
9053000
9053369
9053410
9053645
9053846
9054553
9054801
9055932
9056141
9056165
9058365
9065591
9069762
9072280
9074431
9075800
9077249
9078474
9080831
9081297
9081483
9081729
9083920
9083999
9085920
9086374
9086843
9087093
9087301
9087919
9088133
9088863
9088966
9090030
9090308
9091171
9096304
9096467
9096658
9098807
9099313
9099690
9101339
9101512
9102058
9102094
9102452
9102605
9107890
9109996
9110350
9110820
9110905
9110942
9112085
9112149
9112182
9113129
9113132
9113852
9114053
9114855
9117072
9117690
9119435
9123319
9123414
9124014
9125914
9126808
9129177
9130073
9130890
9130903
9130948
9131415
9132268
9132277
9135669
9135823
9137121
9137609
9140861
9141249
9143575
9143754
9144033
9144607
9144920
9145686
9146161
9146525
9149380
9150780
9151218
9151451
9151510
9151844
9152409
9152803
9153038
9154264
9158081
9158509
9159459
9160725
9163440
9165398
9165879
9166546
9167257
9168255
9168494
9170682
9171513
9176036
9178614
9178790
9179010
9180731
9183533
9184285
9187196
9191112
9191600
9193211
9193510
9194956
9202167
9202495
9203669
9203895
9204115
9204574
9205918
9207408
9207530
9209148
9210701
9212250
9212707
9213157
9213783
9215186
9216670
9216724
9218504
9219800
9221574
9222102
9222566
9222691
9222774
9224788
9225276
9226434
9227254
9231185
9239026
9240187
9240895
9241980
9242426
9243133
9243205
9245040
9245841
9246057
9246322
9247661
9248258
9249155
9249335
9250614
9251631
9252285
9252922
9253169
9255766
9256294
9257850
9258269
9260423
9260866
9260935
9261543
9261580
9261985
9263330
9263518
9263541
9263881
9266599
9267232
9268741
9268755
9269188
9269370
9270029
9270159
9271719
9272278
9272786
9273210
9273570
9274604
9275912
9276469
9277577
9278213
9278296
9279518
9279591
9279853
9279878
9280053
9280224
9280237
9280972
9280985
9281318
9282592
9282958
9283342
9283869
9285985
9286252
9288292
9288469
9290453
9292020
9292551
9293100
9293645
9294258
9295556
9295577
9298257
9299084
9299241
9299630
9300523
9300598
9300949
9301119
9302415
9302918
9303197
9305003
9305380
9305594
9305675
9306114
9306996
9308586
9308957
9309186
9310759
9313413
9315265
9315310
9318376
9319047
9319604
9320761
9321613
9322209
9322619
9323040
9323906
9323925
9325451
9327588
9327823
9328307
9329666
9330274
9331022
9333164
9334849
9334906
9335673
9335746
9336018
9336491
9338257
9338348
9338550
9339013
9340603
9341435
9341537
9341873
9343349
9343508
9343610
9347075
9347553
9348704
9349261
9349929
9350448
9353992
9355009
9355313
9357723
9358090
9360566
9362004
9362716
9364289
9364499
9364668
9364689
9365008
9366396
9366793
9366889
9368591
9371096
9371737
9371752
9373702
9374384
9375733
9376136
9376540
9376620
9376696
9377058
9378997
9379329
9381221
9382688
9383265
9385883
9387344
9389688
9390432
9390703
9390781
9391295
9393179
9394368
9395133
9397298
9397612
9397936
9398158
9399613
9399783
9400000
9400339
9402060
9403406
9404919
9406054
9406485
9407056
9408574
9408622
9410475
9410581
9410626
9410926
9411085
9411822
9412369
9414993
9415442
9416387
9416958
9418480
9418530
9420241
9420760
9423334
9423831
9423836
9423919
9424993
9425102
9425943
9426791
9427995
9428468
9428500
9429326
9429714
9430240
9430800
9431401
9431650
9432414
9432482
9432755
9434538
9435086
9435407
9436262
9437591
9437599
9438486
9438536
9439415
9439723
9440885
9441118
9444048
9444904
9445579
9446754
9447209
9447796
9450285
9450449
9451083
9451168
9451494
9451746
9452130
9452724
9453080
9455573
9457147
9457566
9457902
9458239
9459261
9459880
9460101
9460186
9461660
9464990
9465444
9467025
9467048
9469998
9470590
9475661
9478470
9478703
9481602
9481735
9483446
9484511
9484781
9484835
9485742
9486915
9488974
9489488
9490377
9490724
9491607
9491671
9492837
9493835
9493915
9495889
9497103
9497178
9498272
9499710
9501273
9501486
9502386
9503442
9503936
9504815
9505213
9505388
9508605
9508628
9508839
9509969
9509970
9510895
9514082
9515668
9515833
9516252
9518429
9519277
9520952
9523716
9525941
9527100
9527378
9527850
9528481
9528608
9528656
9528713
9533378
9534547
9535921
9536252
9537218
9538257
9538485
9538746
9539645
9540924
9541479
9542204
9542798
9545958
9546526
9547124
9549282
9549956
9551151
9551533
9552518
9552583
9553334
9553630
9554407
9554544
9554668
9554878
9556662
9556880
9557472
9558988
9560815
9561266
9563109
9563160
9564705
9565598
9565765
9565863
9566308
9568516
9569493
9570758
9571160
9571238
9571248
9573865
9574097
9574217
9575489
9575574
9575617
9575767
9577349
9580729
9580996
9581684
9582878
9584100
9584198
9584438
9585136
9585407
9585638
9585787
9586910
9588939
9589677
9591994
9592355
9593790
9594107
9595735
9598010
9598312
9598670
9599361
9602916
9603511
9604700
9605976
9606032
9606529
9607469
9607761
9607987
9608512
9609040
9609327
9610224
9615219
9617306
9617479
9618307
9620218
9622021
9622171
9623002
9623180
9624430
9625414
9625992
9627777
9629328
9629836
9630375
9631711
9633715
9633799
9634039
9636774
9638107
9639306
9639759
9640055
9640727
9641528
9642218
9646837
9647065
9647293
9648216
9648687
9649967
9652162
9652193
9652712
9661985
9662346
9664051
9665253
9665320
9668020
9669292
9669379
9671947
9673143
9673327
9674976
9675702
9677921
9678665
9679735
9680375
9680974
9682659
9684544
9685879
9685919
9692392
9692858
9692902
9692903
9693832
9694642
9694753
9696380
9698440
9698504
9701443
9702319
9703194
9703730
9704800
9708163
9710321
9710724
9712209
9712887
9715562
9716569
9717323
9717486
9717768
9719633
9720804
9722027
9722085
9722757
9723262
9724433
9725272
9725865
9727540
9728944
9730513
9730592
9730646
9732551
9733891
9734980
9735394
9735412
9736019
9736332
9737552
9737621
9738930
9741466
9741701
9742220
9743123
9743237
9743606
9743628
9743865
9744097
9744309
9745181
9746176
9748097
9748417
9748936
9749286
9750154
9751751
9755540
9755978
9758391
9758544
9763479
9763797
9764162
9765228
9766496
9767379
9768261
9768446
9771153
9771816
9773997
9774958
9775975
9776767
9777094
9777312
9777456
9777642
9778340
9778492
9779732
9780163
9780570
9780707
9781618
9783795
9785392
9786052
9787373
9789240
9791223
9791503
9794907
9797243
9798117
9798470
9800179
9803539
9803730
9804370
9805587
9805879
9807938
9808283
9809083
9809232
9811098
9811296
9811350
9811359
9811679
9812358
9817375
9818673
9818692
9822378
9823157
9823256
9826070
9826671
9826975
9827089
9827172
9827687
9829110
9830250
9830977
9831714
9832975
9833080
9833803
9834700
9835843
9836534
9837224
9837740
9844686
9844702
9845868
9845973
9846197
9847782
9848162
9848224
9848319
9851090
9851338
9852090
9853654
9854081
9854933
9856054
9857151
9858211
9858820
9862001
9862081
9862262
9866154
9867556
9867845
9868337
9870708
9870797
9872249
9873480
9875592
9875613
9876226
9876402
9877623
9878794
9878856
9881179
9882866
9883602
9884253
9884594
9885700
9887156
9890842
9892586
9898297
9899361
9899703
9901038
9904913
9910945
9912161
9916591
9917093
9917183
9919512
9919913
9920346
9921549
9921711
9922444
9922650
9923182
9923706
9923742
9925392
9929498
9929557
9929687
9930063
9930217
9930813
9933454
9937730
9937753
9939897
9940739
9942888
9943688
9944272
9945168
9945531
9945595
9946508
9947201
9947454
9949885
9950377
9950880
9951276
9952945
9953104
9954861
9955622
9955854
9956063
9957570
9957571
9963439
9964029
9964357
9965207
9965382
9965511
9966078
9966959
9967634
9969446
9970042
9970503
9970576
9970965
9971769
9971906
9973261
9973533
9975236
9977870
9979345
9983860
9984645
9985184
9986524
9988709
9989741
9989780
9991148
9991199
9991974
9993633
9994358
9994851
9996438
9997213
9998469
9999071
