62
462
1284
2201
2775
2832
4514
5537
5679
6081
7060
9271
11324
11976
12067
12607
14147
14409
15096
16010
18049
18299
19468
20273
23011
23882
24004
24895
25379
26040
28228
29667
29931
32729
33409
33793
36451
37480
37772
39628
40703
43732
44503
44812
44856
46896
47355
48418
52588
54833
56782
56970
59667
59818
59953
61418
61937
62611
63040
64376
65156
65577
66312
66697
67108
67310
69459
71268
71435
71970
72358
73363
73708
73791
74445
76647
77205
79226
79935
80455
81249
83392
85342
86476
86887
87115
88244
88717
89850
89854
90722
92066
93087
95067
95142
95555
97498
97965
98861
100226
100919
102669
103926
104219
104382
104790
106813
107425
107448
112141
112776
113045
113381
114172
114187
114230
114625
116784
117127
117221
119351
120594
121289
121788
122881
123935
125477
125893
126032
126348
126351
126508
128779
130723
134722
135926
136093
137231
138559
139602
141290
141770
142110
142293
143899
143951
144056
144641
149073
149504
149746
150230
150621
152611
154225
154366
154983
155913
158799
159151
161520
162331
164190
165892
166074
166588
167059
169237
169961
170873
171453
172305
174709
175461
175732
176303
180305
180940
181296
181452
181814
182443
182573
182670
183718
184797
185470
185642
187162
188142
188303
188397
190431
193398
193407
194465
195011
195904
196946
197402
197823
197845
197941
198651
198918
200732
201097
201101
201673
201724
202182
202356
202927
204870
206629
206751
209112
209307
210801
212965
213344
213960
215169
215454
215501
215891
215916
216428
218651
219362
220411
220461
221402
221559
222604
222747
223758
224506
227616
227664
228124
228920
229396
229634
229837
232416
233301
233697
233918
234850
235747
237097
237590
241516
242862
244048
244920
245559
245891
249475
249724
249889
252101
252138
252565
252795
256121
258291
259534
259590
259620
259790
260499
260937
261394
262358
262756
263011
264669
265108
266805
267722
268046
270314
272730
275122
275926
275969
277786
278877
278986
280361
283038
284206
285493
285775
288666
289450
289857
289876
292350
294235
294339
295296
297064
297303
297401
297577
298138
298466
298744
300091
301950
302918
303199
303686
303710
304059
304090
305542
308347
309237
309257
309336
310995
312145
314734
314756
315252
318509
318798
319296
319741
320303
320934
321351
322051
322101
323401
323545
324527
324971
325141
325730
327311
327446
329291
331736
331886
333366
333594
336705
337673
339609
339716
342333
342533
346921
347074
348823
350212
350941
351723
353425
353593
355406
356134
356264
357709
359654
359689
360047
360370
360634
361190
362787
362800
364337
365695
365809
366480
368732
372885
373867
375209
375275
375301
376176
377886
378463
378489
379246
380066
380533
381093
381894
384125
384598
385240
386265
387183
390955
391446
393074
393928
394120
395125
395532
395959
396139
398687
399967
400158
400591
400638
400833
403178
403791
403851
404870
406830
406963
406965
408627
408665
408810
411749
413700
415683
416987
417064
419826
422306
422410
425266
426104
429376
429414
430265
430872
437875
440904
441627
442802
443250
444088
444499
445688
448961
449923
450129
450406
451021
456062
459594
460720
463485
463931
465701
466346
467477
467826
469319
470398
470453
472713
473045
473170
474700
475083
475606
475653
475799
476879
478026
478089
478150
478829
479116
480669
481116
481170
481179
481883
482231
483493
484597
485382
488130
490250
491110
491433
491604
492573
493357
493361
493982
495656
496774
497322
498215
498619
499331
499634
501608
503123
506785
508281
508640
510092
513125
513139
513338
517119
517661
520110
520873
521240
521256
522431
522470
526775
526819
527068
528703
530125
530502
531725
534701
534758
535845
536787
540364
540513
540980
541682
542471
542900
544031
544775
545184
547074
547916
551147
552554
553257
556276
556989
558519
559156
559495
560260
561614
561713
562895
564048
566871
568547
572544
572875
575558
576486
576824
578172
578493
578958
579130
579715
580215
580902
581021
581543
582038
583090
583825
585465
588730
589298
589382
590272
590555
591738
594379
594389
595090
595583
596676
599157
599184
601365
601894
602853
604015
608181
608422
609447
609824
610990
611394
611850
612109
612818
613130
613739
613962
614701
615279
615979
616961
618433
619023
619529
620409
621121
621123
622280
622503
622649
622794
623073
623356
624284
625239
625431
625481
626496
627389
627623
630359
634147
634437
635071
635720
636056
636180
636381
638676
640530
641326
643288
645507
646432
648961
649265
649940
651046
652385
652938
653861
653953
654349
655548
656321
656457
658873
658878
660826
662050
662344
662934
663347
664112
664444
664933
665475
665678
668616
671322
671829
672261
672369
674339
675107
675849
676616
677347
677684
679028
682434
682601
683474
685347
687805
688492
690474
691231
691667
691829
691972
692172
692361
693339
693364
695024
695496
698314
698408
699871
700961
701624
705304
705677
705946
708056
709805
709967
712842
713581
713858
714560
716662
717458
718814
720400
721301
722379
723708
723784
725270
726776
727125
728450
730907
731462
731677
731949
735998
736003
736586
738262
739120
739939
741971
742159
743756
744912
744981
745757
747381
748604
749614
749944
750143
750616
751429
755841
757106
757359
758056
758065
759058
761042
762898
763535
763827
764520
764787
765335
765385
766071
766914
767269
767360
768288
769039
769622
769827
769967
770851
772583
774904
776902
777168
777349
777589
777941
778709
779831
779897
781599
781819
782970
784058
785770
789197
790427
791913
792861
793723
794040
795098
796149
796820
798030
798101
798665
798775
799746
801223
802655
803065
803806
804512
804862
806767
806811
807640
807881
810114
810145
811669
812079
812867
813221
814820
817606
818246
818444
820031
820248
822595
824037
825755
825817
826033
828511
830821
830967
831617
831791
832076
833206
835537
835644
836154
836581
837579
839560
841565
843031
843055
843766
844484
844666
845520
846622
847316
849442
850232
851062
852179
852717
853041
855060
855414
855721
855826
857014
857770
858899
859333
861078
862331
863701
864820
866469
867029
867552
867711
870546
870910
871122
871201
872797
872849
876349
877883
878253
879127
881141
881615
883049
885754
885846
886533
887435
887445
887513
887843
887859
888760
889270
889378
889712
890752
890952
891100
892527
892705
893407
893656
894984
895015
896989
897012
897653
897992
898047
899079
899314
901884
901928
902253
902890
906146
906287
907255
907564
908151
908409
909980
911871
912220
913993
915104
916230
916917
916920
917168
919032
919254
922303
922342
923594
924417
927564
927987
929345
930389
931136
933638
933731
935510
935612
937258
937968
938277
938450
938614
941741
942186
942267
942804
944801
946625
946794
948918
951125
951581
952165
954717
957765
959189
959924
960450
961334
962081
963436
964315
964977
965388
965668
965702
967690
969383
971460
974356
974574
974946
978907
979626
981186
981380
985154
985196
985547
986152
986467
986718
987519
989108
991539
992988
995079
996952
997969
998152
998398
999135
999626
1001638
1002249
1002537
1002646
1003488
1003528
1003951
1004503
1005185
1006971
1007117
1007296
1008509
1009176
1010896
1012192
1012914
1013029
1013178
1014223
1014766
1015309
1015358
1020095
1020739
1021458
1021604
1021727
1021909
1024392
1025382
1026489
1026833
1027014
1028562
1028662
1028849
1030021
1031219
1031365
1031747
1033150
1034059
1034196
1034223
1034800
1035324
1036880
1037402
1038584
1038971
1039794
1039936
1041070
1041655
1042103
1042192
1043316
1043746
1044063
1045200
1045276
1045640
1046049
1047285
1049688
1053547
1053795
1054687
1055629
1056492
1057738
1058408
1060084
1060113
1060571
1060984
1062812
1062861
1063124
1064050
1064547
1065194
1065300
1067461
1067699
1068557
1068910
1071940
1072213
1073911
1075076
1075603
1076207
1076223
1077620
1078566
1079021
1079898
1080676
1080970
1082024
1082866
1085577
1088545
1089053
1089730
1090145
1091955
1092801
1093500
1093794
1094791
1096276
1096485
1096512
1099030
1101679
1102006
1102149
1102986
1103579
1106902
1107240
1109581
1109631
1109764
1110434
1112229
1114070
1114782
1118854
1118915
1120225
1122554
1122721
1122770
1123087
1124205
1124228
1124292
1126410
1126436
1127118
1128058
1128207
1128928
1129525
1130566
1130751
1130862
1131358
1131948
1132709
1133796
1134310
1135744
1136214
1137184
1137396
1140267
1140451
1141396
1141523
1141743
1141839
1142266
1143788
1145597
1146119
1146275
1147105
1147159
1147325
1147461
1148451
1153041
1153073
1153872
1154634
1155114
1156246
1157037
1158351
1159356
1159525
1161744
1161816
1162208
1163241
1163514
1164600
1164771
1166223
1166756
1167512
1167557
1169110
1169474
1169652
1170579
1171019
1171092
1171361
1171728
1171826
1172096
1172519
1172779
1172854
1173256
1174130
1175864
1176272
1176815
1177505
1178277
1178370
1180146
1181205
1182851
1183481
1184412
1185276
1185317
1186065
1186546
1186677
1190341
1191596
1191610
1193028
1194737
1195191
1196929
1200771
1202381
1203133
1204924
1205689
1206455
1208172
1208192
1211298
1211433
1211598
1213811
1214311
1214809
1214895
1215008
1215405
1215894
1218678
1218940
1222446
1222719
1224528
1225346
1226470
1226820
1227464
1228265
1228494
1229334
1230992
1233875
1233970
1235238
1235735
1235931
1236455
1236801
1237031
1237144
1239032
1240789
1242012
1246587
1246789
1247152
1247504
1250790
1253163
1253568
1254508
1254654
1256580
1256802
1258193
1258226
1259045
1259379
1260195
1260320
1260393
1260409
1261171
1261233
1261265
1262355
1263419
1264565
1265876
1266629
1267314
1268695
1270388
1270632
1271195
1271792
1274676
1274976
1275385
1277190
1278870
1281537
1283329
1284344
1285465
1285861
1286327
1286396
1287818
1288226
1288373
1290623
1290685
1291051
1293051
1293157
1294573
1296483
1296864
1298069
1298253
1302127
1302811
1304006
1304706
1306546
1307278
1307895
1308688
1312106
1312240
1312674
1313011
1315371
1315686
1317985
1318758
1318938
1320273
1320415
1321627
1321681
1322418
1323448
1323640
1323944
1324658
1324713
1324720
1327075
1327586
1328608
1329169
1329184
1329777
1331112
1332324
1332609
1334012
1335193
1335732
1335964
1337088
1337607
1338544
1339745
1340683
1341433
1341980
1342543
1343825
1343855
1345388
1347945
1347953
1349352
1349946
1353936
1355383
1356519
1358930
1359248
1359417
1359680
1362916
1363329
1363827
1363938
1364497
1365074
1365941
1366942
1368044
1368649
1368679
1370870
1370977
1372245
1373257
1373285
1374325
1379199
1380779
1380984
1381068
1381407
1387645
1387882
1388803
1389124
1390860
1390869
1392723
1393656
1393915
1393987
1395826
1397266
1397308
1397987
1398033
1399451
1402011
1402304
1403361
1404069
1404329
1404561
1404930
1405385
1405510
1406586
1406795
1409801
1411232
1412764
1413597
1413731
1413993
1416190
1416584
1416597
1417506
1418440
1421212
1421628
1422223
1422762
1425440
1425783
1426760
1427120
1428014
1429864
1430364
1430595
1434227
1434510
1434933
1435732
1436992
1437950
1438178
1439412
1440259
1442379
1442733
1443112
1443578
1443612
1443852
1444715
1445338
1445344
1446146
1446267
1446339
1448959
1449769
1450740
1451333
1451389
1451619
1452086
1454281
1454625
1456226
1457402
1458413
1459787
1459951
1460018
1460397
1460784
1461188
1464340
1464446
1466828
1466911
1467489
1469488
1469661
1472859
1473664
1473919
1475389
1476009
1476061
1476902
1477172
1477340
1480524
1480776
1480839
1483361
1487150
1487293
1489870
1492767
1492862
1492878
1493929
1494108
1494372
1495597
1496957
1498748
1498923
1499098
1499155
1502033
1502240
1502655
1503177
1503434
1505054
1506368
1506422
1509716
1511600
1511907
1514541
1515323
1515364
1517277
1518167
1523419
1523680
1523906
1524267
1525146
1525895
1526133
1529016
1529140
1529701
1531130
1531514
1533583
1533656
1534005
1535086
1536218
1536821
1537070
1537168
1537825
1538021
1540686
1540707
1541025
1541475
1541698
1541838
1542202
1542248
1542626
1543866
1543991
1546722
1547140
1547475
1549344
1553183
1553485
1553753
1555104
1555632
1556396
1559958
1560388
1561953
1562304
1562474
1564322
1565066
1565411
1566165
1566228
1566970
1567912
1568620
1568695
1568766
1573977
1575313
1577949
1578029
1580270
1580942
1581970
1583247
1584582
1584943
1585480
1586903
1587832
1588103
1589177
1590383
1590613
1590614
1591467
1592132
1592720
1594813
1595219
1599613
1599955
1601046
1601092
1603335
1603972
1604337
1605646
1606362
1607506
1608355
1610266
1610425
1610627
1611520
1613758
1615468
1615760
1617269
1619267
1620117
1623267
1628381
1628652
1628846
1630070
1630834
1631809
1632289
1634776
1636068
1636418
1637359
1637923
1646388
1647468
1647687
1650642
1650972
1651504
1651930
1653184
1656683
1657439
1658473
1658896
1659307
1660322
1661406
1661474
1662027
1662166
1662759
1664993
1665143
1666298
1669069
1670568
1670991
1671170
1671685
1672208
1673702
1673846
1674094
1674298
1675273
1675721
1675836
1679771
1680031
1680305
1680984
1685799
1686487
1687502
1689881
1690129
1690556
1690919
1692718
1692987
1695371
1695381
1696305
1698316
1699690
1700237
1700699
1701479
1701863
1703076
1703549
1706590
1707853
1709164
1710580
1712162
1712382
1712567
1713141
1714524
1715398
1715990
1716011
1717027
1718259
1718418
1719487
1720809
1721989
1723631
1726352
1726685
1727200
1730729
1731370
1731642
1732034
1735012
1735086
1736980
1737253
1738085
1743330
1743991
1744813
1746338
1746666
1752412
1752561
1754618
1755469
1755727
1756396
1759004
1759918
1760561
1760796
1761672
1761768
1762390
1762874
1763062
1764991
1765798
1769870
1770414
1771267
1772142
1772629
1772746
1772821
1773156
1773262
1773681
1774029
1774513
1776679
1777162
1777567
1777992
1780865
1781436
1781576
1783770
1783948
1784653
1784910
1785581
1787847
1789945
1790433
1790740
1791347
1793695
1794693
1794850
1798415
1798586
1798694
1798865
1799252
1799685
1799817
1801397
1801765
1802122
1802578
1803428
1803582
1804569
1806438
1806474
1809017
1809272
1810507
1812751
1813866
1816556
1817322
1817410
1822960
1822961
1823174
1825052
1825409
1825559
1825764
1831049
1831090
1832378
1832712
1833012
1834353
1834435
1835210
1838332
1842215
1842689
1844283
1846344
1846370
1846628
1847494
1848206
1848302
1848322
1848561
1849032
1850287
1851090
1852945
1853504
1855635
1856399
1857080
1858317
1858865
1861256
1862370
1862404
1862602
1862790
1864198
1865444
1865702
1865716
1865869
1866655
1866958
1868677
1868809
1871373
1873603
1873869
1875334
1876888
1876992
1877385
1878078
1879427
1880036
1880199
1881407
1881709
1884902
1887544
1887731
1888493
1888744
1889115
1890480
1892790
1893208
1894654
1895094
1895260
1895789
1896114
1896344
1896757
1897013
1897451
1899108
1900513
1901162
1901205
1902006
1903202
1903593
1905281
1905508
1906532
1908397
1909023
1909524
1911200
1912854
1915008
1915811
1918042
1918810
1918818
1920573
1923631
1924584
1928158
1929632
1929747
1929936
1931775
1932679
1932977
1933251
1933720
1934695
1935869
1936749
1937906
1938376
1943906
1945846
1949321
1950968
1951510
1951780
1953727
1955506
1955546
1956760
1956989
1958880
1959305
1959370
1960262
1960626
1962083
1962541
1963206
1964053
1964523
1966742
1966791
1968354
1968931
1969993
1970632
1971436
1974691
1977087
1977218
1977615
1978491
1979135
1979489
1979634
1980936
1981264
1981957
1982765
1983120
1983619
1984158
1986480
1986509
1987064
1987876
1988548
1989197
1989722
1990855
1992520
1993539
1995979
1996897
1998589
1998634
2000264
2000534
2002254
2002681
2003866
2005259
2007108
2010000
2010067
2010407
2013099
2014210
2015066
2015915
2016511
2017533
2017971
2018066
2018394
2019046
2019577
2019980
2020202
2021600
2021798
2022777
2025038
2025670
2026350
2029767
2032011
2032333
2032932
2034990
2035448
2035997
2036081
2036776
2037702
2039330
2040252
2040610
2040901
2040911
2042007
2042827
2042979
2043939
2044778
2044898
2047242
2047350
2048127
2048784
2051326
2052915
2053725
2054388
2055346
2058475
2060013
2060677
2060791
2061165
2062685
2065350
2065525
2066290
2067505
2067811
2068142
2069966
2071607
2071643
2072063
2073420
2077122
2077779
2078598
2079195
2080092
2081217
2083820
2085266
2085417
2087204
2088156
2088796
2089573
2091175
2093610
2094759
2095362
2098239
2098776
2098796
2099033
2099589
2100466
2102540
2103194
2103980
2105100
2106143
2107251
2107864
2108602
2108831
2109078
2109514
2109803
2111062
2111992
2112693
2116515
2117069
2117653
2119858
2120342
2122589
2123310
2123940
2124423
2125203
2125840
2128194
2128382
2128504
2129573
2130504
2131694
2131906
2132255
2133681
2134009
2135036
2136027
2136108
2137796
2138207
2138398
2140695
2141419
2141453
2141604
2142176
2145399
2145882
2146064
2147330
2147649
2150033
2150533
2150590
2151582
2152917
2157729
2158244
2159117
2160124
2160640
2163978
2164212
2166702
2167107
2167590
2167735
2168937
2169804
2171023
2171362
2171570
2171972
2172345
2172856
2173104
2173532
2174256
2174962
2175039
2175642
2176352
2177591
2177896
2180614
2181684
2183371
2186061
2186186
2186834
2187242
2189517
2192253
2192802
2193045
2193106
2194222
2194474
2195566
2196253
2198753
2199542
2201218
2201886
2202105
2204585
2204763
2205233
2205573
2205620
2210709
2212803
2214910
2215428
2218459
2221588
2221792
2223379
2223666
2224838
2225161
2226503
2226962
2230782
2232296
2232939
2234046
2234117
2235268
2236292
2239342
2239841
2240109
2242024
2242135
2242868
2243305
2243951
2245701
2248415
2249090
2249655
2250263
2252034
2252090
2257080
2260010
2260273
2260666
2261590
2262756
2263315
2265517
2266895
2267047
2269225
2269401
2270092
2272715
2272889
2273452
2273844
2274421
2274758
2275133
2276036
2276563
2276708
2278659
2280350
2283024
2286218
2287248
2288213
2288259
2288638
2289306
2289405
2289616
2290178
2292656
2293270
2296727
2297545
2297549
2298432
2298480
2299326
2300315
2300746
2301085
2301227
2303419
2307042
2308552
2310345
2311337
2312182
2313605
2313658
2314666
2315146
2316241
2316458
2317990
2318010
2318533
2318971
2320387
2320911
2321354
2321937
2322089
2323040
2323295
2323998
2325328
2326118
2326453
2327120
2327622
2329905
2331896
2332810
2334740
2335741
2336103
2337185
2338457
2339526
2339808
2340017
2340230
2340831
2340995
2341088
2343491
2344356
2345054
2345986
2347184
2347902
2348322
2349918
2350048
2354362
2354897
2355326
2356908
2359086
2360445
2361839
2362317
2364063
2364569
2366947
2367802
2370019
2370035
2370974
2371652
2373806
2376651
2377258
2378454
2381778
2385394
2386432
2388210
2388401
2388739
2388783
2389911
2391193
2391267
2392306
2394467
2396747
2397056
2397070
2397072
2397347
2398129
2398818
2398970
2399047
2399759
2401776
2402373
2404536
2405748
2408360
2410239
2411608
2411851
2413957
2414524
2420656
2421251
2421817
2422529
2423638
2424197
2426539
2428301
2428464
2428904
2431399
2431612
2431670
2431814
2432142
2433811
2433816
2434838
2437416
2437500
2438695
2438753
2438782
2439460
2442959
2446217
2448992
2449800
2453026
2453245
2455813
2456872
2457242
2458221
2458412
2459123
2459907
2460300
2460685
2461916
2462618
2463577
2466933
2467263
2468987
2469389
2469526
2471360
2472343
2474056
2474556
2475336
2476288
2476787
2477235
2477263
2480580
2480750
2480915
2482695
2484393
2485767
2486271
2486721
2487195
2488663
2489015
2489807
2490484
2490548
2490839
2491038
2491180
2491526
2493566
2493845
2494774
2495271
2498671
2499376
2500850
2501159
2501231
2501354
2504095
2504109
2505457
2505639
2505786
2507412
2507521
2508675
2510475
2513553
2515132
2515637
2515814
2517078
2517998
2518488
2519439
2520819
2521210
2522079
2522282
2524648
2527701
2528789
2529819
2530424
2530468
2531294
2532279
2532740
2532753
2534102
2535489
2537265
2537404
2537981
2539992
2545769
2545870
2546249
2547394
2547804
2547911
2548655
2548806
2550332
2551770
2554200
2555482
2556575
2557927
2558123
2559080
2559940
2560469
2561507
2561806
2563223
2563468
2563553
2563821
2564329
2566539
2567932
2569091
2569114
2570151
2571748
2573359
2574154
2574394
2574714
2577162
2579535
2580594
2581343
2582531
2582623
2582970
2583537
2583557
2583845
2584077
2584409
2584604
2584637
2587196
2587659
2587759
2589014
2589527
2589559
2589634
2591038
2594186
2596240
2596376
2596869
2598027
2598342
2598555
2599108
2599281
2600159
2601353
2601802
2605571
2607459
2608914
2609423
2610735
2610861
2613571
2615619
2616381
2618985
2619377
2621679
2622722
2623279
2625631
2626899
2628848
2630122
2632012
2632587
2633670
2635800
2636649
2636724
2637579
2638493
2638916
2639589
2639860
2640726
2641763
2643854
2643975
2644008
2644952
2645460
2649539
2649932
2653473
2654143
2654489
2654643
2656859
2657109
2657239
2658049
2658714
2659853
2661792
2662685
2663539
2663944
2666852
2668675
2669588
2669725
2670834
2670914
2673189
2674492
2675132
2677161
2677281
2680542
2680917
2681100
2681548
2682032
2682713
2683692
2683901
2683942
2684774
2684840
2684855
2685494
2686927
2687866
2688269
2688313
2688597
2689105
2689916
2690275
2690755
2690883
2691557
2691998
2692276
2693237
2694234
2694436
2696797
2698211
2701544
2702456
2702907
2704081
2705876
2705879
2706153
2706476
2707824
2709219
2711669
2712955
2713162
2713509
2713748
2714249
2714252
2714308
2714459
2714700
2715572
2715797
2716144
2717701
2717713
2717818
2718523
2719102
2720248
2720659
2720854
2720981
2726713
2727860
2728406
2728464
2729128
2729878
2730413
2731895
2734213
2736175
2736928
2740776
2740873
2741036
2741630
2744325
2744627
2745007
2747358
2748015
2748529
2750393
2750913
2753953
2754385
2756327
2758802
2760154
2760435
2760595
2760703
2761426
2763179
2763311
2763631
2764069
2768726
2768852
2774955
2776317
2777047
2777100
2777409
2777644
2779779
2783136
2784877
2784933
2785593
2786261
2787071
2787401
2787702
2787997
2788428
2788431
2792834
2794226
2794613
2795042
2797751
2798246
2798337
2798803
2800585
2800635
2800728
2801504
2803047
2803661
2804472
2804568
2805451
2805650
2806502
2807066
2808496
2809151
2811049
2813626
2813771
2813892
2814457
2814617
2816838
2819483
2819517
2820120
2820318
2823008
2823549
2824074
2825061
2825343
2827754
2829330
2829367
2829972
2830192
2830434
2831672
2833007
2834352
2834400
2836455
2840340
2840891
2841043
2841068
2841153
2841880
2842656
2842809
2843045
2846105
2847124
2849232
2850134
2851664
2853735
2854762
2854818
2855605
2856029
2856483
2857318
2857504
2858951
2860652
2860805
2860891
2861505
2865789
2865967
2866304
2867043
2867050
2867088
2870457
2870835
2871637
2871893
2873219
2873454
2874377
2876373
2878324
2878929
2879431
2881263
2881783
2886492
2886883
2886884
2887237
2888524
2888540
2889221
2890922
2894421
2894787
2898187
2901567
2902610
2903731
2904247
2904356
2905288
2906627
2907062
2908100
2908217
2908832
2910077
2910300
2910340
2910627
2910955
2912809
2913423
2913958
2914602
2915699
2919596
2923103
2923129
2924830
2924948
2925153
2925614
2928399
2930492
2930549
2930729
2931662
2932409
2932641
2933144
2933989
2934731
2934792
2935465
2940523
2943133
2944776
2944818
2946657
2947034
2947535
2948153
2948667
2948945
2950630
2951535
2951859
2952719
2952787
2954596
2956342
2957543
2957982
2958014
2958891
2960275
2960485
2960490
2960521
2961693
2962350
2962957
2963469
2964248
2964504
2965415
2965699
2966576
2967045
2968688
2968717
2971003
2971233
2971441
2972506
2973107
2973783
2975608
2975843
2979679
2979739
2980337
2981640
2981837
2982489
2983473
2984813
2988210
2988468
2990161
2990728
2991455
2994703
2995872
2998263
2999247
3000672
3000853
3001179
3001347
3002771
3002788
3003792
3004886
3007450
3009991
3010091
3011323
3016616
3016721
3017642
3018382
3020554
3020758
3020766
3021091
3022150
3022216
3025476
3025517
3026659
3027657
3028942
3030147
3030565
3030662
3030758
3030927
3031422
3032157
3032425
3032503
3034646
3035197
3036498
3036789
3039480
3040240
3041244
3042989
3043730
3044543
3045679
3049077
3049665
3050977
3050994
3051548
3051659
3052649
3053173
3053503
3053830
3055538
3059505
3060248
3062910
3064997
3066068
3066092
3066574
3068158
3068845
3070417
3070796
3070889
3074493
3075052
3077170
3077765
3077923
3079619
3080686
3080855
3081124
3082345
3083782
3085389
3085649
3086552
3087405
3087841
3088046
3088368
3088500
3089898
3091081
3091187
3091936
3092146
3093076
3093496
3095462
3097317
3097394
3097696
3097922
3098128
3098512
3099080
3099501
3099791
3100022
3102640
3103388
3104836
3105876
3105979
3106133
3110696
3114036
3115454
3117301
3118275
3119729
3120049
3121144
3121382
3121880
3122173
3122298
3123349
3123544
3125341
3125403
3128249
3128620
3129332
3130823
3130991
3133285
3133576
3134493
3134597
3136923
3137109
3137293
3137951
3138202
3138480
3139889
3142948
3143676
3144689
3145850
3145998
3148431
3149292
3149301
3150818
3150851
3151587
3151959
3152368
3153261
3156275
3156386
3156987
3157079
3157584
3159359
3159459
3159912
3160494
3161708
3166283
3166427
3166740
3167694
3168300
3168535
3168541
3173358
3174209
3175638
3176674
3177282
3182154
3182575
3183979
3183995
3184852
3185197
3185585
3185810
3188085
3188363
3188375
3190955
3191224
3195177
3195675
3196033
3196485
3200423
3200542
3200726
3201390
3202177
3203622
3205905
3206051
3206097
3206224
3206620
3207709
3207830
3209027
3209423
3209451
3212772
3214683
3215250
3215577
3216853
3217176
3217623
3219074
3220676
3221256
3222071
3224145
3224425
3225309
3225606
3225740
3227407
3229040
3231889
3233471
3233563
3235050
3235311
3235415
3236726
3237009
3239517
3239982
3240659
3242035
3242720
3243297
3244843
3246287
3246486
3248964
3249292
3249298
3249492
3250862
3251045
3253534
3255091
3255893
3256507
3256587
3256601
3256884
3256975
3257035
3258183
3259787
3259865
3259893
3263101
3263728
3263808
3265110
3266023
3269017
3272472
3272966
3273666
3276047
3276861
3280782
3282369
3282740
3282963
3283753
3284174
3285152
3286374
3287335
3287928
3288054
3288754
3288756
3288932
3290469
3293282
3296678
3297372
3297840
3298226
3298591
3298745
3299823
3300348
3300667
3300677
3303714
3305797
3312098
3312774
3313193
3313506
3314821
3316277
3317211
3317968
3318539
3319229
3320003
3321910
3322415
3326658
3326790
3326824
3329164
3330670
3331566
3331607
3331885
3334706
3334913
3335470
3336534
3338168
3339045
3339207
3339868
3340998
3345717
3348409
3349746
3350120
3350608
3355837
3356750
3358042
3362237
3363035
3363377
3366034
3366558
3366724
3370879
3371050
3371089
3371126
3371587
3374080
3374356
3375119
3380632
3382452
3383176
3383510
3383743
3384252
3384342
3385754
3386154
3386345
3386349
3386847
3387549
3388175
3389984
3390291
3391115
3391751
3391809
3392539
3392828
3393137
3394623
3396000
3396100
3397090
3398671
3399190
3401202
3402735
3403271
3403395
3404668
3404997
3405052
3405616
3405975
3406202
3406891
3406913
3407930
3408062
3408134
3408666
3408927
3409066
3409736
3410846
3411620
3411762
3413451
3414174
3416059
3416730
3416763
3419131
3421048
3422829
3423134
3423951
3424074
3424623
3425023
3426915
3427900
3427944
3431412
3431548
3434366
3435111
3436267
3437084
3437958
3439085
3439378
3440844
3441041
3441751
3441915
3442001
3442341
3443008
3443327
3445416
3445919
3446624
3447431
3447463
3450224
3450406
3452023
3452773
3452994
3453520
3453843
3454537
3455232
3455732
3456319
3457472
3457805
3458642
3458707
3458782
3459831
3459956
3461022
3461621
3461761
3463708
3463709
3464039
3464098
3464266
3464285
3465403
3465652
3467235
3469821
3469852
3469891
3472013
3472310
3472513
3474935
3475073
3475168
3475697
3476533
3476777
3479394
3480848
3481430
3481524
3481726
3482309
3483281
3483295
3484825
3485108
3485930
3486040
3487025
3488164
3490765
3491242
3492593
3494191
3495220
3496081
3498269
3498551
3500621
3502367
3502511
3503372
3504407
3506142
3506625
3507327
3507369
3507606
3507644
3507966
3508268
3508456
3510818
3511342
3512483
3512772
3518311
3518318
3520773
3522057
3522119
3522987
3523367
3523564
3524088
3524163
3524727
3525991
3526755
3527272
3527661
3528174
3528180
3528256
3530306
3532942
3533215
3534248
3535706
3535717
3537197
3538402
3539654
3540749
3540777
3540843
3541260
3542234
3542365
3542819
3542955
3543716
3543977
3544375
3547915
3549293
3549480
3552376
3552734
3552896
3554159
3554682
3554861
3556288
3556662
3557955
3558080
3561218
3562058
3563935
3565518
3565750
3566618
3566651
3567351
3568517
3568849
3569027
3570625
3570749
3571676
3574452
3575081
3576151
3576430
3579223
3580136
3580217
3580335
3580434
3580631
3580888
3581318
3582962
3584230
3584866
3585744
3586672
3587768
3591219
3592057
3592986
3593429
3593865
3594297
3594589
3595161
3595757
3596589
3596820
3597879
3598428
3599284
3600977
3601060
3603240
3604928
3605625
3607322
3607391
3607570
3608049
3610769
3612223
3617817
3617957
3618537
3619434
3619554
3621073
3621157
3622403
3623068
3625955
3625997
3626893
3627161
3627650
3627909
3628290
3629245
3629339
3630130
3631013
3631846
3632012
3632125
3632537
3633239
3633534
3633988
3634637
3634694
3635214
3635248
3635776
3636379
3637500
3637948
3639526
3641991
3643202
3643360
3644273
3644335
3646072
3646465
3647523
3647623
3648260
3648346
3648814
3651717
3652781
3652934
3653406
3654262
3656756
3656776
3657958
3660369
3662636
3663656
3663784
3664065
3664524
3664893
3665030
3665694
3665800
3666757
3667442
3668363
3668375
3669357
3669490
3671530
3672133
3672626
3672984
3673105
3673195
3677686
3679050
3683429
3684218
3684521
3684699
3685835
3686464
3686964
3689581
3690503
3690528
3691560
3692335
3694753
3695996
3696127
3698905
3700822
3701026
3702197
3704056
3704179
3704407
3704753
3709764
3709956
3710960
3711137
3712041
3712452
3716092
3717882
3718534
3718872
3718954
3720644
3721354
3722236
3722394
3723066
3723274
3723741
3725016
3727310
3728864
3729527
3730074
3730685
3733413
3733896
3738058
3742686
3743786
3744217
3745501
3745685
3747250
3748363
3749303
3749820
3749857
3750532
3750641
3752573
3753269
3757100
3759262
3760468
3760493
3760623
3764240
3764433
3764674
3765341
3766111
3766123
3766886
3768311
3768348
3768437
3770926
3771751
3772787
3773351
3773788
3774099
3775681
3777897
3779656
3779802
3780464
3781028
3782510
3783299
3784586
3785486
3787662
3789773
3791488
3793481
3794107
3794128
3794479
3797553
3797734
3798062
3798312
3799236
3801656
3802236
3802452
3802799
3802892
3807966
3807982
3808253
3808769
3811860
3812059
3812667
3812702
3812823
3812911
3813041
3813710
3814506
3815230
3815292
3816342
3818471
3823081
3826059
3826651
3827315
3827851
3828389
3829455
3830668
3831866
3832541
3835606
3835855
3836383
3837419
3838307
3839039
3839179
3839525
3840700
3841236
3841644
3843453
3843672
3843895
3844594
3846248
3847040
3848755
3850842
3852513
3852573
3853035
3855269
3855559
3856073
3856151
3857929
3858816
3858953
3861684
3861962
3862741
3863022
3863861
3864222
3865099
3865500
3869029
3870190
3870338
3871324
3872498
3872815
3873150
3873190
3874963
3875324
3877632
3878002
3878007
3879158
3879213
3879315
3879877
3880271
3880898
3885896
3886216
3886673
3887307
3887703
3888681
3889426
3891674
3892864
3896065
3896320
3898015
3899898
3902159
3903782
3905454
3906240
3906868
3907676
3911559
3911601
3913489
3914038
3914481
3914679
3914785
3915674
3916533
3918831
3921565
3921755
3923889
3924563
3924682
3924730
3925337
3930333
3930987
3931581
3933104
3935826
3936649
3941734
3943515
3943631
3944249
3944815
3945039
3946947
3949023
3950967
3950990
3951897
3953300
3953619
3954244
3955079
3955088
3956518
3956599
3957471
3958309
3958413
3958859
3959153
3960067
3961845
3961876
3962449
3965759
3966950
3967294
3968481
3969487
3970707
3970916
3970971
3971304
3971319
3971489
3972255
3972608
3973275
3973486
3975822
3976634
3976850
3976987
3979702
3985516
3986538
3989860
3990713
3990998
3991631
3991674
3992197
3994353
3994668
3996553
3997608
3998183
3999871
4000407
4001160
4002946
4004730
4005936
4006160
4006453
4007120
4008487
4010903
4011254
4012218
4012944
4013938
4016689
4018152
4018214
4020265
4026432
4026909
4027650
4028431
4028826
4030362
4032584
4034046
4034986
4035734
4038074
4038797
4039727
4041725
4041835
4042203
4042527
4043809
4044015
4044429
4045650
4045743
4046768
4047071
4048158
4048610
4049180
4049450
4049520
4049892
4050610
4051285
4052702
4054394
4055391
4057570
4059428
4059765
4061271
4061508
4064711
4066114
4066847
4067405
4067900
4068559
4068804
4069088
4070735
4070810
4071288
4071442
4072900
4077593
4077630
4077872
4077990
4078212
4080159
4081205
4082508
4082618
4083216
4083446
4084154
4084706
4086664
4088175
4088295
4088343
4089700
4091167
4092434
4094323
4095080
4095597
4096362
4096918
4097174
4097335
4098692
4100654
4101505
4101604
4101737
4102190
4102646
4102868
4103144
4103205
4103527
4103992
4106458
4108421
4109552
4110608
4110811
4111204
4112890
4113498
4113575
4115335
4116116
4116829
4118765
4119023
4119112
4120660
4121630
4122357
4122766
4123079
4123931
4126894
4129035
4132252
4135503
4135602
4137968
4138300
4139730
4143892
4144480
4145867
4147788
4150279
4151053
4151279
4152541
4152543
4154126
4154563
4155109
4155498
4155608
4155799
4156284
4156673
4157357
4158718
4162094
4162153
4163272
4164166
4165337
4166638
4166867
4166958
4167936
4168230
4168879
4169074
4169881
4171832
4172075
4174435
4174739
4175238
4176601
4176975
4178094
4178119
4178573
4179027
4179163
4180451
4181817
4182087
4183132
4185558
4186043
4187123
4187219
4189029
4189100
4189637
4192474
4192591
4192649
4192851
4193357
4194052
4194451
4196212
4196288
4198444
4198630
4202843
4203138
4204590
4205734
4207380
4207767
4208406
4210327
4213775
4214810
4215275
4215296
4216440
4216474
4216829
4218117
4218908
4219803
4220007
4220068
4220475
4220666
4221051
4222279
4222900
4223241
4223275
4223338
4224766
4225268
4231626
4231792
4231811
4232493
4236225
4237033
4237389
4238561
4240598
4240840
4241154
4242173
4243193
4243265
4246718
4248370
4248509
4249325
4249888
4251779
4252647
4254146
4254394
4254686
4254803
4255718
4256092
4257431
4258700
4261558
4262029
4262770
4264404
4264407
4266236
4267659
4271051
4272244
4272697
4273037
4273235
4276254
4277347
4279563
4279614
4279847
4281104
4282251
4283376
4283576
4284224
4284829
4285520
4285644
4286868
4287059
4289723
4289963
4289976
4291525
4293061
4293342
4294015
4294221
4294662
4295140
4295417
4296481
4297078
4300148
4303348
4303516
4305746
4305996
4306228
4307188
4309621
4310090
4311362
4311468
4311760
4312848
4313239
4313546
4314696
4315162
4317168
4317480
4319022
4319739
4320434
4321080
4321160
4321991
4322362
4322423
4323219
4324719
4325500
4325583
4325760
4326675
4327617
4327652
4327800
4328569
4329595
4330090
4330682
4331991
4332919
4333639
4337791
4337846
4339651
4340416
4342467
4342744
4346303
4346613
4347904
4348040
4350042
4352023
4352296
4354320
4355167
4355923
4357611
4357733
4358510
4358888
4359192
4359332
4359441
4362579
4364476
4365301
4366324
4367575
4369475
4369555
4371499
4373810
4374264
4376006
4377056
4377293
4380375
4381313
4382083
4382783
4383248
4384543
4385224
4385385
4386783
4388116
4388397
4389949
4390164
4391968
4393009
4393298
4393403
4393627
4395295
4395422
4395665
4395869
4396017
4396509
4397048
4397122
4397732
4398453
4398508
4398737
4400471
4401244
4401653
4402541
4403467
4404484
4404614
4406868
4408219
4409264
4409837
4411066
4413575
4414700
4416421
4416707
4418209
4419338
4419837
4421137
4421551
4423918
4425358
4425371
4425733
4427418
4428047
4429668
4430510
4432272
4433639
4434049
4434106
4434158
4436515
4436867
4437604
4437895
4437974
4440850
4441669
4441778
4442112
4442127
4442495
4442531
4443018
4444030
4447475
4447803
4448073
4448498
4448706
4450772
4453076
4453179
4453292
4454918
4456959
4457086
4459841
4461598
4461627
4462613
4463489
4463815
4464131
4464762
4465283
4465614
4466325
4466507
4468035
4469266
4470026
4470094
4470895
4471033
4472337
4472422
4473123
4474641
4475359
4477154
4478576
4478638
4479427
4479721
4479915
4482446
4482723
4482799
4485850
4486731
4487779
4488130
4490121
4490220
4492033
4492250
4492852
4492855
4493179
4496550
4497854
4498400
4500369
4500565
4502288
4502551
4503469
4504060
4505048
4505067
4507722
4507857
4508567
4508736
4509301
4509308
4510619
4511425
4511516
4511729
4512209
4512611
4512922
4513073
4513235
4513566
4514366
4514901
4515235
4516648
4517308
4517787
4520540
4523613
4524176
4524639
4526554
4527462
4527752
4529344
4529863
4529909
4530219
4530889
4531990
4532564
4535454
4537160
4537744
4538344
4542939
4543012
4543662
4544797
4545020
4545258
4546537
4547675
4547858
4548151
4548723
4548899
4549422
4551675
4551745
4551853
4552850
4553069
4554207
4554304
4555395
4557027
4557454
4559913
4560235
4561024
4562494
4563175
4563221
4564115
4564358
4564595
4565290
4566302
4567187
4567320
4567324
4567576
4569191
4570157
4570228
4573142
4577269
4577993
4580620
4580848
4581471
4583086
4583378
4584454
4587238
4587525
4587984
4588045
4588070
4590787
4592758
4593282
4594188
4594750
4595209
4595254
4595669
4596276
4596692
4598047
4598251
4598409
4598520
4598817
4599676
4600567
4600834
4601878
4602164
4603536
4606200
4606363
4607873
4608358
4611091
4613143
4614058
4615981
4616227
4616497
4618582
4622723
4624364
4624786
4626940
4627272
4627418
4628063
4628561
4632019
4632864
4633630
4634382
4635793
4636894
4637699
4638571
4642486
4644248
4647153
4648823
4650443
4651102
4653546
4653650
4657023
4657125
4657216
4657353
4660768
4661561
4664007
4664297
4664537
4665752
4665869
4666432
4668276
4668291
4669373
4671712
4672117
4673294
4674293
4674521
4678655
4679840
4683144
4684689
4684876
4685442
4685945
4686276
4687836
4688502
4688876
4688888
4689088
4689992
4690717
4690874
4691116
4691467
4694976
4695037
4695182
4696487
4698487
4698770
4701481
4701673
4702525
4703057
4706343
4708028
4709119
4709168
4709921
4710108
4710880
4712935
4713044
4713692
4713986
4714980
4715918
4718125
4719089
4719592
4720279
4720748
4721484
4722302
4723648
4724452
4724548
4725759
4729191
4730641
4731610
4732140
4732350
4733461
4734124
4734969
4735053
4735793
4736008
4737588
4739777
4743342
4744305
4745496
4746088
4746727
4747523
4748606
4748628
4749354
4750547
4751312
4752120
4753015
4756435
4758919
4759182
4761749
4761888
4762523
4764303
4765038
4765890
4766581
4767439
4768831
4769403
4769788
4770086
4774011
4774229
4776201
4776978
4777971
4780146
4780456
4781359
4782278
4787140
4787353
4787494
4787783
4788914
4788933
4790645
4792535
4794084
4794779
4794873
4796423
4797811
4799421
4799948
4804284
4804443
4804483
4805864
4806340
4807459
4807630
4807711
4808023
4808112
4809365
4811437
4812207
4812324
4813253
4813575
4814471
4814679
4816040
4820086
4821374
4822997
4823603
4824366
4824498
4825555
4826330
4827831
4827967
4829060
4829742
4832268
4834724
4834862
4837727
4839386
4840143
4840426
4842998
4843231
4845232
4846074
4847938
4848995
4849499
4849877
4850939
4851327
4854105
4854539
4855566
4855583
4857702
4857950
4859335
4860103
4861311
4861904
4862197
4862267
4862304
4864654
4866078
4867002
4867507
4867781
4871827
4872401
4873191
4873406
4873410
4875159
4876304
4877114
4877513
4877913
4878774
4880008
4880451
4881495
4882313
4882608
4882750
4882830
4883137
4885085
4886646
4888091
4890222
4890525
4891854
4892388
4893643
4894212
4895573
4896671
4896742
4897561
4897939
4901143
4902437
4902486
4902558
4903670
4903790
4903871
4905160
4906074
4908290
4910492
4910504
4914419
4915284
4916043
4916827
4917448
4917601
4918037
4919322
4919528
4920719
4921655
4921971
4922440
4922733
4923608
4926473
4927847
4930231
4932525
4935275
4938207
4938666
4938772
4940856
4941730
4942334
4942562
4944224
4944350
4945022
4947441
4948082
4949249
4949692
4950823
4951654
4951893
4952698
4953126
4953506
4953753
4953783
4954679
4956710
4957236
4957362
4957418
4957458
4958651
4962055
4963711
4963879
4964640
4964654
4964909
4965954
4968341
4969453
4969517
4969875
4970063
4970139
4970507
4972053
4972789
4972845
4974004
4976093
4977175
4977278
4977876
4977991
4978884
4979703
4979904
4983584
4985644
4987222
4987798
4988269
4988328
4989545
4989954
4990258
4990566
4990935
4996580
4997652
4998040
4998400
5000055
5001639
5001790
5001930
5002871
5003454
5005123
5006091
5006619
5006722
5007277
5009003
5009293
5009911
5010495
5011028
5011971
5012421
5012733
5014427
5015360
5016739
5018219
5019520
5019755
5019866
5019940
5020481
5020544
5020680
5021757
5021969
5023869
5024792
5026810
5027863
5028755
5032158
5032426
5033011
5034600
5036493
5037769
5037961
5040029
5042223
5042370
5042375
5047852
5049389
5049680
5053316
5055255
5057576
5060491
5060515
5061627
5065031
5065501
5068339
5069396
5069861
5070051
5070078
5070331
5072237
5073482
5073671
5073831
5074346
5074771
5076402
5077510
5078791
5078827
5078994
5079831
5082172
5083623
5084739
5084940
5086796
5087525
5087958
5088645
5089333
5090028
5091197
5091833
5092085
5092210
5093374
5094569
5095387
5096862
5099217
5099714
5100481
5100790
5101322
5101533
5102089
5102494
5104663
5107821
5107919
5108192
5108779
5109139
5110089
5110106
5110203
5110833
5110878
5113173
5113534
5115154
5115306
5116794
5119475
5120879
5121991
5123945
5124752
5125263
5126840
5127034
5128124
5128494
5129154
5131087
5131967
5133553
5133825
5136052
5137982
5139395
5140092
5140194
5140285
5141073
5141448
5141722
5144777
5146876
5147242
5148322
5151106
5152088
5153174
5155103
5155120
5155577
5156326
5156709
5159408
5159460
5159949
5159971
5160083
5161888
5162215
5162865
5165084
5165447
5165609
5168165
5169150
5169446
5170622
5171557
5174681
5174721
5174841
5175460
5175577
5180254
5180652
5181101
5183438
5183798
5183883
5184316
5184417
5185042
5186778
5187179
5187663
5188899
5189341
5189592
5189607
5191022
5191691
5193140
5193157
5193376
5194337
5196924
5198435
5199985
5201445
5202091
5203875
5206154
5206828
5206869
5208683
5209257
5209670
5213471
5213573
5214414
5215401
5217656
5217785
5220984
5221995
5222853
5224503
5224890
5224906
5224962
5228709
5230506
5234461
5235846
5235876
5237354
5238459
5239163
5239417
5240226
5241201
5241535
5241750
5243589
5244814
5245737
5247376
5248713
5253192
5253688
5254339
5254412
5254484
5256321
5257302
5258052
5260532
5261488
5261535
5262044
5264115
5266397
5267271
5268474
5269727
5271915
5272301
5272767
5272955
5273128
5274334
5274830
5277829
5279202
5279456
5279644
5280890
5281384
5283727
5286094
5286785
5289807
5290358
5291360
5293880
5293940
5295226
5295349
5299149
5299822
5300302
5300589
5301435
5304149
5304301
5305613
5307325
5307877
5309296
5309650
5309761
5310963
5313687
5314461
5315885
5316597
5317575
5320066
5320273
5320313
5320745
5323025
5323433
5325297
5326452
5326492
5327436
5327688
5328133
5328623
5328982
5329390
5329515
5330001
5330217
5330414
5332652
5333327
5334761
5337191
5342132
5344115
5344701
5346195
5346517
5346674
5346717
5346958
5347533
5348843
5349766
5351198
5351913
5352950
5353691
5355851
5357735
5358100
5358322
5358762
5359343
5359580
5360072
5360581
5360683
5361212
5361417
5363053
5365233
5365459
5366086
5367400
5367622
5368208
5369170
5372531
5373290
5373559
5373626
5375244
5375548
5378014
5378082
5380275
5380542
5380646
5381454
5381949
5382176
5383059
5383390
5384028
5385104
5386102
5386962
5389977
5390154
5392149
5392488
5392959
5394134
5394703
5395576
5395923
5396534
5397519
5398095
5399055
5399175
5399301
5406175
5408403
5408836
5409188
5409453
5409684
5411718
5412519
5414419
5414897
5415168
5415430
5417418
5419615
5420362
5421085
5421370
5421459
5421939
5423685
5425286
5425745
5425846
5426581
5426797
5427761
5427783
5429542
5429746
5430872
5432702
5433740
5433958
5434757
5435125
5437142
5438136
5438702
5439789
5440802
5441710
5441983
5442149
5443925
5444380
5444758
5445832
5446000
5446621
5448343
5449538
5450277
5451840
5452677
5452886
5453367
5453892
5454492
5455481
5456052
5457607
5458319
5459054
5460000
5460370
5462353
5463900
5464122
5464652
5464947
5465886
5467205
5467552
5467561
5469911
5470294
5471268
5471984
5472172
5473667
5475228
5475411
5475883
5478641
5480161
5480823
5481593
5482064
5483351
5483424
5483688
5485603
5485803
5486242
5486949
5487257
5488566
5491020
5491629
5492397
5493129
5496025
5496529
5497593
5498137
5498895
5500108
5501338
5501364
5503986
5504819
5506169
5507349
5507374
5508211
5508942
5510206
5511007
5511726
5514544
5515284
5516497
5516952
5520014
5520604
5523355
5525171
5525408
5525574
5525791
5525863
5526046
5527545
5528111
5530119
5530674
5530694
5531084
5533393
5533522
5535131
5536832
5537353
5540070
5540538
5541188
5544763
5545035
5549038
5549056
5549242
5550347
5551623
5551705
5552753
5553019
5553167
5557019
5559655
5559995
5561903
5562473
5563161
5563172
5565063
5565667
5566132
5566363
5569863
5569883
5570438
5570491
5570810
5571338
5572876
5574917
5576352
5577677
5578522
5580964
5582555
5582570
5583504
5583948
5584128
5584356
5585357
5587176
5589392
5589523
5589710
5590900
5590962
5591125
5591353
5593094
5594905
5595372
5595440
5595759
5596423
5597824
5599423
5601217
5601479
5601578
5603047
5604498
5605525
5605760
5606212
5606947
5607091
5607446
5610220
5613784
5615385
5616407
5616626
5616633
5619844
5619875
5620705
5620929
5623993
5627799
5630264
5630874
5631210
5634381
5635126
5635703
5635907
5636801
5637338
5638129
5638462
5639193
5639643
5640336
5640793
5640936
5641464
5641703
5642382
5643313
5643495
5645878
5646926
5647146
5649592
5650036
5650304
5651149
5653099
5653142
5655215
5655692
5657429
5657716
5657754
5657779
5661440
5661628
5663181
5664455
5665776
5666142
5666382
5666731
5667543
5668307
5669086
5669328
5670387
5672209
5672936
5673751
5673867
5674660
5675157
5675509
5675631
5677448
5678661
5683146
5683421
5684191
5684475
5685190
5685859
5687759
5688560
5688733
5689619
5690171
5690742
5691100
5691703
5692308
5693215
5694188
5694640
5695017
5696054
5696550
5696678
5696846
5697077
5700069
5703503
5704236
5704310
5705770
5707365
5708063
5709470
5711174
5711789
5712041
5712044
5713448
5717044
5719781
5720074
5721389
5722687
5723091
5723596
5723914
5724460
5724700
5726881
5727810
5730756
5732038
5732470
5734587
5735362
5736335
5736592
5737471
5738937
5739274
5739639
5740041
5741198
5741725
5742053
5743022
5743731
5743998
5744979
5746079
5746616
5747845
5749927
5750312
5750910
5751606
5751613
5754409
5754713
5756094
5758346
5760963
5763320
5763569
5764181
5764647
5764692
5765175
5765818
5766486
5766931
5768391
5769390
5770663
5770709
5773400
5773705
5774629
5774665
5775133
5776123
5779889
5780093
5780676
5782077
5783441
5783463
5783564
5783712
5784408
5785117
5785429
5786237
5787080
5788856
5788877
5788914
5791578
5792257
5793438
5795322
5795522
5796483
5798821
5799159
5799973
5800215
5801996
5802664
5803983
5804289
5804533
5806543
5806677
5806962
5807818
5808686
5809256
5809754
5809774
5811656
5812334
5812511
5813491
5815116
5816118
5818537
5826246
5826784
5827084
5828982
5829449
5831003
5831034
5831764
5832349
5832744
5833008
5838180
5839331
5840650
5841231
5842248
5846463
5847230
5848447
5850548
5851740
5852328
5854920
5855046
5856404
5856601
5857084
5858040
5858363
5858673
5858708
5858862
5859605
5859923
5861012
5863113
5863800
5866218
5866350
5868298
5869411
5871160
5876438
5876619
5877173
5877358
5877391
5878392
5878904
5880629
5881374
5882003
5882627
5883712
5884117
5886253
5888134
5888724
5889577
5890219
5890520
5890695
5892362
5892422
5892988
5895252
5895862
5896888
5896915
5896979
5897450
5900435
5902185
5902697
5902844
5903278
5903660
5904864
5905370
5905453
5905757
5905873
5908834
5908879
5909333
5910442
5910628
5911577
5914696
5915147
5915320
5915638
5916688
5917138
5918865
5919560
5920000
5920751
5921320
5922553
5922570
5922698
5923843
5924015
5924181
5925540
5928282
5929136
5930782
5931176
5931498
5932076
5933267
5934594
5935009
5935761
5936334
5936496
5936718
5937789
5938133
5938293
5938739
5939288
5939609
5940505
5940635
5942400
5943713
5945423
5946643
5947572
5947598
5948485
5950076
5951183
5951236
5952014
5952135
5954996
5955020
5955250
5955297
5955945
5956094
5956095
5957184
5958615
5966503
5967222
5971802
5972667
5972699
5973436
5974134
5975693
5977177
5978517
5978672
5979134
5981923
5983555
5983726
5984458
5985074
5986787
5987109
5987505
5988377
5988538
5988749
5989420
5990541
5991977
5993001
5993045
5994073
5994087
5995062
5995727
5995734
5999779
6000077
6000343
6001705
6002157
6002522
6002767
6003872
6004944
6005218
6007219
6008122
6009828
6010577
6011397
6013134
6013273
6016303
6017010
6017675
6018827
6019288
6019436
6021265
6023992
6024667
6025091
6025770
6030947
6031182
6032978
6034215
6034818
6037786
6038145
6038743
6039103
6039783
6039958
6040014
6040061
6040235
6041250
6041756
6041766
6042602
6043321
6045026
6045889
6046920
6047116
6048314
6049613
6049815
6051362
6052696
6053008
6056110
6058466
6059095
6059816
6061091
6061590
6063560
6066118
6067814
6068120
6068453
6071002
6071667
6071669
6071756
6071851
6074609
6075164
6075229
6075792
6076487
6076726
6077195
6077197
6077315
6077769
6079780
6084834
6085087
6086427
6086727
6089133
6090624
6090753
6091100
6092688
6093923
6094227
6095983
6096547
6097506
6099242
6100849
6103812
6103925
6104584
6106754
6108313
6109043
6109453
6110122
6110363
6111134
6113439
6113454
6115385
6116485
6120858
6121301
6121338
6122062
6123135
6125326
6129616
6129939
6132264
6133155
6135871
6138949
6139483
6141067
6143888
6145355
6145741
6147918
6148092
6148519
6148703
6153867
6155261
6157922
6157962
6158649
6158753
6159083
6159934
6161523
6162329
6162782
6163430
6163775
6164072
6167863
6168173
6168994
6169199
6171943
6173626
6174775
6177443
6178427
6178817
6178836
6179443
6179818
6180823
6183307
6184987
6185771
6186141
6186701
6187081
6187711
6189090
6190334
6191698
6192821
6192921
6193231
6194876
6195729
6196306
6196677
6197888
6202107
6202484
6202584
6202594
6202747
6202771
6204118
6204903
6205503
6207890
6209027
6210974
6212534
6212846
6214464
6214745
6215150
6215984
6216614
6217761
6218258
6218846
6219019
6220357
6220598
6222120
6222385
6222491
6223017
6223135
6223559
6223696
6225036
6225260
6227069
6227590
6227640
6228790
6228915
6228975
6230012
6231816
6231962
6234699
6235314
6235459
6235724
6237435
6237741
6240107
6240134
6240635
6241945
6242658
6242859
6243204
6246181
6246840
6248002
6249094
6250257
6250366
6252774
6256088
6256614
6257490
6257565
6257768
6260784
6261755
6262301
6270889
6275240
6277454
6279815
6281553
6281789
6283176
6283315
6285095
6285122
6288454
6288829
6289156
6289260
6289300
6290120
6291888
6291963
6293997
6294578
6295236
6296013
6296031
6296397
6297396
6301639
6301752
6302311
6304892
6305943
6306989
6307684
6307978
6311276
6313641
6315999
6317280
6317597
6318417
6320245
6321849
6325964
6326616
6326638
6327166
6328051
6328121
6328996
6330652
6331847
6333361
6334189
6334564
6334919
6335235
6335312
6335725
6336823
6336871
6337895
6338990
6339244
6339683
6340190
6342368
6343640
6343663
6344018
6345449
6346834
6349627
6350504
6351760
6353323
6354059
6356345
6356977
6358393
6358569
6359379
6361239
6361408
6361922
6362587
6363475
6363792
6364396
6365070
6365482
6366623
6367286
6369418
6369523
6369732
6370000
6370118
6372917
6373683
6375359
6376679
6383666
6384060
6384279
6386582
6386820
6389453
6389485
6390596
6392395
6394822
6395837
6396306
6398235
6399067
6399974
6401373
6401718
6403915
6403924
6409275
6409344
6409551
6410454
6411486
6411971
6412564
6412846
6413114
6414211
6414218
6414575
6415070
6415941
6416476
6416641
6419003
6419609
6419869
6421450
6421854
6422171
6422699
6422738
6423040
6423481
6423963
6425920
6428885
6431756
6435627
6435847
6436011
6436822
6437185
6437764
6442207
6442537
6444570
6445135
6445990
6446379
6446641
6449009
6449951
6455620
6455757
6455845
6455942
6457793
6457890
6458769
6459845
6460451
6461203
6461685
6461703
6461759
6463265
6463859
6464228
6469375
6470547
6471597
6471787
6471947
6475669
6475900
6476055
6477173
6478892
6479157
6479293
6480199
6480328
6480698
6481382
6484943
6487464
6487764
6489184
6490380
6490488
6490819
6491510
6492714
6493757
6494224
6495467
6497182
6497908
6497983
6497996
6498167
6499899
6500686
6500961
6501426
6501626
6502297
6503319
6503451
6503991
6504113
6504493
6504964
6505048
6506543
6506742
6506979
6507287
6507627
6507946
6509551
6511202
6511523
6511583
6513839
6514081
6514369
6515174
6516178
6516318
6517084
6517793
6517891
6518149
6519106
6519352
6522134
6522235
6523602
6523894
6524140
6525523
6526623
6528066
6528176
6528691
6529188
6529393
6529854
6530135
6531702
6532421
6533082
6533339
6534076
6534434
6535662
6535817
6538332
6538733
6539308
6540730
6544962
6545559
6545605
6547081
6547344
6547378
6548595
6548803
6549289
6550469
6553229
6553773
6554137
6554819
6556223
6556723
6557137
6560524
6562319
6562653
6566284
6566764
6568261
6569062
6569362
6569893
6571520
6573069
6574391
6576577
6578876
6579732
6581037
6584635
6584662
6586233
6588625
6590537
6593947
6594703
6595803
6596981
6597236
6597410
6597467
6599018
6603994
6604086
6605157
6605160
6605298
6606093
6606113
6606187
6606904
6607523
6608044
6608314
6609601
6615400
6615486
6615830
6616023
6616151
6617621
6617851
6620481
6620869
6622240
6622926
6625169
6627229
6629385
6629845
6630101
6633863
6634100
6635305
6639785
6640161
6640354
6640628
6641663
6642569
6642896
6643249
6643466
6643928
6645353
6646495
6649387
6649402
6649933
6651453
6653705
6656051
6656227
6657104
6660901
6660982
6661320
6662241
6663334
6663369
6664529
6665622
6666323
6666426
6666859
6666963
6667433
6667535
6668153
6669059
6669809
6671784
6674173
6674617
6676020
6676345
6676632
6678778
6683918
6684033
6686274
6686829
6687372
6688043
6688719
6689084
6690587
6692358
6694575
6695628
6695951
6696145
6696254
6696718
6697285
6697716
6697845
6699098
6699400
6700262
6703966
6704943
6705499
6708124
6709751
6710772
6711868
6712280
6714521
6714831
6715231
6715561
6715654
6717470
6720411
6723533
6723611
6724564
6725603
6730283
6730816
6731015
6731274
6731317
6731447
6731993
6733089
6733439
6735942
6736403
6738156
6739155
6739620
6740378
6740810
6740932
6742577
6744506
6744633
6744648
6745237
6746043
6746636
6747834
6748022
6748562
6748898
6749842
6750407
6753688
6753746
6755504
6756621
6756681
6757683
6758142
6758189
6758393
6760981
6766365
6766822
6768053
6768394
6768524
6768811
6769165
6770589
6772546
6776086
6776536
6777421
6777936
6778020
6778183
6778767
6778819
6779400
6780790
6781707
6782641
6784507
6787626
6790292
6793481
6795122
6797263
6799671
6801441
6802497
6806863
6807172
6807618
6807935
6808683
6809914
6811385
6811879
6813380
6813635
6813918
6814077
6814551
6815033
6815774
6817608
6818841
6820201
6820389
6820544
6823013
6823490
6825943
6826198
6826452
6826672
6826807
6827467
6827470
6827478
6827514
6828452
6828472
6828963
6832166
6832483
6832749
6833190
6833807
6834243
6836456
6836673
6841964
6842961
6843789
6844833
6845687
6846007
6846097
6846104
6846798
6847709
6848934
6850375
6850461
6851866
6852327
6852740
6855850
6856708
6857067
6857135
6858544
6859636
6859833
6859866
6860810
6862142
6863434
6864656
6864738
6864973
6865223
6866251
6867116
6867262
6868116
6868489
6868668
6869039
6869577
6869903
6870319
6870339
6870704
6871657
6873304
6873770
6874110
6874730
6874819
6875915
6877893
6878020
6880293
6880316
6881521
6882799
6883400
6884014
6884867
6885313
6886728
6887064
6887630
6888703
6890337
6891728
6892014
6896500
6896625
6896661
6897265
6898786
6902373
6904339
6904792
6905905
6906730
6906957
6907481
6908645
6910858
6914092
6915425
6916966
6917111
6917559
6917648
6917983
6918349
6918766
6921749
6922694
6923236
6923602
6924723
6925608
6926011
6926680
6927818
6930621
6931455
6931515
6931888
6934197
6935544
6935696
6937589
6938273
6938860
6941521
6943401
6944399
6945142
6945682
6946073
6948362
6948609
6950699
6951108
6954460
6954873
6955817
6956904
6957086
6957367
6959790
6960484
6963768
6963931
6964202
6964575
6965149
6965365
6967755
6968000
6968845
6969396
6969595
6971268
6971387
6972898
6973218
6974418
6975020
6975032
6977097
6977420
6977989
6978602
6979835
6980277
6980603
6980924
6981277
6984024
6984884
6985116
6985875
6985989
6987952
6988394
6989799
6991472
6991911
6994559
6994668
6995500
6995750
6996945
6997026
6997202
6997445
6998798
6999251
7000657
7001566
7002369
7002456
7003194
7004198
7004303
7004764
7004928
7005349
7005546
7005853
7007332
7008146
7011552
7015661
7015796
7016861
7018513
7019762
7021347
7022257
7022419
7023308
7024454
7025248
7025592
7029272
7032287
7032957
7034022
7034160
7035112
7035499
7037501
7038246
7038811
7039056
7040161
7040252
7040545
7041610
7041611
7043582
7044060
7045175
7045457
7046186
7046188
7048231
7049224
7049360
7050316
7051195
7051934
7053498
7053610
7055882
7055932
7057916
7060411
7060602
7060891
7061421
7062800
7063597
7063860
7063937
7064392
7065119
7065465
7065841
7068011
7069083
7069732
7070836
7071136
7074356
7074975
7076002
7076179
7076397
7079611
7080114
7083999
7085284
7086100
7086109
7086608
7087671
7088652
7089264
7089447
7090334
7091295
7093974
7094589
7095632
7095638
7097218
7097730
7097997
7098275
7099873
7100184
7101239
7103828
7104307
7104310
7105404
7105930
7106049
7106574
7108005
7108620
7108672
7108810
7112270
7112740
7112824
7113299
7113705
7115035
7115156
7115269
7115832
7116460
7116525
7116907
7120929
7121793
7124030
7124235
7126017
7126250
7126588
7127007
7130912
7133297
7133623
7133683
7135078
7136160
7136299
7136608
7138206
7139317
7139777
7141376
7142912
7144005
7144276
7144511
7145847
7146576
7147261
7147315
7147412
7147608
7147776
7148916
7148987
7149646
7150852
7151062
7152464
7152843
7153058
7154753
7156237
7158414
7160790
7162206
7162358
7162401
7164080
7164243
7164588
7164832
7166467
7166705
7167877
7170662
7173337
7174080
7175459
7175527
7175746
7176043
7177413
7177428
7178573
7178651
7178881
7180429
7182634
7184978
7185776
7186011
7187358
7190707
7192286
7193239
7193495
7196501
7198262
7200510
7200559
7200691
7201107
7202038
7202256
7206072
7206392
7207224
7209069
7209122
7209176
7209635
7212616
7212709
7213717
7215400
7216744
7223611
7224910
7226745
7226777
7227641
7229070
7231706
7232580
7234803
7235513
7235915
7237146
7237552
7238186
7238594
7239844
7241994
7243661
7244052
7244422
7245514
7245548
7246147
7247598
7248855
7249801
7250396
7251889
7252068
7252320
7253105
7253506
7254805
7255905
7256001
7260871
7262032
7264277
7264806
7264933
7266942
7268635
7268654
7268832
7269853
7272026
7272086
7276646
7276668
7278869
7280380
7281046
7281209
7281317
7284983
7286041
7286704
7290269
7290507
7292004
7294438
7296326
7298893
7300664
7300808
7301540
7301677
7302357
7303676
7304114
7305513
7306418
7308373
7309077
7311248
7311354
7313475
7313641
7317068
7318348
7318992
7319327
7321698
7321775
7322552
7322646
7323420
7323913
7325226
7325311
7327345
7329824
7332100
7332568
7333473
7334416
7334791
7335944
7336441
7337213
7337389
7338921
7339020
7339131
7342167
7342231
7342582
7344549
7345947
7347194
7349292
7350215
7352519
7353501
7355132
7356238
7357237
7358080
7359983
7360336
7361017
7362505
7364281
7364776
7365072
7365136
7366071
7366203
7367586
7367851
7367985
7368238
7369421
7371094
7372261
7372600
7374748
7375250
7375971
7376702
7378102
7378605
7379839
7380345
7380579
7382365
7383440
7386683
7387156
7388272
7388429
7388593
7389749
7390434
7391167
7392203
7392664
7394216
7395200
7395589
7396071
7396396
7396551
7397929
7398557
7398654
7399568
7400253
7400332
7402915
7403055
7403187
7403846
7404937
7406343
7408660
7410526
7410868
7412996
7413047
7413405
7414994
7415719
7416099
7416279
7418884
7418885
7420449
7423386
7424610
7424695
7424837
7424930
7425328
7426041
7426406
7430645
7431931
7432061
7432360
7432502
7432828
7433888
7434041
7434897
7436325
7436746
7437911
7438310
7439111
7440907
7442096
7445286
7446236
7446618
7447168
7449464
7449661
7449955
7450658
7451841
7451989
7453843
7454432
7456784
7457940
7458142
7459159
7460972
7460977
7461169
7462238
7463588
7463600
7464459
7464907
7465474
7465919
7466100
7466287
7467346
7467357
7467404
7469738
7472721
7473980
7477067
7477361
7477365
7478037
7478307
7478612
7479434
7479874
7484586
7485018
7486905
7488420
7488919
7489540
7489849
7490640
7491337
7491832
7493868
7495334
7495352
7496614
7497459
7498118
7498655
7499127
7501971
7502075
7502483
7503418
7506473
7508677
7508703
7510562
7510794
7511839
7512033
7512421
7512594
7512736
7514021
7514636
7515356
7515600
7515978
7515993
7516389
7518363
7519313
7521409
7521527
7523723
7524217
7524470
7528657
7529052
7529465
7529919
7530516
7532225
7533998
7534286
7534962
7536237
7536503
7536611
7537182
7537622
7537713
7537788
7538699
7539173
7539226
7539838
7540091
7540721
7541157
7542191
7542484
7543724
7544769
7544925
7545527
7546402
7548176
7548609
7549770
7551633
7551696
7553795
7554547
7555498
7557288
7558004
7558821
7561982
7563912
7566198
7568681
7569016
7569276
7569485
7570081
7572572
7575116
7575431
7575451
7575872
7576203
7576392
7578334
7578369
7578632
7578741
7579594
7582250
7582363
7582760
7583579
7584064
7585073
7585520
7586759
7587421
7590738
7593579
7595000
7595236
7595783
7598218
7598555
7598730
7599887
7600429
7602428
7602470
7603112
7604468
7604691
7605230
7606507
7607194
7607295
7608302
7608953
7610964
7612294
7612632
7613303
7614061
7620372
7621344
7621512
7623117
7623234
7623783
7624129
7626777
7627082
7629308
7631114
7636325
7636841
7638697
7638712
7638879
7639384
7641615
7642439
7642699
7644726
7646058
7647535
7648391
7649151
7649299
7649459
7649807
7651940
7652343
7652900
7653006
7653711
7654014
7655856
7656220
7656614
7657535
7657637
7658152
7659566
7661200
7662026
7665266
7665368
7666640
7666733
7668251
7668310
7668790
7670642
7671189
7671922
7674008
7674751
7675153
7675363
7676586
7677038
7677564
7677954
7679988
7680152
7683714
7684476
7687612
7690369
7691491
7691536
7692422
7694425
7694928
7695363
7696292
7697769
7699915
7700319
7701263
7704811
7704969
7708281
7708444
7708926
7711009
7711725
7712509
7713701
7715198
7718789
7718979
7720340
7720605
7721619
7722303
7724614
7726052
7726477
7726606
7728311
7729084
7730040
7730093
7735680
7737331
7737978
7738965
7742305
7742487
7743550
7745647
7746575
7750438
7750609
7750927
7752504
7753068
7755789
7756271
7756757
7760507
7762233
7764035
7764977
7765345
7765361
7766568
7767245
7769156
7769157
7769644
7771113
7771571
7772861
7773158
7776011
7776050
7776329
7777672
7778538
7778915
7779167
7779702
7780618
7781400
7781705
7782079
7783466
7783573
7783736
7784447
7784763
7784909
7785638
7787754
7787847
7788311
7788490
7789183
7794281
7795962
7796906
7802768
7804767
7805034
7805973
7808010
7808879
7808880
7809493
7810518
7812619
7813623
7814282
7814494
7815001
7815098
7816152
7818572
7818819
7820524
7821319
7823822
7824006
7825035
7825345
7825777
7826104
7829891
7830249
7832165
7833038
7833344
7833421
7834868
7834908
7835150
7835930
7836857
7837465
7837611
7838949
7842409
7842731
7843073
7846800
7848007
7849029
7853433
7857142
7858477
7859730
7860188
7861864
7863001
7864440
7864472
7865747
7866415
7867569
7868113
7868264
7869168
7869993
7870810
7871030
7871277
7871468
7872649
7873146
7873766
7875139
7876532
7877076
7877417
7879213
7881574
7882650
7884964
7886242
7886714
7886955
7889980
7890419
7892142
7892922
7893887
7895389
7895931
7896916
7896978
7898027
7898080
7898780
7899779
7900018
7901941
7902676
7903621
7904248
7904687
7905501
7906998
7908099
7908710
7908954
7909989
7911171
7912718
7913044
7913546
7915209
7915528
7915772
7917131
7918874
7921036
7921270
7921289
7921331
7922441
7923272
7923420
7923928
7926831
7927078
7928004
7929196
7929348
7930553
7931059
7931588
7931590
7933559
7934715
7936671
7938295
7938750
7940465
7941894
7942740
7943029
7944408
7944743
7946596
7948915
7952938
7952946
7952986
7954410
7955215
7955434
7958879
7959667
7961483
7962337
7962635
7963938
7965994
7967339
7968650
7969359
7969826
7970804
7971832
7971942
7972122
7975092
7975223
7976186
7978904
7979728
7979979
7980648
7982408
7982582
7983704
7984452
7986657
7989415
7990568
7992220
7992508
7992731
7994046
7994235
7994511
7995229
7996305
7997043
7998410
7999445
8000866
8001646
8003403
8004112
8004161
8004479
8004643
8004760
8007180
8007362
8007717
8008609
8009374
8013695
8014356
8014600
8014611
8015724
8015827
8018135
8019553
8020841
8022233
8023389
8023790
8024313
8024635
8024687
8024971
8026200
8028134
8030194
8030779
8031954
8032039
8034574
8036597
8038513
8038932
8039375
8039698
8040868
8041090
8044276
8044642
8050392
8050409
8052610
8053108
8053169
8053975
8054818
8055117
8057287
8057318
8058109
8058210
8058471
8058631
8059687
8060485
8062261
8062585
8063098
8067445
8067956
8068077
8068519
8068655
8068661
8072223
8073411
8081204
8082593
8083076
8083696
8085170
8087597
8088810
8089258
8090961
8093493
8094456
8094666
8095922
8096032
8096816
8098242
8098409
8100611
8101067
8103729
8104366
8106408
8107080
8107414
8107472
8107697
8108546
8108798
8108863
8109340
8109383
8111444
8111486
8111544
8114099
8116523
8118659
8118758
8120874
8124658
8124760
8129951
8130252
8132771
8137232
8138275
8139443
8139885
8140770
8140889
8141456
8143526
8144290
8144503
8144851
8145659
8146442
8146635
8147795
8148012
8150384
8150436
8150529
8150752
8153061
8153848
8154120
8155498
8156596
8157011
8158291
8159911
8161468
8161991
8162036
8162361
8162482
8163535
8164622
8165087
8165798
8167673
8168134
8169118
8171119
8172833
8173565
8174414
8174785
8175903
8176798
8176861
8176946
8177689
8177937
8178160
8178797
8179054
8179405
8179833
8180357
8180949
8181141
8182346
8182578
8185742
8186109
8186199
8187846
8188223
8188383
8190037
8191513
8192915
8193876
8194819
8196243
8198094
8198981
8199065
8199415
8199896
8200310
8203034
8204245
8204419
8204574
8205226
8206988
8207255
8211377
8212163
8212199
8213765
8213893
8214290
8215297
8216206
8217425
8217725
8218253
8220400
8221483
8221962
8221999
8222184
8222373
8224150
8225013
8226231
8226469
8226534
8226793
8227953
8229707
8232800
8235930
8236498
8237453
8239655
8241894
8242377
8242962
8244441
8244995
8245723
8246447
8247184
8247567
8250491
8252337
8252678
8255651
8256365
8256916
8258775
8258931
8259798
8260172
8260389
8260605
8260747
8262932
8264477
8265343
8265655
8265975
8267861
8269798
8270022
8270412
8271265
8274047
8274070
8277010
8280934
8281886
8283340
8287693
8288274
8288660
8289371
8289956
8290164
8290166
8290706
8291045
8292201
8293323
8293339
8293345
8293635
8294684
8295610
8295754
8296239
8296569
8296785
8297384
8297795
8300769
8300892
8301881
8301960
8302720
8305907
8306795
8307172
8309707
8310175
8310414
8311021
8311407
8312637
8314976
8317598
8317733
8318823
8319036
8319183
8320559
8321643
8321751
8322234
8322371
8323009
8325180
8325338
8325364
8326037
8326643
8326710
8328578
8329141
8329722
8331196
8333260
8333869
8334813
8338652
8338798
8339499
8339573
8344072
8344327
8344653
8345595
8345657
8347205
8347647
8347813
8349370
8349821
8350165
8351226
8351732
8352388
8352557
8352895
8353065
8354665
8355981
8356506
8356918
8356988
8360894
8360928
8361226
8362371
8362588
8363218
8364102
8364888
8366070
8366781
8367433
8368765
8370365
8370490
8373400
8374992
8378033
8378097
8379256
8379276
8382101
8382193
8382961
8383582
8383724
8384517
8386222
8386920
8386962
8387026
8387084
8388308
8388775
8389880
8390022
8391845
8392404
8394549
8395260
8395784
8396246
8397204
8402195
8403204
8404411
8404457
8405462
8407267
8409052
8409202
8409919
8410224
8412148
8412604
8414451
8414598
8416983
8417041
8417160
8418384
8419550
8420039
8420104
8421186
8421719
8423318
8423724
8426065
8428800
8429447
8429840
8434387
8435634
8436963
8437529
8437898
8440425
8440641
8440681
8440926
8441147
8442057
8442113
8442258
8442423
8442764
8442926
8443934
8444557
8446496
8449149
8449298
8451109
8451337
8452881
8453018
8454147
8454835
8455021
8457470
8458029
8458616
8458957
8459830
8461098
8463342
8464412
8466533
8467223
8468469
8469004
8470217
8470990
8471646
8472788
8473162
8473737
8473932
8474241
8476340
8476395
8481569
8482072
8484538
8485291
8486946
8487005
8488428
8489234
8489301
8490137
8490507
8490671
8492200
8492859
8492862
8494105
8494572
8495332
8495584
8495691
8500128
8500387
8500830
8502733
8502899
8503133
8505912
8506801
8508506
8510126
8510988
8512917
8513381
8513726
8514011
8515571
8515786
8515813
8517017
8517390
8517431
8519390
8521147
8523043
8525532
8525543
8526113
8526256
8526726
8527486
8527920
8528034
8530277
8530620
8531547
8531813
8533470
8533778
8534353
8535087
8535758
8536891
8538121
8540582
8540621
8541946
8543799
8544458
8545435
8547126
8552052
8553459
8554853
8555103
8555956
8555994
8559562
8559992
8560133
8561601
8561779
8562456
8566106
8566568
8566643
8566764
8566989
8567133
8567417
8568248
8569273
8570003
8570563
8570657
8570987
8571090
8571199
8574573
8574979
8578791
8579912
8580663
8581853
8582539
8586042
8586315
8589983
8591950
8592056
8592908
8593124
8593826
8596387
8597601
8598924
8601665
8602189
8603318
8603516
8604181
8605067
8605818
8606109
8607225
8609510
8610952
8611410
8613610
8614149
8614154
8615123
8615858
8616426
8620486
8620740
8622627
8623769
8624383
8624675
8624782
8624957
8625286
8626063
8627047
8627465
8629777
8630509
8631480
8632672
8633666
8634188
8634467
8635257
8635412
8637473
8638454
8640189
8640358
8640462
8643156
8643332
8644391
8644760
8644865
8644892
8645337
8645720
8646740
8647227
8647878
8648184
8649526
8649879
8650128
8651153
8653437
8653610
8653698
8657636
8658993
8660113
8660313
8661327
8661412
8662465
8662868
8663775
8667063
8668370
8669049
8669433
8670272
8671906
8673811
8673963
8674178
8674540
8674735
8675626
8675855
8675863
8677001
8677124
8679242
8681066
8681683
8683476
8684183
8684691
8686806
8687273
8689390
8689856
8689955
8690494
8691224
8691840
8691848
8692061
8692127
8692160
8692907
8693942
8694267
8695317
8697050
8697474
8700638
8701672
8703432
8703763
8704111
8704923
8705731
8706374
8706476
8707580
8708040
8708782
8709955
8710499
8712907
8713413
8713484
8713984
8716071
8718738
8718984
8719715
8720375
8723590
8724738
8725888
8728014
8728432
8729218
8729469
8729538
8730152
8730711
8730749
8730905
8730923
8731291
8732730
8735089
8735689
8739715
8739930
8740673
8742778
8744596
8745387
8745889
8746932
8749161
8749294
8749613
8750132
8751286
8752802
8752935
8753147
8754826
8755426
8756469
8757717
8758570
8760315
8761547
8761861
8763407
8763835
8764790
8765563
8765791
8765807
8765938
8766334
8766545
8768493
8769188
8770171
8770631
8770698
8771729
8772396
8772515
8774229
8774628
8774963
8775958
8776506
8776964
8778124
8778409
8779469
8780534
8782636
8783682
8784262
8784540
8786279
8786900
8787739
8787995
8788644
8788974
8789729
8790240
8791636
8792370
8793733
8794129
8794527
8796018
8796894
8799292
8800971
8801322
8801367
8801720
8802104
8802373
8804597
8804966
8806411
8808262
8808864
8809496
8810228
8810271
8811559
8811896
8812035
8812324
8813265
8813522
8813624
8819983
8820504
8821796
8821817
8822379
8822559
8824715
8825141
8826420
8827433
8827771
8828300
8828634
8828948
8830910
8831255
8832927
8834205
8835044
8835334
8836913
8838266
8840820
8840839
8843351
8843553
8843681
8846635
8846736
8846804
8848600
8849977
8850770
8851185
8851430
8851658
8853665
8853985
8854320
8858265
8859069
8860561
8861559
8863147
8864937
8865514
8866757
8869406
8870233
8871683
8876658
8878467
8879249
8879720
8879865
8880831
8881516
8881746
8884184
8887129
8888578
8888910
8889227
8889444
8889474
8892579
8892580
8892587
8893981
8894310
8894461
8894796
8895879
8896252
8898198
8898590
8899816
8899915
8900045
8900068
8900950
8901130
8903166
8903310
8903406
8907051
8907509
8908468
8909493
8911225
8911667
8911743
8912228
8918859
8919803
8920636
8922069
8922669
8924578
8924603
8925738
8927042
8927312
8927614
8927624
8927685
8928021
8928733
8928931
8929447
8929495
8929976
8930055
8931504
8931905
8933137
8934731
8934827
8935266
8935923
8938698
8940162
8940809
8947159
8947572
8948057
8951956
8952544
8953177
8954869
8954974
8955053
8955260
8957266
8961758
8963136
8965263
8966988
8968401
8968522
8968541
8970530
8972037
8972551
8973333
8973466
8973808
8973994
8976268
8977170
8977475
8978387
8979505
8981555
8981621
8982012
8982745
8984039
8985058
8985210
8987211
8987894
8988054
8988265
8989914
8989987
8990309
8990704
8992349
8994762
8998046
8998592
8999442
9000291
9002323
9002485
9003125
9004533
9005853
9006651
9006902
9007461
9008110
9008828
9010777
9013243
9013416
9013770
9013839
9014450
9015196
9015742
9018897
9020734
9021527
9021583
9022663
9024390
9024966
9025233
9025512
9025840
9027227
9030194
9031441
9031566
9031617
9032021
9033359
9033446
9035157
9035538
9036125
9036677
9038586
9038786
9038872
9040209
9042041
9044539
9045054
9046109
9048223
9048945
9050294
9051246
9053197
9054096
9054291
9054311
9055787
9056959
9057627
9058200
9059060
9059101
9059715
9060957
9063085
9063372
9064321
9065035
9066210
9066426
9066713
9067217
9067369
9067603
9067756
9068082
9068675
9068862
9070027
9070427
9070604
9073078
9073466
9073707
9074159
9074222
9075738
9076451
9076718
9077746
9078585
9079640
9079829
9081250
9081825
9082594
9083709
9084992
9086112
9087258
9087524
9088218
9088549
9089095
9091847
9091948
9092398
9094287
9096612
9097325
9097592
9098911
9101810
9103539
9106291
9106465
9106732
9106769
9109082
9109143
9109758
9109889
9111082
9111785
9112187
9112449
9113066
9113670
9114512
9115729
9115886
9116147
9116164
9116931
9116968
9118132
9119613
9120496
9120784
9121155
9122103
9122248
9123206
9124762
9126314
9126498
9128823
9130348
9131227
9131255
9132674
9132943
9133482
9134080
9135666
9135861
9137173
9138211
9138236
9139006
9139611
9141583
9142664
9142825
9142976
9145733
9146058
9149125
9149128
9149186
9150200
9153584
9158803
9158991
9159406
9159606
9159634
9159886
9160694
9160842
9161089
9162902
9162922
9163445
9163880
9164820
9166198
9166741
9167931
9168859
9169542
9170018
9170088
9170641
9170809
9172273
9172772
9172786
9174605
9175136
9175536
9176624
9180103
9180699
9180898
9181274
9182800
9183074
9183331
9185620
9188920
9189169
9190056
9191425
9191464
9191494
9193542
9193996
9195127
9197614
9198468
9198510
9199621
9201123
9202450
9203198
9203325
9203514
9204111
9206603
9207928
9209412
9209641
9211166
9212580
9212615
9212870
9213540
9213715
9217007
9218246
9218929
9219900
9220953
9221216
9221849
9222500
9223169
9224328
9225307
9225542
9230144
9230485
9231247
9232819
9233695
9235644
9236227
9236235
9238559
9239493
9239595
9240311
9240608
9240919
9241521
9241823
9244651
9246755
9246994
9247609
9249840
9250004
9251926
9253200
9256314
9257436
9258876
9259749
9259771
9260807
9262812
9262987
9263311
9263833
9264730
9266233
9267253
9269698
9270274
9270980
9271070
9271259
9271587
9272293
9273204
9273274
9273773
9274385
9275055
9276217
9277627
9277903
9279536
9281433
9281546
9283975
9284928
9285497
9286136
9286344
9287720
9287828
9288397
9289525
9290209
9293499
9293960
9294812
9296492
9297025
9297286
9297674
9297677
9298520
9300169
9301424
9301842
9303378
9303823
9304401
9304479
9305081
9305166
9305958
9306272
9308698
9308785
9311574
9311667
9312284
9312449
9314082
9315118
9315175
9315936
9316415
9317274
9317573
9318045
9318278
9318494
9318890
9321059
9321123
9321685
9322464
9324099
9325442
9326124
9326493
9327099
9327533
9330184
9331471
9333100
9334294
9335206
9336421
9337319
9338883
9339527
9339865
9342697
9343451
9344800
9345770
9346233
9346788
9347682
9348385
9351426
9352524
9353108
9353721
9354597
9354756
9355911
9358021
9360138
9360245
9362118
9362623
9363035
9365335
9366091
9366285
9367176
9367371
9370290
9371258
9371503
9371736
9372926
9374390
9376713
9379269
9380290
9381914
9382536
9383562
9384483
9385794
9386460
9388450
9389005
9390167
9390653
9391126
9391161
9391605
9393688
9393889
9394505
9395147
9396057
9397419
9400764
9402752
9402816
9405874
9406325
9406350
9406864
9408211
9408698
9409291
9410098
9410553
9411446
9413601
9413842
9415343
9415578
9417555
9417769
9418619
9418751
9422484
9422547
9425116
9426190
9426815
9429130
9429452
9431250
9431323
9431372
9432859
9434858
9436224
9437243
9437520
9439985
9441711
9443367
9444901
9447021
9448163
9450411
9450896
9452333
9453800
9457705
9457845
9458515
9460212
9460624
9461400
9463253
9463297
9463415
9463639
9463846
9463890
9464397
9464480
9466477
9466678
9466725
9467573
9468089
9469102
9469937
9470667
9470899
9471250
9471803
9471928
9473800
9474518
9476109
9476951
9479032
9481584
9484074
9484365
9484798
9487808
9488301
9489313
9490231
9490784
9491790
9491978
9492073
9493513
9493878
9494216
9496055
9496182
9498010
9500129
9500896
9502771
9503731
9505845
9505947
9505975
9506100
9506408
9507520
9511744
9511747
9512309
9513711
9515584
9516780
9517959
9518907
9519096
9519544
9520483
9521099
9523318
9523342
9523374
9523641
9523773
9524582
9524763
9525117
9527437
9527670
9528293
9530240
9530959
9531209
9531834
9532684
9533452
9533729
9534963
9536283
9538408
9540497
9540944
9542429
9543885
9546801
9546808
9547579
9549080
9549081
9550743
9552773
9553121
9553592
9553885
9556549
9558239
9558797
9560778
9562017
9568082
9569544
9571483
9572790
9575564
9576961
9577239
9577341
9577850
9578161
9579085
9579296
9579606
9580061
9581905
9582172
9582461
9583247
9585213
9585272
9585337
9585699
9587100
9589035
9591231
9591276
9593044
9595331
9596434
9597411
9600170
9600206
9601355
9603326
9603534
9604286
9605940
9606918
9607148
9609366
9610280
9610536
9610858
9611025
9612517
9613031
9614128
9614354
9616132
9617019
9617058
9617380
9617398
9620880
9620954
9622034
9622603
9622678
9624521
9626269
9627680
9627830
9629466
9629754
9631406
9631496
9631593
9631822
9632009
9632463
9633336
9633724
9634229
9636060
9636285
9640354
9641464
9642285
9642308
9642356
9642451
9643184
9643294
9643310
9644595
9645414
9645436
9645674
9645711
9650407
9651796
9652212
9653687
9654005
9654894
9655876
9656889
9659314
9660740
9660830
9662906
9663110
9663568
9663685
9663747
9665215
9665342
9666128
9668400
9668709
9669810
9669956
9670052
9671243
9671311
9671757
9672956
9673384
9675450
9675707
9680035
9683389
9684525
9685652
9686277
9686363
9686719
9687216
9689786
9692445
9692770
9694021
9694283
9696043
9697554
9698459
9699266
9700012
9702137
9702728
9703304
9705851
9705894
9706612
9707735
9710424
9710583
9711068
9712852
9712941
9712948
9713689
9715446
9715674
9716716
9717630
9717655
9718011
9720769
9720785
9721291
9721592
9722100
9722644
9723023
9723087
9723418
9724944
9726497
9726922
9727928
9730498
9731904
9732386
9733145
9733839
9734102
9736420
9737540
9739451
9741569
9745714
9745890
9746548
9749609
9750191
9750480
9751010
9751084
9751963
9752343
9753658
9755517
9762747
9764488
9764650
9766047
9766099
9766832
9767283
9768467
9768725
9769635
9771163
9771451
9775187
9775199
9776637
9776937
9777731
9778702
9780128
9781758
9783552
9784522
9786604
9787969
9788601
9788773
9789110
9790150
9792995
9793637
9794029
9794058
9794294
9797305
9797747
9798857
9801191
9803068
9803520
9804826
9806149
9806857
9807324
9808828
9809017
9809898
9814800
9814921
9815416
9816634
9817324
9817641
9819049
9820040
9820278
9820787
9822244
9823232
9825047
9825463
9825935
9825972
9827258
9827481
9829174
9829197
9829334
9829480
9829759
9830449
9831724
9832829
9833693
9835815
9837559
9837888
9840185
9840398
9840481
9842331
9842333
9842804
9842916
9843872
9844691
9845348
9845810
9846089
9849405
9851097
9851109
9852153
9852600
9853386
9854570
9854983
9855835
9856361
9857007
9857052
9858586
9859451
9860345
9860694
9861609
9861970
9862380
9862689
9863895
9865099
9866430
9867432
9868093
9868311
9868557
9869039
9870473
9872796
9873985
9874022
9875587
9875723
9876070
9876286
9877428
9878202
9879224
9881204
9881992
9882645
9883845
9883931
9884712
9884831
9885542
9885595
9886451
9889264
9889542
9890146
9891016
9891672
9892099
9893761
9895372
9895688
9897776
9898654
9899793
9899817
9899867
9901881
9903095
9903294
9904075
9906435
9907320
9908409
9910182
9910367
9910834
9914549
9915306
9915699
9915848
9915883
9916055
9916111
9917501
9918666
9919770
9920553
9920859
9921461
9922996
9924081
9924583
9925999
9927153
9928262
9929814
9933230
9935956
9936455
9938348
9938414
9939736
9942196
9943047
9943777
9945138
9946662
9948568
9953913
9954554
9955579
9955879
9956652
9960222
9963004
9963710
9967295
9968209
9968303
9968355
9971933
9973956
9976718
9977224
9977257
9979226
9980098
9980170
9981365
9982841
9984443
9985500
9985806
9986284
9986804
9988397
9989047
9992917
9995846
9996020
9996037
9996232
9997161
9997216
9997704
9998903
9999627
9999859
9999869
