741
1124
2993
3471
4557
4643
5015
5881
6315
7061
7368
7583
7832
8545
8776
9492
10067
10773
11094
12502
12890
13761
14268
15404
16551
16670
18097
18200
23981
24709
26559
28354
30325
32449
33932
34757
35356
36992
37426
38862
38950
39025
40237
40379
40963
41635
42198
42431
44201
47786
48617
49136
55866
56232
56742
56944
58334
58572
59985
63329
64079
65340
67109
68124
68173
69217
69254
69664
70207
71063
71805
72364
75215
75366
75715
75960
76379
76894
78132
78397
78655
79263
80019
84212
85247
85340
86185
87152
88971
89670
89946
90638
91816
92512
92965
93970
94269
94280
94552
95502
95617
95838
98081
98999
99025
101368
101875
102470
103048
105108
105492
105671
105972
107310
107520
108970
109130
109207
109303
109454
109794
110400
112174
112297
113297
113320
113959
115631
115742
116145
117132
117259
119475
120262
120417
121457
122847
124149
127329
128249
128590
130672
132109
132594
132823
134387
135831
137467
138752
139348
141477
144207
147749
148831
149092
152414
153636
153976
154750
155902
155928
157339
157354
162697
163316
164237
164648
164935
166340
166454
168282
169272
169597
169613
169701
169907
170694
171074
174229
176667
177766
179138
182032
183682
184721
184936
186032
187057
188558
190209
190400
190972
191554
193063
193146
193719
194273
194402
194682
194926
195528
195883
199611
200044
200216
202704
202818
202868
203630
204845
208897
209865
211588
212570
214301
216199
217527
218168
218179
218194
222586
224566
225897
226543
226626
226789
227239
227268
227368
227409
228792
229636
229775
230174
231276
231995
232646
232729
233499
233737
235493
235845
237022
239177
241134
244279
244960
244981
245296
245708
245839
247591
249049
253519
255037
255054
258713
259901
260753
264034
264115
264696
265141
266409
268350
270183
272707
275604
275724
277008
277306
277508
277977
279500
281363
281818
282733
283604
284152
284841
287683
287727
288677
290139
291967
292896
293927
294893
295376
298016
299924
304955
306106
307712
307937
311865
313458
314297
315901
315953
316286
318156
318554
319217
321840
323335
326283
327132
328715
331045
332088
332634
333561
335357
336711
337010
338459
339034
339179
341138
341593
343372
349943
351907
352211
352686
356640
359789
361209
362638
363945
365811
365888
367612
368537
369185
369389
369760
370366
370398
370478
371285
375316
375565
375967
376730
378983
379798
380357
380523
380633
381677
381907
383690
384168
385142
388772
389222
392096
392709
393701
394410
395774
396066
396688
398024
399441
399873
400222
400403
402452
402958
403890
404497
405143
405467
408800
410550
412191
413185
413658
414557
415079
417240
419258
419748
420395
420881
421972
422708
424410
424486
427034
427233
428314
430056
431045
431588
432219
433068
433992
434798
435218
435338
435691
436150
436431
438584
440584
441079
442194
445588
446484
446603
447389
447533
449362
451283
451346
451822
453573
455994
456252
456995
457946
459226
459820
461763
462795
463678
465336
465546
466056
467047
467667
468221
468896
473053
474759
476413
478720
478791
479538
479650
481258
482777
483622
485677
488029
488662
489433
490811
492797
494450
495721
495848
498495
499586
500240
503132
503183
503343
503718
512020
512637
512897
514629
514874
515505
516750
519199
521189
522463
522946
523170
523909
524557
525262
525836
526235
528857
529230
532344
533042
533647
534627
536740
537047
537477
537630
538603
539116
540496
540557
542944
544915
544925
546433
547918
548673
548757
550142
550208
551582
553453
555800
556777
559237
559553
560290
561553
561807
563822
564487
565867
566088
567267
567876
568770
569632
572079
572773
573107
574141
575699
576569
576595
579896
581199
581361
581370
581484
581721
581950
582405
582450
584025
584546
585887
585986
586667
587880
588386
590109
590914
593507
593891
594004
594164
597087
597859
600817
600911
602368
602682
605243
605767
605911
608506
609367
609951
610197
613427
613752
613990
614600
615243
615268
616543
616664
619940
622828
625725
626943
627598
627789
630315
633838
634362
635572
636740
637900
640103
643804
644590
647001
650037
653604
655027
655353
659064
659185
659893
660164
661413
661839
662603
663971
665308
666487
668008
672222
673820
673970
674661
674663
674926
676819
678984
679204
679381
679946
681533
682174
683103
683385
683397
684022
684416
687581
687619
688875
690482
690824
691981
692313
692478
693501
693789
694169
694190
695345
695524
698222
701183
702367
703367
703926
705561
707583
708023
708718
708981
709685
709746
711327
712268
712385
712468
712537
713246
713346
713427
713891
714321
715768
715992
716358
716667
717734
717988
718395
722998
724463
724841
725329
727379
728938
730096
730273
731978
732638
733304
734332
736729
737002
737063
737369
738781
739944
741453
742267
743960
744491
744524
745740
745993
746059
746068
746182
747428
747967
749091
749182
749426
750160
750243
750470
750906
751372
751657
752019
752773
752914
754684
754982
756248
757030
757563
757817
758034
759269
759993
761582
762413
762841
763647
763823
763864
764263
764775
765712
766529
767126
767703
768756
769057
769820
771301
771536
772177
772845
774441
778188
778398
780490
782529
784919
785329
787516
788086
788811
788947
788984
789853
790473
791979
792241
794158
794387
794539
796352
796641
797498
797640
797898
797984
798053
798733
799970
800166
800595
800891
801858
802405
805821
806401
808051
809098
811272
811753
811829
816828
817195
817737
818490
820935
821635
822561
822640
822723
824470
824507
826553
826574
828744
828941
830173
832149
833309
834044
841715
842991
843013
843135
844545
846782
846795
847240
847757
847812
849420
852504
853762
854855
855727
855814
857176
857784
858385
859004
859296
859449
859829
860825
861096
862338
862416
863506
864366
864570
864848
866229
867358
868197
868614
869551
870585
871327
872287
873152
873215
873849
874801
875214
876476
876750
878257
878421
878617
879065
881552
883363
883514
883660
883921
884069
884681
884685
885645
887000
891347
891809
892002
892435
892641
894410
896060
896737
896767
897866
900058
900838
901050
901717
902440
902781
902929
905566
905740
906246
906769
908728
909590
910545
911033
911401
913118
914132
915657
917760
918115
918782
920592
920874
921214
921349
921426
921584
922273
924079
925870
926864
927162
932745
934925
934937
935190
936397
937069
937350
939008
939691
939759
939964
940541
940865
942289
942539
942649
942763
945478
945630
946668
947418
947658
947738
948000
948957
950081
950361
950497
950553
950639
951648
953060
953320
954058
954438
955544
956653
957033
957933
960113
960153
960294
960322
960384
962358
965376
965703
965799
966926
967412
967529
969320
970142
971084
971799
971914
972480
972573
972626
973721
974750
976427
976946
977470
979168
979347
981143
981708
982173
984320
985612
986871
987205
987999
988655
988849
989221
989770
990812
993014
993186
994605
996431
998153
1000720
1001714
1005290
1005619
1006095
1006798
1007451
1007570
1008897
1008988
1011207
1012138
1012735
1012764
1013391
1013564
1013924
1014148
1015945
1016095
1016298
1017148
1018110
1019297
1021452
1023008
1023117
1023278
1023696
1024999
1025853
1031657
1031780
1032462
1033296
1033317
1034292
1035690
1038058
1039635
1040461
1041941
1042926
1043766
1044040
1044993
1046849
1049351
1049867
1050059
1050083
1050194
1050474
1050786
1051901
1052017
1053793
1055498
1056002
1057640
1059017
1062212
1063657
1063671
1066829
1068598
1069836
1070749
1070762
1070925
1072032
1072762
1073854
1074232
1074780
1075498
1075560
1075828
1076106
1076145
1076811
1076856
1078360
1078770
1078931
1080614
1081640
1084326
1084397
1085450
1086927
1087643
1088982
1089444
1089620
1089943
1091678
1092241
1093765
1098454
1098810
1098817
1099381
1100091
1100102
1101194
1101465
1102072
1103138
1103285
1103888
1105361
1105437
1106521
1107440
1108493
1109618
1109650
1110852
1111109
1111225
1112234
1112903
1113844
1115604
1116622
1116654
1120945
1121318
1121665
1122763
1124262
1125435
1125932
1127981
1128116
1130393
1130932
1131524
1133893
1134097
1134650
1134829
1135508
1136322
1138683
1139108
1140742
1141724
1141961
1143713
1143791
1145216
1146816
1148270
1148606
1149493
1149686
1149988
1150413
1151719
1151740
1151927
1152673
1153376
1154329
1156065
1156823
1157970
1158965
1160735
1160839
1160875
1161934
1162091
1162298
1163157
1163470
1164126
1166728
1168738
1168887
1169751
1170246
1172948
1173433
1173782
1174119
1175301
1176979
1177024
1178252
1178701
1179253
1179313
1180448
1180744
1181678
1182572
1184112
1185648
1186005
1186249
1188390
1188617
1190460
1192091
1193512
1193567
1193725
1194337
1195334
1197940
1199918
1200117
1200844
1200969
1203414
1203788
1204652
1205131
1207892
1209760
1211311
1213272
1214664
1214919
1218974
1219088
1220286
1220521
1220621
1221407
1222712
1222764
1223971
1224095
1225413
1226312
1227038
1228001
1231299
1231477
1231490
1232467
1233103
1233156
1233793
1234488
1234844
1235852
1236146
1241751
1242023
1242038
1246497
1246638
1247553
1248473
1249259
1250504
1251249
1252017
1252061
1252351
1252396
1253799
1256246
1257042
1257930
1258380
1261443
1261776
1262802
1263708
1264732
1266231
1268523
1270545
1270628
1271356
1272655
1273447
1274539
1276736
1278517
1280469
1280700
1283937
1285834
1287798
1289388
1290589
1291281
1291427
1291594
1292105
1292486
1293778
1294146
1294159
1295190
1297707
1298440
1298825
1300646
1300687
1301798
1302002
1302057
1302073
1303162
1303186
1303718
1303981
1305506
1307090
1308218
1310789
1311187
1312888
1313207
1313707
1313755
1314436
1314939
1315152
1316431
1316624
1321492
1321712
1321861
1322481
1323590
1324124
1327434
1327562
1328826
1330210
1332640
1332928
1334239
1334493
1335536
1338580
1339299
1341139
1341844
1343431
1344956
1345038
1345140
1345368
1348764
1349413
1349657
1351194
1351232
1351750
1354472
1356332
1359902
1360181
1360512
1360513
1361439
1361839
1361869
1362247
1365537
1365548
1367161
1369955
1371816
1375407
1376657
1376993
1377180
1377349
1377390
1377665
1377671
1378198
1379433
1381131
1382794
1383708
1383973
1383998
1388728
1389059
1391366
1392640
1393319
1393785
1394351
1394731
1395857
1396221
1397791
1398638
1399031
1399671
1402182
1402362
1402752
1403394
1403734
1404395
1404622
1404742
1405796
1407239
1407405
1408100
1408873
1409245
1409370
1409405
1409467
1411226
1411334
1412297
1413469
1414554
1414634
1415377
1417643
1417754
1419639
1419891
1419973
1420770
1420771
1421100
1421295
1421559
1422727
1423370
1423686
1424275
1424354
1425342
1427874
1428213
1430697
1434417
1434541
1434761
1434811
1435211
1435597
1436360
1437577
1437981
1438532
1438961
1439176
1442760
1442773
1442932
1443070
1446576
1448057
1448841
1448869
1448884
1449149
1449941
1449976
1450178
1451417
1451680
1452549
1452735
1453124
1455036
1457407
1457907
1457994
1458521
1461100
1463876
1466699
1467378
1468151
1470438
1470691
1470811
1472161
1472851
1472909
1473062
1474419
1475096
1476815
1476837
1478141
1479963
1482985
1483047
1483756
1483953
1485058
1485555
1487327
1487548
1488525
1488603
1488739
1488775
1489874
1490204
1491033
1491735
1492106
1494519
1495829
1495937
1496436
1497667
1497810
1497841
1497890
1498495
1499079
1500593
1500767
1501588
1501904
1501990
1503036
1503849
1504237
1504580
1505266
1505727
1506687
1508329
1510304
1510693
1513768
1513836
1514682
1514955
1515437
1516860
1516862
1518132
1519505
1519705
1519877
1520587
1520608
1520739
1520880
1521186
1521266
1523041
1524014
1524046
1524059
1524458
1524535
1526416
1527784
1529876
1529946
1531569
1533407
1533509
1533607
1536203
1536941
1537120
1537735
1538158
1538319
1538498
1538516
1539166
1539801
1540719
1541536
1543243
1544466
1545102
1545666
1546438
1546641
1547554
1548102
1550267
1551108
1551783
1553953
1554512
1555918
1557079
1557082
1557206
1558261
1558989
1559699
1560024
1562098
1562542
1563360
1563888
1565337
1565841
1567025
1567398
1567430
1567866
1570333
1570837
1572541
1574402
1576751
1577907
1579269
1579309
1579409
1580221
1580487
1582391
1583354
1583750
1590734
1591178
1591206
1591968
1592198
1592357
1593198
1594470
1594753
1595980
1596231
1598115
1599926
1600187
1600890
1601308
1602054
1602831
1602949
1605225
1605622
1605649
1605772
1606027
1606420
1606665
1607033
1608613
1609635
1610702
1611001
1615290
1615993
1616669
1617060
1620457
1621106
1623465
1623835
1623968
1624188
1625156
1626471
1626616
1629066
1629877
1630179
1630795
1631157
1631185
1636144
1636217
1638431
1639142
1640413
1641762
1643016
1643320
1644302
1645528
1646122
1646474
1647759
1649089
1650142
1650220
1650654
1650836
1652859
1653706
1653893
1655066
1655273
1656477
1657513
1660715
1663230
1665241
1665526
1665847
1665968
1667033
1668850
1669431
1671587
1672082
1672726
1673163
1673716
1674325
1674368
1675383
1675947
1676203
1676388
1677243
1677458
1680285
1683515
1683644
1684054
1684645
1687115
1687127
1687548
1687637
1687898
1687972
1689636
1690433
1690604
1690703
1693481
1695192
1696011
1696816
1697167
1697979
1699858
1700670
1700975
1703902
1704733
1704887
1705048
1705403
1706185
1706404
1707574
1707609
1708586
1710548
1711413
1711579
1711840
1713958
1716289
1716299
1717560
1719070
1719585
1722732
1722887
1723541
1724706
1726538
1727104
1727624
1727785
1727884
1727918
1730124
1732871
1732974
1733775
1733950
1736451
1738115
1738360
1738706
1739160
1742372
1742801
1743349
1743721
1744042
1744572
1745160
1745513
1746320
1746372
1746405
1748161
1748670
1749321
1750743
1750799
1750955
1751512
1753525
1755599
1755625
1756528
1756611
1756728
1756908
1759082
1759487
1759735
1759906
1760424
1761826
1763695
1764427
1764998
1766046
1767597
1767814
1770127
1771274
1771392
1772812
1774635
1774713
1775644
1776812
1777477
1777704
1778055
1780067
1781467
1781508
1781728
1783752
1783887
1785034
1785248
1786083
1786181
1787224
1788071
1788105
1788745
1792642
1793771
1794147
1795465
1795649
1797824
1798183
1799193
1799549
1801711
1801806
1802325
1802721
1802981
1804554
1805940
1807002
1807111
1808232
1808515
1810826
1811162
1812040
1812876
1813592
1814474
1814544
1815561
1816334
1817154
1817920
1819132
1820968
1821122
1823904
1825155
1825384
1825743
1826116
1826642
1826665
1826716
1830241
1831029
1831574
1833715
1836666
1837032
1837419
1838865
1841406
1842660
1843408
1843525
1846388
1846460
1846886
1847046
1847890
1848498
1848851
1848857
1851398
1851586
1853002
1853069
1853467
1854560
1855471
1855498
1857121
1857271
1858407
1859077
1859512
1859863
1860734
1862363
1863654
1864453
1867482
1868868
1869201
1869311
1870513
1871529
1871647
1872705
1872743
1873949
1873980
1874378
1874751
1876418
1878030
1878335
1878602
1878951
1880964
1881689
1884188
1884542
1886158
1886657
1887340
1891554
1892913
1893510
1894123
1894919
1894947
1895515
1897190
1897202
1897626
1898063
1898528
1898827
1899928
1900358
1901463
1902490
1903766
1903931
1908459
1910954
1911530
1911562
1911875
1912171
1912271
1914924
1915498
1915912
1917379
1919036
1919278
1919526
1919607
1924194
1924626
1925546
1925993
1926493
1926957
1927612
1928388
1928423
1928631
1929532
1930541
1931091
1932763
1933863
1934119
1934416
1934903
1935829
1935874
1936035
1938453
1939089
1939507
1939822
1940514
1941055
1943502
1943600
1944852
1947328
1949139
1949320
1949376
1949493
1949931
1949979
1951095
1952412
1955154
1955400
1956295
1956488
1957878
1959528
1961238
1962313
1962465
1962466
1962667
1962753
1963022
1963797
1966971
1967006
1967102
1967387
1968240
1968858
1969433
1969699
1970844
1971390
1973877
1975400
1975596
1975761
1977921
1979041
1979247
1980261
1980519
1981102
1981135
1981631
1981720
1982019
1983749
1984452
1986009
1988444
1988706
1989558
1991559
1992265
1993126
1993399
1996072
1998446
1999236
1999404
2000988
2002725
2005285
2006464
2008867
2008969
2010747
2011880
2013831
2014081
2015864
2016457
2018609
2020010
2021724
2022452
2022511
2022708
2025242
2026417
2027065
2027210
2027671
2028457
2029423
2029476
2030566
2032155
2032539
2032689
2035881
2036234
2036628
2037462
2038242
2038408
2039420
2040331
2040922
2041531
2042606
2043297
2043795
2044208
2044680
2046009
2046478
2047602
2048636
2050641
2050800
2051206
2051412
2052867
2053267
2053922
2056549
2057340
2057662
2057977
2059105
2059554
2059563
2063373
2063714
2070326
2070414
2073055
2073344
2073781
2074290
2075582
2076322
2076938
2077159
2078759
2081859
2082078
2083311
2083959
2085594
2086312
2086476
2087150
2087177
2089007
2089155
2090546
2091267
2092156
2092235
2093145
2093870
2095117
2097965
2098233
2099694
2104331
2105526
2105615
2106640
2109210
2109682
2110181
2111350
2111757
2113325
2114643
2114833
2118159
2119500
2119679
2120454
2121010
2122144
2122855
2122988
2123931
2124535
2124785
2125815
2129312
2130314
2132611
2133756
2136875
2139167
2139346
2140247
2142526
2142660
2142688
2144147
2144657
2145370
2145719
2145814
2146886
2149861
2150180
2150221
2150881
2152790
2152976
2153426
2154630
2155459
2155479
2158227
2158890
2164011
2165774
2167151
2168928
2169632
2169817
2170723
2172688
2172855
2174020
2174744
2175376
2176373
2177098
2177106
2177353
2178130
2178570
2182526
2184578
2184592
2186669
2190539
2191799
2191855
2192022
2196023
2198169
2201474
2203589
2204807
2205068
2207790
2210478
2210865
2210984
2211393
2211499
2211584
2212200
2214823
2215141
2215505
2215997
2216001
2216750
2218363
2219190
2220041
2222862
2223450
2224487
2224491
2224858
2225342
2227775
2228002
2228699
2230770
2232141
2237673
2237937
2239206
2239453
2239967
2240099
2241183
2242063
2242219
2242299
2242895
2244178
2244671
2244876
2245133
2247362
2247606
2248152
2249387
2252702
2253940
2255508
2255838
2256354
2257000
2257927
2258030
2258168
2259409
2260320
2261341
2262178
2264445
2264620
2265452
2266153
2266302
2269076
2269261
2269861
2270252
2270720
2271831
2271938
2272326
2273158
2273244
2274212
2277977
2278043
2279597
2279671
2280039
2280765
2281200
2281755
2283302
2284324
2284733
2285236
2285260
2285492
2286431
2287400
2287992
2288294
2289172
2289552
2289727
2289809
2290422
2290929
2292191
2292452
2293683
2293737
2293857
2294033
2294043
2294442
2294770
2294964
2296808
2297081
2297426
2298436
2298505
2298864
2299645
2299990
2301004
2301283
2301394
2305190
2308794
2309563
2310190
2311143
2312377
2313103
2313128
2313829
2314747
2315527
2317172
2317968
2321132
2322408
2324752
2325317
2326467
2327868
2328171
2328279
2329061
2329101
2329486
2329675
2330320
2330340
2330460
2330495
2330648
2334316
2334358
2335262
2335886
2339108
2339196
2339332
2339769
2340346
2342421
2343366
2344533
2345337
2345824
2346095
2348242
2350066
2351488
2353332
2353748
2354288
2355046
2355565
2355959
2355986
2356768
2360149
2360922
2361434
2362815
2363328
2364432
2365461
2365694
2365916
2367507
2367710
2367750
2368429
2369717
2370741
2371266
2371362
2371828
2372283
2372654
2373791
2374078
2374161
2374542
2375594
2376760
2383503
2383724
2385007
2385388
2385508
2385835
2386703
2386971
2388110
2390056
2390776
2391294
2392888
2396486
2397098
2398491
2400092
2400641
2401121
2402180
2403977
2404709
2406103
2407090
2407924
2409221
2410961
2411686
2412271
2413938
2419224
2423164
2423528
2424014
2424381
2424863
2425123
2425323
2425426
2425576
2425988
2428167
2428390
2429270
2430356
2431315
2431570
2433565
2433956
2436302
2438134
2439276
2439288
2440027
2440320
2440919
2441847
2442931
2443800
2445974
2446100
2446564
2447264
2447495
2447739
2451163
2451813
2453092
2453740
2454050
2454664
2455023
2457532
2459686
2459793
2461484
2461679
2461759
2461801
2461885
2466548
2467116
2468524
2469239
2469443
2470725
2471019
2471859
2474573
2475003
2475316
2475614
2477084
2477664
2478761
2479201
2479261
2479574
2479634
2480107
2483070
2483272
2484343
2484358
2484456
2484657
2487309
2487759
2488885
2489148
2489507
2494080
2496354
2496787
2497773
2497868
2498151
2499515
2499534
2500076
2500704
2501560
2501835
2502207
2503132
2504291
2505289
2505494
2506322
2508594
2508673
2508689
2509206
2512491
2514118
2514232
2515296
2515453
2516381
2516391
2517161
2518083
2518906
2520050
2520247
2523949
2524264
2524720
2527094
2527670
2527835
2528548
2529084
2530564
2536330
2536392
2537992
2538449
2538728
2539531
2539759
2541178
2541526
2543668
2544358
2544625
2545738
2549173
2549948
2550079
2550831
2551198
2552432
2554208
2554401
2555625
2556170
2557750
2558776
2561131
2562476
2562810
2562876
2564324
2564392
2564483
2565793
2571337
2572213
2573622
2573872
2577519
2578737
2579947
2582612
2582955
2583356
2584537
2584547
2586635
2589541
2590857
2592354
2593887
2595010
2595429
2596200
2596930
2597928
2598478
2599420
2601704
2601806
2602001
2603481
2603935
2606550
2608255
2612202
2613878
2614635
2615202
2615384
2616348
2617363
2617592
2617633
2618163
2618707
2618890
2620159
2620722
2621409
2621689
2622705
2623133
2623453
2623946
2624655
2624903
2625890
2627146
2627476
2630563
2631126
2631877
2632306
2637340
2638835
2639429
2640413
2640843
2641325
2641898
2641937
2643249
2643995
2646366
2646501
2647417
2648978
2650175
2650582
2653275
2653966
2654069
2654720
2655803
2655838
2656863
2656947
2659394
2660846
2661562
2662474
2665690
2666009
2667128
2667300
2667436
2667537
2667909
2668520
2669119
2670747
2670837
2671885
2673773
2675382
2678678
2678750
2680288
2680890
2681086
2687497
2690220
2690890
2692715
2693153
2694479
2695467
2696263
2697849
2698471
2699075
2699093
2700310
2700759
2703077
2704008
2704241
2705135
2705413
2707021
2708569
2708651
2710736
2711655
2711722
2711941
2713167
2714730
2715158
2715439
2715930
2716066
2717439
2718054
2718084
2719053
2719055
2719264
2723834
2724483
2724701
2724977
2725058
2725255
2731033
2731155
2731738
2732317
2733009
2734315
2735399
2740948
2741088
2741157
2742461
2744316
2744336
2746096
2746560
2746627
2747084
2747116
2747562
2747906
2748223
2748265
2749526
2750095
2750495
2751475
2752270
2752627
2755884
2757275
2757801
2759326
2760259
2760348
2761151
2761712
2762415
2763194
2763822
2764163
2765538
2765855
2766412
2767080
2767669
2769583
2771207
2772019
2772048
2773041
2773113
2773372
2774131
2774233
2774354
2775300
2775333
2778074
2780833
2781757
2781798
2781889
2782159
2782777
2782923
2784854
2787020
2791459
2791631
2791744
2792305
2792790
2795685
2796083
2801194
2802176
2803325
2803927
2803985
2803990
2805275
2807021
2807172
2809016
2809232
2809295
2812306
2818414
2818978
2819284
2819424
2820975
2821590
2821991
2824136
2825385
2827116
2828149
2828268
2828485
2830396
2830947
2832907
2832967
2833284
2833777
2836032
2836457
2836920
2837461
2837796
2839422
2839614
2842265
2842400
2842444
2843175
2843451
2844117
2845310
2848957
2849064
2850043
2852189
2852943
2853541
2854689
2855266
2855701
2857287
2857470
2857506
2857582
2858063
2859113
2859368
2861796
2862556
2864067
2864214
2864254
2864299
2864511
2864521
2866562
2867347
2870805
2872718
2874363
2874442
2874644
2875345
2877301
2877451
2877982
2878206
2880590
2881301
2881912
2882987
2884405
2884970
2885986
2886275
2886447
2886508
2888790
2888874
2889173
2889878
2890169
2890409
2892185
2896695
2897868
2897928
2898964
2900171
2901282
2901473
2902224
2902803
2903625
2904118
2904280
2904706
2904838
2905088
2906709
2907927
2908931
2909857
2912342
2912460
2916968
2918772
2919115
2920471
2920495
2922123
2923241
2923797
2924911
2925763
2926666
2928259
2929061
2930689
2930806
2931097
2931191
2932048
2933001
2933346
2934051
2934420
2935825
2937314
2938537
2939599
2940897
2941327
2942790
2943159
2944905
2945598
2946167
2946827
2946843
2947644
2947694
2947886
2949462
2950094
2951736
2954635
2955177
2956749
2956798
2957251
2959441
2960756
2965150
2965430
2966935
2968107
2968827
2970723
2972029
2972661
2973688
2973731
2974240
2975148
2977096
2978589
2982467
2983460
2983626
2984863
2985166
2988027
2988756
2988791
2994829
2994904
2994966
2996297
2999346
2999712
2999989
3000780
3001781
3003109
3003142
3004804
3006925
3007599
3008771
3009330
3010373
3011455
3012745
3015745
3017036
3017147
3017390
3019575
3020727
3021038
3026620
3030204
3031176
3032375
3032794
3033329
3033916
3035383
3035871
3036502
3037008
3037534
3037917
3040103
3040113
3040819
3040881
3041148
3044577
3044695
3046963
3050579
3051006
3052174
3052341
3053229
3054222
3055508
3056384
3058126
3058986
3060140
3060742
3060802
3061099
3062732
3063819
3063931
3065539
3065981
3067072
3068747
3068960
3071159
3071415
3072092
3072172
3072578
3075397
3077286
3078741
3079668
3081099
3085004
3085256
3086064
3086772
3087075
3087649
3087730
3091590
3095223
3096935
3100467
3100781
3101614
3106641
3112203
3113120
3113375
3117280
3117428
3118257
3119888
3120681
3122207
3123286
3124340
3125540
3127918
3130514
3132388
3132877
3134779
3136544
3139919
3140534
3141301
3142164
3145084
3145826
3148217
3148560
3149486
3149701
3151004
3152112
3152464
3152845
3153738
3154891
3155353
3156534
3156698
3160359
3160655
3161703
3162829
3163095
3163804
3165839
3166661
3167153
3168761
3170135
3170713
3172788
3173429
3175240
3176260
3176751
3176986
3177032
3177894
3178945
3180316
3180558
3180632
3181084
3181198
3183628
3183708
3185272
3185658
3186418
3187791
3188445
3189077
3189776
3191537
3191927
3192104
3192978
3195535
3196284
3197382
3198606
3201491
3201855
3202618
3204633
3205735
3206458
3207768
3209375
3210702
3211286
3212826
3215698
3216760
3218517
3218793
3219076
3223385
3224187
3224921
3225915
3226404
3230527
3231328
3233598
3234235
3236417
3236928
3238177
3239620
3240415
3241153
3243901
3244349
3246207
3246513
3246759
3246896
3247096
3247320
3247401
3249176
3250046
3250050
3250651
3252151
3252620
3254344
3257469
3258608
3258929
3261936
3263006
3263014
3263569
3266897
3268273
3268539
3272248
3272868
3273911
3274133
3274285
3274664
3276309
3276510
3279140
3280479
3281414
3283185
3285927
3287155
3287561
3289971
3290361
3295328
3295476
3297317
3297620
3298722
3298782
3299163
3299274
3302793
3303310
3303642
3306162
3306788
3307008
3307763
3307768
3310148
3310714
3311481
3311722
3314135
3318042
3318988
3319233
3319315
3320006
3320457
3321295
3321847
3324386
3329754
3331479
3331981
3332228
3335136
3335608
3336675
3337541
3337692
3338598
3339122
3340358
3340783
3341687
3343668
3343882
3344638
3345343
3345535
3345777
3346422
3347027
3348241
3348583
3350479
3352339
3352410
3352673
3352983
3355844
3356279
3356317
3356891
3358709
3360467
3361221
3361950
3362990
3363025
3363470
3366088
3366310
3367119
3368799
3369281
3369528
3371400
3371659
3371848
3372169
3372172
3372675
3373291
3375228
3376161
3377193
3377356
3377394
3379342
3380068
3380313
3380912
3381609
3383250
3383262
3384331
3385899
3387210
3387670
3388870
3392080
3392543
3392659
3392697
3394424
3395258
3396364
3398858
3399365
3399548
3399885
3400100
3401659
3402502
3403126
3403981
3405453
3406673
3408812
3408942
3409544
3409835
3411680
3412219
3412339
3412664
3412702
3414144
3414444
3414663
3415657
3415994
3416101
3417317
3417584
3417883
3419122
3419243
3420155
3420842
3421220
3421307
3421482
3421918
3423136
3423194
3423961
3426379
3426730
3427785
3427933
3430357
3434083
3435894
3436119
3436607
3436793
3437350
3437535
3437782
3437803
3440505
3440875
3442404
3442559
3442758
3442838
3444267
3444617
3448043
3449204
3450160
3450837
3451582
3452278
3452346
3454627
3454636
3456002
3457205
3458142
3460684
3462733
3462891
3463437
3465388
3466376
3467036
3468558
3469411
3469941
3470215
3471595
3473641
3474024
3474382
3475228
3475305
3475467
3476867
3478978
3480103
3480108
3480285
3482215
3482344
3482627
3482841
3483623
3485934
3486380
3487733
3489007
3491744
3492738
3493011
3496143
3496534
3497185
3498444
3499970
3501011
3501824
3502404
3502449
3503192
3503806
3503922
3504199
3507706
3508939
3511381
3512106
3512115
3512313
3512456
3513034
3513241
3513775
3515293
3516358
3518445
3519498
3520983
3521174
3524653
3524918
3527888
3528510
3529840
3530594
3531907
3532184
3534007
3535409
3537519
3540070
3540198
3540561
3541063
3542177
3543055
3543456
3546361
3546774
3547958
3547978
3548175
3549402
3549569
3550962
3551616
3552363
3552789
3552816
3555067
3558275
3558839
3559369
3560798
3561443
3561713
3562871
3563285
3563294
3564105
3564686
3565191
3566046
3567150
3569740
3570106
3570409
3571008
3571157
3572712
3573297
3573793
3574834
3575046
3576337
3576635
3576639
3577028
3577108
3577447
3578372
3580929
3581498
3583522
3584213
3584258
3585824
3586461
3587281
3588041
3588453
3588571
3589224
3593165
3595427
3596243
3596358
3597138
3597181
3597930
3597936
3598847
3599887
3602166
3604415
3604898
3607112
3607165
3607829
3609011
3609161
3610588
3610691
3612630
3613377
3614108
3616369
3619282
3619530
3622259
3622412
3622462
3624237
3624827
3624842
3626799
3627183
3627283
3628920
3629078
3629139
3629968
3630564
3630903
3631801
3632451
3634022
3634423
3634467
3634686
3634725
3636828
3637273
3637714
3638420
3640961
3642108
3642130
3643591
3644638
3645116
3645432
3645605
3646507
3648692
3649213
3650329
3650578
3651105
3654404
3655660
3655943
3655973
3656586
3657216
3660066
3662014
3665201
3665927
3668309
3668338
3669708
3670673
3670835
3670994
3679659
3680090
3680258
3680960
3681545
3681847
3681987
3683424
3684796
3685140
3685263
3687025
3688342
3689594
3689997
3693014
3693320
3693363
3694255
3694661
3695021
3695666
3698502
3700492
3700746
3702859
3703538
3704420
3705641
3706746
3707485
3708928
3709089
3709448
3711264
3712478
3712850
3713803
3715664
3715997
3719558
3720444
3721768
3723811
3724878
3725180
3725831
3726911
3727599
3728474
3728781
3729228
3729397
3729530
3729561
3730004
3730758
3731487
3732619
3732681
3733394
3733598
3734022
3734525
3735568
3738000
3739848
3740488
3740968
3741196
3742190
3744044
3744509
3746725
3748435
3749076
3749197
3751192
3752003
3752658
3753256
3754655
3756244
3756610
3757714
3762157
3762374
3763289
3763483
3764086
3764108
3764438
3765788
3766577
3767316
3767536
3767822
3768499
3769817
3771046
3771540
3771666
3771711
3772513
3772591
3772806
3772988
3773291
3774902
3777281
3777926
3778859
3778983
3779236
3779955
3780605
3782459
3782574
3783043
3783726
3783840
3785007
3786318
3786325
3788646
3788734
3789980
3791525
3791966
3792456
3793535
3794169
3794414
3794574
3795297
3798036
3798080
3799650
3800008
3800386
3800997
3802218
3802449
3804722
3805723
3806285
3810312
3810667
3811700
3811728
3813395
3813846
3814103
3814138
3815136
3815786
3818721
3820203
3820829
3821126
3821769
3822747
3824941
3825262
3825306
3825393
3825895
3826199
3827462
3827906
3828638
3829465
3829477
3829684
3833131
3833372
3833396
3834497
3837084
3837364
3840653
3841659
3843583
3844204
3844382
3846000
3846153
3846747
3847325
3847398
3847906
3848224
3849083
3849658
3850478
3851022
3851082
3851184
3852772
3855233
3855380
3856769
3857069
3857722
3858912
3859334
3860386
3860686
3860753
3861527
3861792
3862818
3863481
3864702
3865230
3867708
3867807
3868977
3869936
3873132
3873979
3876202
3876661
3877291
3878502
3878907
3879020
3879492
3879544
3881782
3886031
3886942
3894817
3894942
3896503
3897428
3897851
3899737
3901709
3902882
3903193
3904304
3904596
3907415
3907903
3908254
3909579
3911276
3912854
3915164
3917479
3917897
3918912
3919107
3920500
3922558
3923083
3923966
3924308
3928226
3928407
3930119
3930308
3932177
3932546
3933380
3935973
3936095
3936156
3937040
3939131
3939435
3939445
3940079
3940186
3940832
3940844
3941614
3942209
3942474
3942888
3943528
3944281
3944448
3944487
3944885
3946384
3946415
3947054
3947321
3948209
3949708
3949908
3951124
3952642
3953369
3956203
3956717
3958826
3959936
3964386
3965053
3965510
3965754
3967692
3968021
3969405
3970429
3972106
3973754
3974134
3974220
3974983
3975618
3975859
3977163
3979041
3979413
3980084
3980818
3981994
3982513
3982579
3983616
3985591
3986820
3987526
3988677
3988912
3989020
3990010
3990456
3991491
3992801
3995752
3996856
3997190
3997293
3998378
3998424
3998715
3999228
4001295
4001426
4002190
4003538
4007602
4007660
4007941
4008656
4009073
4010490
4011338
4011934
4012031
4012786
4013330
4013604
4015243
4018343
4018468
4018876
4019633
4021132
4021208
4022928
4023164
4023225
4024738
4024791
4025656
4025923
4026378
4026556
4026743
4026810
4029369
4029573
4030164
4030327
4031299
4031419
4031621
4031679
4032261
4032581
4033159
4036039
4036652
4038108
4040503
4041345
4042083
4042986
4043429
4043564
4043836
4044949
4045045
4045413
4045873
4046599
4046885
4047396
4047692
4050372
4050439
4050677
4051155
4051355
4052674
4052716
4053070
4054245
4054346
4056810
4057262
4057378
4060510
4060599
4063262
4063318
4064493
4065014
4065028
4065510
4065544
4066263
4066753
4066873
4068117
4068588
4068942
4069984
4071260
4071375
4071634
4073840
4074029
4075737
4075883
4075899
4076049
4076158
4077892
4078438
4079209
4079755
4079826
4080205
4080574
4082009
4082012
4085856
4086466
4087217
4090562
4091285
4092338
4093075
4095289
4095398
4095508
4096886
4099333
4101144
4101229
4101583
4101894
4106051
4106260
4108262
4108548
4108571
4112601
4113026
4114280
4114312
4114996
4118936
4119840
4121135
4121308
4121627
4122629
4123183
4123748
4124151
4124272
4124942
4125175
4125231
4127101
4127557
4127732
4129252
4129722
4130177
4132299
4134239
4134305
4135643
4135699
4137523
4139939
4142040
4142561
4144753
4145807
4145951
4146828
4147026
4148740
4149374
4149930
4149941
4149992
4151520
4151570
4152214
4152814
4154117
4154637
4154709
4155637
4156220
4157182
4157205
4157393
4157545
4158307
4159246
4159818
4159953
4160290
4161460
4161475
4162347
4164485
4165760
4166012
4166197
4167434
4169423
4171634
4172559
4173264
4173276
4174349
4174640
4177307
4177802
4180585
4180690
4181680
4181777
4182014
4183873
4184257
4184593
4184618
4184964
4187731
4188270
4188940
4189770
4189981
4191650
4192208
4194039
4194494
4194568
4198466
4198576
4199137
4200299
4201787
4202480
4203857
4204299
4204782
4205439
4206055
4206686
4207445
4208358
4209004
4209345
4209373
4212336
4213390
4217107
4219043
4219780
4221864
4221902
4222815
4224994
4225158
4225457
4226460
4227078
4229815
4231024
4231262
4231900
4234988
4235809
4236248
4237650
4237674
4237756
4238750
4240095
4240521
4240693
4244926
4247386
4247583
4248437
4249200
4250477
4252515
4252636
4253554
4253949
4257648
4258328
4258439
4258453
4258495
4259767
4260293
4262140
4262958
4263030
4263448
4264275
4265598
4266187
4266327
4267694
4269095
4269372
4272081
4272173
4272644
4272704
4272849
4273095
4273375
4274380
4274572
4276383
4276942
4277209
4277658
4278333
4279531
4280913
4281762
4281964
4282435
4284778
4287097
4288663
4289376
4289458
4289580
4291429
4291708
4291814
4292619
4293152
4293330
4296899
4299258
4300600
4301035
4302533
4303207
4303799
4305354
4307029
4307258
4308434
4308640
4310853
4312369
4313251
4313499
4314421
4315037
4315743
4316944
4317761
4318264
4322168
4322370
4322575
4323322
4324247
4326736
4327584
4327840
4328392
4330180
4332373
4332463
4332648
4333802
4333837
4335370
4336277
4336870
4339445
4340485
4343096
4343793
4345149
4345430
4346225
4346543
4347553
4348876
4350584
4350984
4351303
4351635
4352559
4354455
4355305
4356087
4357668
4359790
4363675
4363913
4363996
4364630
4365848
4366064
4366745
4371716
4372255
4372524
4372617
4374269
4374592
4374837
4376500
4378945
4378994
4379076
4380661
4381995
4383614
4384454
4386084
4386357
4386728
4387395
4387977
4389030
4389320
4389529
4389908
4390012
4390046
4390499
4390864
4390953
4391165
4391933
4392460
4396344
4400571
4404558
4405713
4406104
4409926
4411322
4413431
4414099
4414408
4416436
4416851
4416893
4417219
4419312
4419711
4421391
4423223
4424384
4424816
4426144
4427220
4428049
4429293
4429438
4429731
4430313
4435082
4435126
4436393
4437168
4437377
4437575
4438175
4438702
4439709
4440351
4440660
4441221
4442302
4443108
4444113
4445782
4446047
4447426
4447597
4448131
4448906
4449136
4449945
4450127
4450182
4451916
4452156
4452887
4454072
4454548
4454571
4458937
4461165
4461833
4462145
4462322
4463071
4467069
4468038
4468235
4468284
4468533
4469945
4470142
4470680
4471623
4474152
4475017
4475916
4476882
4477248
4478325
4479036
4479252
4479607
4480349
4483355
4483517
4483910
4485748
4487035
4487271
4487625
4489377
4491319
4491415
4495546
4497546
4497730
4498716
4499901
4500496
4500657
4501854
4502300
4504161
4506504
4506850
4508159
4509395
4509532
4510560
4512608
4514808
4516126
4516416
4517878
4518579
4520454
4520466
4521471
4523049
4523567
4524119
4525865
4526141
4526990
4529737
4530224
4530571
4536046
4536087
4536789
4537300
4538257
4538275
4538418
4539070
4539202
4540768
4541006
4541196
4541290
4541939
4542408
4542832
4543036
4543150
4545232
4545489
4545708
4545881
4546654
4547667
4549684
4550296
4550355
4553694
4554079
4554733
4555355
4556410
4556928
4557238
4557874
4560312
4560478
4560807
4560836
4562382
4562789
4563024
4563680
4564588
4564816
4567869
4568236
4568621
4570631
4572633
4575239
4575835
4577468
4577535
4578417
4579852
4582090
4582986
4585858
4587121
4588984
4589882
4590356
4591548
4591795
4592912
4593567
4593904
4594448
4594710
4594976
4596093
4596966
4599582
4599881
4601235
4601472
4603268
4607353
4608623
4608909
4609585
4613363
4613941
4614540
4616171
4616488
4616496
4619400
4619526
4623650
4624337
4624424
4626371
4626419
4627560
4628182
4628477
4631074
4632867
4634191
4634360
4634896
4635792
4636737
4637602
4638706
4639260
4641647
4642668
4645666
4647468
4648385
4650208
4651509
4651916
4652871
4653595
4653997
4656502
4659159
4659657
4660049
4660799
4661306
4662232
4662475
4662484
4666459
4667267
4670471
4673277
4673870
4677724
4678219
4679165
4681059
4681849
4681926
4682145
4682510
4682667
4683447
4684201
4684437
4685220
4685907
4686131
4686608
4688683
4689712
4691730
4694490
4695214
4695810
4695908
4696134
4697490
4699648
4702306
4703260
4704512
4705298
4705591
4707027
4708292
4709017
4713124
4713270
4714526
4714571
4715583
4716471
4718138
4718903
4719120
4719388
4719686
4719759
4720075
4720243
4720501
4720945
4722497
4722538
4724160
4725316
4725528
4725819
4726321
4728673
4728833
4729797
4730142
4730735
4732305
4733292
4733512
4733562
4734325
4735056
4737452
4742358
4742792
4744479
4744805
4745571
4746002
4748737
4749137
4749446
4750026
4751034
4751411
4752018
4752398
4752820
4752934
4753247
4753359
4754015
4755866
4756452
4758335
4761208
4761252
4764004
4764261
4769695
4770543
4770777
4772207
4772777
4773076
4774501
4774517
4775466
4775930
4776067
4776774
4777064
4777321
4777836
4778603
4779380
4780031
4780987
4781698
4784177
4787246
4787327
4788216
4788231
4788735
4788923
4789472
4789612
4792838
4793504
4793739
4794183
4796897
4797856
4798230
4798441
4798783
4798982
4799557
4799718
4801938
4802187
4802852
4804337
4804609
4804972
4805629
4805995
4807063
4809006
4810174
4810260
4812637
4813403
4813869
4814404
4814644
4821007
4821116
4821731
4821788
4822832
4823680
4824038
4824609
4828435
4828437
4829765
4829822
4830312
4830450
4831065
4831114
4831619
4836923
4837446
4838842
4841034
4841491
4842073
4842804
4845542
4845804
4846070
4846091
4847557
4848715
4848872
4849606
4850125
4851613
4851723
4852457
4854584
4855121
4855944
4856365
4858225
4858697
4859983
4861561
4862427
4863624
4867806
4867905
4868223
4868267
4870474
4870518
4871586
4873725
4874180
4874542
4876188
4876220
4876345
4876595
4876625
4877826
4878252
4881846
4883612
4883759
4884820
4885631
4886688
4887580
4887637
4889927
4891268
4892038
4892441
4894215
4895939
4896281
4898911
4899908
4900344
4901526
4901843
4902537
4904453
4904820
4904923
4906950
4907174
4907710
4909053
4909095
4909425
4911050
4911105
4911235
4912059
4912407
4913623
4914412
4917519
4917651
4918282
4919241
4919358
4919434
4924280
4924611
4925148
4926588
4929595
4929970
4930445
4930960
4931326
4932212
4932520
4934019
4934339
4934424
4935004
4935809
4937683
4942100
4943671
4944029
4945821
4948961
4949912
4952411
4956328
4957738
4961870
4962851
4962912
4963805
4964442
4965456
4966797
4967610
4967917
4968897
4972559
4973121
4974157
4976112
4978358
4980500
4981088
4981424
4983166
4985679
4987301
4989716
4993760
4996092
4996226
4996484
4997248
4998474
4998758
4998859
4999960
5001163
5002416
5003177
5003258
5003656
5004983
5006497
5007600
5008887
5010889
5011049
5011587
5013021
5014309
5014995
5016655
5016946
5017045
5017087
5017815
5018469
5020383
5020603
5021127
5021595
5024339
5024965
5025983
5026467
5027381
5027540
5029546
5032444
5033007
5033096
5034507
5034653
5036930
5038064
5038291
5038315
5038461
5038782
5039066
5039768
5040330
5040947
5047620
5047974
5048447
5049137
5049535
5050237
5051392
5051972
5053223
5053503
5053722
5054519
5054793
5058038
5058501
5061102
5062365
5062366
5062387
5063342
5064817
5065192
5065656
5065888
5069583
5071667
5072970
5073049
5074462
5075099
5076003
5076194
5076340
5076427
5078463
5079235
5081864
5082505
5082527
5083109
5083115
5083194
5084202
5085293
5085491
5086630
5087624
5092997
5093373
5093426
5093634
5094088
5094825
5095836
5096231
5096482
5098198
5098299
5098314
5099551
5099961
5100061
5100484
5100595
5104114
5104161
5104203
5104512
5104943
5104994
5106800
5109068
5109423
5109703
5111559
5111858
5112418
5113575
5114841
5115617
5115762
5115848
5117305
5117860
5118126
5118821
5119141
5120185
5120975
5122376
5122537
5122710
5124529
5125003
5126118
5126174
5126410
5126553
5126882
5127863
5128401
5129387
5129485
5130362
5130971
5133470
5135451
5135755
5137929
5140714
5143398
5144961
5148240
5148989
5151390
5151840
5155397
5155799
5156085
5159073
5159217
5159827
5159908
5164028
5164477
5164686
5165193
5165549
5167779
5168599
5169495
5170736
5171380
5171543
5174915
5176006
5177577
5179225
5180495
5180739
5180803
5181430
5182059
5184551
5185512
5186953
5188490
5190083
5190279
5191365
5191824
5191970
5193467
5196631
5197612
5199271
5199579
5201091
5202470
5202739
5202997
5203045
5203520
5203559
5204284
5205838
5205894
5206785
5207235
5207498
5210001
5210920
5211300
5212332
5213257
5213948
5216504
5218274
5218632
5220248
5221356
5223068
5223789
5224199
5224635
5224705
5226262
5226693
5232138
5232448
5232628
5232665
5235146
5236315
5238258
5238934
5239767
5241288
5246640
5246903
5246937
5247540
5247969
5248439
5250419
5251415
5252116
5253867
5255439
5255622
5255922
5257758
5257881
5258556
5258951
5259138
5260043
5260248
5261184
5261685
5262968
5263499
5265134
5265649
5266610
5266743
5267773
5268478
5268668
5269006
5269071
5269777
5269948
5270750
5271766
5272786
5273864
5274170
5274272
5274986
5276350
5278080
5279264
5280885
5280967
5282741
5283138
5283202
5284488
5284752
5287275
5288359
5288715
5292122
5292126
5293190
5294705
5295936
5296206
5298833
5299838
5300176
5302039
5303069
5303387
5303788
5303863
5304232
5306241
5306445
5306570
5308810
5309024
5309664
5310419
5311387
5312056
5312242
5313212
5314677
5315743
5317305
5320133
5321179
5321563
5323647
5324371
5325781
5326446
5326796
5327324
5327775
5328543
5328660
5328676
5331781
5333948
5335144
5335561
5336910
5337182
5339425
5340422
5341428
5346483
5346965
5347139
5348009
5349869
5350087
5350588
5351889
5353680
5355776
5355944
5356748
5357665
5358534
5359051
5359559
5359682
5360590
5360658
5360872
5361466
5362544
5365901
5369205
5369302
5369494
5370037
5370269
5370393
5371762
5373643
5374455
5376027
5378498
5378630
5380777
5381557
5381657
5382492
5383671
5386287
5386892
5387486
5390257
5393163
5394432
5394662
5395210
5397250
5398468
5399463
5400990
5401457
5401900
5405387
5405694
5406904
5407087
5407372
5408957
5409366
5411698
5412216
5412426
5412799
5417454
5417905
5418384
5420465
5420514
5423011
5424247
5425721
5426512
5428000
5428241
5429227
5429390
5432186
5434779
5434988
5436303
5436639
5438834
5439193
5440462
5445470
5448697
5449686
5451741
5452542
5457566
5460105
5462308
5462918
5462993
5463804
5464372
5464404
5466681
5466988
5467715
5467792
5468041
5468743
5468889
5469848
5470699
5470819
5471908
5475196
5475528
5476927
5477323
5478165
5478614
5480411
5481255
5481749
5482471
5483368
5483533
5485492
5486355
5486768
5487333
5487735
5488178
5488354
5488832
5489918
5489996
5491607
5492099
5494664
5495029
5497756
5499594
5499773
5501622
5502868
5503013
5503419
5503526
5504984
5505069
5506624
5509596
5509772
5509773
5511774
5514911
5515359
5516489
5517538
5518070
5518114
5518315
5518388
5518807
5520763
5520797
5521229
5521933
5525444
5525679
5525712
5525745
5526116
5526235
5527681
5529422
5531580
5533421
5534264
5535946
5536630
5537232
5538618
5539302
5540707
5541711
5544524
5544554
5545612
5546512
5549245
5551257
5551754
5551972
5552269
5554873
5555295
5556571
5556861
5559210
5562066
5562451
5564417
5564472
5566047
5566962
5567425
5568896
5569743
5569970
5570645
5571680
5572148
5573321
5574085
5574136
5574200
5574285
5575386
5576351
5580533
5580558
5581140
5584698
5585822
5587983
5590113
5591414
5592756
5592866
5593176
5593370
5593609
5598914
5599319
5600304
5601671
5601769
5601837
5601846
5603854
5610909
5610935
5611179
5614612
5618335
5620765
5624016
5624518
5626870
5627173
5627480
5627614
5628805
5630745
5632375
5633954
5634399
5636436
5637306
5638225
5638509
5639186
5639596
5639909
5639914
5640020
5640466
5640790
5643400
5646326
5646422
5646897
5648653
5650229
5651303
5651677
5652942
5654003
5655686
5655990
5660710
5660745
5660798
5661535
5661980
5664843
5666886
5666911
5667157
5669158
5669259
5670959
5673277
5674695
5675949
5678603
5680451
5680534
5680946
5682701
5683130
5683224
5684071
5684305
5684351
5684666
5686152
5686596
5687549
5688060
5691411
5692754
5696022
5696039
5696124
5699071
5700008
5700820
5701712
5703762
5703904
5703957
5706134
5706229
5708911
5709055
5710948
5713535
5713858
5714265
5714361
5714597
5714948
5716216
5717206
5717539
5717891
5719489
5720105
5720130
5720794
5721022
5721513
5722285
5724732
5726335
5728862
5729847
5730174
5730227
5730930
5731589
5733322
5733676
5736761
5737201
5737984
5738101
5738674
5739269
5740506
5742282
5744663
5744865
5744894
5746972
5748119
5749209
5752954
5755213
5755548
5756401
5757660
5757985
5758926
5759201
5761295
5764548
5765452
5766919
5766967
5767195
5767347
5768668
5769024
5771012
5771957
5773151
5773357
5776518
5779024
5780143
5784220
5784333
5784338
5787226
5787439
5791178
5792288
5792534
5793211
5793602
5793688
5794371
5796887
5799034
5799082
5799796
5801308
5801914
5802004
5802105
5802357
5802617
5806629
5808115
5808507
5809242
5809335
5809630
5809958
5810246
5812957
5813576
5815227
5815693
5817629
5817631
5817643
5818269
5820132
5820549
5820602
5822870
5823307
5824495
5825762
5827055
5827633
5828903
5829234
5829293
5829419
5830321
5830770
5832781
5833775
5833948
5834196
5834533
5834830
5835575
5835759
5836044
5836386
5836583
5836952
5838279
5850058
5852571
5852838
5853612
5854333
5854480
5855414
5855971
5856307
5856800
5857602
5858617
5858785
5858852
5859066
5859290
5859453
5859538
5860919
5862859
5863239
5864549
5864687
5865235
5866078
5866854
5868018
5869442
5869805
5871367
5871533
5871691
5871752
5871886
5873446
5873873
5874128
5874386
5874608
5874869
5877321
5879568
5879983
5880988
5882897
5883676
5885040
5885633
5886999
5887184
5888338
5889939
5890489
5891119
5892512
5892839
5895260
5896636
5897404
5897739
5898061
5898968
5899971
5900378
5901619
5901629
5902440
5903550
5903788
5904324
5904906
5905477
5905535
5905895
5906794
5909309
5909402
5909887
5909907
5910103
5910611
5911834
5912809
5915301
5915977
5916109
5918018
5918419
5919235
5919383
5922562
5924856
5924925
5925261
5925507
5926318
5926453
5927378
5928332
5931782
5931828
5933826
5934002
5936003
5936469
5936481
5936504
5937031
5937814
5940361
5940367
5941158
5943803
5944860
5944969
5948509
5949264
5949725
5950395
5953434
5953920
5955301
5956020
5956411
5956512
5956726
5959021
5959079
5959482
5960034
5961024
5962835
5963710
5964353
5966800
5967391
5967459
5967475
5970380
5970769
5974037
5974931
5975536
5976624
5977931
5979206
5979349
5983347
5983901
5984584
5984621
5985380
5986096
5987392
5988252
5989319
5990190
5990311
5991163
5991202
5991557
5992054
5992337
5992632
5995101
5997535
5998473
6000534
6002172
6004313
6005222
6005512
6006908
6007301
6007777
6008190
6008820
6009983
6010387
6010981
6013528
6016199
6017629
6017697
6017738
6019204
6019327
6021121
6021938
6024931
6026115
6026396
6026807
6028012
6028100
6028164
6028969
6029175
6029613
6029802
6030703
6033528
6034716
6034827
6037207
6038125
6038785
6039341
6039475
6039842
6042015
6042267
6043026
6045104
6045275
6046112
6046279
6046530
6047162
6049139
6049738
6050577
6050836
6051647
6052777
6053336
6053556
6055814
6057981
6059756
6061036
6061094
6061107
6062046
6062241
6063231
6063732
6063814
6066618
6067276
6068249
6068751
6069942
6070453
6073211
6073514
6074972
6076015
6076108
6077253
6077293
6078409
6080303
6080462
6081022
6081111
6082595
6083176
6083841
6083855
6083910
6085477
6087889
6091280
6091471
6091780
6092171
6092812
6095379
6095994
6096551
6097682
6097719
6098830
6099801
6100409
6101669
6103250
6103854
6104552
6104839
6105037
6105170
6107390
6107722
6108923
6109384
6110078
6110137
6111075
6112165
6114261
6114675
6115509
6115635
6116232
6120143
6120587
6121608
6121873
6122845
6123644
6126748
6127753
6129351
6129897
6131986
6132377
6132815
6133808
6133981
6135768
6136160
6136268
6136509
6136618
6137125
6137131
6138228
6138342
6138618
6139397
6139769
6143384
6146916
6147222
6148310
6151005
6152064
6152303
6152546
6152814
6153192
6155668
6156270
6156786
6156798
6157033
6158206
6158406
6158741
6158906
6160221
6160930
6161447
6162968
6163203
6164052
6164220
6164844
6166664
6166916
6167278
6167833
6168023
6168293
6169324
6169646
6171469
6173227
6173234
6173829
6175959
6176667
6178704
6179263
6179342
6180406
6180656
6182468
6183483
6186162
6189395
6189793
6189990
6190926
6192988
6193489
6193790
6199441
6200114
6200432
6201858
6201931
6201961
6204968
6206461
6207397
6207433
6208630
6209120
6210990
6211179
6211247
6211595
6213093
6214284
6214866
6215682
6216349
6216588
6217609
6221096
6221459
6221531
6222173
6224221
6227226
6230788
6231263
6232192
6234960
6235131
6235706
6235756
6237006
6237061
6237674
6239158
6239448
6240450
6240982
6241080
6241522
6242531
6242629
6242782
6244320
6245492
6246936
6248389
6249114
6251116
6251603
6251652
6251879
6254145
6254714
6256888
6257636
6258027
6258044
6258106
6258931
6261356
6262431
6262504
6263560
6264756
6265370
6266080
6266833
6269657
6270169
6270499
6273440
6274268
6277180
6279913
6280519
6282572
6282981
6283517
6283735
6284596
6287577
6289866
6290075
6290466
6290638
6292520
6293529
6294815
6296599
6296965
6297051
6297582
6297871
6299019
6299221
6299642
6300901
6301384
6302173
6302509
6302955
6303689
6305343
6307245
6308117
6310087
6310470
6310553
6310666
6312593
6313485
6314051
6314394
6314604
6316537
6316616
6318176
6318512
6319511
6320387
6321113
6324395
6325087
6326300
6326973
6327692
6328305
6330607
6331883
6332196
6332573
6335319
6336818
6337141
6340866
6341140
6341769
6342614
6343408
6344504
6344578
6344807
6344864
6345346
6345493
6347190
6348141
6348210
6348973
6349740
6351816
6352863
6352981
6352997
6355514
6355851
6357961
6359998
6361328
6361439
6362488
6363144
6365873
6365890
6366520
6366674
6366883
6367455
6368299
6368614
6368688
6368841
6368881
6369709
6370286
6372407
6373696
6373908
6374833
6376814
6377169
6377174
6378519
6379743
6381009
6382428
6383140
6383195
6385377
6385630
6386550
6387026
6387368
6389203
6391188
6391803
6392665
6393032
6393490
6395653
6396281
6396729
6398093
6398673
6400509
6404678
6404689
6406226
6406362
6407480
6407865
6408384
6412511
6415107
6415913
6418022
6418633
6418970
6419228
6419304
6419534
6420863
6420891
6425942
6426675
6426756
6430390
6430620
6430857
6431984
6432060
6432663
6432744
6432863
6432974
6433504
6434566
6435990
6437281
6437386
6439166
6440350
6441127
6442240
6443782
6444349
6444491
6445638
6445665
6445778
6446107
6448130
6448400
6449296
6449401
6450360
6451135
6451773
6451814
6453311
6454795
6456384
6456569
6456691
6458155
6458182
6459601
6459608
6461126
6468065
6468223
6468920
6469475
6471302
6471401
6472919
6475262
6475332
6476790
6477123
6477797
6478090
6478114
6479328
6479406
6479510
6480037
6481538
6484099
6484903
6484912
6485973
6486899
6488175
6488182
6492671
6492990
6494983
6495273
6495966
6496332
6497328
6497720
6499013
6499694
6502206
6505298
6505947
6507798
6510622
6510744
6511566
6513320
6515669
6516680
6517542
6519572
6519683
6520663
6520731
6522143
6523304
6526064
6526275
6526334
6527588
6529088
6533364
6535365
6537670
6538483
6539573
6541694
6542680
6542986
6543304
6544205
6547299
6547808
6548851
6548968
6549177
6551154
6551320
6551744
6551998
6552166
6552746
6553148
6553852
6554493
6555493
6555602
6555673
6556813
6557139
6558531
6559849
6560753
6563068
6565384
6565649
6568670
6569895
6570648
6574647
6576562
6576672
6580589
6581974
6582003
6585668
6586190
6586856
6588240
6594757
6595931
6597554
6600666
6602322
6602944
6605477
6606108
6609644
6609908
6609934
6613814
6614140
6615560
6616198
6616525
6617113
6617257
6618181
6618584
6618702
6618983
6619594
6619714
6619963
6620953
6621456
6622283
6623067
6624094
6624437
6624554
6624608
6624689
6624900
6626783
6627889
6628003
6628275
6628753
6629113
6630483
6630892
6631530
6632448
6636233
6637085
6637323
6639402
6640935
6643211
6643591
6644282
6644820
6645475
6645702
6645774
6646906
6648321
6648835
6650458
6654586
6654610
6655536
6657195
6662771
6664153
6667791
6670561
6671341
6672837
6673593
6674042
6674920
6675155
6675964
6676077
6678153
6678617
6680635
6681070
6685651
6687013
6687399
6687673
6687794
6690303
6690990
6691168
6695561
6696439
6697100
6697356
6699090
6699583
6702238
6702341
6704774
6705649
6706720
6706983
6707824
6708258
6708514
6709359
6709544
6709621
6711021
6711707
6711897
6713906
6714037
6714598
6714632
6714902
6715571
6716117
6716712
6716760
6718041
6719917
6721294
6721452
6721671
6722685
6723074
6723673
6724523
6724796
6726054
6726079
6729568
6729763
6730037
6730345
6731391
6733277
6734598
6734609
6734651
6735022
6736662
6736996
6738291
6740115
6743359
6745087
6745499
6747687
6748233
6748302
6749235
6751733
6752358
6752687
6753374
6755587
6756068
6756483
6756647
6757496
6758839
6759150
6760807
6761734
6761737
6762356
6762710
6762945
6764015
6764373
6765425
6765447
6766336
6766509
6766968
6767307
6768961
6770131
6771040
6771332
6771604
6774106
6774738
6776127
6778085
6779654
6781308
6782284
6782539
6783215
6783515
6784025
6785836
6788279
6788807
6790369
6791250
6791279
6791663
6791833
6792040
6795463
6797130
6798639
6800935
6801056
6801687
6802480
6802863
6805053
6806705
6807346
6807714
6808253
6808704
6808982
6810209
6811097
6811595
6811877
6812682
6812813
6814352
6815550
6815600
6816476
6817511
6818484
6819875
6820612
6821024
6821670
6822885
6824747
6825186
6825280
6829301
6829996
6831005
6831479
6832088
6832420
6834036
6834172
6834270
6835078
6835486
6835658
6836007
6836280
6836346
6837067
6838132
6839377
6841032
6841150
6843409
6843591
6845076
6845984
6847658
6848420
6850000
6851050
6855036
6856294
6858163
6859537
6859705
6860648
6861015
6861257
6863830
6865186
6865709
6865844
6867315
6868147
6870544
6871373
6872576
6873867
6875107
6875415
6875669
6875816
6877565
6877763
6878442
6879047
6879574
6879961
6880919
6886036
6886087
6886646
6888489
6888496
6889102
6889406
6889520
6890593
6891149
6891609
6891654
6892282
6893597
6893625
6895275
6897803
6898586
6901693
6902444
6903009
6903341
6903863
6904426
6907304
6907342
6908436
6909134
6910258
6910993
6911145
6916822
6916847
6916883
6917427
6920396
6920942
6921393
6921896
6923308
6923613
6923996
6925218
6925664
6926321
6930099
6930265
6931513
6932659
6933300
6933790
6935157
6936272
6937681
6939322
6939637
6939681
6939707
6940873
6945949
6946035
6946333
6949771
6952068
6952483
6954301
6955162
6955774
6956224
6957154
6957393
6959508
6961635
6961698
6964059
6965390
6967290
6967572
6967965
6968719
6969969
6972848
6974648
6974909
6975894
6978156
6978604
6979389
6979551
6979668
6981995
6982592
6983662
6983943
6984497
6985416
6985945
6987133
6987608
6988013
6988614
6989197
6990020
6992241
6992311
6995117
6995445
6995592
6996079
6996329
6996407
6996622
6996904
6998134
7000239
7000385
7001233
7002705
7004390
7006764
7007031
7007563
7009549
7010904
7016470
7019789
7022149
7022585
7023511
7024910
7025823
7026249
7026938
7027810
7027830
7028421
7029619
7030454
7030577
7032322
7032681
7033375
7034722
7034725
7035871
7036020
7036173
7037256
7037738
7038247
7039582
7039853
7039861
7040046
7040472
7040594
7041672
7042742
7043675
7046821
7046932
7047425
7048488
7048520
7048781
7049335
7053216
7054471
7055609
7055646
7056875
7058908
7061298
7061361
7062602
7063365
7064694
7064715
7067461
7068167
7068190
7068634
7068717
7071396
7071940
7072085
7073151
7073816
7075325
7076729
7077788
7077953
7078344
7078762
7079759
7079914
7080009
7081163
7082575
7083299
7083426
7085190
7086314
7086699
7087520
7088193
7089167
7090359
7091642
7093735
7094733
7095230
7095273
7097005
7097141
7097167
7098665
7099223
7099573
7101445
7102268
7103143
7103996
7106090
7106279
7106403
7106563
7108181
7110469
7111319
7111545
7115286
7115586
7118393
7118548
7118640
7119935
7120468
7120472
7120829
7122626
7128825
7129023
7130093
7131446
7131770
7132351
7133149
7134062
7134110
7134317
7135024
7135281
7135451
7135738
7137822
7138638
7139260
7141064
7141930
7143890
7145229
7147603
7148455
7150283
7151890
7152450
7153460
7154058
7155838
7158057
7159908
7160455
7160867
7160871
7160980
7162625
7163280
7163335
7163902
7164771
7164946
7164962
7165900
7165938
7166192
7167625
7169611
7170930
7171684
7172649
7173391
7176283
7176335
7176640
7178334
7178682
7179271
7181135
7181487
7181759
7182317
7187750
7188214
7189499
7190438
7191208
7192835
7194655
7194976
7199162
7202944
7203042
7203752
7203801
7205483
7206905
7207884
7208515
7208889
7209012
7209792
7210863
7211988
7213266
7213353
7214557
7215071
7215758
7216464
7219623
7219655
7220025
7220146
7220438
7222483
7223959
7224176
7224316
7227043
7228867
7229200
7231534
7232742
7233251
7233436
7234604
7236161
7237677
7238138
7238811
7240476
7241176
7241488
7244887
7245091
7252297
7252649
7252816
7253239
7254131
7255429
7255871
7257166
7259282
7260865
7262483
7265486
7265647
7265755
7266153
7267769
7268361
7269150
7269930
7270310
7270419
7270982
7272400
7273398
7274281
7274433
7275326
7277192
7277303
7279015
7279480
7279690
7279877
7280290
7280383
7283158
7283454
7284048
7284218
7290057
7290926
7291907
7293414
7293633
7295876
7296087
7298189
7298499
7299169
7299893
7300777
7301177
7301223
7304237
7307977
7308273
7309207
7312004
7312561
7313398
7313853
7313878
7314840
7315958
7316333
7317140
7317599
7318800
7319688
7322257
7322317
7322347
7323733
7323970
7325751
7327607
7329679
7329709
7330515
7332141
7332503
7332769
7334570
7334749
7335021
7335363
7335575
7336670
7339157
7342038
7342977
7343280
7343337
7346132
7347078
7347456
7349101
7349496
7350097
7350276
7353888
7355363
7355749
7356555
7356605
7356661
7358008
7362228
7362339
7362389
7362980
7363115
7363362
7363946
7363993
7366217
7368830
7370833
7371176
7371200
7372558
7374750
7379405
7379632
7379836
7381008
7383776
7384110
7384307
7385368
7385947
7386185
7387679
7390387
7391550
7393254
7393695
7394802
7395385
7396936
7396995
7397099
7397788
7398658
7398882
7399884
7403750
7406187
7406294
7406961
7407907
7408493
7409262
7409270
7410432
7410498
7411124
7411328
7411465
7412679
7413199
7413209
7414280
7414305
7416824
7416870
7422198
7424387
7424410
7427484
7427555
7428311
7429100
7431135
7432377
7432555
7435109
7436634
7438626
7439402
7440733
7440970
7441123
7441348
7441879
7442164
7442708
7443418
7445094
7445403
7446528
7446588
7447806
7449306
7450196
7451533
7451651
7455375
7455406
7457704
7459084
7459956
7461448
7461639
7462240
7462636
7463872
7465109
7465413
7466650
7466825
7467154
7468061
7468601
7470958
7471131
7472249
7472591
7472593
7475560
7476495
7476820
7476892
7477596
7478494
7479569
7481466
7481834
7481929
7482110
7482511
7483252
7484000
7484096
7485631
7486973
7487293
7490002
7493472
7494365
7494520
7494651
7495711
7495936
7495974
7496480
7498386
7500534
7500707
7501384
7501634
7502262
7502486
7502488
7503421
7504454
7505268
7507377
7510307
7510502
7510535
7511450
7511768
7511905
7514199
7514708
7516739
7518422
7519141
7519398
7519994
7520691
7520866
7521183
7521384
7521393
7523233
7525437
7525578
7526660
7529279
7529450
7530238
7530288
7532220
7532388
7533023
7533551
7534508
7534756
7535357
7537726
7538127
7538332
7542202
7542577
7547608
7547735
7550190
7550963
7552028
7556705
7556715
7559273
7560822
7561784
7562728
7564280
7565088
7565245
7567293
7568852
7569072
7570073
7570280
7570831
7571291
7575040
7576725
7577541
7578206
7578272
7579797
7580107
7580137
7580436
7580514
7581508
7581560
7583129
7584103
7584989
7585403
7587233
7588469
7592553
7592565
7593724
7594149
7594526
7595025
7595284
7596123
7597152
7597387
7597986
7599647
7602384
7602607
7606068
7608672
7611632
7611812
7612069
7614553
7615061
7615927
7617557
7619269
7619999
7625715
7629327
7630212
7631604
7632699
7632997
7633560
7634242
7634434
7634530
7634788
7635281
7638010
7638279
7639109
7639822
7640016
7642570
7643535
7643735
7644240
7646761
7646785
7646927
7647830
7647852
7649678
7649700
7652051
7654595
7656420
7656971
7662589
7664870
7666411
7666524
7667733
7667886
7668162
7668415
7670519
7671238
7671376
7671487
7672770
7673079
7673239
7673759
7674343
7674631
7676174
7676660
7676779
7677821
7678356
7679382
7679414
7679604
7683097
7685133
7685703
7686009
7686152
7687646
7690781
7691382
7692099
7693591
7694319
7696217
7697116
7697208
7698386
7698387
7698980
7700410
7701276
7701420
7701577
7704206
7706285
7706917
7708015
7708455
7708686
7708723
7710376
7710672
7712426
7713194
7713195
7713216
7714771
7715453
7717692
7719569
7719778
7720597
7721325
7721575
7723001
7723167
7724448
7724708
7725422
7727579
7728044
7728399
7729355
7730320
7730654
7731378
7732621
7732765
7734222
7735613
7736272
7736602
7736755
7737110
7738157
7741119
7742143
7744008
7744402
7745256
7746327
7747435
7748094
7749707
7750370
7752841
7753571
7753974
7754365
7754688
7756498
7756547
7757401
7758111
7758439
7759317
7759731
7759851
7760236
7760738
7761119
7762847
7763017
7765977
7766322
7767268
7769498
7769554
7770033
7773019
7775924
7776786
7778112
7778957
7780183
7784151
7784188
7784654
7784747
7786174
7786271
7786449
7786950
7787353
7789412
7790169
7790527
7790797
7791339
7793052
7793251
7793467
7794707
7795686
7796643
7796770
7797065
7798299
7800098
7801329
7802135
7802407
7802478
7803093
7804056
7804431
7804703
7806071
7806680
7807385
7809128
7812587
7813714
7815456
7816560
7817816
7818674
7818808
7819860
7822499
7822735
7822977
7823999
7826962
7827630
7827871
7829812
7831652
7832742
7835391
7836502
7837124
7837625
7837952
7838227
7839236
7839624
7839842
7840337
7841153
7841420
7841585
7842450
7844236
7845345
7845729
7846007
7846589
7847159
7848301
7849038
7850914
7853747
7854099
7854840
7857136
7857578
7859180
7860042
7860072
7861544
7862052
7862191
7862576
7862821
7864215
7864319
7865173
7865642
7867681
7868063
7869618
7873649
7874145
7876737
7876747
7878882
7880044
7880804
7882778
7882997
7883734
7884241
7885786
7889284
7890577
7890962
7891309
7891729
7892161
7892824
7893459
7893630
7894439
7894440
7895444
7895789
7896802
7901564
7902557
7903567
7903878
7904019
7904689
7905596
7906019
7906424
7908019
7908217
7909473
7913511
7914735
7915159
7916184
7917020
7917143
7917747
7917888
7919290
7920087
7921674
7922231
7922684
7923203
7923904
7924284
7924415
7925139
7925892
7926636
7928656
7928982
7929209
7930175
7931991
7933201
7933882
7934674
7935617
7937582
7938533
7940415
7940489
7941507
7941709
7941749
7943368
7943999
7946428
7946825
7947104
7947357
7947583
7947794
7947902
7948327
7950044
7950156
7950343
7951542
7952222
7952651
7953376
7953462
7954635
7958446
7958724
7959454
7961164
7962772
7964451
7964805
7965237
7965997
7967940
7969326
7969389
7969909
7971407
7971452
7972071
7972479
7973100
7973433
7974796
7975250
7975664
7976216
7976265
7979247
7979758
7980609
7981238
7981716
7983706
7983970
7984295
7984301
7984401
7985091
7985093
7986266
7986732
7988458
7989345
7990149
7990955
7993632
7994395
7995302
7995972
7998363
7999179
8000288
8001045
8004369
8007463
8008639
8009075
8009342
8010634
8010895
8011398
8011978
8012535
8014327
8014690
8015116
8015522
8015941
8016811
8017881
8020868
8022884
8024919
8026362
8026974
8028850
8029392
8030874
8031439
8032202
8032602
8033383
8033899
8034644
8036463
8038845
8039685
8040626
8041032
8042592
8042680
8046353
8046361
8047211
8047645
8048456
8049810
8049905
8050010
8050666
8051439
8051930
8052364
8056227
8057843
8058171
8058730
8059925
8060706
8062048
8063904
8064388
8065001
8067324
8068315
8068495
8068774
8070597
8072709
8074036
8076468
8077982
8078166
8080416
8080622
8083494
8087129
8089771
8091179
8091465
8092253
8093654
8094287
8094697
8095369
8096342
8097986
8099052
8102807
8103060
8103080
8103499
8104080
8104115
8104368
8105231
8106040
8107342
8109538
8109725
8109857
8111410
8112405
8113996
8114038
8117753
8117933
8119975
8120265
8120748
8124501
8125516
8127409
8127784
8129786
8132532
8132679
8132711
8133572
8134476
8135740
8136978
8137195
8139284
8139908
8143260
8143826
8143921
8148743
8149103
8152917
8153290
8154471
8155434
8159020
8159064
8159324
8161287
8161626
8162790
8162882
8163482
8163504
8164247
8164442
8164776
8164834
8165493
8166210
8166237
8166851
8169028
8175222
8175684
8177699
8178309
8178620
8179409
8181330
8182921
8183039
8183432
8184858
8186599
8186605
8186886
8187133
8187263
8188359
8189273
8190701
8191903
8191955
8195337
8195742
8196424
8197286
8198776
8199567
8200648
8203426
8204111
8204584
8207774
8208084
8209672
8210075
8213507
8214553
8215585
8216003
8216037
8216330
8218632
8218856
8219506
8219849
8220043
8220155
8220434
8221160
8226161
8226957
8228465
8228774
8229294
8229609
8229915
8230389
8230718
8231492
8234857
8235280
8235657
8237888
8238288
8239531
8239922
8240554
8241519
8241583
8242794
8242903
8243249
8243438
8243516
8243892
8244720
8245940
8246712
8247727
8247750
8248359
8248844
8249105
8249463
8251483
8251619
8252011
8252024
8252193
8253723
8255355
8255469
8256168
8256261
8258854
8259544
8260289
8261531
8262881
8263016
8264431
8264557
8266381
8267631
8268121
8268345
8268937
8268948
8272250
8272300
8274687
8276409
8277935
8277980
8278095
8278554
8280552
8281698
8282807
8283170
8287359
8288227
8288303
8289577
8289724
8290029
8290517
8291091
8291098
8291318
8294734
8294740
8294864
8296071
8296500
8297160
8298320
8299572
8300108
8301730
8307924
8310465
8310612
8311392
8311443
8313028
8313238
8315312
8315591
8317906
8318781
8318998
8319434
8320545
8320987
8322418
8322892
8322945
8326060
8327301
8327302
8327895
8328462
8328508
8329794
8329897
8330255
8330933
8331749
8332295
8334337
8335848
8337512
8337681
8338694
8339605
8339924
8340594
8341686
8342804
8344073
8344126
8345447
8345449
8346489
8346546
8346791
8347489
8347701
8349330
8350741
8352711
8353388
8354082
8357496
8358058
8360465
8360966
8361803
8362770
8364419
8366357
8369387
8370774
8371085
8372121
8373130
8373164
8373588
8374538
8374820
8375623
8377864
8379364
8379388
8381168
8384607
8386353
8388360
8389929
8389980
8390722
8391598
8392303
8397576
8398742
8398983
8402615
8404159
8404675
8404745
8405714
8406660
8406937
8408368
8410676
8411460
8411960
8412835
8412939
8413403
8414012
8415582
8415966
8417241
8419812
8421389
8422074
8422779
8422965
8423023
8424743
8424780
8425644
8426046
8426423
8428158
8429153
8429410
8429772
8430127
8430451
8430583
8433968
8435238
8435598
8436127
8438382
8441760
8441782
8449498
8450177
8450940
8452305
8453642
8453698
8455940
8456263
8458910
8459170
8459613
8460408
8460481
8460948
8462453
8463299
8465652
8466018
8466358
8466634
8469518
8469548
8469978
8471570
8474123
8475567
8476142
8477025
8478212
8479755
8480533
8481920
8482745
8482857
8484912
8484978
8485450
8486077
8486384
8486690
8487098
8488921
8488936
8489044
8490478
8490859
8491175
8491958
8492068
8492392
8493025
8493434
8494190
8495554
8497637
8497732
8497812
8497956
8498146
8498392
8498584
8499063
8499359
8500503
8502071
8502682
8502808
8503023
8505889
8506447
8508273
8508914
8509927
8510280
8510557
8511109
8511220
8511678
8512096
8513771
8517995
8518215
8520226
8520330
8520892
8521130
8522240
8522588
8522843
8523361
8527232
8528028
8528048
8529230
8529349
8530404
8531355
8531697
8531775
8532626
8533284
8533552
8533769
8534816
8535649
8535742
8536304
8536465
8536628
8536788
8539276
8539985
8541006
8542470
8543275
8543286
8543664
8543982
8544560
8545424
8546072
8546672
8547626
8548109
8548279
8549358
8550110
8550298
8551729
8552837
8553014
8554254
8555535
8555827
8557151
8557734
8557936
8561337
8561474
8564522
8567474
8568036
8568212
8568719
8569327
8571837
8572837
8574661
8574917
8575982
8576083
8577136
8577365
8577548
8577723
8578500
8578511
8578717
8579777
8580326
8580755
8581140
8582164
8582451
8584197
8584364
8584597
8585114
8588604
8590708
8593441
8593634
8594021
8596771
8596994
8597828
8598432
8598744
8599273
8600540
8601689
8603396
8604479
8604773
8605472
8606860
8607397
8608115
8609187
8609480
8611008
8612807
8614151
8616037
8616154
8617648
8617670
8620787
8622152
8623992
8625811
8626430
8627722
8633146
8634006
8634200
8635271
8635753
8637150
8637710
8638791
8639008
8639609
8641786
8642124
8642852
8645573
8647206
8649800
8652416
8653721
8654267
8654777
8655735
8657137
8659071
8661150
8661241
8664612
8665201
8665304
8667145
8667362
8668089
8668947
8669406
8669554
8672907
8674095
8675340
8676981
8677401
8682674
8683484
8683557
8684322
8685019
8685672
8686146
8686433
8687837
8688506
8689177
8690127
8691133
8691398
8691714
8692771
8693533
8693868
8694552
8695793
8696236
8696281
8697899
8698595
8700712
8706192
8707065
8707283
8707756
8708294
8709969
8710155
8710619
8714752
8715056
8716253
8716950
8717468
8718175
8720267
8722718
8722957
8723119
8723147
8723971
8726884
8727276
8727484
8727910
8728421
8729310
8730187
8731582
8733286
8733322
8733914
8734358
8735010
8735835
8740171
8740793
8741516
8741697
8741975
8743385
8743663
8744266
8744988
8747131
8747661
8748466
8749717
8751960
8752953
8753751
8753815
8753997
8757634
8758058
8758719
8760127
8761011
8761988
8762250
8763180
8764092
8765523
8765856
8765892
8768262
8769026
8769129
8769463
8769976
8770065
8771502
8772524
8772531
8772644
8776290
8776606
8781631
8781960
8783240
8783719
8784991
8786018
8786077
8788175
8789918
8791239
8791474
8792126
8792635
8795157
8796564
8798272
8799107
8800338
8801574
8802013
8802845
8804669
8806048
8807841
8809029
8809310
8809588
8809931
8812845
8813075
8813977
8814219
8815166
8815722
8816415
8816555
8817454
8818238
8820377
8820727
8821812
8821992
8822329
8823070
8824148
8826060
8826162
8828201
8829790
8830649
8831286
8831351
8832381
8834179
8834957
8836589
8837689
8838224
8840703
8841244
8841589
8842041
8842138
8842892
8845171
8845867
8846594
8848998
8849788
8851809
8852903
8853196
8853370
8855226
8855446
8857512
8857838
8858586
8858960
8861329
8864346
8864788
8867083
8867126
8867883
8868853
8871278
8873319
8873440
8874820
8875253
8875980
8877520
8878439
8879223
8880987
8881279
8882006
8882907
8883129
8884921
8885390
8885454
8885495
8885534
8886182
8888049
8888549
8891823
8893141
8893759
8893873
8894591
8895277
8895633
8896192
8897939
8898447
8898660
8899871
8900996
8901432
8901528
8901698
8902022
8902081
8902685
8905042
8905052
8905129
8905245
8905773
8905855
8910792
8913339
8913656
8914298
8914776
8915640
8916397
8917426
8917726
8917814
8919023
8919616
8920567
8920862
8920984
8924269
8924906
8925600
8925917
8925992
8926008
8927011
8927062
8927139
8927836
8927861
8931705
8934168
8939803
8947831
8951521
8952860
8953984
8954309
8954880
8956196
8956844
8958323
8961971
8963013
8963218
8964602
8967019
8967302
8967726
8969195
8971118
8971462
8972437
8973025
8975254
8977631
8978288
8979671
8980790
8982081
8982323
8982837
8983986
8984378
8985349
8985961
8986655
8986963
8987114
8988210
8990157
8992005
8993654
8996192
8996595
8996767
8997702
8998688
8998704
9002351
9002480
9003643
9003681
9003738
9004480
9004653
9005731
9007004
9007368
9008218
9008343
9008794
9011119
9012243
9012371
9013913
9014889
9016099
9016451
9016829
9017020
9019545
9020445
9024117
9024194
9024398
9025438
9026376
9026917
9026950
9028625
9029375
9029388
9030715
9030907
9032470
9034195
9034445
9034884
9035003
9036845
9038122
9038447
9038620
9039277
9039369
9039922
9039968
9040225
9040943
9042163
9042815
9044287
9044533
9045886
9045932
9046534
9046879
9047799
9047824
9049255
9049634
9050265
9050314
9050929
9051578
9053457
9054381
9055964
9056886
9060831
9061180
9061502
9063079
9064650
9064726
9065259
9065721
9067033
9067094
9067403
9068987
9070057
9070143
9073154
9073211
9073472
9073668
9073885
9073974
9075201
9076513
9076889
9078479
9079394
9080272
9080500
9080953
9081399
9082568
9083036
9083230
9083964
9085010
9086327
9086469
9090446
9091042
9092509
9093326
9093852
9095274
9095414
9095702
9095794
9097346
9101315
9101568
9103635
9105210
9106188
9106589
9106713
9109877
9111023
9112536
9114246
9115458
9116729
9118738
9120424
9120432
9123097
9123527
9125040
9127967
9129742
9129812
9130132
9132262
9134004
9135345
9136085
9137126
9137753
9137830
9138702
9139348
9140334
9140373
9142237
9142697
9143247
9144802
9145221
9146295
9146570
9149484
9149582
9150142
9150340
9151845
9152156
9152189
9153421
9154709
9156598
9157176
9157666
9159149
9160292
9160612
9161134
9161983
9162534
9163698
9164080
9164100
9164566
9168454
9170383
9172210
9173360
9176499
9177390
9177883
9179219
9180906
9189667
9189805
9190173
9190515
9194399
9194665
9194892
9195037
9196218
9196327
9198074
9198514
9198690
9198785
9200150
9203287
9203366
9203666
9206958
9207311
9207343
9207669
9211221
9212474
9213852
9215741
9216962
9217398
9218470
9219293
9219993
9220935
9220952
9221312
9223943
9224267
9225273
9225757
9226517
9226999
9227826
9228543
9228992
9230854
9231856
9234018
9235134
9235653
9235799
9236366
9236526
9237673
9239751
9240361
9244429
9244447
9244787
9245020
9246918
9247179
9248861
9249232
9249651
9249767
9250307
9250318
9250576
9251504
9252036
9255558
9256357
9257059
9258760
9260298
9260722
9260734
9260781
9262746
9267185
9272306
9272810
9273729
9273804
9274712
9275792
9275808
9275941
9276220
9276607
9277142
9279672
9280380
9280679
9282157
9282734
9284787
9285418
9287020
9288350
9288871
9289571
9291433
9291512
9293158
9293226
9294369
9294910
9295677
9295800
9296329
9296550
9297476
9297708
9300864
9301103
9301480
9303921
9304381
9304575
9306905
9310023
9310728
9312846
9314268
9314538
9315599
9316941
9317108
9317686
9318989
9319375
9319718
9320262
9322070
9322213
9323049
9323993
9324024
9325624
9326570
9327989
9330897
9331031
9331511
9331997
9332576
9332813
9333423
9334043
9334257
9334427
9337818
9337914
9338513
9339310
9339422
9340739
9341347
9341535
9346251
9346479
9348614
9349659
9350326
9350994
9351630
9353171
9353771
9353961
9354823
9355030
9355108
9356879
9357726
9357750
9358327
9358363
9358468
9358476
9358811
9360097
9361206
9363232
9363376
9364625
9364679
9365282
9368384
9370246
9370646
9371046
9371078
9371572
9373460
9373929
9374114
9375267
9375666
9376262
9376296
9377475
9377968
9378002
9378576
9379335
9380837
9381301
9383221
9383364
9383973
9384085
9384905
9385019
9387163
9388114
9388165
9391263
9392403
9392526
9393253
9393618
9393884
9394380
9394941
9394954
9395234
9395440
9396248
9399037
9399928
9400332
9401929
9402374
9402419
9403365
9403874
9404044
9405742
9406382
9406951
9408150
9409052
9409396
9412527
9412679
9414599
9416330
9416556
9417703
9418916
9419127
9420852
9420898
9421231
9422457
9423411
9423545
9425578
9426750
9429094
9432449
9433190
9434804
9435033
9437185
9439294
9440641
9440904
9440995
9441229
9442589
9443213
9444673
9445242
9445828
9446488
9448275
9450200
9452887
9455258
9455298
9455645
9456773
9457228
9458630
9459175
9459178
9460381
9461562
9461900
9462553
9462836
9463485
9465006
9465606
9465923
9466176
9467030
9467073
9467482
9467825
9473190
9473809
9474700
9474945
9475567
9477878
9478008
9480851
9482078
9482291
9483217
9485604
9488185
9488280
9488796
9490701
9490999
9491312
9491619
9492224
9492853
9492878
9495334
9495781
9496040
9499511
9500203
9501376
9502041
9504890
9505825
9506368
9508308
9508725
9509381
9509764
9509878
9510827
9512897
9513593
9513839
9514465
9515410
9517443
9518390
9518765
9521523
9523001
9524118
9524172
9524187
9527041
9527706
9528658
9528859
9529212
9531231
9531378
9531446
9531578
9532405
9533121
9534875
9535064
9535400
9535851
9538661
9539966
9542123
9543506
9544052
9546109
9549100
9549284
9550343
9550425
9550609
9551252
9551537
9555339
9555430
9555493
9556865
9556999
9558980
9564377
9564402
9564822
9565958
9567535
9568274
9569559
9571018
9573076
9573176
9573413
9574152
9574701
9576729
9578142
9578158
9579770
9580230
9581105
9581667
9582023
9585976
9586936
9592605
9593759
9595395
9597071
9597369
9598495
9602585
9602772
9602932
9603177
9603198
9603822
9603945
9604541
9604847
9605229
9605322
9605827
9607234
9607283
9607619
9609176
9609579
9610608
9611973
9612966
9614967
9615505
9615644
9616365
9616625
9617908
9618056
9618084
9620209
9620217
9624348
9625326
9626346
9627403
9628405
9630745
9633447
9633889
9633976
9634624
9635052
9635152
9635863
9638155
9640016
9641360
9644009
9645375
9646401
9646537
9649312
9649624
9650577
9650873
9653242
9653282
9654908
9654953
9655035
9656458
9657079
9657775
9657792
9658378
9660590
9661250
9662421
9664430
9667822
9668502
9668649
9671037
9671993
9672168
9673077
9674392
9675262
9676566
9677214
9681803
9683695
9684328
9684496
9684789
9686100
9686384
9690160
9690563
9691539
9691665
9692451
9692684
9693038
9694495
9697111
9697152
9697238
9699001
9699038
9699457
9699761
9699842
9700813
9702167
9702851
9702956
9703248
9703762
9706147
9706413
9706486
9706525
9706748
9707310
9708046
9709081
9709798
9710388
9711428
9712140
9713342
9714021
9714532
9715067
9716820
9716914
9717376
9717471
9718140
9718248
9718930
9719731
9720606
9720924
9720963
9721040
9721086
9721822
9723301
9723811
9724502
9725059
9725577
9726958
9727468
9728629
9731427
9732971
9733783
9734375
9734653
9737072
9737140
9737840
9738098
9739458
9740348
9741083
9743707
9746781
9747191
9750151
9750637
9751374
9752194
9752843
9755414
9755843
9756147
9756609
9757636
9758448
9758674
9760801
9761226
9764143
9765020
9771399
9771693
9772030
9777696
9778041
9779030
9779690
9779942
9783101
9783461
9783562
9784437
9786457
9786533
9786767
9788058
9788421
9789519
9790244
9791916
9791998
9792105
9792275
9793090
9793546
9795203
9795408
9795724
9795828
9795895
9797483
9797628
9801682
9802043
9803650
9804865
9806244
9806556
9809455
9810150
9810338
9810993
9811001
9811429
9812626
9814420
9814637
9815376
9816585
9816746
9817240
9818050
9818116
9818863
9819822
9820783
9821798
9825145
9826071
9826638
9826813
9827210
9827274
9827522
9827629
9829591
9830152
9830576
9831053
9832601
9833902
9833905
9834765
9837759
9837974
9839029
9839551
9839638
9841819
9842045
9843060
9843473
9843738
9844248
9845615
9846235
9848125
9848374
9849834
9850575
9854899
9855659
9855884
9856490
9856698
9858064
9858283
9862406
9864571
9866019
9866311
9866640
9867001
9867171
9867699
9868443
9871366
9871481
9872445
9872595
9872840
9873909
9874498
9874747
9874868
9875405
9876428
9877233
9881038
9882063
9882306
9882546
9882763
9882912
9883874
9884782
9885210
9885376
9885858
9886726
9887201
9888064
9888730
9888844
9889868
9890562
9892772
9892972
9897320
9898175
9898567
9903048
9903769
9903847
9908847
9909785
9910652
9910979
9911247
9911945
9912766
9914012
9915448
9916277
9917634
9920324
9921220
9922494
9922975
9924860
9925641
9928115
9928129
9929199
9930322
9933310
9934348
9938159
9938711
9939452
9940195
9940279
9943779
9944974
9945089
9945387
9945549
9946661
9947014
9948702
9951277
9951865
9952247
9953811
9955544
9956139
9956436
9957223
9957272
9958025
9958957
9959301
9959698
9959963
9960492
9961750
9962823
9966269
9966457
9966662
9966858
9967436
9968932
9970696
9971813
9973236
9974451
9975816
9977240
9978157
9980428
9980662
9980854
9981045
9981510
9981974
9982337
9984369
9984740
9985043
9990548
9990560
9991038
9992698
9992944
9994346
9995994
9999443
