284
373
1472
1771
1873
2179
2578
3230
3364
4090
4686
6543
6665
8513
8647
8883
9344
10111
15084
15742
20094
21895
24648
25718
26177
28155
29985
30088
30246
30703
31919
32967
33012
37091
39459
41305
42370
43726
44011
44493
45013
47551
48082
48191
48288
48402
49917
50730
51559
54807
55498
55836
56543
58707
58787
59958
60129
64499
65073
66811
69251
71331
73623
73982
74157
74706
74975
79117
79965
81403
81429
84290
84961
85815
85892
86566
87678
88214
88802
94752
97109
98281
98421
98513
99930
101144
101904
101905
104179
105415
105709
105992
106121
106439
106699
106719
107437
108761
109749
111006
111133
111140
111837
111943
112264
112563
112596
114089
116831
117450
117574
119305
120196
121006
121047
122294
123829
125673
125739
125772
126101
127264
129939
130559
130585
133340
134831
135792
137156
138615
138990
139675
139677
139913
141791
141827
142737
143687
144477
146036
146707
147354
148038
149413
149867
149881
150594
150922
152945
154481
154888
155883
155893
156508
156803
157365
158963
159552
162959
164230
165586
165794
167887
169565
169947
171663
172735
173036
173273
173478
176383
176623
177541
178323
178811
178863
180186
182479
183141
186782
188517
189274
190375
190966
191728
191862
192176
192891
193512
193948
196526
196780
197079
197621
199811
199849
201164
201218
201372
201863
202540
205510
206400
207173
207388
207677
209070
209676
212121
212177
214046
215469
215598
215985
218031
219821
220029
221710
222427
222752
222758
223598
223656
224099
225333
226271
227826
227890
228094
228247
228289
228410
228712
228882
231035
232035
234293
234578
234587
234655
235170
235606
235705
236308
236411
236527
236962
237054
239387
242432
242526
242808
243485
250545
251974
252296
254471
255100
255371
255616
256935
257828
258920
259265
259671
262053
262975
263820
264041
265428
267461
269091
269943
271007
275790
276390
276692
278219
279405
279697
280743
281592
281865
282140
282648
282847
283504
284673
285370
285813
286920
287431
288670
288919
290434
291153
291210
291247
291288
292071
293398
294364
295933
297775
298652
299944
300189
301739
302543
302795
302979
303132
303275
304040
304700
305326
306263
307140
309420
309731
310599
311115
313111
313190
313675
314570
315028
315064
316329
317376
318279
318746
320317
321581
322270
323355
323626
323961
324541
325732
325750
329015
329323
329988
332995
334048
335026
335123
335466
337213
337560
337843
340678
342876
342966
346674
348004
348028
349335
349706
349737
350545
350665
351956
354439
355381
355423
356025
357141
357712
358206
358791
364047
364308
365176
365344
365465
366132
366261
367758
367777
367935
368094
369925
371088
371375
371863
372328
372474
373652
375642
376058
376494
377255
377897
378143
378751
380133
380189
380312
380466
380559
381749
382164
382267
382615
384002
384716
384964
385076
385271
386430
387153
389179
389872
391967
393473
396887
397796
399285
399869
399979
401068
403836
404961
405243
405719
405730
408254
408276
408556
409536
410762
414551
414577
415116
415418
415851
416650
417152
417332
417350
418703
419350
419391
420998
421998
422927
422975
423136
424401
425869
427082
428219
429318
430132
432274
433075
433485
433935
438379
438680
438765
439040
439128
439745
440206
441401
442853
444597
445821
446608
448099
448826
449212
449710
454572
454671
454861
455247
456122
456570
457380
460791
462400
467889
468546
472348
472797
473827
474224
475465
476031
476563
477459
477625
479947
480563
480881
481925
482476
483140
484452
486422
488352
489323
489528
490517
492424
492655
493382
493995
494571
495379
496848
496968
497118
497827
500691
500752
500856
501502
502166
503032
508324
508689
509941
510730
513658
514687
515893
517449
519261
521206
521268
521383
521467
523390
523506
524577
525648
526330
526985
528234
528767
528783
528789
529838
530146
531517
533080
534497
534847
537019
539474
540337
543125
544625
545012
547744
553859
554659
554907
555760
556766
556957
558115
560233
560573
560746
560795
561678
561949
562264
562525
562740
565180
565881
566229
566525
566847
569513
569754
570102
573435
573741
574795
575372
576310
576893
578165
578607
578751
578920
579729
584989
585397
585640
586941
588278
588561
588808
592089
593911
594047
595033
596471
598958
599179
599530
601332
601859
601945
603340
605647
605878
608054
609770
611921
612654
614008
615002
615574
616107
618793
618888
619481
619491
619508
620641
622354
624189
625769
626034
626581
626974
628858
628937
630954
633461
634711
636267
636724
637344
637653
640346
640645
642532
644991
645275
645422
647892
649917
650487
651910
652704
653673
653997
654957
655332
655857
657221
657923
660112
661279
662187
662320
665300
665362
666609
667985
668575
668807
669607
669893
670000
671982
672257
673198
673643
673969
676242
676501
676747
676844
677544
678608
679280
680028
680117
680424
680802
682083
684267
685510
686151
687521
687689
688206
688607
689209
691348
691824
693600
694005
694491
694742
695503
696431
696779
697792
697871
697954
698016
699463
702561
703988
704973
706227
706708
706900
707520
707665
708562
709296
710261
710317
710494
710624
711255
711815
712940
713442
714067
714636
716732
716756
717348
718746
720549
721244
721419
721797
723026
723584
724023
724349
725922
727859
728108
728775
729012
729803
730702
732299
735358
735967
737283
737853
739804
740524
742869
743267
743872
745245
747162
747368
749197
753851
754210
756838
758026
759952
761054
761163
762239
764105
767850
768062
768813
769223
769890
770286
770348
770680
771999
772128
772546
772662
775436
779372
781328
782032
782473
783602
784120
784183
785414
787258
787592
789860
790560
790625
792940
793961
795207
796864
799073
799175
799433
800420
801079
801445
802055
804524
804630
806846
807599
808096
808724
810184
811341
814074
814294
814446
816994
819836
821411
821479
822649
823779
824644
825820
826194
830397
830930
831874
832337
835597
837054
837467
837803
840605
840996
841656
841675
841785
841901
842456
842509
842623
842740
843655
843992
844367
844427
845932
846294
846334
846631
846825
847477
848321
849116
849142
849493
850515
850545
853141
853223
853281
853359
854081
854799
855408
855409
857145
857804
858850
860176
861542
863280
863832
863996
865076
866369
867749
869503
869544
870378
870794
871365
871792
872386
875512
876213
878004
878271
879194
880381
880411
880813
881401
882763
884053
884146
884661
886223
886284
888000
888338
896373
896406
896915
897837
897915
899405
900606
902858
902891
905193
905576
906481
907206
909692
911845
912648
913037
915343
915437
917242
917522
918924
918968
919634
919960
920017
920552
922529
928071
929002
929363
929806
932778
932856
934098
934352
934460
934779
934810
936497
937399
938017
938316
939292
939941
941007
943294
943845
946463
947757
948212
948588
948649
950102
951738
952033
953797
953810
954440
955287
957430
958101
958296
958453
959024
959386
959969
960340
960422
961555
961768
962298
962807
963345
963476
967905
968321
969063
971959
973806
974958
975605
976217
976587
977257
977302
977874
978331
978929
979428
980634
980659
980828
981082
981661
981868
982273
982332
983103
984356
984861
986606
986759
989210
989528
990189
990761
991069
991080
992210
992604
993040
993471
994517
995103
995844
996398
998710
999136
999647
1002756
1003571
1003799
1004656
1005080
1005786
1006517
1006825
1006872
1007865
1009282
1009895
1010606
1011058
1011194
1011378
1011769
1012742
1016844
1019286
1020422
1020680
1022271
1023919
1024283
1027022
1028647
1028832
1030215
1030281
1030536
1031040
1032277
1032405
1033091
1033178
1033271
1034759
1034823
1036392
1036976
1037338
1039018
1040134
1041088
1042794
1043780
1044221
1045934
1046020
1048536
1048777
1049338
1049705
1049707
1053777
1054876
1056391
1059123
1059245
1061196
1062271
1062573
1062795
1066639
1068494
1071434
1071561
1072205
1073159
1073401
1073464
1073866
1074392
1075473
1075683
1077322
1077337
1077582
1078586
1084608
1088360
1088902
1090415
1091904
1097241
1097571
1098746
1099308
1101332
1101549
1101827
1101872
1103300
1104594
1105679
1105787
1106328
1106848
1107789
1110478
1110779
1110814
1112812
1113552
1114172
1114780
1115727
1116127
1116277
1118974
1120149
1120174
1121692
1122017
1123241
1123462
1124741
1125108
1125346
1127707
1127977
1128432
1129160
1129212
1130611
1130993
1131569
1131622
1132176
1132279
1132672
1132674
1133973
1134608
1134649
1139702
1141326
1142475
1142881
1147350
1147472
1148491
1148753
1149256
1149779
1151469
1153338
1153401
1153616
1154750
1155220
1157268
1157446
1159165
1161200
1162468
1164057
1164812
1165200
1166338
1166886
1167409
1167546
1169717
1170322
1170367
1175673
1175751
1176590
1179373
1179529
1179706
1179910
1180423
1180577
1181390
1181944
1182413
1182732
1182862
1182936
1183331
1183669
1183750
1184137
1186131
1187126
1188975
1189285
1190061
1190228
1190447
1190499
1191452
1191670
1193246
1194184
1196515
1197063
1197110
1197523
1197787
1203635
1204289
1204830
1206401
1207891
1210080
1210825
1212305
1215181
1215566
1218396
1219849
1221042
1222839
1223983
1224342
1224358
1226410
1226480
1227531
1227889
1228921
1230286
1234132
1234299
1234382
1234440
1234454
1234652
1234794
1235376
1235648
1236273
1236651
1238182
1240052
1241136
1242629
1243201
1247156
1247841
1248770
1249290
1249491
1250278
1250712
1250912
1251214
1253109
1253182
1253713
1254385
1254405
1254666
1254890
1255958
1256626
1256730
1257761
1257870
1258643
1259016
1262025
1262290
1262637
1264362
1266919
1271006
1271978
1272692
1274719
1274797
1277133
1280797
1281771
1282260
1284242
1285237
1285544
1286516
1291376
1292422
1292435
1293653
1293780
1294786
1295180
1295208
1295299
1295837
1295923
1295981
1299298
1299519
1300200
1302165
1302855
1303724
1304210
1304597
1305581
1307451
1307565
1308108
1309070
1309400
1310159
1310952
1312658
1315520
1316297
1317816
1317879
1318402
1321406
1321823
1322223
1322279
1324014
1325672
1325865
1326768
1327121
1327252
1329197
1329508
1329675
1331470
1332461
1332596
1333875
1335585
1336786
1338286
1338334
1339555
1340389
1342148
1345499
1347094
1347176
1348688
1349049
1350616
1351032
1351481
1353458
1353894
1354102
1354217
1356730
1357078
1357989
1358048
1358109
1358426
1359575
1359888
1360523
1361015
1361952
1362372
1365020
1366588
1368834
1368950
1371371
1372496
1372686
1373005
1373201
1375209
1377093
1377158
1377199
1377592
1378414
1379633
1380862
1380989
1381056
1384647
1384808
1385005
1386654
1387135
1387684
1388027
1389380
1390642
1391392
1391490
1393605
1394081
1398653
1400027
1400095
1401809
1402086
1402636
1402707
1404080
1405354
1406559
1406813
1407016
1410108
1410780
1413028
1413385
1414191
1414632
1414684
1415188
1415840
1420290
1420602
1422408
1423278
1423906
1425596
1428027
1429210
1431789
1431863
1434341
1435706
1435712
1437055
1437394
1437710
1439435
1441242
1442468
1445218
1446115
1446400
1448497
1449313
1449713
1451198
1451604
1452400
1452832
1453748
1456628
1457831
1458408
1459266
1460169
1461401
1462317
1463254
1463981
1464235
1465442
1467544
1469361
1469372
1469437
1469615
1472042
1477768
1479248
1480161
1480766
1481189
1482706
1483937
1484211
1484306
1484640
1485602
1487359
1489213
1494756
1495202
1495323
1496609
1496976
1497265
1498012
1499010
1500125
1500984
1501335
1501456
1502103
1502198
1503396
1504179
1506378
1507141
1507913
1508737
1509641
1509646
1511887
1512266
1512302
1514281
1514299
1514554
1514860
1515275
1517361
1518507
1519368
1523923
1524135
1524397
1526119
1528110
1528625
1528967
1529907
1530439
1531900
1531925
1532615
1535781
1536786
1537124
1538246
1538529
1538834
1541866
1541977
1542322
1544361
1547257
1547625
1548084
1548918
1556023
1556638
1558608
1561219
1561813
1563406
1563614
1565723
1566283
1566521
1567371
1567416
1568126
1569103
1569253
1570347
1571355
1572662
1574801
1575413
1576565
1576904
1577345
1577743
1578456
1578858
1580088
1581006
1581085
1581533
1581763
1583583
1584442
1586877
1590494
1592338
1592681
1593501
1593776
1595083
1595587
1599230
1599849
1599864
1600428
1600563
1600603
1601341
1602164
1602256
1602909
1603052
1604201
1604916
1605081
1607590
1609784
1610503
1611612
1612544
1612737
1612937
1613695
1615822
1616297
1616690
1616884
1623019
1623393
1623913
1623929
1624428
1627736
1628076
1633221
1633491
1634177
1635412
1635675
1637568
1637646
1637830
1638246
1639797
1640222
1641701
1641982
1642898
1643165
1644026
1645492
1646378
1646453
1646791
1646995
1647254
1647566
1647604
1648415
1648566
1649697
1649870
1649914
1650075
1650123
1651162
1651754
1652937
1654374
1656459
1656651
1657171
1659905
1659968
1660158
1660374
1663076
1663411
1664675
1664828
1667628
1668937
1669452
1669540
1670323
1675205
1676281
1676677
1680880
1681322
1682885
1683396
1683651
1684924
1685805
1687584
1690389
1690525
1691222
1691289
1691607
1691701
1693442
1693715
1694176
1694338
1696168
1698322
1699969
1701797
1702336
1702697
1703381
1703710
1704204
1704847
1705910
1706097
1706151
1706645
1709434
1710289
1714300
1714962
1715009
1716267
1717075
1717153
1717317
1717592
1718649
1719551
1719804
1722814
1723383
1726551
1727379
1727697
1728880
1729779
1730173
1734811
1735845
1736386
1736814
1737008
1737246
1737311
1738268
1739113
1739713
1740115
1740150
1740302
1740983
1741020
1742287
1742573
1744849
1748696
1749567
1751344
1751680
1752119
1752731
1752768
1753727
1755886
1757356
1759037
1759190
1760243
1761561
1762343
1763554
1763635
1763721
1763762
1763886
1764598
1764774
1767329
1767981
1769405
1770939
1771637
1771677
1773900
1774031
1775688
1777755
1778994
1782310
1782895
1783186
1784427
1784540
1784945
1785430
1785448
1785616
1785707
1787988
1788646
1789616
1789852
1790423
1791141
1791437
1791580
1791894
1792721
1793406
1793889
1794376
1796772
1797932
1798266
1798449
1799074
1802736
1803322
1805508
1805802
1806120
1806132
1806189
1807733
1808031
1809646
1810808
1811135
1811361
1811544
1813022
1816618
1816646
1820932
1823080
1824218
1824616
1824641
1825399
1825758
1826377
1827120
1832317
1833485
1833652
1834661
1834713
1835933
1836346
1837092
1837323
1839679
1841339
1841963
1842299
1842321
1842816
1843729
1844550
1844594
1844646
1845224
1846532
1847807
1848372
1848676
1849026
1849141
1850316
1851177
1851318
1851738
1854137
1857101
1857621
1860070
1860204
1868392
1868734
1868875
1869083
1869224
1870315
1870647
1872307
1872438
1873564
1876005
1876750
1877413
1878328
1878900
1880507
1882381
1885007
1885452
1885653
1887573
1889161
1889302
1889809
1890666
1891533
1892952
1893476
1894087
1894498
1898776
1900049
1900980
1901104
1901277
1901657
1901955
1902117
1903645
1904958
1905342
1906321
1909159
1910759
1913426
1913506
1913566
1914002
1915301
1915815
1916192
1918002
1919384
1919905
1922866
1924411
1925035
1925453
1925592
1926794
1926913
1927078
1927219
1928100
1928935
1929264
1929363
1930484
1933078
1934659
1935098
1936140
1937808
1940446
1940666
1942808
1943597
1945478
1945729
1947141
1949439
1952852
1954403
1954499
1956106
1957314
1959403
1959932
1962074
1962232
1962618
1962747
1964636
1965088
1965800
1967921
1969103
1969198
1969511
1972657
1972792
1973326
1973382
1974452
1975301
1976419
1976513
1978493
1980182
1980840
1982013
1982314
1982884
1984151
1985160
1985787
1986961
1987678
1989933
1990346
1991080
1991802
1991864
1992455
1993050
1995191
1996815
1997794
1998737
1999612
2000295
2000449
2002984
2004465
2005347
2005845
2006188
2007176
2007255
2008366
2008907
2009035
2009429
2010116
2010279
2011148
2011238
2011528
2011878
2012490
2012700
2013327
2015161
2015758
2016246
2017662
2017704
2018557
2021382
2022438
2025957
2029420
2030275
2030927
2031978
2033551
2033802
2035788
2036188
2037129
2039419
2040691
2041284
2041322
2043151
2044395
2047712
2047899
2048667
2049165
2054631
2054728
2055353
2056447
2057150
2057185
2057514
2057783
2058601
2060972
2062771
2064035
2064928
2065157
2065214
2066164
2066275
2066667
2069120
2069162
2069316
2070452
2072497
2074258
2075429
2077156
2078695
2078758
2079912
2080983
2081662
2085746
2087485
2088543
2089881
2090121
2090294
2090868
2091714
2092859
2094295
2095575
2096581
2096729
2096761
2097025
2098053
2098496
2098594
2098632
2098960
2099724
2100626
2100844
2100893
2100965
2101175
2101323
2103340
2103908
2107996
2108055
2108422
2108553
2109160
2111353
2112756
2112981
2113152
2115026
2116291
2116467
2117764
2118055
2118112
2118779
2118824
2118852
2119309
2119478
2119480
2121393
2121704
2123064
2123401
2123469
2124062
2126252
2126955
2127627
2128283
2128300
2130753
2131490
2132080
2134142
2134585
2135134
2135817
2137621
2137916
2139098
2139915
2140039
2140797
2142062
2143580
2143921
2145524
2145557
2146158
2147163
2147498
2149638
2149841
2151793
2151943
2152954
2153741
2155818
2157766
2158351
2158416
2158572
2158763
2159239
2161367
2161555
2161750
2167064
2167620
2167710
2167857
2168410
2168551
2168642
2170091
2170796
2170819
2172277
2172389
2172646
2172972
2173813
2174677
2175008
2176925
2177829
2178539
2179242
2180508
2185235
2185510
2185778
2186686
2186964
2189716
2190273
2190459
2191417
2194711
2194861
2194866
2195131
2198459
2198972
2199870
2200189
2202698
2202956
2203943
2204026
2207078
2208200
2209774
2211086
2216441
2217581
2217716
2217887
2218731
2219526
2220634
2221742
2222890
2223072
2223415
2223979
2224072
2224315
2225576
2228465
2229155
2230871
2234156
2234776
2236977
2237346
2238008
2239580
2240914
2243597
2245397
2245710
2248107
2250800
2252394
2255114
2255557
2256032
2259747
2260175
2261103
2264483
2265003
2265955
2266675
2266766
2268452
2268575
2268881
2270786
2272682
2273894
2274575
2275168
2278124
2279447
2279788
2280343
2280551
2280988
2282898
2285746
2285825
2286456
2287673
2293100
2294213
2294408
2294467
2295420
2296191
2296256
2296361
2296466
2296601
2296720
2297148
2297438
2298153
2298680
2298984
2299789
2304128
2304742
2306290
2307150
2307603
2310787
2310795
2314492
2314501
2314619
2315375
2315382
2315726
2315892
2317504
2320417
2322479
2324754
2325677
2327717
2327933
2328466
2329820
2330280
2330419
2333049
2335889
2338570
2340789
2341580
2344251
2344326
2346669
2347502
2348602
2352047
2353464
2354732
2355709
2355802
2358508
2360534
2361018
2361187
2362085
2363370
2363445
2363714
2363879
2364594
2367415
2367916
2368340
2368476
2369831
2371454
2374234
2376303
2377244
2377300
2378478
2380044
2381921
2382023
2382302
2382860
2385859
2386250
2386319
2386584
2387479
2388429
2391329
2391380
2392938
2394443
2395028
2396781
2397393
2398648
2399000
2399008
2399029
2399064
2400766
2401864
2402507
2405027
2405347
2405656
2405877
2406678
2407006
2407910
2410138
2412467
2412774
2414393
2414876
2415470
2417320
2418189
2419331
2420739
2420926
2423228
2423756
2424032
2425665
2426060
2426157
2426260
2426382
2429444
2429820
2430610
2430889
2431061
2433244
2433641
2434709
2436304
2436498
2436521
2437218
2437970
2438270
2438288
2438304
2438586
2438726
2439598
2443719
2446612
2447007
2447958
2449574
2449618
2449808
2449940
2450513
2450687
2451198
2451522
2451888
2452023
2452067
2453661
2456588
2456930
2458170
2459784
2460013
2460531
2461787
2462446
2463298
2466512
2469545
2471961
2473576
2475559
2475672
2475870
2476823
2477017
2477558
2477640
2479440
2480686
2480704
2481055
2483929
2484168
2484757
2486168
2488061
2489877
2490046
2490349
2491257
2491844
2493902
2494334
2496883
2497045
2497316
2498156
2498421
2498496
2499224
2500840
2502445
2502471
2503767
2503828
2504436
2504825
2504920
2505541
2505569
2506666
2507616
2507668
2507988
2508983
2510809
2511819
2512798
2514598
2514888
2515378
2515398
2515962
2516142
2517020
2518336
2518368
2520912
2521674
2523073
2524848
2524902
2524938
2525841
2526558
2527661
2530103
2531570
2534003
2537690
2539290
2541247
2541900
2543932
2543941
2544063
2544606
2544851
2546695
2549482
2549727
2550740
2551347
2552131
2552207
2552517
2552923
2553819
2556556
2556664
2556830
2559784
2560405
2563198
2566286
2566571
2566964
2567521
2568751
2569471
2570197
2570985
2571506
2571880
2573625
2573700
2573851
2574894
2575939
2576733
2578047
2578111
2579410
2580392
2581330
2582186
2582525
2585724
2586190
2586982
2587203
2587854
2587942
2588461
2588521
2588704
2589102
2590270
2590994
2591602
2593329
2594476
2594962
2596520
2597439
2598208
2599855
2599917
2601060
2601524
2601864
2602691
2603203
2605455
2605744
2607569
2608378
2609035
2612583
2614447
2614499
2614803
2616066
2618598
2619368
2622981
2623566
2624352
2625044
2625867
2625937
2626520
2626648
2629117
2631588
2633692
2634979
2635163
2636106
2636537
2637603
2639416
2642082
2642920
2644240
2645380
2645643
2646511
2646776
2647474
2648505
2651643
2652513
2652888
2654752
2655448
2655819
2656226
2657278
2657463
2658640
2659375
2660343
2662026
2663578
2664498
2665573
2665846
2667700
2667860
2668128
2669901
2669906
2670522
2671312
2671382
2672420
2674161
2674681
2675203
2677252
2677470
2679238
2679368
2680403
2680535
2681202
2682376
2683864
2684611
2685754
2686596
2687617
2688192
2689798
2690326
2692686
2693799
2694628
2696279
2696983
2698694
2702672
2703311
2704122
2704988
2705002
2706255
2707772
2709136
2709566
2710818
2710875
2712299
2712601
2713145
2716242
2716277
2718462
2718510
2718704
2718986
2720787
2722012
2722517
2724327
2724544
2724690
2728471
2729114
2730377
2732532
2732797
2733520
2734212
2734300
2735861
2736319
2737429
2737557
2738649
2738722
2738800
2739993
2740033
2741414
2742154
2743442
2744650
2745362
2746905
2747114
2747172
2749800
2753296
2753688
2754018
2754758
2756476
2756708
2756843
2757599
2758235
2758634
2758874
2761585
2761744
2762288
2762951
2764219
2765480
2765925
2766204
2769379
2770136
2770601
2771702
2771898
2773244
2773649
2774722
2774815
2775230
2777370
2778254
2782892
2784372
2787598
2788390
2789276
2789632
2791126
2792137
2793917
2794181
2797138
2797858
2797987
2802929
2803492
2804086
2804637
2806292
2806403
2806574
2806645
2807297
2808240
2808269
2808447
2808492
2810639
2810749
2812387
2813413
2814785
2815372
2815920
2816102
2817563
2820690
2820992
2821422
2824973
2824992
2827350
2827860
2828081
2828822
2828903
2829615
2830856
2830987
2831608
2832791
2834149
2834300
2834456
2834509
2835174
2835301
2835860
2836866
2837771
2840128
2840495
2842606
2845123
2849158
2849491
2851552
2851768
2853371
2853629
2854599
2858737
2859505
2860537
2861428
2863608
2863662
2865043
2866151
2866262
2866692
2867818
2867994
2868427
2868466
2869784
2872341
2872379
2874280
2875101
2875194
2875619
2876411
2876711
2876748
2876960
2877061
2877253
2877563
2878567
2878669
2879622
2879626
2880478
2883781
2884085
2884779
2885894
2887564
2888534
2888889
2889056
2891194
2891328
2893057
2893803
2897862
2898038
2898699
2900628
2901365
2902835
2903398
2904025
2904216
2904637
2906693
2907135
2908817
2909267
2909691
2909931
2912393
2913176
2914683
2915248
2915581
2915878
2917798
2921408
2924001
2925704
2925826
2928111
2928963
2929214
2930019
2930328
2930354
2930699
2932617
2932818
2933229
2934118
2938329
2940328
2943256
2944078
2944254
2945401
2946595
2948180
2948328
2948947
2949193
2949269
2950414
2950541
2951432
2955335
2956169
2958049
2958529
2958942
2959068
2959471
2959736
2959852
2960065
2960613
2961167
2961172
2961510
2961610
2961994
2963400
2963493
2963773
2964523
2965165
2965327
2965616
2965647
2967162
2968321
2969573
2973099
2974484
2975689
2975815
2975850
2977294
2978052
2978339
2978467
2978890
2979517
2979559
2980162
2980859
2980980
2981242
2981721
2981953
2984851
2989011
2989616
2989948
2993639
2994255
2994850
2995502
2995971
2996388
2996619
2996915
2998644
2998659
2999537
2999852
3000086
3002451
3002883
3003925
3005623
3005914
3007600
3007812
3009346
3009739
3010144
3010200
3010254
3010619
3010621
3011384
3011707
3013067
3014625
3015310
3016319
3018219
3020898
3021238
3022359
3024956
3025844
3027383
3030366
3031183
3031947
3032246
3034321
3035261
3036504
3040073
3040504
3040606
3041537
3042282
3043713
3044649
3045244
3046536
3046856
3047104
3048104
3049312
3049623
3051274
3052322
3052789
3053124
3053660
3053842
3054270
3054847
3054962
3056288
3056473
3057276
3058913
3059181
3059660
3060068
3062842
3062861
3063488
3064363
3065077
3068483
3068535
3069061
3069612
3071664
3073081
3073756
3074170
3074268
3074526
3075091
3076592
3079790
3080036
3080122
3080646
3082212
3084859
3089000
3090020
3093907
3094422
3095068
3096465
3096491
3098616
3099388
3101156
3101900
3103380
3103621
3105626
3106632
3107389
3107865
3108242
3108717
3109016
3110478
3110697
3110957
3111045
3113891
3115138
3117074
3118003
3119121
3122409
3122437
3122652
3123522
3124044
3124781
3124949
3125229
3125247
3125751
3128274
3130367
3131829
3132228
3136058
3139443
3140922
3142237
3144280
3145605
3146023
3146755
3146955
3148181
3148233
3149083
3152989
3154146
3154214
3155374
3156513
3157012
3159671
3160024
3161392
3162454
3164692
3165693
3165930
3166734
3168137
3169059
3169150
3170035
3170241
3171243
3172304
3172701
3172892
3173761
3175086
3175315
3175544
3175935
3176435
3176587
3177318
3177606
3178170
3178357
3178529
3179503
3179817
3179968
3181443
3181585
3182820
3183364
3185358
3185466
3185759
3186518
3187963
3188267
3188455
3188542
3190745
3191285
3192233
3193082
3194708
3195206
3195363
3196268
3196333
3196882
3198260
3199611
3202345
3205463
3207444
3207635
3208075
3211684
3213898
3214450
3216273
3216839
3217227
3217689
3217988
3220438
3220673
3221075
3221836
3222361
3222698
3223193
3224203
3224482
3224642
3225329
3225671
3226365
3226914
3229298
3231647
3232442
3232445
3233682
3234097
3234829
3234977
3235353
3238213
3238235
3241690
3243097
3243910
3243987
3244441
3246985
3247139
3248096
3248440
3248442
3249373
3249380
3249978
3251554
3251841
3254868
3255254
3256041
3256969
3258228
3261635
3262721
3266964
3268384
3269042
3269167
3269230
3271657
3273649
3274873
3275276
3275945
3276276
3276343
3277555
3277723
3278758
3279995
3281307
3281937
3282429
3283012
3283669
3284168
3285663
3288836
3289121
3289309
3289492
3289504
3290784
3290812
3290864
3291843
3292492
3293759
3295205
3297181
3298030
3302400
3304691
3304957
3306955
3307452
3308787
3310356
3311750
3313755
3314718
3315072
3317242
3317663
3317816
3319454
3320096
3322132
3322492
3324985
3325581
3331189
3333040
3334479
3335602
3337044
3337446
3338055
3338283
3338395
3340866
3340982
3341149
3341555
3342865
3344003
3344463
3345183
3346764
3349509
3352246
3353338
3357495
3358431
3359219
3359889
3363391
3364919
3364956
3366700
3367665
3367857
3368320
3368959
3370101
3371470
3371673
3373373
3373859
3374123
3374473
3375137
3375365
3376318
3376795
3376940
3377028
3377270
3377678
3378170
3380256
3380556
3381191
3381242
3382173
3382806
3384691
3384813
3385269
3385572
3386757
3387429
3387625
3388301
3388465
3388499
3388562
3389574
3390552
3392886
3395174
3395529
3399045
3401425
3402616
3402648
3402858
3405297
3405693
3405990
3406122
3406653
3408111
3408739
3409456
3410185
3413206
3415528
3415730
3415960
3416103
3416190
3417645
3418481
3418532
3418635
3419360
3421999
3422064
3422475
3422850
3423669
3424272
3425389
3425938
3426808
3427102
3428908
3429053
3429543
3430784
3432108
3435509
3435785
3437470
3438339
3440162
3441806
3441965
3445241
3445851
3448360
3448572
3449128
3449911
3450182
3450676
3450956
3451003
3452718
3453060
3455429
3455512
3455977
3456983
3458158
3458895
3459124
3459529
3459620
3460946
3462423
3463932
3465140
3466057
3467227
3469585
3469687
3471932
3472737
3474586
3475492
3475908
3476963
3477797
3478143
3478144
3478424
3481523
3484468
3484533
3485187
3485518
3485520
3486885
3487776
3492410
3492672
3497497
3499883
3501036
3502329
3504891
3512374
3514064
3514709
3516545
3516614
3516723
3517496
3518546
3518594
3519197
3519629
3520646
3521401
3521802
3525013
3525658
3527196
3528044
3529055
3530455
3531129
3531670
3531883
3532672
3533396
3534202
3535857
3536984
3537083
3539661
3542183
3543434
3544282
3544620
3545405
3546808
3546966
3547881
3549306
3549663
3549696
3549811
3553605
3553903
3555302
3555490
3556997
3557232
3558281
3558951
3560998
3561071
3561184
3561372
3562089
3562487
3562504
3562968
3564003
3564010
3565426
3567347
3567954
3570450
3571602
3571772
3575045
3577725
3581516
3581717
3582581
3584633
3584795
3585912
3586128
3586264
3586270
3587091
3587932
3590325
3590982
3592250
3595096
3595870
3597273
3597420
3598133
3598995
3600284
3601025
3601911
3602373
3603548
3604856
3605727
3605939
3608050
3608557
3610953
3611017
3611287
3612032
3612901
3613442
3613596
3614611
3617760
3618232
3619853
3623756
3626748
3627186
3627274
3628205
3628338
3629492
3630208
3630769
3632463
3632932
3633197
3634953
3635685
3636130
3636614
3636775
3636793
3637044
3637101
3637788
3638156
3638619
3638648
3639477
3644055
3644679
3644779
3645639
3645684
3646064
3647055
3648585
3649812
3650041
3650622
3652453
3652721
3652979
3653134
3653709
3654184
3656024
3656369
3658444
3659118
3659691
3661944
3663226
3663965
3665083
3665662
3666204
3666624
3666684
3667036
3669343
3669460
3670460
3670931
3673284
3673868
3676190
3677104
3677870
3680573
3680872
3682424
3682904
3683064
3683259
3683392
3684046
3686223
3688376
3690771
3690887
3692635
3693442
3693758
3693843
3694563
3694834
3694908
3695654
3696337
3696720
3698235
3698635
3700191
3701396
3702748
3703794
3703894
3705149
3705783
3706928
3708402
3708481
3709082
3712066
3714229
3714316
3715837
3715946
3716694
3718363
3719821
3720208
3721384
3722148
3722636
3723875
3725736
3728111
3728178
3731370
3734900
3735229
3736021
3738506
3738774
3739306
3739484
3742179
3746054
3748595
3748646
3749208
3750084
3751589
3751762
3752535
3752965
3754476
3754708
3755319
3757547
3759603
3761190
3763193
3763249
3763603
3764267
3767022
3769235
3769664
3770014
3770802
3771020
3772643
3773630
3773790
3774978
3774980
3775526
3776440
3776485
3776810
3777978
3778022
3779197
3780177
3780500
3783272
3783635
3783954
3786965
3788303
3789342
3789734
3790523
3790574
3794311
3795253
3796275
3797787
3799553
3799903
3800223
3800618
3802920
3803008
3803653
3803933
3804778
3805867
3807752
3808414
3808542
3809178
3812322
3812501
3813616
3815198
3815906
3815995
3816280
3816300
3816416
3817088
3817502
3818047
3820182
3821414
3827282
3830207
3831179
3832105
3832984
3834160
3834551
3836017
3837807
3837808
3838117
3838354
3838752
3840366
3841135
3841182
3841670
3842062
3842147
3842339
3844253
3844527
3844713
3846171
3846262
3846563
3846806
3846951
3847022
3847232
3849056
3849259
3851974
3852824
3852850
3853557
3853724
3854807
3857966
3858775
3859763
3860475
3860923
3861682
3862309
3863250
3864207
3865833
3866706
3868480
3868762
3869111
3870108
3870934
3871226
3873165
3875564
3875711
3877589
3878179
3878847
3879146
3879166
3880471
3884001
3884835
3884874
3885261
3885698
3885865
3886377
3886778
3889063
3889847
3890357
3890459
3891164
3891790
3892331
3894494
3895340
3896422
3896773
3899140
3899960
3900343
3901175
3901196
3901742
3902404
3903488
3904249
3905599
3907911
3908022
3908719
3908809
3910735
3911341
3911664
3911958
3911977
3912895
3913121
3913497
3914574
3920037
3921803
3922184
3922742
3922812
3923917
3924106
3925566
3927252
3927734
3928006
3928491
3928873
3929075
3933387
3933630
3936170
3936309
3940008
3940383
3941007
3942030
3942991
3943351
3943967
3944600
3945103
3948531
3948560
3948921
3951385
3951596
3952594
3953874
3957897
3959570
3959820
3960268
3963133
3964294
3965132
3965320
3966868
3967829
3968338
3968928
3971907
3973389
3973590
3975095
3975725
3976277
3976406
3977803
3982657
3983148
3983263
3983321
3983576
3984095
3984754
3984995
3985104
3985325
3988212
3988504
3988587
3989784
3990584
3990886
3991652
3993149
3997019
3997090
3997261
3997779
4000180
4001375
4001935
4005074
4005379
4005883
4006035
4006070
4007268
4007285
4008570
4009337
4009540
4009601
4009729
4009757
4010465
4011189
4011969
4017109
4017740
4017934
4018126
4019551
4019691
4020299
4020428
4020598
4021147
4021552
4021950
4024131
4024350
4025401
4025491
4027221
4027408
4027804
4027982
4029181
4030754
4031662
4031740
4032044
4032269
4032914
4033024
4033432
4034259
4034406
4035741
4036256
4038205
4040599
4041848
4042932
4044290
4044799
4045093
4045143
4045907
4046591
4046853
4047808
4048146
4048861
4049014
4049310
4049904
4050651
4051167
4051521
4052326
4053985
4054035
4054352
4055964
4057263
4058205
4058949
4060106
4062416
4064576
4064994
4066156
4066672
4066720
4067088
4067637
4069292
4070095
4071378
4071451
4072267
4072597
4073362
4073438
4073687
4073702
4075465
4077462
4078542
4079274
4079592
4081031
4081092
4081531
4082616
4082873
4084697
4084808
4087564
4088413
4088500
4089268
4090670
4091040
4093470
4093505
4093665
4097832
4098687
4098941
4100354
4101127
4102095
4104119
4104500
4105410
4105595
4106085
4107531
4108783
4109089
4109236
4110708
4111608
4112325
4112442
4113560
4115163
4116569
4117571
4118117
4118560
4119288
4119407
4121480
4121905
4124759
4124986
4125152
4126008
4127404
4127621
4129039
4129606
4130622
4131296
4132991
4136852
4137416
4137972
4138470
4138635
4142239
4143083
4144649
4144718
4145472
4146030
4146245
4147263
4148901
4149843
4150065
4151437
4151964
4152513
4153597
4157680
4158097
4158289
4160240
4160404
4161075
4162096
4162357
4163373
4163998
4164283
4164953
4165146
4166871
4171086
4172065
4173030
4175493
4178451
4180213
4182029
4182071
4182356
4182921
4187014
4187657
4188530
4188722
4191190
4191370
4191494
4192272
4192592
4192765
4194239
4194262
4194295
4194500
4194800
4197064
4200160
4200284
4200657
4203342
4203732
4204529
4205701
4205858
4206653
4207242
4207689
4208356
4208730
4209071
4209120
4209818
4210786
4211694
4213445
4213467
4213561
4214404
4217177
4217918
4218759
4218873
4222112
4224313
4225381
4226625
4227097
4227426
4228569
4233150
4234332
4235445
4235999
4236032
4236233
4236288
4237801
4238109
4240740
4240836
4241111
4241219
4241724
4243058
4243716
4244138
4250972
4252113
4252786
4255684
4256121
4256683
4256742
4258268
4258550
4259407
4261495
4261989
4264807
4267227
4267893
4268280
4269184
4270967
4271037
4271040
4272928
4272954
4273079
4273909
4274631
4275670
4276196
4276447
4277129
4278316
4278572
4278603
4279039
4280495
4281048
4281127
4281948
4282015
4282710
4284561
4288528
4288999
4290067
4291629
4291662
4291673
4292506
4293762
4294828
4295514
4296119
4297211
4297432
4297512
4297667
4297694
4299470
4301299
4301499
4301871
4305238
4305334
4305579
4306940
4307448
4307931
4311895
4313201
4313908
4315457
4316042
4316154
4316596
4316808
4317655
4319047
4319811
4320017
4320164
4320751
4323841
4324541
4324991
4325956
4327008
4327150
4327257
4327266
4328280
4332819
4334143
4335814
4336921
4337746
4338625
4340202
4341055
4343197
4343380
4344179
4344189
4344252
4346822
4347144
4347868
4350411
4350952
4351209
4354725
4355525
4356192
4356554
4357692
4358180
4360010
4360194
4360443
4363216
4363583
4363787
4363818
4364292
4364857
4364938
4368233
4369409
4369689
4370993
4371956
4372193
4372819
4375367
4375760
4376474
4378383
4378388
4380278
4380409
4381778
4383218
4384036
4384575
4384758
4386206
4386578
4387560
4388580
4389530
4390129
4391146
4392819
4394206
4394352
4394551
4394629
4395818
4396337
4397970
4399243
4401445
4402540
4402687
4403990
4404271
4404719
4404878
4407821
4409092
4409519
4411109
4411342
4411354
4413748
4413834
4415000
4415022
4419332
4421102
4423268
4424938
4425988
4426039
4427340
4428146
4429350
4429843
4430342
4432136
4432271
4433368
4434814
4436511
4440087
4440542
4441579
4443690
4444117
4444843
4445130
4446380
4447407
4447452
4448093
4448099
4448151
4451503
4454004
4454631
4455991
4456824
4457880
4460249
4460984
4462038
4463684
4464562
4466856
4467110
4468043
4468955
4469178
4470396
4471277
4473167
4474574
4478045
4478310
4478629
4480980
4481143
4481582
4483759
4485398
4486988
4487075
4487999
4489092
4489936
4490223
4490827
4491517
4492504
4494140
4495127
4495610
4496582
4497068
4498339
4500831
4501089
4503022
4504069
4505160
4506370
4506454
4506639
4508020
4508167
4508592
4508865
4509612
4510066
4510902
4512254
4516272
4516483
4517485
4518596
4520385
4521240
4523791
4524466
4524769
4525059
4525944
4526313
4526766
4529783
4529891
4529986
4530433
4531702
4532622
4532919
4533899
4535008
4536195
4536227
4538683
4538993
4542426
4543768
4546677
4547491
4547915
4547995
4549673
4551422
4551494
4553037
4553239
4556416
4556968
4558296
4560925
4560926
4562481
4562802
4563897
4564536
4565163
4566101
4567786
4569541
4570676
4570728
4571287
4572264
4572359
4572765
4573750
4576574
4576723
4577355
4578177
4579102
4579239
4580277
4580505
4582386
4583475
4584886
4585051
4586483
4587934
4588857
4589320
4589702
4590096
4590347
4591275
4591766
4592172
4593292
4594305
4597822
4598640
4599569
4601316
4601981
4603903
4604284
4604653
4606234
4606901
4608520
4608690
4609215
4609498
4611826
4611863
4612324
4613251
4613386
4615648
4616530
4618380
4618451
4618564
4619496
4620461
4620544
4622122
4624990
4626684
4627534
4628525
4628530
4629546
4631209
4632868
4635877
4635947
4636798
4639030
4639316
4639728
4639811
4639831
4643059
4643313
4643963
4644463
4644759
4646874
4648083
4649317
4651170
4654410
4655174
4655473
4656061
4656300
4656620
4656707
4657523
4658195
4658223
4659029
4659217
4660574
4661007
4662565
4663479
4665154
4666376
4668720
4669146
4669215
4671116
4671418
4671959
4672188
4672613
4676435
4678341
4679658
4684338
4684597
4684946
4687163
4688001
4688516
4690224
4693544
4694049
4694544
4696282
4696291
4698527
4698961
4699616
4699982
4701346
4704531
4705351
4705793
4705839
4707837
4707953
4708282
4708570
4710894
4711756
4713388
4716073
4716257
4716450
4717924
4721968
4722652
4723375
4723964
4724231
4725939
4727626
4732211
4733608
4733694
4735198
4736246
4736424
4737300
4738436
4738467
4738803
4739469
4739688
4740069
4740513
4741671
4742978
4743166
4743356
4743405
4744563
4745075
4745284
4745586
4747192
4747346
4747460
4749491
4750319
4750899
4751498
4751566
4752134
4753052
4753785
4754125
4754903
4755476
4756100
4756309
4757504
4757511
4758272
4759224
4759347
4759654
4762793
4764702
4765855
4766755
4767904
4768635
4769002
4769955
4770137
4770457
4770629
4771763
4772986
4773221
4774482
4776705
4777278
4778591
4780449
4780677
4780818
4781307
4782571
4784492
4784858
4785427
4785585
4786196
4786716
4786809
4786955
4787218
4788239
4788364
4788471
4788811
4788970
4789590
4790501
4791958
4792311
4793502
4793688
4793812
4794161
4796749
4798781
4799194
4799321
4800625
4801323
4801402
4801579
4802502
4802733
4804109
4806898
4807028
4807739
4810451
4810497
4811911
4813565
4814672
4814996
4815772
4817463
4817687
4819460
4821919
4822596
4823129
4825538
4826723
4826833
4828262
4830383
4833026
4833839
4834176
4835000
4835179
4837891
4840830
4840951
4842922
4843539
4843591
4845073
4847888
4848208
4848956
4849508
4853120
4853300
4854748
4855614
4856730
4858206
4858533
4858542
4858658
4858942
4861155
4861245
4862409
4863329
4863730
4864562
4865434
4866745
4867095
4867777
4868006
4868331
4869723
4870226
4871378
4871561
4871737
4873021
4873643
4874563
4875791
4875927
4877009
4877296
4878484
4878638
4879933
4880286
4883016
4884629
4884925
4885683
4885784
4886578
4886679
4887934
4888020
4889157
4889244
4890018
4891078
4891612
4892747
4896311
4897926
4899173
4901073
4901422
4901502
4901924
4902005
4903320
4903915
4904292
4904592
4904980
4906611
4907586
4909432
4910527
4910809
4912941
4915024
4916516
4916869
4917327
4917986
4918339
4918502
4919661
4920838
4921296
4921837
4922540
4923076
4923112
4924104
4924338
4924405
4924918
4926443
4927497
4928760
4933049
4933185
4933280
4934689
4936320
4936958
4938800
4939144
4943528
4944673
4944929
4945100
4946600
4948427
4950098
4950476
4950895
4952438
4953193
4953507
4955332
4956704
4958554
4958894
4959827
4962999
4963742
4963967
4964764
4965182
4966475
4970684
4971421
4971860
4973303
4974607
4975417
4977264
4977998
4977999
4978029
4979276
4979317
4979318
4980702
4982604
4983435
4984353
4984961
4989237
4990132
4990384
4990744
4991561
4992214
4993714
4994863
4996635
4996933
4998589
4998934
4999598
5001264
5002241
5004534
5006072
5006259
5006386
5007201
5009543
5011737
5011957
5012129
5012965
5013168
5015836
5018336
5021136
5022444
5023125
5023375
5024075
5024182
5024197
5024264
5026165
5027376
5027790
5028823
5030332
5030424
5030516
5031561
5032059
5032985
5033205
5035422
5037608
5040301
5042095
5043061
5043484
5044152
5044728
5046984
5047009
5047235
5047422
5049068
5049338
5050079
5050564
5054448
5054672
5058437
5058627
5058748
5059464
5060405
5061006
5061029
5061604
5061642
5061722
5063053
5065257
5065998
5066474
5066700
5066857
5068067
5068620
5068638
5069178
5070588
5071094
5072096
5074572
5074873
5076966
5077690
5080514
5081526
5084093
5084324
5086062
5086064
5086399
5087409
5087587
5087719
5088012
5088866
5088923
5089534
5090171
5090183
5090453
5091402
5092316
5093241
5093320
5093361
5093710
5093873
5095684
5095831
5098086
5099794
5100627
5101951
5101964
5102001
5102317
5102409
5105988
5107896
5108258
5109243
5109329
5110010
5112012
5114526
5115992
5117039
5117326
5117695
5119473
5120004
5121211
5123001
5124262
5126244
5126909
5128023
5128844
5129153
5131508
5131936
5132132
5132844
5132854
5132914
5133234
5133970
5135007
5135083
5136225
5137525
5139704
5139780
5141464
5143295
5143979
5145355
5145738
5145811
5145881
5147606
5147715
5148062
5149353
5151874
5152006
5154601
5156145
5159880
5160125
5160143
5161932
5162440
5164571
5164701
5166178
5166456
5166943
5168982
5170356
5170662
5173642
5173863
5178184
5178553
5178784
5180823
5181084
5182235
5183209
5183931
5184940
5185734
5187708
5187749
5187854
5188904
5190321
5193037
5193464
5193979
5196060
5199088
5200212
5200728
5200938
5201710
5202263
5202476
5203084
5203585
5203766
5204957
5207467
5207666
5207733
5211673
5213932
5214068
5214259
5215622
5215957
5217392
5217588
5217631
5217864
5220099
5220899
5221440
5222716
5222723
5222726
5224889
5226232
5228944
5231391
5231704
5232751
5233293
5237056
5237074
5237549
5238335
5242015
5242269
5242713
5242847
5243978
5245403
5245572
5249911
5251227
5251607
5257648
5260177
5263296
5264543
5264757
5264944
5265262
5267416
5268874
5270801
5271790
5274283
5274349
5274673
5278422
5278578
5279518
5279785
5281634
5283515
5284105
5284224
5285128
5287977
5289177
5289736
5290604
5291006
5293316
5293529
5293854
5294817
5295904
5296535
5297526
5297699
5298462
5299410
5299909
5300416
5300683
5300915
5303299
5303844
5305616
5306522
5307395
5307788
5309102
5310099
5310612
5311035
5311205
5312485
5313164
5313940
5315082
5315772
5317251
5317410
5317663
5318661
5320519
5320584
5322587
5322637
5323916
5324850
5325459
5326377
5331097
5333754
5333765
5335897
5336876
5340099
5340203
5340857
5341617
5343041
5343642
5344461
5345709
5346745
5346920
5346943
5348628
5349377
5350405
5350852
5351366
5352473
5354590
5356221
5356514
5357591
5360025
5360792
5361619
5362232
5364340
5364417
5364604
5365669
5366162
5373278
5375137
5375779
5376234
5376650
5377687
5378859
5380582
5380946
5380983
5381344
5381470
5382462
5382822
5386575
5388998
5389001
5389535
5389718
5389959
5389982
5390120
5391608
5392715
5394598
5396473
5397172
5401376
5401803
5402873
5402917
5405073
5405958
5407464
5407995
5408523
5408564
5411461
5413222
5413380
5413997
5416902
5417018
5419706
5420915
5421743
5422545
5422737
5422875
5423429
5424581
5426982
5427536
5427728
5428416
5430103
5430655
5431594
5433178
5435206
5435320
5435340
5435807
5436626
5437832
5439278
5441753
5442469
5445501
5445527
5445781
5446394
5446922
5449112
5449236
5452792
5454185
5454939
5455568
5455667
5455902
5456364
5456776
5457168
5457900
5458504
5459425
5460134
5460174
5462483
5463252
5467812
5467974
5469159
5469946
5472563
5472711
5473696
5473856
5475753
5477250
5477476
5477762
5482989
5484979
5485243
5485780
5486231
5486651
5488611
5491572
5491748
5492480
5492686
5493024
5498106
5498912
5498969
5500167
5502004
5502094
5503802
5503871
5507881
5507918
5510233
5511562
5511588
5511793
5511813
5511993
5512674
5513315
5513670
5514546
5515038
5515962
5516680
5519048
5520523
5523470
5527951
5532011
5532102
5532386
5532802
5533045
5533469
5533658
5534368
5537342
5537906
5538308
5538802
5539936
5540410
5540962
5541165
5541524
5542557
5545728
5545877
5550883
5551857
5552745
5554492
5554805
5556171
5557857
5558282
5559373
5560520
5561055
5562379
5562603
5562789
5564352
5564445
5565792
5566632
5570830
5570861
5571525
5571958
5573248
5574377
5574428
5574776
5575722
5577491
5578108
5578279
5579309
5579924
5582949
5583069
5584822
5586324
5586441
5586795
5589006
5589349
5590272
5590703
5590712
5590731
5591698
5592276
5593387
5593450
5593992
5598122
5599274
5599691
5600560
5601713
5603723
5604352
5604808
5604925
5606741
5607748
5608348
5608529
5608634
5608868
5608931
5610995
5611337
5612069
5612723
5614788
5615999
5616561
5618370
5620156
5620233
5621040
5621587
5621951
5622513
5622926
5626946
5627377
5628719
5629531
5630462
5632289
5633133
5633186
5633699
5633809
5635624
5637176
5637707
5638021
5639580
5642196
5643725
5643891
5645102
5647935
5650870
5652281
5654817
5655471
5656262
5656311
5657487
5658056
5658838
5659422
5660238
5660408
5660714
5661626
5661945
5662036
5662720
5663760
5664092
5664613
5668788
5669429
5671167
5672928
5673857
5674110
5674596
5675186
5675623
5676614
5678500
5678749
5680041
5680824
5681291
5681643
5682023
5682298
5683257
5684488
5684560
5684776
5685129
5686401
5687344
5687828
5689759
5690050
5691046
5692052
5692975
5693719
5694591
5694898
5695469
5696159
5696988
5697833
5698212
5699190
5699391
5699436
5699889
5700744
5700797
5702525
5703338
5704095
5704579
5707404
5709173
5710298
5713808
5715837
5715994
5716348
5716515
5718229
5718825
5719985
5720207
5720441
5722509
5723355
5723811
5723893
5724045
5724435
5725063
5726108
5726680
5726795
5726879
5727207
5729470
5737444
5738712
5740341
5740422
5740467
5741063
5741478
5741762
5742615
5742868
5744405
5744537
5746003
5746315
5748383
5750689
5751907
5752334
5752421
5753510
5754522
5755557
5755894
5755976
5757291
5757482
5759080
5759708
5760452
5760622
5763190
5765111
5765582
5766201
5766258
5766696
5767112
5770949
5771215
5771359
5772019
5772951
5773196
5773625
5776936
5777587
5778094
5779871
5782034
5783625
5784255
5785992
5786377
5787882
5788537
5789956
5791026
5793022
5793196
5795759
5795995
5798316
5798633
5799341
5801280
5801946
5802061
5802235
5802543
5803164
5805869
5807685
5808278
5809435
5810674
5812111
5812610
5814358
5815439
5815565
5816033
5816754
5816884
5816979
5817542
5819793
5819817
5820460
5822592
5823103
5823136
5823763
5824125
5825616
5826928
5827147
5828825
5829094
5829377
5830095
5830494
5832592
5833543
5833563
5834410
5834670
5834794
5835661
5835749
5836616
5836864
5841326
5842317
5845235
5846167
5848397
5850127
5851004
5851529
5854228
5854244
5854246
5857113
5857207
5857850
5859084
5860518
5861041
5861311
5861904
5862257
5864674
5865335
5865492
5866710
5868345
5869451
5869626
5870089
5870311
5877020
5877495
5877506
5878953
5879097
5880068
5880191
5881939
5883566
5884028
5885026
5885039
5885408
5887009
5887484
5888976
5892882
5895872
5896361
5896880
5898370
5899612
5900096
5900800
5901427
5901616
5901899
5902577
5903102
5903390
5904544
5906346
5908220
5909414
5910393
5910760
5911995
5912936
5912975
5916787
5917600
5919033
5919619
5920464
5920712
5921364
5923385
5925820
5926411
5926752
5926941
5927769
5927960
5928643
5930080
5930498
5931393
5931703
5931946
5935151
5936289
5939040
5939474
5939886
5940527
5940807
5941888
5942947
5944898
5944948
5945624
5946192
5947513
5949352
5950443
5954593
5958301
5959483
5959783
5959963
5960970
5961029
5961481
5961592
5962933
5963059
5963658
5964405
5964736
5965596
5965915
5968561
5968976
5969268
5971614
5972148
5972738
5974622
5975371
5975588
5975681
5976546
5976762
5978391
5978675
5979256
5979321
5979377
5979422
5980655
5980719
5981016
5981423
5981788
5982638
5983286
5983967
5984170
5985724
5987557
5988518
5988643
5988651
5988775
5989010
5989558
5991058
5992390
5994053
5994223
5995354
5996789
5996928
6001393
6007475
6008322
6009381
6009735
6010075
6010665
6012364
6013433
6015407
6017662
6018497
6019748
6021567
6022268
6022988
6024110
6024887
6025231
6026827
6027085
6027382
6028897
6029591
6030427
6032126
6032682
6033120
6033964
6034319
6034904
6037886
6038868
6041503
6043365
6044455
6044812
6045743
6046577
6047118
6047437
6049186
6050158
6052448
6052739
6052922
6054229
6054406
6055044
6055669
6056791
6062039
6064211
6065775
6066622
6067316
6068596
6069862
6069908
6070734
6071119
6071413
6071631
6072243
6072292
6072511
6073449
6074691
6075419
6075939
6078952
6081527
6082450
6085404
6085445
6085526
6086464
6086572
6087076
6087542
6087787
6090203
6090274
6090622
6092295
6092705
6092819
6094603
6096345
6096785
6097551
6099074
6099580
6103461
6105976
6112713
6113330
6113428
6113970
6114338
6115495
6115914
6115972
6116247
6118374
6121292
6121536
6123391
6123441
6123876
6125409
6127220
6129479
6133747
6133831
6134162
6135245
6135335
6136476
6136695
6137254
6137265
6139881
6140947
6141175
6144181
6144496
6144540
6145056
6145310
6145381
6145495
6145540
6145610
6146363
6146535
6147247
6149486
6149957
6150294
6150885
6151951
6152609
6152879
6153005
6153416
6155438
6159244
6159809
6160062
6160426
6161337
6161418
6161652
6162615
6162907
6165249
6167270
6168030
6169131
6169508
6170122
6170306
6175735
6176213
6176688
6177141
6177485
6177561
6177675
6178382
6179512
6179576
6180026
6180401
6180469
6180546
6181230
6185135
6185913
6186371
6186444
6187753
6187984
6189243
6190946
6191312
6192131
6194598
6194684
6195922
6197708
6198550
6198606
6198791
6199734
6200715
6200887
6203382
6204149
6204623
6207099
6207323
6209110
6210857
6212074
6213294
6214086
6215768
6217410
6217913
6220324
6220413
6221838
6222439
6223369
6223459
6223948
6224154
6225051
6225710
6225984
6226944
6228034
6228536
6229062
6229225
6229667
6229955
6230629
6231764
6231883
6233892
6234874
6234875
6235173
6235187
6235481
6237193
6237536
6237588
6237626
6237641
6243400
6243685
6244208
6244345
6244668
6246957
6248512
6250152
6250854
6251154
6251403
6252124
6252364
6253297
6253461
6253907
6254564
6254692
6255993
6256907
6257558
6258451
6258456
6260011
6261506
6261699
6263583
6263748
6264681
6265561
6265883
6266717
6266732
6266990
6268216
6271477
6272935
6274152
6275450
6276008
6276437
6277595
6277751
6277962
6279082
6279796
6280084
6280531
6280996
6281753
6282435
6283037
6284225
6284575
6285734
6285875
6286122
6289010
6290235
6294193
6294632
6296192
6296555
6297754
6300772
6301086
6302644
6304115
6306253
6309496
6309645
6310216
6310499
6311597
6313925
6316611
6318123
6318412
6319201
6320093
6325480
6328290
6328581
6330370
6331476
6333355
6334123
6334229
6335416
6336936
6337705
6338724
6340986
6341085
6341480
6341933
6342933
6342973
6344244
6345190
6348496
6350474
6350823
6352794
6354135
6354834
6357889
6361129
6361960
6362308
6363481
6363864
6364369
6366687
6367096
6367423
6367609
6367948
6368460
6369184
6369750
6371306
6372456
6373217
6373680
6374285
6375935
6378169
6380878
6381161
6381442
6382565
6382574
6384220
6387766
6388212
6388681
6389971
6390601
6391447
6392272
6392559
6393195
6394444
6395352
6395582
6395846
6396798
6396870
6397774
6398604
6398612
6399804
6401344
6402322
6403436
6404674
6405128
6405286
6405359
6405389
6405394
6406220
6406988
6408834
6411413
6413142
6413456
6415148
6418034
6420107
6420394
6422089
6425525
6425589
6425730
6426014
6426702
6427270
6428551
6429676
6429679
6430790
6430876
6431043
6431248
6433301
6436762
6437979
6438284
6441083
6441455
6441831
6445061
6446100
6446373
6446865
6446906
6447260
6447585
6449227
6450366
6452449
6453049
6453890
6453993
6454246
6454666
6457993
6458310
6459703
6461618
6463081
6463960
6464232
6465383
6466616
6467822
6467951
6470833
6471739
6472575
6473038
6475123
6475256
6478367
6479871
6481249
6481565
6482543
6483248
6484620
6484727
6489822
6491148
6492096
6493136
6493670
6496231
6496372
6497025
6497823
6499242
6500418
6500989
6502375
6503817
6504128
6504738
6506884
6507966
6508686
6509013
6511369
6512466
6513803
6515695
6516306
6517253
6517345
6520738
6521470
6522725
6524546
6524620
6524780
6525429
6525921
6526688
6527154
6527819
6530358
6531259
6531950
6532137
6532387
6532778
6533539
6534113
6535629
6536608
6536611
6537479
6539632
6539920
6540523
6541189
6541330
6541628
6543790
6544156
6544583
6545925
6547158
6547430
6547515
6547719
6547951
6550030
6550760
6552415
6555101
6555818
6556357
6556384
6557421
6557500
6558509
6559589
6561075
6561605
6561831
6562018
6564127
6564214
6564587
6565526
6568935
6569111
6569566
6571195
6573820
6576857
6578169
6579707
6579893
6580434
6581108
6581264
6581809
6582768
6584910
6588449
6589543
6590251
6591306
6591337
6591668
6592503
6592976
6593355
6593627
6594091
6594200
6594869
6595495
6596117
6597366
6598987
6599947
6600461
6601729
6601855
6602558
6602801
6603239
6607294
6607583
6608753
6614604
6614800
6615930
6616077
6616087
6616122
6616202
6618998
6620221
6620342
6622031
6622738
6626600
6626812
6627148
6631860
6634366
6638275
6638573
6639962
6640372
6640562
6641005
6643305
6643729
6645415
6646659
6647439
6648177
6649544
6651002
6652576
6653463
6655099
6655520
6655796
6659742
6660972
6661158
6662118
6662221
6662642
6665111
6665827
6667524
6667632
6668824
6669996
6672105
6674538
6675128
6676190
6676671
6682097
6683699
6686051
6686300
6686725
6687241
6688230
6688485
6689007
6689219
6689225
6690670
6691014
6692346
6694026
6695662
6695836
6696478
6696498
6696561
6697140
6697331
6697959
6701052
6701686
6701854
6702528
6703220
6703550
6704816
6704879
6704916
6705005
6705663
6708562
6708671
6708823
6708899
6709478
6709744
6710651
6711076
6712288
6712549
6713053
6714071
6714147
6714643
6716061
6716066
6717025
6718107
6719936
6720155
6723315
6723913
6724744
6725419
6725566
6726405
6727501
6731383
6732019
6732264
6732819
6734698
6735267
6735857
6736418
6738401
6742847
6743383
6745140
6745389
6746982
6748210
6749104
6750275
6750481
6751056
6751816
6752389
6753172
6753186
6754380
6754737
6755532
6757954
6758559
6759684
6761899
6761915
6762800
6765448
6766710
6766971
6767024
6768880
6770456
6770837
6770932
6771994
6773579
6774501
6774741
6775509
6775764
6775765
6776002
6777662
6780212
6781629
6781735
6782199
6783352
6783733
6785008
6785746
6787456
6790654
6791047
6791798
6792116
6794057
6794390
6795160
6795617
6795673
6795822
6796775
6799061
6802734
6803459
6804048
6804049
6807512
6807608
6808453
6810065
6811012
6811257
6811602
6812545
6814677
6815804
6818411
6819452
6821115
6821488
6823092
6823692
6825181
6826685
6827377
6828928
6830563
6831821
6832087
6832944
6833153
6833425
6833619
6835156
6836222
6836438
6837043
6837258
6837485
6838217
6838829
6839403
6841381
6841863
6842397
6842848
6842900
6843273
6847207
6849309
6850248
6850493
6852874
6853602
6853634
6854427
6854611
6858791
6863311
6863735
6864882
6867200
6868868
6870156
6871298
6871602
6871676
6873976
6874697
6875100
6875594
6876657
6877353
6877463
6879136
6880400
6880922
6882075
6882967
6884344
6884353
6885697
6886119
6886208
6886554
6888580
6888937
6889188
6890013
6891507
6891671
6891933
6892314
6892898
6893643
6894105
6897620
6900533
6900743
6901909
6902077
6903547
6903658
6903712
6905193
6905262
6905328
6905692
6906357
6906530
6907027
6908048
6908522
6908767
6913445
6914012
6914940
6916278
6916915
6917203
6917533
6917919
6921020
6922809
6923008
6924807
6925477
6925506
6925994
6926926
6928705
6929014
6929678
6930580
6932562
6933329
6934619
6935053
6935936
6936053
6936362
6936508
6936710
6937061
6939178
6941735
6941902
6944050
6944793
6944966
6946984
6948205
6949427
6949937
6950457
6951191
6951572
6952845
6953664
6954758
6956127
6956249
6956408
6957404
6958476
6959529
6961111
6961228
6961598
6962605
6963992
6965401
6965618
6970580
6973217
6973970
6974658
6974711
6974839
6975977
6976231
6976882
6977571
6977740
6978347
6980263
6980288
6980950
6980969
6981024
6981622
6982307
6982557
6988233
6988257
6989218
6989453
6989481
6990776
6991842
6994861
6995233
6996202
6997418
6997512
6998046
6999113
7000482
7000535
7001772
7004669
7006297
7006758
7007701
7008775
7009395
7011386
7011859
7012714
7013907
7014375
7016122
7017156
7019416
7020859
7021132
7022007
7023992
7024495
7025017
7026174
7026375
7026585
7026667
7027097
7028028
7028117
7028700
7029053
7031174
7032889
7033975
7034032
7034811
7035144
7035255
7036560
7037300
7038202
7039451
7039626
7040322
7041212
7041877
7042419
7042606
7044152
7044365
7046254
7046568
7047606
7047925
7049937
7050287
7052674
7053115
7053208
7054284
7057116
7057372
7058764
7059637
7062497
7064409
7065192
7066218
7068336
7069150
7069212
7070341
7071913
7073824
7074005
7074952
7076617
7080218
7080234
7081016
7082466
7082507
7084869
7086267
7087225
7087828
7089361
7089856
7089910
7091179
7094199
7094214
7094225
7095359
7095404
7095661
7095785
7095842
7095987
7097566
7099389
7099452
7099613
7099933
7102992
7103004
7103809
7105364
7106671
7106733
7107766
7107937
7108464
7109856
7110643
7111029
7111809
7112588
7113313
7113665
7114856
7116320
7116890
7117479
7117542
7119725
7119752
7120510
7121868
7122134
7123855
7124153
7124321
7124714
7125635
7127656
7129007
7130089
7130642
7131910
7133142
7133548
7133938
7134459
7134589
7137508
7138054
7142262
7142534
7144071
7146565
7149163
7149875
7153831
7155689
7156196
7156370
7156526
7157559
7157895
7158111
7158426
7158498
7159604
7160339
7161468
7161470
7161594
7162134
7162674
7162689
7162693
7163288
7164509
7165576
7167654
7171268
7171596
7174699
7174737
7176037
7176159
7176381
7176460
7177899
7178953
7182836
7183632
7183880
7184948
7185532
7187932
7188805
7191146
7191411
7192045
7192885
7193660
7194029
7195065
7195635
7196101
7200618
7201327
7202940
7204511
7204526
7206387
7207825
7208226
7208406
7208953
7211848
7212021
7213181
7213925
7214307
7215250
7217205
7217265
7217682
7220841
7220905
7222765
7225540
7227021
7227600
7229387
7229447
7231875
7233949
7234087
7234968
7236305
7237611
7237674
7237996
7240353
7241434
7241784
7244369
7246002
7246449
7247230
7248865
7249224
7249544
7251854
7252096
7252331
7253820
7254094
7254343
7255292
7255305
7258768
7260187
7261628
7262501
7263576
7263978
7266232
7267929
7268692
7269681
7269792
7270628
7274128
7274395
7274750
7279610
7279763
7280172
7280883
7281206
7281501
7281537
7284699
7285150
7286068
7287527
7287739
7288573
7291897
7293248
7295277
7295632
7296020
7296137
7298637
7298863
7298967
7301547
7309521
7310875
7311194
7312382
7312682
7314759
7315116
7317524
7317907
7318459
7318478
7318980
7321923
7322196
7322493
7323606
7323612
7324322
7324361
7324744
7324973
7326119
7326628
7327040
7327200
7327504
7328121
7328693
7332199
7332914
7334334
7336826
7337098
7337190
7337611
7337667
7339226
7340861
7342805
7343146
7343667
7344449
7344706
7345022
7345902
7346524
7349086
7350839
7350916
7351125
7351156
7352903
7354494
7358072
7359402
7365026
7366003
7366011
7366827
7367463
7367873
7368338
7369551
7370379
7373050
7373609
7375842
7375850
7378333
7378509
7380125
7381793
7384079
7386648
7389382
7389789
7390842
7391220
7391396
7392976
7393308
7393756
7394775
7395622
7398954
7399441
7401829
7402342
7404425
7404477
7406529
7407627
7407647
7408717
7410793
7411024
7411404
7413813
7414590
7416186
7416358
7416973
7417320
7417430
7418592
7419726
7420584
7421298
7422046
7424256
7427871
7428546
7428790
7429043
7429287
7432716
7434727
7437314
7437327
7441668
7442173
7443971
7444156
7444483
7445001
7446446
7447236
7447553
7448241
7449080
7449519
7450705
7455885
7456223
7457050
7457166
7458184
7459251
7460272
7461096
7461368
7463502
7463524
7463794
7464632
7464858
7467047
7468578
7468760
7469232
7469571
7470165
7470965
7471457
7473067
7473635
7474333
7476092
7476735
7476975
7477763
7477771
7479498
7480867
7481988
7484113
7484775
7485001
7486767
7491816
7493958
7494361
7494623
7494711
7495392
7497272
7497476
7498279
7499043
7499706
7500446
7500892
7501380
7501477
7502231
7502637
7503346
7504320
7505557
7505636
7507501
7507528
7512482
7514256
7517297
7517619
7517701
7517829
7518361
7523015
7525144
7525436
7525832
7526819
7527619
7527670
7530686
7534958
7538909
7540351
7540426
7543349
7544219
7544234
7548943
7549957
7550180
7550366
7550875
7555508
7556433
7557163
7559828
7561014
7561739
7563094
7563172
7563954
7565572
7568316
7569958
7570219
7571041
7571088
7574741
7575005
7575390
7576277
7576784
7577747
7577783
7578589
7579492
7579530
7579655
7580440
7581408
7583583
7585849
7586504
7586629
7586941
7587556
7588472
7589838
7590019
7590221
7590861
7590939
7591090
7591327
7592640
7595026
7595329
7595853
7597133
7598125
7599037
7601533
7602254
7602699
7602813
7603044
7604787
7605134
7609123
7609267
7611116
7612206
7613222
7613444
7613869
7614186
7614481
7614776
7616085
7616468
7616513
7617483
7618328
7618709
7619520
7620886
7620956
7620964
7621048
7622727
7622980
7623955
7625389
7625848
7626434
7628794
7629395
7633402
7634195
7634851
7635875
7636406
7636615
7637037
7637250
7638398
7639045
7639385
7639838
7640838
7642513
7642703
7643115
7645011
7645273
7645566
7645677
7645974
7647228
7647461
7648771
7649261
7649438
7649669
7650858
7651624
7651963
7653641
7653740
7654108
7655042
7655412
7655472
7656156
7657099
7657525
7657844
7657920
7658341
7660329
7662279
7663380
7664093
7665843
7666661
7666981
7667436
7668678
7670472
7671278
7675817
7676393
7676443
7677241
7680424
7680526
7682646
7686802
7688018
7688660
7689067
7690883
7691119
7691352
7691497
7692272
7694131
7694326
7695825
7697361
7697414
7698406
7699186
7699506
7700486
7701223
7701275
7702404
7702522
7703092
7703906
7705443
7706012
7706061
7708063
7708255
7708652
7708889
7709560
7709912
7710492
7711841
7712037
7712312
7713376
7714288
7715254
7717106
7717865
7719129
7719799
7720265
7721163
7721615
7722267
7725793
7725995
7726607
7726899
7727402
7730322
7730343
7731723
7732069
7732482
7734226
7736933
7738652
7740249
7740962
7741244
7741448
7742204
7742422
7742886
7743439
7745364
7747425
7748256
7748645
7749499
7749773
7750633
7752068
7752073
7753757
7754161
7755045
7755540
7757143
7758836
7759013
7761253
7761404
7763164
7763213
7765727
7765922
7767593
7767805
7769587
7769674
7771447
7772122
7774704
7775203
7776012
7776823
7777551
7778176
7779106
7779738
7782691
7785690
7786566
7787048
7789620
7789666
7790546
7793291
7795918
7796163
7797807
7798692
7802081
7802888
7803616
7803755
7806214
7807227
7808184
7809544
7810167
7810216
7810504
7811264
7811713
7812511
7814068
7815112
7815135
7815746
7816069
7817164
7817564
7817620
7817745
7819117
7819723
7820916
7822233
7822394
7825658
7826312
7826616
7826651
7827439
7828109
7828302
7830026
7831379
7831961
7832017
7833554
7838777
7838989
7839202
7840079
7840165
7840200
7840931
7844629
7845075
7846387
7846580
7848325
7849707
7850401
7851268
7851588
7851767
7851823
7853924
7854430
7855455
7857153
7859017
7860035
7861522
7862436
7863949
7864304
7865768
7867334
7867829
7868962
7870773
7871845
7871848
7872492
7872525
7875961
7878368
7878867
7879094
7879699
7879819
7880758
7881694
7881843
7881852
7882509
7885146
7885823
7887007
7889069
7889871
7891323
7891857
7892275
7892558
7893165
7894844
7896078
7896321
7899465
7901245
7901339
7901818
7902597
7903075
7904060
7905257
7907495
7908388
7908616
7911040
7912963
7914379
7914518
7914777
7915028
7915427
7915935
7916428
7916754
7916941
7917716
7917996
7919023
7920096
7920695
7921480
7922727
7924268
7925469
7925613
7926159
7927406
7927838
7928214
7928806
7929428
7929591
7931857
7932549
7932587
7932659
7932721
7932810
7933427
7937459
7939325
7939608
7939618
7939910
7940912
7942254
7942378
7943178
7943245
7943278
7944528
7945264
7948471
7951086
7951422
7953280
7955219
7955669
7957589
7959540
7960094
7960963
7961101
7963328
7963717
7964297
7965380
7965533
7968882
7971543
7972170
7973484
7973993
7974362
7975131
7975497
7980714
7981258
7984346
7984882
7985248
7986265
7988711
7989126
7989578
7989801
7990393
7990452
7991248
7992194
7992361
7993007
7993753
7994248
7994755
7995378
7995751
7998998
8000071
8000194
8001581
8001837
8003789
8003831
8004703
8005361
8005506
8005678
8006350
8006631
8008552
8008854
8010373
8011499
8011588
8011721
8013895
8014020
8015059
8015254
8017051
8017537
8018622
8019572
8019712
8020794
8021380
8022934
8026793
8027339
8027963
8027971
8028761
8030709
8030828
8032830
8033001
8033085
8033553
8036190
8036424
8038857
8040679
8041357
8042363
8043036
8044754
8044845
8045148
8045287
8046532
8048518
8049061
8051635
8051834
8052851
8053366
8054165
8054775
8055569
8056233
8056742
8056747
8056799
8056849
8057925
8060065
8061260
8061552
8064128
8065420
8065897
8066996
8069830
8070476
8070650
8076472
8077849
8078568
8078854
8080261
8082476
8083735
8084014
8084204
8084565
8086368
8087040
8087940
8088941
8088983
8089281
8089687
8089912
8090259
8091916
8092177
8092201
8093189
8093389
8094293
8094503
8095795
8098593
8098803
8099376
8101068
8101303
8101767
8104407
8105674
8105977
8106997
8107871
8108840
8110975
8112689
8113113
8113134
8114478
8120005
8120119
8120453
8120628
8121026
8121220
8122384
8124064
8126009
8126424
8127466
8128515
8129217
8130919
8131075
8132755
8136852
8139198
8139308
8140462
8140861
8141903
8143808
8143981
8146559
8146843
8146950
8147570
8151751
8152637
8153665
8155033
8155127
8156980
8157696
8158308
8158482
8158861
8161893
8162872
8163525
8163966
8164627
8164927
8166710
8167529
8167986
8169789
8170956
8171159
8171222
8171902
8172797
8174168
8175081
8177352
8177374
8178803
8179104
8180238
8180240
8182596
8184995
8185086
8187630
8188680
8189562
8189771
8191036
8192829
8197678
8198568
8198940
8200007
8200632
8201453
8205301
8205730
8207186
8207378
8207406
8208001
8208550
8209295
8209509
8209960
8210575
8211873
8213011
8213502
8216694
8218225
8219418
8219741
8219878
8220236
8221238
8221633
8222378
8224003
8224533
8225290
8225832
8226040
8227476
8228754
8229857
8231388
8231984
8232384
8232651
8232794
8234051
8234908
8238284
8238994
8239777
8242905
8243961
8244562
8244775
8245004
8245878
8246636
8246995
8247129
8247411
8248158
8248363
8249204
8249634
8250126
8256955
8257551
8258509
8260118
8260488
8262495
8262589
8262909
8264472
8264549
8264794
8264848
8266524
8268236
8270382
8272157
8272759
8274106
8275743
8276630
8277814
8279098
8279162
8280453
8280808
8281570
8283512
8286630
8286752
8286791
8289595
8291060
8294125
8297454
8298100
8299912
8300161
8301763
8301895
8304634
8305457
8305654
8305767
8305899
8307363
8310066
8311537
8312515
8313426
8313978
8314321
8314454
8314797
8317943
8319635
8321666
8322803
8323452
8323831
8325187
8325761
8328539
8328949
8329171
8329203
8329832
8330161
8331091
8331248
8331532
8332831
8333644
8335370
8336493
8337143
8339125
8339343
8340418
8340708
8341347
8341576
8343144
8343723
8346368
8346495
8347273
8347607
8347719
8348741
8353371
8354927
8355150
8357019
8357772
8357780
8358207
8358600
8359918
8360062
8360690
8361664
8363516
8363820
8364217
8366137
8367925
8368142
8368865
8369822
8374040
8375806
8376091
8380894
8380940
8382269
8382749
8383401
8383628
8383753
8388327
8389360
8389497
8390562
8390664
8390810
8391601
8392046
8392276
8395036
8395282
8395883
8397354
8397988
8398120
8398768
8400867
8401658
8403012
8403191
8404314
8405340
8406111
8406307
8407490
8409055
8409296
8409639
8410027
8411246
8412779
8415414
8418187
8419072
8420051
8420486
8420723
8423109
8423564
8424557
8430237
8430762
8431875
8432222
8432506
8432909
8433385
8433771
8434262
8435846
8436110
8436112
8436115
8437754
8438991
8439396
8442002
8442215
8442505
8444357
8444712
8445401
8448047
8449860
8452772
8453294
8454958
8455161
8455470
8457359
8457859
8458451
8459301
8460301
8460821
8462715
8464130
8464929
8465138
8466339
8466990
8467596
8467902
8472839
8473090
8473189
8473913
8474507
8478453
8479262
8479686
8480475
8480845
8482396
8483988
8485941
8486218
8486239
8486301
8491197
8491305
8492856
8494315
8494803
8495179
8496188
8497622
8498554
8501641
8501671
8502213
8503137
8503457
8503483
8504001
8505205
8505264
8505288
8505585
8507134
8508301
8510413
8512874
8513048
8513365
8518560
8522022
8522807
8523242
8524498
8524546
8524868
8525549
8527273
8527290
8528548
8528640
8529374
8530037
8530914
8531031
8532653
8534167
8534301
8537592
8539436
8540197
8540801
8541224
8541856
8542791
8544052
8544170
8544363
8544577
8545517
8545752
8546724
8546778
8546921
8547702
8547728
8548266
8549116
8550214
8550432
8553505
8554022
8554190
8554350
8554421
8554919
8556071
8556196
8556273
8558903
8558946
8558995
8559948
8560381
8562820
8563280
8563489
8563916
8564169
8565756
8566082
8568518
8568818
8571144
8571633
8572105
8572563
8573238
8576550
8579582
8580522
8580720
8580793
8582825
8582984
8583059
8583076
8583599
8585067
8587163
8587937
8588698
8589033
8589190
8589306
8589803
8590138
8590467
8592643
8592680
8592945
8594330
8594862
8595859
8596785
8598400
8598494
8598721
8599418
8599808
8599922
8601836
8605441
8605508
8606090
8606241
8606263
8606633
8607283
8608628
8608907
8609211
8612470
8612749
8614557
8615268
8615275
8616138
8617327
8617497
8619423
8621506
8623026
8625072
8625780
8626365
8627354
8628499
8628936
8629624
8630998
8631055
8631126
8631335
8634620
8634925
8635109
8635173
8636687
8636876
8636925
8638276
8638561
8638910
8639238
8639607
8640029
8640288
8640376
8641677
8642122
8642570
8644869
8646970
8647044
8647567
8649229
8653106
8653215
8660695
8660954
8663349
8664401
8664749
8664961
8665757
8665992
8666079
8666390
8667830
8668040
8670883
8672364
8672377
8674040
8675112
8675651
8676196
8676394
8677176
8677449
8678233
8678603
8679239
8683408
8684016
8684585
8685887
8687755
8692529
8693037
8694557
8695125
8695394
8696424
8698511
8698553
8700432
8702259
8703498
8703799
8704883
8705897
8706047
8707071
8709582
8713639
8718620
8720514
8722346
8723210
8723442
8726736
8726776
8729426
8730408
8730601
8731538
8732097
8732202
8732859
8733361
8734852
8735786
8736317
8736456
8736476
8737749
8739293
8739957
8740945
8743729
8745342
8747528
8747818
8748034
8749278
8750759
8755055
8755881
8757362
8759646
8759751
8760837
8761399
8762035
8762783
8763121
8763251
8764544
8765346
8765678
8766088
8766544
8767861
8768009
8768043
8769962
8770011
8770315
8770431
8770523
8772151
8772753
8773138
8773216
8775091
8776353
8776675
8776730
8778476
8778642
8779012
8779309
8779864
8780845
8781075
8786475
8786937
8787704
8788594
8788606
8788694
8788821
8789001
8790428
8790591
8790974
8791288
8792120
8792725
8796292
8797108
8799740
8800130
8800518
8801140
8801882
8802935
8803090
8805998
8806316
8806823
8807074
8807735
8808512
8808636
8808893
8810667
8810699
8811545
8813596
8813775
8814751
8814850
8815212
8816058
8817280
8817945
8818641
8819123
8820396
8822434
8823013
8823333
8825874
8826291
8826636
8828212
8831602
8833470
8835763
8836176
8838748
8841040
8841096
8843349
8843938
8844926
8845958
8846701
8847945
8848884
8850599
8851495
8852186
8852619
8852900
8853692
8854095
8855042
8855107
8856086
8856467
8857121
8860177
8860901
8861539
8862160
8864782
8864793
8865893
8870069
8870104
8870602
8871748
8872045
8875795
8875877
8876228
8876330
8877021
8877220
8877430
8877924
8878292
8878637
8879531
8882415
8883044
8883209
8883323
8884036
8885085
8888643
8889367
8890739
8891963
8894839
8895784
8896338
8896792
8896876
8897476
8897566
8898019
8898425
8899238
8899799
8900339
8900915
8903060
8903391
8904569
8906662
8906957
8907166
8907840
8908754
8908763
8909238
8909697
8910119
8911073
8911639
8913409
8913492
8913546
8914168
8914313
8916496
8916950
8918165
8920159
8920701
8920892
8923835
8925647
8927981
8928683
8931997
8933593
8934428
8935927
8936925
8937199
8937289
8938273
8939146
8939932
8940540
8940771
8941956
8943248
8945463
8947454
8948953
8948962
8949139
8950090
8950435
8951985
8953537
8955141
8956817
8956914
8957297
8959720
8959811
8960731
8961842
8965269
8966658
8967284
8973498
8974911
8976718
8977885
8978683
8979004
8979053
8985105
8986123
8987350
8988031
8989929
8991118
8991882
8994975
8995300
8995574
8995942
8997503
8998329
8998726
8999207
9000928
9001137
9001228
9002389
9002676
9002757
9003830
9003860
9004252
9004260
9005418
9005554
9005561
9006656
9007274
9008163
9009611
9011927
9012577
9012837
9013151
9013237
9013530
9015136
9020180
9023659
9027891
9028064
9029163
9033514
9034265
9035166
9035203
9035546
9036064
9038096
9039157
9039300
9041450
9042712
9044420
9045539
9047260
9047702
9050181
9050516
9051213
9054297
9054634
9054844
9055136
9058247
9060202
9061211
9062958
9063472
9064898
9065293
9065849
9067503
9067715
9067877
9068154
9068371
9070546
9071824
9074220
9074294
9075152
9075577
9076299
9077811
9078581
9082443
9082975
9083342
9083948
9084174
9089059
9091034
9091677
9092002
9092150
9093224
9093829
9094116
9094319
9095652
9098343
9099027
9099067
9100086
9100568
9101164
9102851
9104011
9108405
9111634
9111736
9112910
9113012
9113459
9113464
9113796
9114020
9114229
9115131
9116728
9117686
9120023
9120351
9121445
9122242
9122696
9127574
9128740
9128786
9129110
9129908
9131264
9134937
9137387
9139898
9140428
9140532
9142736
9144102
9144737
9146191
9147207
9147234
9147440
9148070
9150159
9151440
9153823
9157744
9158579
9158820
9159558
9159743
9161623
9163006
9163036
9164764
9165613
9165966
9166514
9167217
9169937
9170374
9171023
9171467
9171964
9173098
9173691
9173786
9173958
9174146
9174540
9174893
9175093
9175842
9176494
9176820
9177549
9177982
9179407
9179520
9181774
9182311
9183800
9184106
9184468
9185518
9188641
9188690
9189905
9194566
9194909
9195477
9196144
9197668
9199324
9200438
9200679
9201104
9201352
9203170
9203189
9204092
9205187
9205877
9206446
9207515
9208521
9208986
9210071
9212462
9212958
9213316
9217859
9218419
9218907
9218920
9221513
9221968
9222576
9222986
9223197
9224615
9226332
9226990
9227220
9227549
9228965
9229353
9230166
9231395
9233994
9234688
9235562
9235885
9236064
9236123
9236371
9236961
9237816
9237980
9239120
9240883
9241321
9241466
9242411
9242643
9242671
9242714
9243570
9244961
9248232
9249391
9251748
9251944
9252390
9253958
9256574
9257117
9257186
9258058
9258572
9259039
9259554
9259612
9259731
9259783
9260835
9261634
9262053
9262351
9262471
9264176
9264244
9264275
9265331
9265426
9265846
9265978
9266122
9266453
9267765
9268026
9268298
9268668
9271795
9271983
9272405
9273479
9274772
9275039
9277083
9277240
9277941
9280597
9282450
9282783
9283157
9284567
9284909
9286641
9287073
9290550
9295814
9296772
9296965
9297263
9298341
9298528
9298721
9298854
9299023
9300736
9301380
9301741
9302154
9303072
9304640
9305305
9307382
9307761
9308650
9309167
9311204
9311445
9312158
9312361
9313335
9313472
9313642
9313958
9313968
9316558
9318224
9319143
9319379
9320198
9321363
9321402
9322146
9322965
9323673
9324059
9325125
9325972
9327390
9328964
9328976
9329247
9329286
9329544
9331902
9332856
9335706
9336779
9337993
9338906
9339145
9339188
9341090
9341587
9342350
9343354
9343706
9343839
9344358
9345394
9346124
9346691
9347400
9347865
9350774
9351119
9352367
9352676
9353415
9354758
9355433
9355657
9355716
9355939
9356318
9356737
9357517
9358011
9359752
9360906
9361313
9362284
9363457
9364806
9368114
9368851
9368887
9369009
9369958
9371066
9372296
9372885
9375470
9376525
9377547
9379193
9379695
9379730
9380992
9384625
9387407
9387558
9389097
9390629
9390808
9393419
9394339
9394994
9395207
9395889
9397128
9397498
9399263
9401162
9401269
9401796
9403461
9404152
9405173
9405223
9406421
9407091
9409033
9411936
9412276
9414205
9414428
9415116
9416816
9417684
9417800
9418873
9419802
9419924
9420914
9421464
9423995
9425014
9425135
9425158
9425375
9426520
9427285
9427342
9427757
9429432
9429913
9431190
9432159
9432262
9432553
9432938
9435384
9436203
9438556
9439069
9439359
9440096
9441520
9443267
9445169
9445610
9446436
9447172
9448718
9448932
9450897
9451942
9452575
9455480
9455839
9456994
9458117
9458411
9458426
9459357
9460266
9461240
9462031
9462529
9463024
9463171
9463454
9463588
9463666
9463902
9464291
9464436
9464599
9465773
9465790
9465961
9466219
9467241
9467631
9469127
9469151
9471890
9472140
9472326
9473247
9475819
9477392
9477748
9478484
9479435
9481981
9482265
9482529
9483325
9484428
9485979
9486461
9486516
9487228
9487372
9487909
9490372
9491079
9491906
9492384
9493961
9494449
9495643
9498531
9500887
9501505
9501567
9501649
9504525
9505339
9508222
9508818
9509821
9511446
9513096
9514520
9515738
9516139
9516623
9516980
9517247
9518709
9520278
9525413
9526251
9527332
9528415
9529734
9529914
9532791
9533265
9533273
9534616
9537198
9537968
9538509
9538682
9540256
9540780
9541580
9542158
9542286
9542827
9543058
9544551
9545476
9545504
9545514
9546545
9547198
9547437
9548532
9549554
9549660
9549852
9551596
9552057
9556407
9558112
9558458
9560827
9563863
9565557
9567071
9568406
9569863
9570067
9570423
9571686
9571956
9572399
9575929
9576357
9577284
9577672
9578220
9578816
9579677
9580485
9580932
9581051
9583653
9584661
9584876
9585017
9586156
9586219
9586278
9587583
9588274
9588748
9589402
9590106
9591076
9592618
9593242
9593541
9593872
9594369
9595855
9597455
9597673
9598288
9598924
9599053
9601260
9601508
9602056
9602825
9607362
9609049
9610831
9610914
9611779
9612718
9614929
9616742
9617519
9617937
9618220
9619874
9620163
9620851
9621670
9623268
9625957
9626829
9628531
9628920
9630160
9631284
9631474
9631860
9631962
9632238
9632359
9635395
9635485
9635653
9637276
9639527
9645583
9646793
9650114
9651581
9651614
9652304
9655012
9655711
9656590
9658405
9658657
9664495
9665281
9665428
9665992
9666451
9667552
9667673
9668019
9669567
9671101
9671412
9671766
9672501
9672661
9674072
9674266
9675296
9675971
9677324
9678650
9680006
9680624
9681694
9682504
9682588
9683461
9686195
9686780
9690095
9691223
9692994
9693695
9695039
9697100
9697741
9699133
9700036
9701632
9702809
9704304
9704767
9706153
9706772
9707400
9709461
9710139
9711064
9713257
9713730
9715303
9715306
9715572
9716225
9717249
9717989
9718301
9718366
9718420
9718918
9719659
9720225
9722377
9722568
9723352
9723551
9726533
9726682
9728826
9728886
9730700
9730940
9732249
9732658
9732680
9733017
9733785
9736375
9739410
9742748
9742979
9743781
9744431
9745547
9745802
9746792
9746808
9747848
9748276
9748290
9750197
9750976
9751844
9751869
9753512
9753665
9758074
9758480
9758941
9759356
9764534
9766264
9766293
9767653
9771864
9772491
9774715
9774944
9776309
9778734
9779156
9779665
9781429
9781717
9782411
9783535
9784395
9786385
9787082
9788624
9789252
9789511
9790482
9794108
9795490
9795726
9795728
9795930
9797449
9797771
9798330
9800457
9801094
9801375
9801577
9801983
9802715
9802804
9803441
9804605
9804791
9804888
9804959
9805166
9808908
9809022
9809468
9809832
9810967
9812771
9812897
9813495
9813904
9815204
9816038
9816079
9817414
9817566
9817726
9817795
9818043
9819045
9819460
9820046
9820698
9821855
9824315
9825257
9826023
9827458
9829108
9829123
9829418
9830098
9830447
9830519
9831424
9833002
9833637
9833879
9833925
9834559
9834652
9836709
9836788
9836970
9837820
9839485
9840629
9840934
9844002
9845222
9845447
9846192
9846448
9847345
9847855
9848475
9848871
9850466
9851666
9852083
9852861
9853878
9854142
9854830
9855411
9855742
9855905
9856436
9856612
9857533
9857682
9858147
9860687
9861796
9863275
9863309
9864874
9867257
9867904
9868951
9870609
9871175
9871970
9872073
9872477
9873616
9874170
9875166
9876247
9876353
9876372
9877080
9877334
9879276
9880044
9880268
9880557
9884316
9885305
9885901
9887774
9888592
9889526
9890290
9893175
9894053
9894674
9895498
9897226
9899844
9900188
9904563
9905418
9905846
9907797
9909806
9909985
9910708
9913002
9915471
9917512
9917553
9917638
9918484
9919721
9920722
9920892
9921336
9922898
9922988
9923003
9927608
9928213
9928770
9929104
9930015
9930811
9931598
9931684
9931946
9932048
9934877
9936095
9937919
9938442
9939997
9940525
9940881
9942071
9942508
9944239
9944484
9945347
9947200
9947716
9947819
9948428
9948865
9948870
9950127
9952240
9952403
9955591
9956439
9956561
9957514
9958575
9959434
9959828
9963153
9964409
9965833
9966320
9966485
9968029
9968908
9970157
9970460
9970871
9971979
9972475
9972935
9972940
9973202
9974087
9974458
9974686
9975768
9976122
9978620
9981316
9982010
9984904
9987582
9987778
9988043
9988327
9994493
9994943
9994945
9995260
9996004
9997635
9997806
