2352
2503
2910
5905
6397
6885
6899
6940
9273
10815
11554
13047
16048
16557
16877
17074
18160
18837
20527
21452
22160
22888
23142
24254
27382
28585
28657
28757
28918
34248
35190
35835
36179
36396
37940
38356
38988
38991
40242
43311
43370
43961
44675
44840
45101
46089
46351
47482
48222
48719
48975
49116
50701
51585
52907
53041
53060
53520
54098
56206
56248
56279
57380
58158
58268
58879
59535
63085
64711
72672
73868
75096
76521
77270
78275
79660
79752
81737
81810
82156
83167
84604
85724
86308
89266
93899
94373
95537
97631
98867
99574
101844
103470
106884
107930
109970
110653
111002
112865
112998
113437
115162
116704
117300
117754
119178
120278
121821
122436
122536
123082
123170
123287
123729
123827
126131
126540
127523
129688
130594
134459
134942
135967
136084
136471
137697
137775
139022
141103
141910
143756
145463
147824
147843
148115
148246
148368
149343
149661
153267
153338
153525
153699
154012
158028
159468
159868
161149
161191
161730
162570
162826
164156
165273
167692
168286
169209
172534
178714
178942
179712
182368
182420
183981
184241
184818
186037
187886
188011
188457
188631
189867
191216
192747
193243
194188
196063
196256
196660
196847
198401
199507
202405
203506
205762
206111
206352
208131
210664
213570
214473
214896
215316
216321
217662
217872
218762
218790
219501
220013
221490
222544
225078
225297
225516
226341
226849
227919
230041
230043
231036
231500
233920
234465
234766
234779
235044
235049
236566
237837
243879
244362
244453
245316
245748
246658
247238
252112
252661
253344
254252
257823
258074
258594
258674
259478
262808
263171
263706
264796
266277
266322
267548
269249
271173
271472
277022
277552
278100
278188
281184
281520
281668
282425
283814
284229
285639
286754
288520
290915
291562
296678
297737
300150
302060
302566
303142
303456
303477
304331
304432
304640
305250
310689
311428
312378
313487
313509
314712
315457
315572
317586
319684
321122
321797
322446
328672
330516
331692
332023
332305
333283
333505
333651
334680
334758
334782
336451
338331
339438
339626
341015
341170
341569
342187
343178
343334
343827
343924
344680
344855
346051
346631
346644
348678
348715
349026
349394
351264
352478
352540
353438
355622
360687
361676
361802
361812
361845
362376
363195
363752
364037
364838
365669
367858
370676
372200
372496
373607
373648
373677
374110
374431
376388
378741
379045
381711
382106
382196
382208
383198
383205
385935
386596
386859
388007
388366
389256
389573
389848
390233
392982
393048
393341
393965
394926
395044
395628
395895
396578
396981
398930
399806
400167
402321
402827
403129
403341
404120
405481
405508
406311
407144
407337
408393
408536
410918
411992
412895
415507
415956
418274
419897
420160
420898
421067
422523
422885
423750
425627
426480
426837
427175
427252
428083
428186
428224
428740
430436
431169
431308
431713
433733
435825
435848
436561
437325
438042
438165
438462
439095
440483
441206
442125
442203
442712
442863
442978
443944
445077
445973
446157
447283
447731
447804
448547
450039
452726
454238
454366
454849
455851
456229
456236
456746
456854
460604
461561
461815
462101
462861
464329
466724
467031
467383
467410
467620
468929
469185
470276
470746
470949
472485
473610
475626
477601
477981
478276
478551
479228
479288
480795
480963
481150
481899
482472
483073
483351
484789
485515
485995
487337
488103
488680
490123
490795
491753
492589
492676
493874
495363
495531
496358
497943
498758
499210
499908
502291
502360
505173
505565
510372
510774
511025
512428
513053
516970
517523
517694
517718
518254
522113
526452
526948
527015
527030
528302
528467
530261
530415
531070
533556
534859
534870
536375
539132
541813
542111
542593
543385
543751
547278
547473
548069
548300
549010
550257
552329
555043
555098
555962
556019
556628
560218
560474
561002
563927
564383
566265
568113
570061
570855
572433
573387
576410
577479
577504
577849
578324
579180
579924
581169
581269
582273
582335
583336
583378
584284
584548
585082
586896
587751
589421
590277
590559
590651
592771
594815
595493
596370
596599
597238
600112
600917
603690
603948
606025
608925
610187
611364
612279
615149
615739
615804
616236
617113
618560
618596
619457
620148
620264
620947
621290
621592
621766
622489
623445
623817
624110
624936
625542
627987
629318
629390
629587
631361
632396
633303
636623
636768
637064
638170
639552
640439
641278
643138
643524
644770
644891
645040
645068
647019
647498
649727
649958
650004
651341
652737
654003
654423
654718
654984
655026
655923
656671
657999
659349
661119
661710
662596
664440
664512
667833
668534
668653
669762
671907
672974
676469
677928
678044
678158
678719
678927
680968
683287
683978
684064
684849
685376
685481
686730
687259
690188
690921
692608
695169
699373
699759
699969
701122
701643
702977
703150
703299
704637
705723
706648
706942
706955
709083
709590
711768
712488
712935
713449
713632
714087
717805
718501
719052
719536
719639
720250
722777
726922
727410
728708
729182
729729
730400
731190
732337
733124
734083
734856
734882
735178
735787
736093
736249
740614
742101
743015
743122
744865
746855
748755
748887
749404
750274
750312
751121
752022
752364
753379
753862
754998
755827
756254
757566
758483
758685
761227
761801
762758
764584
765495
767024
767556
767854
768353
768822
769407
770784
772408
772909
773199
774083
774872
774919
779714
780115
780176
781001
781062
781162
782995
782997
784131
785113
786529
788667
789549
791663
791681
792800
793099
793258
794589
794935
795530
796550
798005
798902
800399
800935
801717
802027
802470
804304
804889
805667
805807
807625
808028
808744
810578
810645
810646
812298
812400
813157
813264
813415
815185
816087
816688
818538
819244
821104
821330
822942
823157
825366
827957
828817
828975
830009
830021
830681
831676
831742
835112
836193
836555
836907
839028
841179
842702
842931
846230
846742
847161
847375
848449
849728
850004
850411
850926
855150
857401
857604
857608
858917
864843
865182
866642
868812
870163
872895
872994
875891
876556
877679
877690
877744
878554
880363
880969
882272
882946
882970
883405
883598
884730
884984
887309
887550
889351
893366
893469
893601
897242
898375
899412
899550
901591
903794
903867
906976
907044
907139
908449
910462
911409
912694
913198
913947
914142
914957
915775
916463
916527
917705
918167
918852
919552
919553
921338
921735
923683
924156
925014
927906
929065
930201
931507
931547
932078
932899
933051
934787
936615
938274
939019
939675
941083
942473
942981
943351
943644
945293
946126
946287
946333
946993
948562
950042
950189
950856
951281
951910
954323
955565
956127
956729
958208
959317
961054
962370
962946
964095
965013
967475
968777
969999
970983
972334
973029
973343
974730
975114
975252
976463
976870
977777
979751
980032
980202
981058
984144
984936
985307
985710
986428
987596
988079
988730
989404
991650
993282
993816
993973
994235
994781
995048
996725
999380
999894
999952
1000358
1001260
1002026
1002412
1002495
1003481
1004016
1004809
1006638
1006726
1007327
1007504
1007748
1007910
1009346
1010319
1011927
1012227
1014847
1016084
1016627
1017003
1018613
1018684
1018851
1019836
1021935
1022143
1022485
1023968
1024092
1025366
1025440
1026633
1027393
1027827
1034183
1034372
1034458
1035050
1035761
1036399
1037912
1038152
1038449
1038638
1040620
1040979
1041061
1042011
1042617
1043367
1043528
1043643
1044328
1045759
1049271
1049404
1049794
1051262
1052870
1053806
1053879
1054846
1055076
1055213
1056809
1057270
1057991
1058680
1060810
1061482
1061732
1062589
1067231
1067353
1067472
1067690
1068195
1070118
1070898
1072183
1073462
1073500
1073809
1073816
1075611
1075666
1078376
1078928
1079441
1079560
1079817
1079884
1081048
1081923
1082236
1082392
1082768
1083751
1084865
1084919
1085037
1085547
1085826
1086027
1086287
1087718
1088004
1091915
1095868
1095884
1096683
1099009
1099063
1100040
1100118
1101740
1102858
1103152
1103635
1104338
1104985
1105481
1106307
1106519
1107776
1108610
1109294
1109303
1109396
1110120
1110372
1110666
1110965
1111443
1111606
1111681
1112608
1113314
1113511
1113796
1114171
1115460
1118470
1119752
1120867
1120949
1121363
1125001
1125095
1126623
1126692
1127146
1127352
1128565
1128574
1128587
1129660
1132737
1134018
1134347
1134877
1136717
1141551
1142026
1142209
1145075
1145991
1146605
1147778
1150014
1150877
1150992
1151201
1152494
1153438
1153583
1153637
1153886
1159311
1160883
1160921
1161219
1162709
1163486
1164341
1164689
1165154
1166540
1167522
1168173
1170137
1170186
1172113
1174143
1174600
1175208
1175283
1176861
1182375
1182570
1183178
1184046
1185506
1186103
1187288
1187416
1187454
1187619
1187920
1188754
1190210
1191207
1191584
1195610
1196602
1196758
1197173
1197273
1197419
1197869
1199238
1201460
1203796
1204428
1206268
1207537
1210362
1211770
1212409
1213061
1213885
1214650
1215421
1215524
1217823
1220683
1220753
1222697
1223466
1224547
1225409
1225887
1226789
1227424
1234117
1234661
1234918
1235172
1235791
1236903
1238008
1240305
1242541
1243064
1243735
1244544
1246053
1246240
1246507
1250969
1251175
1251231
1251888
1252661
1252806
1252901
1253269
1255377
1256232
1258944
1259086
1261713
1262343
1263749
1266293
1267223
1267649
1267778
1270931
1271093
1272087
1273413
1274072
1275125
1275751
1276197
1277900
1279054
1280013
1280067
1280615
1280686
1281958
1282253
1284529
1284726
1285322
1285709
1287323
1287339
1287747
1287984
1288821
1289686
1290092
1292034
1292964
1295755
1298913
1299131
1299594
1299685
1299857
1300626
1301338
1301498
1302592
1304064
1305736
1305794
1306257
1306553
1307455
1309232
1309738
1310292
1310615
1312204
1312707
1313789
1316298
1322008
1322130
1323096
1323966
1324328
1326121
1327487
1329200
1330000
1331045
1335174
1335669
1337339
1338736
1340767
1345381
1346451
1346529
1347630
1347734
1348133
1348728
1349312
1350021
1351361
1351751
1352459
1353055
1353546
1354410
1354533
1354559
1354885
1355121
1355278
1355718
1356994
1357852
1358097
1360171
1361659
1362381
1363378
1365067
1368820
1369137
1370945
1371344
1371971
1372645
1373013
1373761
1376467
1377220
1379748
1383424
1383565
1384729
1385859
1386674
1386706
1388385
1389078
1394790
1395285
1396858
1398018
1398057
1398629
1399469
1400751
1402068
1402613
1405053
1407901
1408568
1408805
1409257
1410715
1411212
1411795
1414007
1414216
1414545
1415244
1415857
1415907
1417379
1420112
1421279
1422560
1424309
1424503
1426715
1427145
1428485
1429906
1430746
1431012
1434616
1435414
1435755
1437592
1438528
1441014
1441533
1442293
1442992
1445086
1445850
1446260
1447066
1447341
1447761
1449253
1450702
1451035
1451307
1452114
1452121
1452238
1452902
1455950
1455957
1456312
1458219
1461315
1461967
1462550
1462842
1463097
1463302
1463453
1463582
1465580
1468012
1468642
1469532
1471568
1473424
1473991
1475928
1477209
1477727
1477997
1478046
1478463
1478824
1479037
1480366
1481920
1482556
1482631
1483222
1484776
1485270
1485743
1488954
1489127
1491822
1492247
1493938
1494106
1495072
1496160
1496493
1499052
1500075
1500741
1500766
1500892
1501147
1501970
1502877
1503211
1503980
1505527
1506192
1506697
1511265
1512360
1513798
1513866
1517725
1519210
1519584
1519811
1519932
1520361
1520554
1523466
1524195
1524597
1525816
1528198
1528745
1531417
1533001
1533095
1534979
1535008
1535789
1537755
1537995
1538022
1538231
1539727
1541170
1541820
1547016
1547241
1548092
1548757
1549987
1551708
1552566
1554202
1555551
1555690
1556359
1556978
1557074
1557237
1557754
1558038
1558543
1560338
1561147
1561954
1562643
1563330
1564570
1564709
1569561
1570219
1570925
1574136
1576579
1577603
1579242
1580241
1580872
1581279
1581493
1582774
1585340
1586167
1586403
1586510
1588250
1589553
1589972
1590511
1590589
1590867
1591668
1593207
1594663
1595273
1595781
1598960
1599826
1601278
1601362
1603075
1603511
1607048
1609645
1611269
1611560
1611853
1614148
1614301
1614479
1615432
1615981
1618352
1620176
1620762
1622019
1622523
1623900
1624045
1625392
1625924
1626472
1628113
1628824
1629604
1631586
1633898
1635286
1635452
1639648
1640430
1640489
1643941
1646295
1648263
1649436
1651144
1653454
1654812
1657748
1657769
1657824
1659121
1660049
1662872
1663740
1664086
1664157
1664670
1668300
1668516
1668885
1668921
1669463
1671155
1671949
1672740
1673733
1674283
1675370
1676048
1677296
1677676
1677686
1679149
1681689
1682951
1683122
1683247
1683370
1687131
1688010
1689328
1690976
1691109
1693081
1693788
1694713
1698884
1700619
1701027
1701913
1703631
1708012
1708129
1711218
1712009
1712148
1714508
1716780
1716933
1717482
1719689
1719947
1720085
1720707
1721022
1721246
1721248
1721568
1721898
1722447
1722891
1723356
1724962
1725151
1727214
1727965
1729658
1729949
1730191
1731034
1733479
1733844
1734736
1734912
1736773
1737932
1742449
1742587
1743831
1744611
1745560
1745980
1746449
1746655
1746710
1747355
1747915
1752647
1753811
1754122
1754246
1757239
1757671
1758380
1758447
1758637
1758648
1760874
1760966
1761182
1761659
1763761
1764570
1766327
1768866
1769813
1769858
1770588
1771453
1772370
1772400
1772402
1773418
1773934
1774246
1776769
1777842
1778586
1779003
1780853
1781378
1783637
1783842
1784479
1784492
1784714
1784794
1787219
1789751
1790559
1791233
1792483
1793855
1796221
1797527
1798341
1798772
1801635
1801754
1803370
1803798
1805786
1806191
1806747
1808903
1809307
1809586
1809637
1812218
1814120
1815595
1815810
1816632
1816776
1817624
1817730
1818041
1818720
1819005
1819275
1820070
1822388
1823066
1823214
1823518
1826401
1826984
1827271
1828468
1830545
1830584
1832027
1832564
1832633
1833008
1834416
1838107
1838653
1841358
1842613
1843010
1844155
1847002
1847972
1848578
1848633
1850356
1851009
1852043
1852678
1852790
1855407
1855489
1858043
1858283
1859765
1860317
1861982
1862909
1864688
1865147
1866252
1866320
1869811
1869844
1870969
1870977
1873590
1873674
1876058
1876308
1876709
1877431
1878125
1880428
1882537
1883884
1883957
1885001
1885548
1887365
1888312
1889530
1890936
1891047
1893193
1895601
1895641
1895738
1898065
1900718
1901320
1903655
1905168
1908385
1909336
1909687
1910199
1910667
1910846
1911881
1911907
1912767
1915213
1916070
1918873
1920594
1922444
1922551
1922579
1923453
1925288
1928442
1929798
1929917
1931487
1932094
1933290
1934257
1934866
1936159
1937973
1938624
1939767
1939825
1941132
1941475
1941799
1941832
1942038
1945073
1945471
1947278
1947860
1948230
1949270
1949890
1951021
1951680
1951879
1952792
1954044
1954780
1955435
1956253
1956595
1960332
1961442
1961711
1962348
1962388
1963008
1963254
1963707
1964058
1964237
1964308
1969971
1973286
1973716
1974572
1975334
1975874
1976212
1976408
1977234
1978680
1979042
1979665
1980348
1981161
1981641
1981880
1982609
1983171
1986879
1987304
1990617
1991362
1991836
1992281
1996846
1998139
1998376
1998704
1999829
2000545
2001631
2002232
2002559
2005610
2005879
2008304
2012798
2013131
2015276
2015533
2015954
2017977
2019946
2020059
2021763
2024162
2024269
2024429
2024431
2025619
2025953
2027632
2027746
2027903
2028417
2030301
2032711
2038686
2039281
2039360
2039795
2041009
2041610
2043033
2043469
2045482
2046669
2046864
2047561
2048940
2050077
2051988
2052211
2053134
2054604
2056405
2056931
2058544
2061289
2061880
2061930
2064535
2064663
2064880
2068552
2070683
2070872
2071547
2071905
2073167
2078526
2080548
2080660
2081838
2084312
2086453
2087161
2088181
2088319
2088641
2089762
2089872
2090010
2091333
2093095
2093120
2093940
2094621
2095133
2097662
2101052
2101997
2102452
2104374
2105470
2105675
2106375
2107048
2107520
2107678
2107862
2109918
2115433
2116315
2116619
2116796
2116893
2118025
2119522
2120266
2120614
2121503
2122341
2124462
2127295
2128043
2129228
2129477
2130609
2131064
2132820
2133041
2133242
2134251
2134792
2134908
2135233
2135810
2139929
2141142
2141411
2143139
2145353
2146046
2146267
2146881
2146916
2149055
2150521
2151958
2153219
2154127
2154196
2156906
2157007
2157518
2157749
2160101
2161558
2161641
2161791
2162649
2164322
2165203
2165528
2166559
2167832
2168663
2168891
2169094
2169266
2169967
2170886
2170974
2171399
2171441
2172081
2172244
2172270
2172560
2173369
2174085
2176147
2177794
2180596
2183695
2184145
2184149
2184278
2186976
2187466
2188945
2190135
2191264
2191708
2192225
2192736
2196093
2196163
2196334
2199490
2200423
2201404
2201491
2204612
2207313
2208358
2208702
2209414
2210821
2210964
2212273
2213167
2213608
2218383
2220447
2220563
2220653
2220764
2220860
2220920
2220935
2222062
2222809
2223542
2225099
2226881
2227809
2229920
2230856
2231029
2231790
2232186
2234452
2234968
2237195
2237947
2238198
2238868
2238938
2240145
2240478
2241269
2241364
2246178
2250376
2250645
2253880
2258008
2258626
2258911
2259331
2259586
2261175
2261303
2261507
2261697
2261899
2262967
2263982
2265178
2265529
2266795
2267871
2269622
2271684
2273878
2275047
2275700
2276688
2281544
2282270
2282540
2282615
2282647
2282772
2282912
2283185
2284281
2286229
2287298
2288815
2289297
2289675
2290535
2290714
2296152
2296774
2297435
2297838
2298061
2301187
2302320
2306110
2307062
2307740
2307857
2307991
2308255
2308468
2308776
2309754
2311023
2311780
2311933
2312791
2313645
2314892
2315504
2315750
2315897
2315934
2316008
2316311
2316492
2316829
2320052
2321965
2322341
2324503
2324818
2327294
2327734
2328076
2328670
2329047
2329557
2329954
2330350
2330996
2331897
2332052
2333185
2333211
2337795
2338084
2338456
2339519
2340503
2344115
2344359
2344603
2345869
2346100
2347223
2347671
2349217
2349419
2350485
2351130
2352615
2352897
2353078
2353616
2354350
2355458
2356935
2358285
2362568
2363114
2363593
2365188
2365775
2366056
2366076
2366771
2367178
2367675
2368617
2368935
2369275
2371595
2372282
2372841
2374169
2374668
2374989
2378077
2385584
2387437
2387877
2388151
2389912
2390447
2392364
2392861
2393236
2393900
2396465
2397229
2398000
2398037
2398053
2398300
2398803
2398922
2399381
2402383
2402876
2403577
2403619
2404115
2404987
2406455
2406668
2410554
2411109
2411307
2412496
2416995
2419712
2419995
2420245
2420961
2420979
2422418
2423206
2423895
2425305
2425500
2430374
2432039
2432545
2432747
2433779
2437346
2438290
2439469
2439792
2440357
2440513
2441524
2442839
2447693
2447825
2449853
2450181
2451199
2452781
2452958
2454936
2455127
2456339
2456504
2456584
2457125
2458073
2459094
2459614
2460117
2463215
2465381
2466381
2467605
2470261
2472131
2474068
2474721
2475263
2475936
2476660
2476983
2477469
2478336
2479975
2480241
2481412
2481502
2482162
2482803
2482905
2484593
2485002
2485512
2486363
2487699
2489846
2490243
2492563
2493968
2494089
2494397
2496925
2498293
2499536
2499791
2499872
2500282
2500961
2502276
2503510
2504190
2504328
2506493
2507828
2508690
2509391
2511236
2512722
2516328
2519716
2520104
2520367
2520682
2521288
2522065
2522762
2523779
2525778
2525896
2527736
2527781
2527805
2529821
2530497
2530533
2532152
2532283
2532677
2532851
2533005
2533080
2533645
2534141
2538346
2539236
2540274
2543847
2544758
2546192
2547722
2547766
2548718
2550043
2551831
2552571
2552871
2554352
2554494
2555022
2555117
2556024
2556059
2556137
2556344
2557286
2558357
2558569
2559105
2559792
2560748
2562530
2563865
2564578
2565767
2566798
2566941
2570182
2570325
2572775
2573888
2574449
2575022
2577701
2577972
2579079
2579603
2581942
2582272
2583468
2583697
2585078
2586476
2586600
2586663
2588952
2589089
2590700
2592423
2596231
2597124
2597768
2600584
2602043
2604142
2606893
2607631
2608933
2609516
2611427
2613777
2613956
2614135
2614380
2619708
2624312
2627158
2627306
2628027
2628215
2629814
2630727
2630989
2631605
2631816
2632868
2634877
2637626
2637970
2639595
2641158
2643120
2643157
2644733
2645693
2646641
2647702
2647947
2648249
2648410
2648775
2650563
2650719
2653239
2655952
2656974
2657976
2658506
2658648
2659408
2659681
2661727
2662330
2662452
2663291
2663931
2664258
2664944
2666216
2674835
2675228
2676704
2676725
2676771
2677823
2678089
2678093
2678166
2678429
2681016
2681804
2683158
2686252
2686805
2686859
2686916
2688065
2688187
2689491
2690370
2690778
2691542
2691901
2692807
2693340
2694550
2694626
2695323
2695841
2697230
2698419
2698589
2698733
2699848
2701459
2702287
2702349
2706024
2707514
2707583
2707879
2708355
2708571
2710161
2711860
2712459
2712560
2713017
2715375
2715823
2716849
2717395
2717875
2722225
2722286
2722465
2722525
2722719
2723256
2723370
2723565
2723651
2725144
2727234
2728553
2729285
2729668
2730980
2731916
2731979
2732856
2734330
2734693
2735363
2735881
2736014
2736798
2737283
2738108
2738625
2740218
2740816
2740826
2740997
2742088
2742331
2743800
2744233
2745207
2746512
2747275
2747840
2749175
2749240
2749926
2750598
2750734
2751597
2753199
2755401
2755707
2755731
2756261
2756361
2761204
2761805
2761825
2763241
2763313
2763515
2763701
2764010
2764590
2765715
2766500
2767949
2768615
2769889
2770799
2771537
2771647
2771696
2771957
2772975
2773343
2773605
2774122
2777383
2777896
2778237
2779269
2779596
2780932
2782170
2782876
2782902
2783373
2783493
2785766
2785890
2787793
2788132
2792185
2793901
2794817
2796102
2796582
2797181
2798300
2799760
2802927
2803391
2807331
2807756
2808421
2808667
2809249
2813161
2815957
2816011
2817412
2817826
2817898
2818467
2818725
2818760
2821377
2821864
2822033
2822110
2823013
2828078
2830295
2831104
2832112
2832142
2832477
2832631
2833108
2834452
2836616
2837463
2837828
2838110
2838297
2839718
2839840
2839932
2841240
2841458
2841892
2842008
2842623
2842919
2846583
2847806
2849712
2849907
2853269
2854110
2854864
2855938
2856051
2857276
2857499
2858164
2858469
2859180
2859236
2860105
2860528
2860872
2861861
2862022
2863717
2865562
2866170
2867037
2867716
2870143
2870247
2871028
2872689
2872804
2873586
2873814
2874098
2874290
2874592
2877259
2877516
2877592
2878381
2878689
2878832
2879791
2879938
2881117
2882791
2883580
2884382
2884634
2885766
2886342
2886741
2886782
2886802
2889310
2891938
2892139
2892778
2893630
2893739
2894594
2896121
2896460
2898339
2898868
2899578
2900098
2902085
2902418
2902959
2905626
2906052
2906501
2908198
2908410
2908913
2909029
2910052
2911188
2911404
2912328
2912855
2912983
2914811
2914954
2918286
2918556
2919043
2919241
2920086
2920202
2922871
2923254
2925222
2925511
2926173
2926796
2927485
2927760
2927847
2928332
2928621
2929984
2930158
2930624
2931910
2935435
2937372
2938406
2940029
2941441
2944032
2944087
2948990
2950446
2952298
2954812
2956517
2956916
2961399
2962003
2962094
2963633
2963803
2964209
2964440
2966217
2967381
2967620
2968207
2968381
2969928
2970849
2970868
2972146
2973333
2976515
2981087
2981376
2982539
2982612
2982756
2983499
2984428
2984983
2988169
2989486
2990481
2992138
2993252
2995060
2995251
2995301
2997635
3000764
3001143
3002523
3003201
3004000
3005886
3007130
3010067
3010687
3011593
3013374
3013636
3014421
3015290
3015849
3017485
3018836
3020624
3023481
3024278
3025051
3025080
3028579
3028633
3028965
3029865
3030026
3030312
3030592
3030937
3031007
3031873
3032970
3033965
3037959
3038107
3040374
3040751
3041350
3042758
3042825
3044703
3045345
3046948
3048673
3048931
3050607
3051479
3052107
3053487
3055956
3056256
3056541
3057583
3057978
3058442
3059866
3060205
3062483
3065200
3065302
3065855
3067267
3067749
3067862
3068054
3068368
3068375
3068971
3069028
3069546
3069893
3071985
3072039
3072496
3073291
3073414
3074015
3076459
3076757
3078615
3080435
3080776
3081038
3082166
3082719
3082760
3084225
3084718
3084810
3085880
3086070
3086102
3089192
3089741
3090180
3092016
3092725
3094641
3095171
3095264
3096042
3096192
3097026
3097738
3099531
3100282
3100972
3102372
3105013
3106122
3106188
3106523
3106605
3108127
3108469
3109106
3110430
3110689
3111787
3111840
3113043
3113055
3113604
3114621
3116002
3116394
3118259
3118828
3119283
3119775
3119955
3119973
3120069
3120985
3121984
3123239
3123675
3124486
3126796
3127164
3127293
3128303
3128398
3128583
3128716
3128869
3129067
3130494
3130657
3131052
3133392
3133556
3138090
3139189
3139450
3139921
3139959
3142060
3142112
3143665
3144177
3144471
3145206
3146146
3148572
3150573
3153403
3154132
3155227
3155453
3156111
3157464
3157512
3157916
3158833
3160629
3160888
3161119
3161330
3161403
3161411
3163458
3163745
3164580
3166218
3166794
3167282
3167839
3168058
3168083
3168745
3170542
3171235
3171937
3172073
3173890
3174144
3175308
3176731
3181802
3182720
3185061
3185119
3185403
3186862
3188629
3189344
3190489
3191026
3191456
3191928
3195108
3195456
3195601
3195840
3197841
3201355
3201547
3203482
3204409
3207425
3208009
3208336
3210616
3210869
3212055
3213502
3214072
3215361
3216824
3217009
3217313
3220477
3220889
3223044
3224495
3224729
3225850
3227206
3227582
3228251
3228691
3230530
3231522
3231820
3232643
3233731
3233786
3234682
3236326
3238523
3241169
3242978
3243355
3243562
3244791
3245324
3247611
3249145
3249414
3252802
3253038
3255587
3255770
3256378
3256503
3256630
3259585
3260592
3261591
3262126
3262945
3263038
3264660
3264901
3265753
3266037
3266236
3267310
3269523
3271022
3271236
3271812
3272416
3275665
3278723
3279023
3279703
3280463
3281426
3283342
3284446
3284545
3284760
3284789
3284832
3285106
3285634
3286451
3286968
3287976
3288284
3288524
3289111
3289739
3290793
3291097
3291996
3292109
3293527
3293954
3294470
3295266
3296973
3297142
3297721
3297767
3300160
3301813
3301886
3302003
3302407
3303184
3303510
3303633
3303795
3304006
3304395
3305442
3305771
3306899
3307202
3307518
3310440
3310931
3311230
3311472
3311902
3312164
3312764
3314746
3315264
3315310
3317517
3317770
3320523
3321709
3321860
3322942
3323977
3324499
3325628
3328361
3329705
3332544
3333594
3333954
3335147
3335831
3336622
3338609
3339889
3344336
3345631
3347917
3348659
3349015
3349392
3351354
3351711
3352666
3353153
3357027
3357322
3359587
3363075
3364278
3365022
3365541
3365690
3367164
3367725
3367995
3370386
3370742
3371474
3372545
3373374
3373427
3373793
3375568
3376857
3378696
3379012
3380600
3382163
3382745
3384894
3385239
3385473
3387969
3388176
3388814
3389979
3390549
3394299
3394457
3395422
3395663
3396767
3397151
3398081
3399893
3400639
3403683
3404356
3405154
3405383
3405385
3405767
3409153
3411419
3412529
3412962
3413001
3413408
3414705
3415970
3418255
3419119
3419431
3421455
3422103
3422536
3425725
3427203
3429179
3429338
3431257
3431383
3432117
3435257
3435471
3435987
3437046
3437151
3438136
3438285
3439019
3439223
3440176
3441152
3443464
3444795
3446065
3447275
3447909
3449545
3451301
3451802
3453858
3454245
3455975
3456069
3458722
3459806
3460323
3461212
3463220
3463293
3465540
3465819
3466829
3467572
3468797
3469058
3469912
3470406
3471310
3472381
3473400
3475133
3476870
3477046
3479942
3482494
3487020
3487291
3487329
3487844
3489030
3490779
3493137
3493579
3494150
3495832
3498589
3498697
3499244
3499475
3499726
3503240
3504818
3507051
3507054
3507977
3508126
3510086
3513116
3513185
3513420
3513833
3515536
3515568
3515897
3516325
3516655
3517261
3519228
3520326
3520395
3525812
3526181
3526282
3526876
3528036
3533240
3533399
3533719
3534265
3535266
3536359
3538435
3538777
3539538
3543154
3543430
3543926
3544008
3545279
3545659
3546778
3547049
3547434
3547700
3547922
3548308
3550364
3551999
3553490
3553541
3555396
3556161
3557190
3558825
3559402
3560498
3560966
3562191
3562456
3566292
3567008
3567753
3567944
3570068
3571482
3571708
3572206
3572935
3573677
3574183
3577424
3582175
3583954
3585731
3586700
3587810
3588597
3588782
3589131
3591167
3591775
3593001
3593161
3593906
3594195
3594728
3595117
3597822
3598522
3598777
3599502
3601442
3602059
3603310
3604526
3607734
3608993
3610277
3610308
3610490
3610869
3611185
3612904
3612977
3613559
3614940
3616526
3617615
3618056
3619190
3621286
3622853
3623277
3624210
3625250
3631911
3631992
3633043
3633105
3633107
3634648
3635166
3635717
3635840
3635855
3636469
3636542
3636938
3638059
3638316
3639934
3641058
3641777
3643316
3643336
3643483
3648764
3649571
3651422
3653047
3653739
3654275
3655051
3656693
3656741
3656959
3657033
3657649
3660367
3661782
3661933
3662286
3662349
3664411
3666187
3666614
3667679
3669672
3670251
3670549
3670944
3671531
3671557
3671797
3673369
3673463
3673814
3675141
3675919
3676244
3676390
3676956
3677255
3677430
3677573
3678144
3678377
3680707
3683786
3685887
3687660
3689656
3689808
3691923
3694160
3698160
3698476
3699515
3699845
3699877
3701291
3701314
3702320
3702709
3702730
3703009
3703065
3705339
3705718
3705825
3706227
3706629
3706736
3711127
3711497
3713194
3715076
3715252
3716642
3718336
3719008
3719081
3721083
3721158
3721584
3722461
3723801
3725478
3725657
3725924
3729957
3730306
3733654
3737661
3737720
3738545
3739249
3740857
3742424
3742722
3744945
3745196
3745314
3745524
3745531
3746450
3746740
3749138
3751373
3751383
3751672
3752456
3753395
3757300
3758312
3758652
3759158
3763149
3763442
3764399
3764555
3764747
3766739
3768425
3771748
3772128
3774558
3775191
3776852
3777811
3778530
3778684
3779280
3781899
3782885
3783457
3784806
3786766
3789764
3791222
3792796
3793652
3794597
3794785
3796039
3796445
3797135
3799135
3799213
3799801
3800097
3800784
3801274
3801367
3801752
3803159
3803194
3803587
3806367
3806610
3807519
3808326
3809842
3810085
3810795
3811490
3812834
3817306
3817407
3820737
3821054
3823029
3823417
3823515
3823685
3824131
3826296
3826324
3826539
3826728
3830237
3830529
3832158
3835664
3837082
3837328
3837444
3837527
3838000
3838814
3841158
3841940
3843172
3843257
3843373
3843552
3844083
3844293
3844563
3847392
3851451
3851468
3851859
3853120
3853275
3853328
3853721
3853967
3857050
3857858
3857965
3858377
3865226
3867206
3868051
3868486
3868546
3868760
3868997
3869294
3870429
3872328
3875781
3876859
3882553
3883275
3884148
3885090
3886414
3886615
3886761
3888566
3888889
3889185
3889618
3889861
3891904
3893207
3893268
3893316
3893328
3894261
3894360
3895301
3895425
3895951
3896228
3896611
3896647
3897267
3898698
3899125
3899344
3901195
3901275
3901355
3902944
3903950
3904219
3904287
3904362
3904524
3905815
3908199
3909352
3911234
3911334
3911675
3911828
3911852
3915399
3917198
3917980
3918664
3922289
3922367
3923473
3924479
3924538
3926894
3927457
3927677
3928387
3928554
3929718
3933514
3933519
3935129
3938051
3938782
3938826
3940261
3940917
3940953
3942452
3942570
3944956
3945416
3946778
3947091
3948030
3948631
3950151
3950370
3950479
3951450
3951831
3955743
3956190
3957189
3957346
3957505
3958797
3959209
3959775
3960084
3960368
3961541
3962166
3963156
3965677
3965947
3967437
3968890
3969285
3969356
3969357
3969573
3971212
3972071
3972261
3972594
3973645
3974889
3975937
3976146
3976374
3982704
3983392
3983668
3984621
3985809
3986087
3986719
3988468
3988500
3988731
3990957
3993725
3993795
3994128
3995512
3995689
3996316
3996994
3998834
4000299
4000368
4000509
4001420
4001530
4004233
4007793
4007995
4009217
4009706
4014045
4015872
4016463
4016823
4019179
4020654
4021042
4022169
4022400
4022856
4023116
4025311
4027392
4027481
4027493
4029625
4031025
4032095
4033193
4034006
4034549
4035095
4036344
4036351
4036589
4037872
4038132
4042037
4042229
4042811
4045518
4046621
4048352
4048872
4049365
4050109
4050195
4050753
4050999
4051576
4051701
4051906
4052511
4054615
4061239
4063029
4063869
4063957
4066257
4066700
4069177
4071094
4072698
4073232
4074886
4077669
4078005
4081019
4082204
4083219
4084935
4088311
4090356
4091505
4095622
4096902
4097160
4097594
4100498
4101092
4101243
4102072
4102634
4104419
4104534
4107477
4108469
4108710
4110860
4111085
4111890
4112787
4113130
4118397
4120335
4121336
4121423
4122174
4123426
4124870
4125380
4126159
4128068
4128272
4128578
4128911
4128921
4128991
4129030
4129918
4130371
4130488
4131985
4132183
4133435
4133803
4134022
4135521
4135940
4137518
4139668
4141137
4141862
4142624
4142856
4143503
4143619
4143967
4146334
4148053
4150684
4151364
4152482
4152609
4153643
4154033
4154961
4155186
4155314
4156014
4156348
4156603
4156703
4157142
4157999
4159514
4159913
4160167
4161083
4161636
4161954
4162156
4164557
4165318
4165382
4165969
4166488
4170276
4173241
4174002
4174110
4175689
4176715
4177103
4177395
4179788
4180139
4180212
4180236
4180370
4180721
4182112
4184404
4185140
4186793
4187401
4187425
4188954
4190058
4192193
4193840
4194650
4194735
4194945
4195773
4196056
4197368
4199611
4200582
4201226
4201268
4202330
4202692
4203645
4204466
4204593
4204993
4206518
4209129
4209389
4209796
4210646
4213037
4213485
4213986
4215247
4215470
4216719
4218689
4220456
4221212
4221497
4223324
4225206
4226520
4229714
4233369
4233560
4235261
4236265
4236922
4237170
4238069
4238235
4239105
4239950
4240754
4241366
4241396
4241543
4242028
4242276
4246194
4247264
4250306
4250949
4251091
4252036
4252451
4253281
4256303
4257013
4258759
4261370
4261607
4263480
4264767
4265159
4265527
4266638
4266794
4266958
4267764
4268556
4268667
4272868
4274561
4274848
4274895
4279021
4279197
4283580
4283911
4284006
4286251
4286602
4287875
4288111
4290476
4292731
4292745
4294161
4294457
4295411
4297565
4299478
4301431
4301722
4302376
4305279
4306036
4307109
4307352
4308108
4308965
4309341
4310564
4310792
4311660
4312529
4313602
4313845
4314685
4316444
4316518
4316674
4317218
4317868
4318235
4319201
4320823
4321563
4321809
4322013
4322195
4323039
4324252
4325332
4325896
4326746
4331641
4333240
4333866
4334374
4334754
4335509
4335517
4336866
4336928
4337405
4342259
4342529
4342582
4343480
4343755
4343774
4345078
4345093
4346950
4347044
4347139
4347264
4348259
4348311
4350258
4352104
4354702
4358110
4358250
4359483
4362227
4363333
4363553
4363589
4366353
4366924
4369158
4369845
4370272
4371184
4372345
4374146
4375825
4377689
4377994
4378912
4380199
4380473
4380758
4382636
4383016
4384199
4384479
4385496
4385655
4387139
4388014
4388476
4389783
4389904
4390727
4391708
4392161
4392229
4393667
4393808
4394360
4395174
4395539
4395720
4396048
4396943
4397698
4398875
4402021
4402697
4402960
4404798
4404885
4406509
4407333
4407394
4408297
4408506
4411377
4411566
4411963
4412322
4412331
4412682
4414641
4416666
4417359
4417948
4419225
4420002
4420895
4421377
4422658
4422922
4424535
4426045
4426070
4426421
4426443
4426668
4427190
4427775
4429237
4430843
4433701
4433705
4434276
4434318
4436374
4436435
4437078
4437797
4437863
4438584
4438943
4440259
4441400
4441716
4442114
4442361
4442448
4442496
4445155
4447522
4447555
4447676
4447977
4448873
4449067
4450218
4450244
4450366
4451185
4451700
4452577
4452589
4452814
4454817
4455264
4455534
4455604
4456689
4456699
4462279
4462389
4463671
4466734
4468508
4468868
4468928
4469306
4470448
4472006
4472248
4473562
4474563
4475788
4479138
4479511
4481575
4481583
4481816
4483192
4483447
4483679
4484304
4485079
4485763
4486363
4487650
4489114
4489521
4492528
4493592
4494460
4495322
4499657
4501919
4502143
4502970
4503196
4503257
4503264
4503959
4504279
4504577
4505650
4506550
4507317
4508672
4510661
4511311
4512784
4515790
4518825
4519499
4520105
4520952
4524018
4524207
4524452
4526553
4526598
4527207
4527296
4528798
4530008
4531894
4531997
4532425
4533249
4533822
4534693
4535685
4535937
4538001
4538512
4539627
4539671
4540376
4541173
4541317
4542000
4543469
4544323
4544839
4546209
4546546
4546658
4547691
4549084
4549318
4549371
4549653
4554747
4554959
4555067
4556007
4556179
4556371
4556886
4557234
4557352
4558828
4558925
4560258
4560274
4561327
4561781
4562849
4563880
4564506
4564576
4564886
4569365
4571248
4571511
4571939
4573174
4574110
4575353
4578185
4578652
4580260
4581982
4585216
4585223
4590259
4591673
4592768
4593451
4593692
4596174
4596647
4596764
4597408
4597643
4598810
4603396
4603904
4604297
4605862
4607713
4609973
4611224
4612762
4613993
4615359
4615929
4616057
4616098
4618613
4619822
4619913
4620264
4620621
4620761
4621515
4622021
4622444
4624235
4625127
4625319
4625523
4626248
4626384
4626742
4627391
4628131
4631494
4632528
4633084
4634031
4635806
4636064
4639980
4641223
4643139
4643294
4644156
4646292
4646380
4647185
4647377
4647692
4650816
4651368
4651889
4652795
4653009
4654149
4656259
4657471
4657698
4658838
4661089
4661460
4661904
4664182
4664195
4664437
4665970
4666238
4666531
4667823
4668161
4670482
4672049
4672671
4673649
4673817
4674099
4674280
4676350
4677643
4677955
4678046
4678096
4678965
4679152
4679512
4679752
4679774
4680200
4680720
4681272
4684299
4684917
4684991
4685257
4687495
4688040
4688046
4689678
4690752
4690819
4691137
4692435
4692466
4693444
4693484
4696558
4697553
4698906
4700226
4702014
4702357
4702367
4702683
4702834
4705174
4705323
4707413
4708042
4708238
4708499
4708580
4708593
4709430
4709656
4710917
4711738
4712771
4714344
4716298
4716797
4716936
4717476
4718697
4718865
4719173
4719772
4720575
4721056
4721130
4725147
4725661
4726024
4727097
4729682
4730545
4733099
4734663
4734760
4735675
4735811
4736023
4736945
4737011
4738322
4738492
4738901
4740478
4743275
4747280
4748982
4750115
4750291
4751295
4752808
4755726
4758818
4759927
4761562
4763359
4763842
4764896
4766541
4766893
4767570
4769716
4772395
4772569
4773744
4774200
4777707
4778826
4778861
4780053
4780781
4780903
4784357
4785045
4785067
4786361
4787643
4788211
4789540
4790110
4790418
4790906
4792026
4792431
4795810
4796292
4796664
4796837
4799863
4803325
4803602
4803695
4804738
4804808
4805649
4806589
4808585
4810758
4811071
4811377
4811608
4811699
4814909
4817628
4818650
4819212
4819452
4820485
4822055
4822448
4822921
4825428
4827485
4828021
4828796
4830489
4831432
4832011
4832303
4833285
4833332
4833345
4833546
4835392
4835593
4837464
4838041
4838408
4839316
4839322
4840439
4840827
4842224
4845012
4847035
4847803
4849387
4849641
4850039
4852518
4852748
4853914
4855219
4855601
4855674
4855804
4855832
4856138
4861883
4862194
4863533
4864190
4864298
4865462
4866931
4867028
4868137
4868246
4868875
4868972
4869697
4870101
4870303
4870523
4870528
4871208
4873381
4873950
4874589
4874601
4876826
4878798
4881620
4882392
4882752
4885214
4886088
4887448
4887786
4888619
4888968
4891530
4892328
4894773
4895858
4895878
4897509
4897521
4898994
4899369
4899645
4900316
4902819
4903238
4903937
4905235
4905963
4906607
4909411
4909839
4911474
4912609
4913080
4913273
4916645
4919096
4919818
4920320
4920650
4921608
4923050
4923620
4924372
4924394
4926982
4927286
4927710
4928192
4928570
4928798
4932246
4933984
4937044
4938234
4940918
4941556
4943458
4944174
4944596
4946178
4946376
4948170
4949333
4952032
4952281
4952372
4955138
4955455
4956592
4959780
4959833
4960970
4961233
4961397
4963034
4969596
4970479
4971939
4972587
4974940
4978421
4979249
4979714
4979857
4980296
4980850
4981704
4982746
4983146
4983949
4986112
4986653
4987494
4987837
4988742
4990011
4994025
4994152
4994180
4994187
4995210
4995266
4995378
4995766
4998227
4999052
5000126
5001416
5001866
5002755
5003852
5005056
5006669
5007538
5008118
5008205
5008931
5012126
5013577
5019670
5020658
5022050
5023191
5023575
5024136
5025545
5027660
5027985
5028012
5031075
5031081
5031091
5031972
5031990
5036477
5037119
5037631
5037847
5038780
5039085
5039245
5039539
5040077
5041508
5042957
5043057
5043807
5043884
5044691
5044843
5045480
5046305
5046505
5046735
5048277
5048522
5050887
5052732
5053253
5053479
5053561
5054508
5054599
5057057
5057089
5058927
5059137
5059548
5060539
5062037
5063879
5064128
5065790
5069036
5069547
5071270
5071464
5072390
5074757
5074943
5076167
5077125
5077514
5078154
5078458
5079992
5080367
5081303
5081721
5082446
5082534
5084306
5084747
5085938
5087303
5089692
5089787
5090424
5091278
5091404
5092057
5093079
5093399
5094614
5094871
5095998
5097294
5098400
5099056
5099238
5100559
5101968
5102325
5102355
5102465
5103564
5104138
5104937
5106170
5106836
5107069
5108138
5108862
5109480
5110818
5115619
5117438
5120228
5121129
5123696
5124432
5124754
5125812
5125859
5128429
5133145
5134049
5135753
5137342
5139462
5139897
5140174
5140296
5142152
5143012
5143230
5144578
5144839
5145318
5147231
5148678
5151052
5153062
5153255
5155254
5155594
5156359
5156450
5157441
5157485
5157641
5157665
5158376
5158799
5158901
5159148
5159953
5160140
5160702
5161143
5166144
5167719
5168598
5169786
5169805
5171627
5173325
5175018
5175163
5175962
5176839
5177501
5180431
5182799
5182837
5183010
5183104
5183636
5183679
5184205
5184569
5184777
5185969
5187649
5188193
5188653
5188709
5189297
5191990
5192946
5193063
5193362
5194225
5195603
5196649
5196972
5198376
5198418
5198823
5198875
5199057
5199414
5200735
5200766
5201010
5201833
5202430
5202781
5202820
5204788
5205090
5205595
5205667
5205882
5206125
5210819
5210842
5212182
5212265
5212307
5213413
5213887
5214048
5214433
5214728
5214776
5214908
5216482
5217618
5218929
5219034
5223947
5224797
5225023
5225128
5225450
5225620
5225868
5226725
5228014
5228577
5228588
5228688
5232521
5235004
5236451
5236761
5240503
5240589
5241139
5241906
5243377
5243926
5244183
5245248
5245347
5248484
5249469
5250278
5251124
5251414
5251944
5254179
5254804
5255349
5257335
5257831
5257855
5257922
5259054
5260187
5260270
5260943
5262202
5262959
5264118
5266570
5267711
5269899
5271109
5271464
5272633
5272718
5273031
5273723
5275573
5278164
5278657
5284094
5285060
5285477
5288186
5288735
5288805
5289037
5289059
5291341
5291492
5292574
5292683
5293271
5294260
5295721
5296059
5296162
5297180
5297737
5298279
5301884
5302101
5302907
5304924
5306382
5306955
5308091
5312900
5312965
5313013
5313540
5316489
5318020
5318820
5319368
5319818
5319973
5320493
5323712
5325576
5325770
5326507
5328386
5328618
5328654
5328766
5329640
5330007
5330173
5330931
5331194
5331809
5331880
5334301
5334624
5334834
5335465
5337991
5338356
5339392
5339556
5339713
5340825
5341052
5342367
5343297
5343794
5344375
5344582
5346918
5349510
5350201
5350501
5351068
5351756
5351842
5353081
5355386
5356512
5357034
5358169
5358606
5359407
5361776
5362347
5362979
5363181
5364888
5365635
5366131
5367053
5367927
5369095
5369261
5369882
5370038
5370381
5372036
5372859
5374242
5374338
5375265
5375616
5375620
5376076
5377183
5378191
5379244
5383096
5383179
5384255
5384674
5386732
5386791
5388290
5388904
5389361
5390157
5391988
5392341
5392926
5394009
5394921
5396241
5397884
5398065
5398266
5399712
5400149
5404977
5406134
5409517
5409826
5410635
5411999
5412608
5412768
5412925
5412947
5416202
5416205
5416572
5417034
5418538
5419043
5420701
5422445
5422666
5423119
5424474
5425313
5426840
5430900
5430929
5432576
5435297
5435849
5436252
5436573
5436721
5440236
5440764
5441182
5442592
5444128
5445441
5445920
5446694
5447532
5448208
5448292
5448342
5448384
5448625
5448984
5449209
5451372
5453080
5453707
5453944
5454418
5454489
5455073
5455529
5455851
5456558
5456728
5458469
5458832
5459837
5460369
5461408
5461487
5461742
5463015
5463853
5463999
5464708
5465715
5469444
5469447
5470930
5471240
5472208
5474085
5474494
5475361
5476240
5476641
5480469
5480640
5480971
5481059
5482360
5485305
5486250
5486429
5486658
5487231
5487792
5488277
5488348
5489584
5494973
5496022
5497006
5497202
5498869
5500565
5501452
5503211
5504895
5505394
5505563
5507018
5507361
5507466
5507810
5509093
5509712
5512251
5513683
5513791
5516436
5517876
5519128
5521554
5522842
5522986
5523886
5525368
5525522
5526086
5528787
5529345
5529415
5529650
5529978
5531231
5532584
5533490
5533645
5533964
5535134
5535560
5535850
5538822
5539379
5540706
5541745
5542510
5542545
5542872
5543784
5545268
5545973
5548583
5549667
5551155
5552615
5553302
5553507
5556333
5556372
5557652
5560601
5560736
5561149
5562180
5562950
5564509
5564949
5565229
5565440
5566873
5567337
5567885
5568791
5575088
5575453
5575934
5575948
5576959
5577579
5577590
5579600
5579612
5580858
5581173
5581615
5581751
5582406
5583436
5584135
5586709
5587045
5587378
5587662
5589121
5589246
5589721
5590629
5590858
5591256
5596205
5597707
5598771
5601775
5602435
5602620
5603222
5603556
5605895
5606286
5606826
5606861
5607674
5609353
5610125
5610482
5612013
5612451
5612554
5613794
5616362
5617358
5618220
5622746
5622792
5623831
5625779
5627385
5627961
5628561
5628725
5630944
5631909
5632082
5633150
5635757
5636144
5637629
5640073
5641113
5642692
5643114
5644940
5646561
5647057
5647092
5647144
5647460
5647515
5648129
5650411
5652472
5652915
5653653
5655021
5655439
5655643
5655790
5656638
5658872
5660582
5660881
5661608
5664875
5665410
5666052
5667221
5667842
5669560
5670087
5670332
5670436
5670946
5671190
5672253
5674588
5676348
5677310
5679548
5679712
5680570
5680786
5681110
5681823
5682027
5682083
5684235
5684806
5685902
5687504
5690212
5692603
5694752
5695759
5695824
5698305
5698628
5701342
5703435
5705735
5707886
5708161
5709222
5709589
5710008
5712465
5712659
5712665
5714159
5715456
5715890
5716150
5716201
5716408
5716628
5716679
5718443
5718927
5720035
5721710
5721794
5722616
5724321
5725940
5726206
5726362
5726578
5727206
5727285
5730334
5732140
5732716
5732728
5733387
5733491
5734145
5735525
5735843
5735881
5736450
5736613
5737831
5739749
5743765
5744469
5744902
5745793
5746012
5746350
5748219
5748982
5750020
5750248
5750753
5752181
5752185
5752974
5754505
5754538
5754650
5755961
5756227
5757355
5757396
5758053
5758846
5759669
5761714
5761725
5763833
5763839
5766695
5767282
5767400
5767538
5767764
5769327
5770330
5771774
5773434
5773845
5773954
5776994
5778265
5778721
5778722
5779071
5780596
5781009
5785999
5786738
5787001
5787326
5787547
5788599
5789438
5790095
5790467
5790642
5791035
5791765
5791929
5795579
5797606
5799512
5799782
5800646
5802023
5802254
5803809
5804630
5806137
5806672
5808200
5808667
5809060
5809664
5809674
5811179
5815785
5816262
5816509
5817986
5818541
5820096
5820987
5823722
5825817
5826444
5827126
5827503
5827564
5827802
5829148
5830337
5830854
5832912
5834998
5835790
5837058
5837983
5838516
5839272
5840009
5840871
5841030
5842288
5844409
5845549
5847326
5847500
5848126
5848528
5848982
5850152
5851050
5852163
5852255
5852570
5853162
5853278
5853341
5856283
5857616
5858783
5859654
5864912
5864972
5866163
5866534
5867006
5867008
5867879
5867929
5868962
5869065
5870129
5871423
5871616
5872068
5872969
5873560
5875888
5876099
5876699
5877702
5878982
5880125
5883628
5884813
5886609
5887155
5887810
5888169
5888991
5889990
5891042
5891437
5892292
5892774
5893164
5894687
5895522
5895700
5896340
5896413
5896767
5897211
5899255
5900203
5900371
5900616
5906090
5906285
5907582
5907986
5907997
5908022
5909883
5909935
5910237
5911388
5911417
5911644
5911867
5912251
5912782
5913973
5914723
5917490
5920516
5922199
5922445
5922512
5922722
5923771
5925446
5927021
5928981
5929075
5929732
5930603
5931301
5934449
5935212
5935748
5935830
5936845
5936921
5936962
5938852
5939595
5941503
5942168
5944011
5944764
5944905
5947042
5947126
5951412
5951668
5952975
5954028
5954135
5955249
5956399
5956609
5957134
5957985
5958969
5959590
5960021
5960946
5961322
5962262
5963138
5963432
5963937
5964113
5964445
5966936
5967531
5968282
5969822
5971171
5971499
5972858
5974175
5975531
5976397
5976470
5979216
5979782
5982314
5982884
5983727
5984050
5984206
5984223
5985375
5986602
5987284
5988057
5988739
5993692
5994355
5994935
5996596
5997980
5998199
5999113
5999270
5999393
6001345
6001499
6004261
6005048
6005321
6009080
6009183
6009703
6010588
6012060
6013037
6015822
6021184
6021653
6021711
6022706
6022955
6023414
6023771
6024190
6025135
6025393
6025427
6027088
6027267
6028972
6029191
6029498
6029887
6030831
6031053
6032552
6032980
6033560
6034392
6034709
6035955
6039071
6039281
6040400
6041269
6046024
6046184
6048510
6049102
6051150
6051941
6054826
6055867
6057631
6057812
6059233
6060965
6062028
6063233
6065047
6065288
6067410
6068361
6068685
6068690
6069188
6070705
6070940
6072906
6073072
6073673
6074655
6074676
6074725
6074893
6075163
6076007
6076018
6076742
6077055
6077822
6078821
6081092
6081525
6081926
6082635
6083687
6084312
6084911
6086589
6087283
6087390
6087959
6088439
6090368
6091816
6094134
6098267
6099044
6099992
6100186
6100269
6101128
6102286
6102504
6102759
6103347
6105059
6105920
6106826
6107350
6108357
6109749
6110574
6110720
6110887
6111152
6112153
6112300
6112604
6113016
6114103
6114618
6116618
6116920
6118932
6119059
6119327
6120313
6122402
6125325
6126473
6126947
6127091
6127221
6127442
6127541
6128419
6128984
6130485
6131023
6131202
6132529
6132616
6133202
6133566
6136804
6137042
6137550
6138399
6138931
6139315
6139702
6142974
6143306
6143340
6144253
6144261
6144400
6147258
6147312
6147915
6147950
6148643
6148696
6149631
6152826
6152909
6154604
6155101
6156914
6157434
6160300
6160940
6163122
6163892
6165642
6166545
6166652
6166827
6167530
6168055
6168056
6168745
6170427
6171179
6171644
6174258
6177696
6177711
6178816
6179959
6180629
6180999
6181824
6182949
6183110
6183506
6186541
6186607
6187985
6188241
6188634
6189061
6189719
6190684
6191688
6193042
6194586
6196148
6196948
6197698
6198849
6199348
6200157
6201264
6201457
6204653
6205277
6205546
6207727
6207973
6210922
6211009
6211152
6211288
6211839
6213205
6215159
6216065
6216292
6216421
6216547
6217038
6218463
6219574
6219973
6220620
6222886
6224552
6224699
6225061
6225098
6225356
6226228
6226922
6227286
6227913
6228807
6229037
6229099
6230631
6230939
6232199
6237164
6237526
6238633
6239764
6241264
6241358
6241939
6242931
6244313
6247616
6247864
6247866
6249112
6249389
6249735
6249891
6250282
6251497
6251499
6251501
6252394
6254685
6254834
6255921
6256922
6257053
6257096
6257204
6258994
6259946
6260461
6264112
6264896
6266264
6266768
6267184
6268310
6269806
6271662
6271760
6276259
6276304
6276773
6276884
6277397
6278383
6278656
6281074
6281494
6282115
6284112
6285391
6286208
6286579
6287846
6288370
6288757
6290873
6291135
6292598
6293794
6296589
6297363
6299100
6299155
6300959
6301527
6304303
6308242
6309516
6311714
6316516
6316775
6317911
6319109
6324924
6325774
6325848
6326687
6326774
6327259
6329158
6329990
6330764
6331412
6332120
6332681
6332686
6333626
6333716
6333856
6334778
6336270
6336552
6337356
6337959
6338588
6338919
6339734
6342065
6342531
6343457
6344770
6345732
6346356
6346425
6346745
6348027
6351846
6352770
6353647
6355940
6356086
6356362
6357309
6358271
6359224
6359782
6361086
6361200
6362230
6363013
6363810
6366472
6366798
6367016
6368017
6368351
6368474
6370103
6370324
6373501
6374581
6375811
6379204
6382997
6383441
6384042
6385459
6385604
6386237
6386303
6386372
6387962
6388785
6388896
6389048
6389420
6391761
6392450
6392519
6393139
6393565
6394609
6395562
6396506
6397761
6397884
6398827
6398977
6400464
6400549
6400617
6402763
6403835
6404271
6405997
6408068
6408997
6409148
6410143
6411788
6412637
6412881
6413392
6414249
6414785
6415007
6415329
6415581
6415683
6415910
6417660
6417798
6421176
6425953
6426596
6427304
6430036
6430533
6434422
6434592
6436060
6436779
6437625
6438125
6439476
6440900
6442397
6444075
6444270
6444313
6445418
6445993
6446980
6447994
6448908
6449462
6450678
6452686
6453867
6454336
6455043
6458315
6458580
6460144
6460526
6462384
6463063
6464244
6464319
6464753
6465553
6465800
6466123
6466238
6466658
6466783
6466980
6467399
6468729
6469136
6469847
6470865
6472084
6472382
6472637
6473154
6474455
6474863
6475577
6476832
6477203
6477953
6478051
6478112
6479034
6479863
6480978
6481145
6481925
6482711
6483087
6484044
6484772
6485562
6486440
6487544
6491336
6491458
6493804
6494628
6496279
6496507
6496537
6496726
6498879
6499128
6499904
6500333
6500452
6501256
6501760
6502390
6503062
6505316
6506264
6506344
6506646
6509504
6511570
6513079
6513317
6513973
6514927
6515360
6515929
6516921
6518379
6518833
6520305
6520854
6521002
6522465
6522832
6523439
6523813
6523918
6524905
6525062
6525232
6526511
6527062
6529172
6529222
6531138
6531144
6531832
6531867
6532437
6533946
6534496
6534949
6535530
6538182
6539885
6542312
6542619
6543238
6545256
6547339
6548376
6549685
6550701
6550882
6550899
6550950
6551451
6552103
6553435
6556068
6556227
6557171
6557520
6557662
6558844
6558858
6560763
6561612
6563592
6565506
6567580
6568981
6571927
6573190
6573871
6575895
6578166
6579153
6580309
6580402
6580670
6582325
6582932
6583606
6583702
6585751
6586721
6587274
6587846
6589180
6589799
6589866
6590950
6591003
6591004
6591923
6592116
6592305
6592779
6595711
6596351
6597143
6598441
6598478
6598882
6599309
6599546
6599667
6602799
6605508
6606639
6606819
6606932
6607575
6607618
6609385
6610177
6611297
6613082
6613200
6613402
6615103
6615189
6615278
6615799
6616935
6616973
6617004
6617005
6617545
6618808
6619189
6619609
6621062
6621148
6625043
6627044
6627605
6629149
6630970
6632360
6634923
6635303
6635354
6635869
6636205
6636529
6636958
6637727
6638729
6639049
6641515
6641744
6643371
6643629
6643801
6644157
6644284
6644319
6644576
6644960
6645440
6645688
6648099
6649768
6651527
6653112
6653601
6655847
6656381
6657482
6659800
6659947
6660800
6661681
6662175
6662288
6662873
6664294
6665198
6665273
6669224
6669902
6671428
6672650
6673166
6673501
6674376
6679113
6679291
6680396
6681656
6682817
6684099
6684938
6686517
6686683
6687058
6687871
6688847
6689411
6689516
6690202
6691762
6692634
6693241
6695486
6695557
6695905
6698033
6701041
6702272
6703019
6704487
6705476
6705666
6705961
6710083
6710637
6711206
6711901
6713797
6715775
6716464
6716642
6716936
6719288
6722081
6723574
6724283
6724298
6725165
6725297
6726555
6728755
6731010
6731409
6732915
6733171
6735199
6735252
6737439
6738947
6739328
6739574
6739689
6741241
6741609
6742054
6742354
6743230
6743869
6744035
6745551
6748821
6751693
6752021
6753518
6753625
6754383
6754533
6755662
6756254
6757282
6757350
6757484
6758494
6760312
6760550
6760692
6761175
6762505
6765811
6766104
6766431
6769691
6770032
6774086
6774368
6774510
6778436
6779005
6779871
6780331
6781210
6782183
6783384
6783968
6784760
6785242
6785333
6786627
6787095
6790604
6791933
6792145
6793247
6794272
6794454
6794501
6794816
6795599
6795915
6800207
6800575
6800600
6802402
6802890
6805273
6806251
6808037
6809415
6811104
6811543
6811607
6812484
6813525
6814056
6814709
6814789
6814888
6817164
6818662
6819975
6819987
6820308
6821634
6821826
6824020
6825302
6829653
6829931
6830362
6830960
6831285
6831570
6831604
6831745
6831909
6832415
6832672
6833028
6833657
6834090
6834402
6834805
6835753
6835852
6837498
6837871
6838064
6838881
6840013
6841148
6843721
6844246
6844432
6845233
6845338
6845535
6845929
6845941
6846612
6847117
6847801
6849217
6850140
6852492
6852981
6853055
6853097
6855074
6855357
6855398
6857507
6858821
6859571
6861850
6862471
6862776
6863383
6863602
6863644
6864308
6864478
6867639
6869860
6871225
6872427
6872773
6874267
6874461
6875320
6875812
6877303
6877307
6879589
6880378
6883753
6886519
6886752
6886789
6888478
6888739
6889810
6890869
6892848
6893115
6893540
6893949
6893968
6895439
6895501
6895666
6895723
6897398
6897600
6898824
6899404
6899431
6899849
6901673
6903949
6904033
6904886
6905498
6905519
6907120
6907282
6907847
6908097
6908880
6911294
6912248
6912301
6912678
6913860
6913877
6913905
6913950
6915908
6916072
6916085
6916380
6919471
6919503
6920526
6920950
6921029
6924957
6925173
6925359
6929633
6929793
6929988
6931281
6931847
6932570
6934230
6935658
6936421
6936476
6936552
6937376
6938431
6940355
6942261
6942456
6944101
6944954
6945484
6946286
6947474
6947964
6948677
6950191
6951562
6952783
6952940
6953021
6953671
6954364
6955042
6955317
6957307
6957882
6958499
6959059
6959465
6959860
6960655
6961536
6964820
6965878
6966921
6968501
6970174
6971399
6972483
6973605
6974066
6974093
6974182
6974199
6974567
6975023
6977035
6977235
6977283
6978166
6978803
6979174
6980589
6981071
6982242
6982742
6984174
6984468
6984845
6986183
6987168
6988190
6988902
6988981
6991064
6991611
6992054
6993512
6994218
6994493
6995466
6996154
6997258
6998018
6998958
7001996
7004820
7005019
7006377
7009017
7012713
7013274
7013322
7013861
7013997
7015852
7015871
7016997
7017761
7020122
7021115
7022035
7022058
7023113
7023787
7023828
7025500
7025517
7026218
7026427
7029193
7030153
7030930
7033177
7033252
7033362
7033696
7034348
7037543
7039579
7042282
7042983
7043463
7046877
7047859
7048087
7048879
7049085
7049736
7050363
7051526
7052081
7053651
7054502
7054537
7055134
7056060
7056407
7057701
7058895
7060076
7061200
7062458
7063771
7064970
7066167
7066629
7069794
7070131
7071480
7072343
7073466
7077682
7077824
7078149
7078450
7079211
7079341
7079919
7079951
7080854
7080989
7081171
7081220
7081303
7081731
7082738
7082955
7083964
7085110
7085828
7087694
7088336
7090570
7091031
7092319
7094081
7096816
7098760
7098882
7099610
7102733
7104866
7106619
7108425
7109191
7112103
7113058
7114310
7116088
7116131
7116273
7117058
7119131
7119606
7119918
7121809
7124318
7128690
7128824
7129277
7130599
7131941
7132107
7132710
7134938
7135692
7136490
7137520
7138049
7138146
7138562
7139435
7139490
7139633
7139704
7139832
7139914
7140219
7142552
7143704
7144067
7146372
7146740
7146749
7148396
7148751
7150286
7150667
7151081
7151232
7152435
7152707
7154195
7155864
7156894
7157117
7157790
7157862
7159501
7159672
7160529
7161324
7161357
7164108
7164316
7164728
7168117
7168619
7169127
7169234
7169728
7169785
7170128
7170349
7170784
7171384
7171878
7172281
7172509
7173408
7175380
7175635
7176280
7176294
7176488
7180719
7182749
7182952
7184789
7185876
7188178
7188997
7191187
7192361
7193738
7195647
7195795
7197429
7197977
7198610
7199058
7200872
7201251
7201512
7203114
7205881
7206010
7206690
7206995
7207771
7208314
7209157
7210306
7210456
7210913
7211996
7214215
7218116
7218855
7219391
7219670
7221168
7222742
7223497
7224165
7224695
7224802
7225475
7227621
7228982
7229437
7230756
7231273
7232437
7232798
7234185
7234988
7235181
7235264
7235911
7236609
7236839
7238369
7238472
7239832
7239911
7240776
7241574
7243477
7243627
7245099
7246055
7246704
7247906
7248673
7249414
7250237
7251438
7251557
7252212
7252281
7252781
7255261
7255616
7258533
7259469
7260407
7262317
7262475
7263785
7264028
7264145
7267664
7269337
7270605
7272179
7272752
7272862
7276205
7277246
7277815
7278205
7279056
7279068
7280069
7282973
7283070
7285227
7285836
7286970
7287011
7288465
7288502
7289077
7290033
7290597
7291391
7291557
7292442
7295589
7296899
7296993
7297251
7297985
7299513
7300250
7301374
7305453
7305730
7305900
7309155
7312143
7312695
7313141
7315135
7317875
7319212
7322359
7323323
7323440
7324465
7324737
7325991
7326203
7327719
7331156
7334011
7334331
7334846
7335732
7336582
7336916
7341817
7342130
7342449
7344364
7345198
7347656
7349241
7349262
7349349
7349568
7350275
7350373
7352490
7352795
7355481
7355811
7356647
7357179
7357551
7357894
7357998
7360325
7360871
7361061
7364079
7364546
7367680
7369028
7370261
7370849
7371101
7371594
7371782
7372239
7372300
7372365
7372538
7373502
7373841
7374591
7374612
7374768
7376520
7376986
7380220
7380397
7380691
7380947
7381791
7382646
7383258
7383304
7383452
7384532
7384680
7385130
7385585
7386098
7390396
7391409
7391530
7393313
7393804
7393925
7394934
7396700
7398367
7399278
7399921
7400625
7403390
7405676
7406538
7407269
7407415
7407762
7408227
7408326
7409705
7410321
7410981
7411376
7411590
7411869
7413263
7413821
7414684
7415368
7415537
7418391
7420577
7422560
7422585
7422914
7424581
7425915
7426645
7427571
7427629
7427826
7429182
7429962
7430260
7430495
7430966
7433319
7433853
7434676
7435749
7435774
7435879
7435909
7436277
7437376
7438509
7438637
7439461
7439724
7441024
7442952
7445759
7445770
7446324
7446438
7446463
7446740
7448367
7448575
7449008
7449208
7450589
7450871
7451604
7451978
7454143
7454289
7455208
7455426
7456249
7456575
7456753
7460036
7461317
7461494
7462944
7464496
7464821
7465789
7466679
7468171
7469927
7472420
7472914
7473882
7473897
7476707
7476877
7477134
7477663
7479724
7479953
7480453
7480817
7480960
7481565
7483077
7483315
7484162
7487344
7488329
7489140
7494223
7494926
7495323
7495465
7496291
7498347
7498900
7501389
7501485
7502752
7503816
7508161
7508776
7509944
7510904
7511316
7512228
7513623
7515534
7517338
7518171
7518622
7519169
7519441
7519752
7519828
7522327
7522507
7525386
7525631
7525783
7526246
7526594
7531408
7531710
7532278
7532663
7533464
7533587
7533978
7534278
7535370
7535559
7535915
7536252
7537090
7538289
7538838
7539048
7539062
7540093
7540513
7540952
7541544
7542074
7543112
7543600
7544533
7544679
7546403
7546495
7547138
7548064
7549158
7551268
7551339
7551808
7554041
7554084
7554814
7555436
7555666
7556025
7557430
7557460
7557662
7558889
7561462
7561701
7561815
7562665
7562869
7564121
7565203
7565898
7566147
7568267
7568338
7568450
7568658
7569411
7570348
7570600
7571403
7571489
7572340
7572609
7575750
7577660
7578305
7580386
7580516
7580927
7583036
7583815
7587189
7590208
7592220
7592926
7593968
7594200
7594612
7594718
7595343
7599714
7599917
7600999
7601694
7602223
7603062
7604810
7605945
7606159
7607929
7609864
7609979
7610087
7611294
7611947
7612635
7614388
7617126
7618005
7618008
7620628
7622364
7625683
7625710
7627572
7628817
7633717
7633729
7633963
7635464
7636547
7636647
7637264
7639095
7639630
7640694
7640899
7641529
7642005
7642020
7642207
7644125
7644927
7645612
7646780
7647529
7648861
7649709
7650260
7652711
7653918
7655040
7655614
7656454
7656641
7658931
7659411
7659745
7662988
7662991
7664581
7667976
7668161
7669322
7669435
7669518
7671063
7673867
7675205
7675484
7677552
7678432
7678819
7680298
7680736
7680944
7681233
7681422
7684288
7685158
7685301
7685522
7685926
7688990
7689581
7690002
7690934
7691415
7691667
7693127
7694342
7694741
7695368
7697978
7698461
7698903
7700966
7701381
7702692
7704416
7705086
7705674
7706715
7708666
7711927
7712213
7714067
7716491
7716730
7717456
7720824
7720895
7722150
7722472
7722521
7723218
7723832
7724211
7724561
7726838
7728936
7729672
7729822
7729947
7732660
7732855
7733369
7733883
7733983
7737087
7737612
7738375
7739499
7742170
7742694
7743395
7744376
7744496
7744555
7744732
7748856
7749070
7749598
7751730
7753686
7754514
7754981
7757162
7757347
7757561
7757840
7758802
7759127
7759258
7760442
7761762
7764532
7764871
7765381
7765466
7767036
7770206
7770409
7771165
7771425
7771923
7771951
7773265
7775065
7775066
7779404
7780286
7780633
7780794
7786470
7789083
7789103
7790683
7790983
7792269
7794768
7798532
7798670
7798695
7799802
7800085
7800231
7801144
7801662
7803241
7803685
7807657
7808806
7810508
7810981
7814706
7815450
7816295
7817635
7818977
7821206
7821252
7823680
7824158
7826041
7827354
7828967
7829323
7831026
7831243
7832258
7834606
7835154
7836848
7836997
7837341
7837804
7838149
7838865
7839340
7839867
7840405
7841984
7842745
7843262
7843428
7844977
7846051
7846886
7851694
7852325
7854239
7855530
7855994
7856008
7856817
7857390
7857614
7857995
7858540
7858682
7859609
7860505
7861782
7864345
7864506
7865140
7865407
7865411
7865931
7866792
7867631
7869305
7869776
7870367
7871072
7871499
7872413
7872428
7872898
7873512
7874531
7874632
7878113
7878195
7878621
7879125
7881176
7881524
7881743
7883336
7884148
7884267
7884472
7885399
7886456
7887405
7889395
7889525
7890324
7892129
7892354
7893768
7894043
7895187
7895619
7897688
7898431
7898462
7899840
7900334
7901061
7901806
7901964
7902696
7903371
7906065
7906630
7908918
7909378
7911292
7913475
7915346
7918174
7919512
7920528
7920936
7921339
7922503
7924563
7924822
7924876
7925537
7926913
7927839
7929947
7930085
7931138
7931459
7935522
7937795
7937817
7937897
7938030
7938618
7938772
7938904
7938957
7939844
7940112
7943558
7943819
7944883
7945955
7946445
7947394
7947593
7948932
7950972
7952239
7952983
7957815
7959049
7960002
7960695
7962362
7962860
7964255
7964683
7964773
7965315
7966256
7966747
7967027
7968609
7968623
7971473
7972334
7972380
7972952
7975285
7975461
7976372
7977952
7979449
7979503
7981473
7982434
7983586
7986313
7986544
7990525
7990555
7992786
7993200
7994431
7994770
7997026
7997897
7999051
8000155
8002855
8002987
8003028
8006227
8007707
8007781
8007824
8009150
8009310
8010151
8013615
8014341
8015686
8016078
8016297
8017100
8017465
8017899
8018193
8020438
8021512
8024849
8024927
8025030
8025076
8025526
8027682
8027735
8030501
8032472
8032543
8035811
8037310
8037609
8040191
8040496
8041280
8041650
8042380
8042756
8044111
8044141
8044271
8044515
8045013
8045325
8046249
8046673
8048541
8048771
8049603
8050109
8051126
8052207
8052769
8052914
8052955
8052971
8053000
8053571
8056312
8056952
8058319
8058874
8059529
8062397
8062504
8062509
8063434
8065639
8065777
8066132
8066239
8067990
8068199
8069287
8069821
8070212
8070422
8070485
8070699
8070884
8071606
8072723
8072763
8073608
8075738
8078638
8078833
8079231
8079694
8080853
8080936
8081807
8082285
8082449
8084017
8086107
8086131
8087662
8089972
8090022
8090688
8095089
8095137
8095192
8095530
8095776
8097487
8099278
8100861
8101626
8101784
8102010
8103229
8105067
8105555
8106071
8106304
8106396
8106913
8107209
8107254
8110330
8111188
8111469
8112001
8112801
8113187
8113297
8113335
8113640
8113923
8114143
8114827
8115127
8115409
8115992
8116839
8116911
8118197
8118903
8119827
8120647
8121085
8121695
8122083
8122899
8123089
8123302
8123620
8124411
8125651
8126069
8126566
8127379
8128280
8128911
8128948
8130824
8130930
8134267
8134581
8135085
8135142
8135605
8137085
8137733
8138386
8139714
8140362
8143495
8144446
8145494
8145622
8146402
8146960
8147832
8148897
8150568
8151679
8151988
8152168
8152776
8152893
8154590
8158436
8159024
8159329
8159487
8159531
8159691
8160826
8160878
8161592
8163574
8165092
8165347
8165561
8165768
8165832
8166027
8167693
8168797
8169244
8169478
8169743
8169992
8170217
8170955
8171080
8171268
8172154
8172857
8174238
8175891
8176933
8177164
8177883
8178339
8179345
8180030
8180246
8180392
8180966
8182022
8182720
8184982
8185590
8188034
8189434
8190244
8190570
8195821
8196047
8197069
8198134
8198803
8199704
8200853
8202376
8202579
8205912
8208853
8209604
8210518
8210594
8212390
8213188
8213592
8214679
8215298
8217319
8217839
8218344
8220270
8222670
8222973
8224759
8225932
8226618
8226771
8226900
8226960
8226965
8228805
8229494
8229995
8231039
8233395
8234365
8235054
8237469
8238546
8240485
8241331
8241376
8245135
8245769
8245864
8246667
8247810
8248232
8248671
8251659
8255162
8255864
8257482
8257513
8257697
8259577
8259636
8260558
8261422
8261743
8263239
8263768
8264381
8265986
8266263
8268884
8271161
8271414
8272797
8273537
8273689
8273823
8278529
8279383
8279867
8279920
8280297
8280727
8282532
8282706
8283507
8287169
8289773
8292166
8292480
8292494
8292534
8292913
8292996
8293977
8296364
8296815
8296931
8297054
8297494
8299042
8300318
8300630
8300875
8300928
8303255
8303360
8303864
8304981
8306476
8306936
8307556
8307619
8307971
8308461
8308781
8310197
8310373
8313540
8314537
8314662
8315978
8316614
8317426
8318007
8318254
8319993
8320638
8321130
8324418
8325074
8326064
8327726
8328382
8329096
8329306
8330032
8332406
8337293
8339777
8340401
8344323
8345017
8347352
8347835
8348244
8349785
8350114
8350535
8350739
8351166
8351464
8351928
8352920
8354141
8355059
8355081
8357754
8359117
8359719
8360202
8361381
8361393
8361684
8361709
8362120
8363538
8369184
8371036
8371217
8371328
8372148
8372296
8376803
8376885
8379141
8379285
8380210
8381766
8382157
8385770
8387211
8387834
8390660
8393523
8394223
8394630
8394736
8396284
8396936
8398236
8398473
8400107
8400823
8401523
8401557
8401939
8404070
8404511
8405655
8405859
8406454
8406858
8407152
8407442
8408423
8408464
8408627
8408930
8409365
8410313
8411999
8412505
8413140
8414683
8414965
8415042
8417018
8418919
8419680
8419856
8420095
8420124
8421401
8422597
8426154
8427291
8428573
8429112
8430347
8431780
8432479
8433892
8434002
8439653
8440155
8440404
8442133
8443050
8445366
8446455
8447377
8448428
8449692
8452628
8454077
8455051
8455619
8455925
8457045
8458234
8458846
8459461
8459780
8460711
8461254
8463325
8464063
8465057
8465644
8468835
8468983
8469063
8470024
8470105
8472951
8475531
8475848
8476112
8476169
8479065
8479879
8480894
8482016
8483367
8486902
8489239
8490343
8490620
8490738
8491335
8493225
8494950
8497933
8498093
8498282
8498634
8499275
8499305
8500085
8500738
8501450
8502664
8504213
8505980
8506536
8507057
8507838
8508932
8509459
8513165
8513320
8514008
8514500
8514600
8515681
8516364
8518047
8519145
8519335
8519599
8520400
8520756
8521595
8522856
8523121
8526053
8526099
8527324
8527447
8527453
8530770
8530994
8531394
8531800
8534783
8535987
8538691
8540691
8541531
8541928
8544400
8544667
8544814
8545763
8547692
8548188
8548722
8549703
8552060
8553075
8554857
8557148
8557803
8557994
8558296
8558440
8559054
8559335
8560157
8560465
8561202
8562291
8562597
8562838
8563005
8563248
8563513
8563572
8563846
8564773
8565869
8567983
8570730
8573521
8574038
8574663
8576328
8576587
8577115
8577631
8579781
8579833
8580760
8582001
8583373
8587880
8589820
8590831
8591216
8591751
8592015
8592106
8593628
8594781
8594932
8595619
8596486
8596566
8597970
8598872
8599697
8601591
8602898
8603403
8605337
8606902
8608238
8608539
8608726
8610609
8610797
8611012
8611379
8612357
8613042
8613338
8614483
8614711
8616334
8620789
8620888
8623854
8625369
8626604
8626858
8628098
8629534
8633950
8634173
8637365
8637891
8639506
8641204
8641801
8642994
8644016
8644220
8646207
8647005
8647378
8648868
8649304
8649773
8650755
8650961
8651958
8652241
8653161
8653532
8654165
8656161
8656482
8656508
8657424
8657670
8657831
8657923
8659240
8660849
8661077
8662245
8663123
8665624
8667374
8668484
8670153
8670434
8670805
8671465
8672366
8673431
8677194
8677264
8677781
8679339
8679460
8679581
8680035
8680573
8680641
8683495
8684498
8684891
8685014
8685153
8685806
8685928
8685963
8687108
8687542
8687827
8691834
8691863
8692110
8692557
8692560
8696417
8697171
8697292
8697909
8698260
8698367
8700857
8701080
8701390
8703336
8703386
8704249
8704357
8706150
8711591
8711760
8714242
8714339
8714924
8715821
8716434
8720230
8721594
8721899
8722858
8723229
8723838
8726886
8728312
8728608
8729064
8731220
8732286
8733658
8734353
8735162
8737051
8738376
8738605
8738665
8740055
8741868
8741981
8742306
8742456
8743914
8744480
8747698
8749435
8750044
8750802
8750940
8751201
8752184
8752507
8752511
8752992
8753202
8753432
8753441
8753634
8754688
8755000
8757402
8757511
8757572
8757876
8758400
8758427
8758705
8760593
8760770
8761994
8762967
8763708
8766377
8767831
8768171
8768725
8768995
8769831
8770570
8771550
8772646
8774440
8775604
8775983
8776422
8776635
8776927
8777424
8779689
8780158
8781042
8781738
8782632
8783176
8784432
8785494
8787442
8790340
8790645
8792687
8794252
8795358
8795847
8796402
8797541
8799024
8801600
8802886
8803515
8803993
8805293
8806470
8806793
8806905
8807847
8808660
8809408
8810098
8812018
8812738
8814881
8817113
8817173
8817262
8819039
8819244
8819974
8820852
8821293
8821390
8821978
8822555
8822651
8822669
8823910
8826144
8826642
8829901
8830636
8831403
8833763
8834762
8835791
8836956
8839195
8840252
8842042
8843034
8843216
8843994
8846007
8846132
8848047
8848133
8848710
8848713
8848721
8849486
8849845
8850467
8850585
8851532
8852761
8855814
8857790
8858092
8859107
8859286
8859754
8861654
8862158
8862208
8862334
8864772
8865423
8866490
8866650
8867384
8867589
8869427
8872294
8872360
8873075
8874650
8875360
8876034
8878056
8881367
8881839
8883843
8885782
8886643
8887514
8888048
8888634
8889057
8890916
8890975
8892809
8892824
8893860
8897796
8898213
8900594
8901367
8903933
8904290
8904659
8906037
8907323
8907907
8908008
8909173
8911255
8913090
8917137
8919106
8919623
8919896
8920062
8920809
8921253
8922704
8923061
8923294
8923976
8924133
8926507
8926632
8927196
8927440
8927517
8928088
8928149
8928391
8933998
8936864
8938453
8939365
8939518
8940353
8940846
8941874
8942486
8945452
8945901
8946597
8948451
8951348
8953504
8953736
8953952
8954604
8955565
8955615
8956998
8957319
8957590
8958818
8960944
8962109
8964099
8964619
8966152
8967150
8967240
8968249
8968706
8968812
8970099
8970710
8970815
8970926
8972950
8975905
8976866
8977511
8977614
8980562
8982384
8983158
8983754
8985701
8986548
8987315
8987939
8990422
8992436
8992843
8993560
8994019
8995536
8995748
8997325
8999814
9000646
9003518
9003743
9004277
9006386
9006720
9007683
9008689
9009244
9009252
9011141
9011856
9013879
9013880
9014451
9016008
9017607
9021070
9021983
9024040
9024277
9025929
9026642
9026805
9027168
9028534
9029219
9029242
9029541
9030318
9031884
9032122
9032868
9037818
9038108
9038667
9040115
9041420
9041716
9042181
9042839
9043353
9044850
9045115
9046592
9048873
9051807
9053205
9053721
9053855
9054346
9054448
9055737
9056720
9057546
9059419
9061958
9062083
9062441
9064077
9064413
9065003
9066468
9067425
9067431
9068164
9069902
9070354
9070727
9071198
9071914
9072273
9072318
9072383
9073554
9073680
9074996
9075224
9075880
9077927
9078470
9078825
9080370
9080794
9083791
9084383
9084655
9086272
9086747
9088072
9088637
9088977
9091239
9091549
9092051
9092570
9093351
9093992
9094245
9094883
9096383
9098260
9098866
9099392
9100762
9103863
9104883
9105040
9107384
9110302
9111412
9111526
9114402
9114940
9115285
9115443
9116183
9116991
9119493
9120733
9120893
9121652
9124958
9125083
9125950
9128127
9128678
9130634
9131021
9132455
9132877
9133378
9137003
9138074
9138539
9138567
9138599
9138973
9139976
9140828
9141510
9141993
9142266
9144045
9144263
9145120
9147342
9151124
9151738
9154039
9154240
9154991
9156198
9156435
9156477
9157880
9158914
9160239
9160244
9162625
9164260
9164576
9165552
9166481
9167455
9169349
9169428
9171718
9172870
9173233
9173686
9176343
9183357
9185202
9187817
9189109
9191443
9191550
9191705
9193591
9193807
9193870
9194363
9194585
9195613
9195727
9197544
9198357
9198614
9198932
9200577
9200874
9200918
9201553
9205408
9205567
9206215
9207165
9207453
9208546
9208725
9208733
9209635
9211151
9212005
9212463
9212931
9212961
9214309
9215669
9215815
9217091
9219283
9219579
9221136
9221662
9221884
9221904
9221942
9224444
9225555
9226148
9229949
9231176
9231302
9231594
9233360
9233989
9235080
9236274
9237640
9240055
9240447
9240674
9241349
9242500
9244155
9245530
9245651
9247095
9247297
9247323
9247920
9248141
9253130
9255797
9255873
9256083
9256339
9257200
9259064
9261106
9262191
9263986
9266146
9266194
9267501
9268862
9268884
9269110
9270032
9271389
9272617
9273458
9273696
9275025
9276978
9277438
9277496
9277844
9278053
9278261
9279174
9279310
9280206
9280209
9280929
9281851
9282898
9283980
9285216
9285446
9285520
9287283
9288251
9289228
9289769
9290950
9292447
9298633
9299570
9299612
9303727
9304018
9307073
9307621
9307674
9310240
9310703
9310764
9311178
9311469
9312075
9313633
9315387
9316368
9319637
9320480
9321241
9321739
9322522
9322993
9324245
9326475
9326494
9327075
9327164
9327721
9327744
9328053
9328268
9328539
9328700
9329218
9331713
9332270
9332849
9334439
9334482
9335217
9335498
9335761
9339447
9339507
9341379
9343521
9343645
9345224
9346212
9347677
9347734
9351559
9352991
9354313
9355076
9356243
9356757
9357790
9357962
9358422
9358644
9359620
9359831
9360810
9361182
9361266
9361445
9361848
9362361
9363900
9366529
9367679
9367853
9370287
9373788
9373961
9374322
9374886
9375220
9375259
9376410
9376465
9377790
9378776
9380202
9381296
9381726
9382194
9382361
9384645
9384918
9385058
9387573
9390340
9393864
9394982
9395555
9396479
9397324
9397527
9398495
9398699
9399159
9402556
9404110
9404154
9404383
9404516
9405142
9405375
9406572
9412943
9413617
9414471
9414828
9417780
9418020
9418133
9418285
9420275
9425149
9425430
9425444
9425590
9426135
9427100
9427743
9429632
9429816
9430297
9430519
9433495
9433627
9433727
9433956
9434722
9437211
9438097
9438985
9440261
9441889
9443812
9445356
9447086
9447302
9450306
9451586
9451627
9451975
9453054
9453120
9453785
9454228
9454403
9455478
9455759
9456094
9456520
9456967
9458300
9458749
9460196
9461786
9462521
9462930
9464172
9464994
9465463
9465857
9467460
9467477
9467667
9468826
9471087
9472366
9472722
9473992
9474976
9476413
9477160
9477709
9478037
9478633
9479159
9479315
9481074
9481297
9482397
9483561
9486174
9486816
9487061
9487835
9488191
9490500
9490765
9492491
9492724
9492909
9494087
9498716
9499892
9500832
9501161
9502934
9503144
9506274
9507837
9508826
9508923
9508927
9509660
9509825
9510921
9515537
9516143
9517134
9517765
9517967
9518246
9519912
9520046
9520658
9520949
9521119
9522515
9523505
9524917
9525623
9527861
9528101
9528366
9530530
9532076
9533737
9535582
9538265
9538596
9538897
9538975
9540832
9541712
9544608
9547164
9547435
9549064
9549076
9552592
9552856
9554483
9556477
9557685
9558017
9559077
9559164
9559575
9559600
9560119
9560279
9560430
9561529
9564491
9565146
9565631
9566005
9566023
9566045
9566364
9566578
9568533
9568810
9568922
9569004
9569240
9569692
9570189
9570858
9571475
9571676
9572708
9573997
9574604
9575219
9576860
9577654
9578685
9578963
9581013
9581343
9581880
9581944
9582392
9583551
9585057
9585517
9585885
9585904
9586871
9588926
9589028
9589422
9589626
9591233
9591357
9592143
9592225
9594134
9596230
9596257
9596350
9597939
9598265
9598853
9599282
9599382
9599496
9602723
9603842
9604302
9605570
9607450
9607485
9609123
9609564
9610088
9610346
9611408
9612511
9613380
9615211
9617502
9618841
9618904
9619797
9620526
9620968
9621675
9622154
9622311
9623422
9623720
9624666
9625823
9628010
9629279
9630051
9630184
9630342
9630569
9631789
9631858
9633325
9633830
9634098
9634364
9635502
9637717
9637824
9640451
9640758
9640878
9641033
9644085
9645841
9645962
9647147
9648021
9648384
9648804
9650200
9651328
9651619
9651691
9651780
9652422
9654184
9661065
9661438
9662986
9664567
9666858
9668212
9669401
9670937
9671141
9671431
9671982
9672109
9672360
9672677
9673093
9678098
9680850
9680981
9684135
9684257
9684823
9685619
9686127
9686272
9687130
9690002
9690061
9691631
9694331
9694718
9697549
9697692
9698346
9698362
9698671
9700624
9703171
9704108
9704623
9704717
9704941
9705039
9706426
9706516
9706944
9707902
9708517
9709108
9709652
9710631
9713252
9715185
9716127
9716137
9716999
9717450
9717665
9717860
9718207
9719259
9719346
9719435
9720975
9721501
9721635
9723967
9724993
9726296
9726889
9727142
9727331
9727454
9727662
9728896
9729340
9729576
9730541
9732164
9733936
9736671
9737435
9738028
9738591
9739899
9740099
9740967
9742563
9742594
9744377
9744460
9745262
9745351
9746566
9748056
9748999
9750962
9751169
9753025
9753043
9753632
9761957
9761965
9761987
9762504
9762589
9762613
9763909
9767318
9769542
9771053
9771581
9771983
9772168
9778017
9778924
9779540
9781056
9782096
9782702
9782858
9784364
9787490
9787933
9788041
9788534
9793586
9795635
9795769
9797894
9798175
9798543
9799318
9799353
9799895
9800569
9800954
9802571
9803306
9804195
9804293
9806374
9807144
9807147
9807598
9807630
9808732
9810026
9810140
9810434
9811712
9812177
9812403
9812623
9812704
9813340
9814706
9815719
9817282
9820609
9821057
9821194
9821353
9823793
9824014
9824072
9824080
9825744
9825994
9826460
9826576
9826948
9827428
9827616
9827692
9827923
9828872
9828961
9829411
9832977
9833998
9836557
9837366
9837646
9838158
9838418
9838423
9838572
9840219
9842406
9842730
9842824
9843811
9844076
9844077
9844792
9845745
9848065
9849212
9850249
9851200
9851285
9851906
9852716
9853706
9856502
9860107
9860191
9860669
9861188
9862030
9862051
9863180
9864586
9865726
9867507
9869720
9870242
9873347
9873351
9873408
9873718
9875493
9876703
9878313
9879743
9879932
9880462
9881904
9882276
9882336
9882842
9883240
9885495
9885881
9886024
9886518
9886944
9887657
9888227
9888534
9888864
9889858
9890121
9892057
9892102
9892677
9893204
9894542
9895151
9897581
9898144
9899525
9899832
9899851
9899976
9900904
9901136
9901995
9902081
9902685
9903782
9905232
9905723
9906309
9906984
9907161
9908123
9908220
9909218
9909305
9909570
9911217
9911576
9912597
9914044
9917252
9917615
9918200
9918681
9918764
9918882
9919119
9919973
9920818
9925138
9925148
9925800
9926275
9927360
9930450
9930688
9932430
9932452
9933442
9934112
9934219
9934302
9935463
9937969
9938450
9941273
9941776
9941817
9942441
9943531
9944302
9944392
9944477
9945014
9945503
9947818
9947949
9949170
9951524
9952147
9952207
9952497
9953248
9954046
9957141
9959260
9959450
9959903
9961916
9961969
9964178
9965538
9966643
9970989
9971313
9973606
9973771
9974914
9977057
9978314
9978871
9979331
9979606
9980760
9981251
9986677
9986983
9988483
9988585
9989217
9989367
9989948
9990851
9991007
9992954
9993023
9994447
9994486
9995513
9998175
9999081
9999577
9999996
