692
1322
1380
1561
2611
2835
3075
3287
5186
5458
6300
6776
9448
9526
11001
11102
11398
11980
13329
17346
18253
18450
19497
19737
21799
22059
23556
24026
24421
24825
25460
26292
28335
29873
31081
31961
32457
33198
33445
35650
36639
38462
38669
39174
40200
41986
43592
43904
44286
44855
45200
46098
46104
46884
48911
49784
51612
52160
52270
53558
53800
54441
54544
54788
54830
54875
56203
57899
58939
61285
61672
63489
64817
65185
65978
66735
67004
69366
69965
72831
74164
75260
77441
77685
79631
79870
79940
80775
80851
82109
82896
82953
86182
86233
86705
87271
88226
90477
92957
94707
94753
94942
96947
97254
97837
98277
98673
98845
100325
105033
107386
108672
109475
110301
110711
112791
115228
117985
118196
118451
120623
121373
121505
122046
122940
125057
125232
125469
126160
126888
127000
128254
128885
129928
130120
130130
130256
130314
130846
131856
133331
136857
137072
139152
139927
141567
142540
142864
144376
144866
145072
145113
145595
148473
149895
151549
153223
153272
154321
154403
154944
155150
155780
157069
159300
160134
162203
163214
164995
165777
166934
167348
170307
171114
172754
174287
175679
176600
176885
177689
178500
184915
184939
186824
186835
187130
187809
188285
189026
189861
192892
194871
198801
199167
200860
203684
203874
204587
206933
207365
207703
207847
208634
209284
209613
210733
210754
210808
210849
211203
213468
213799
213848
217235
218589
218595
219374
219772
221830
221961
222366
223157
225432
226367
226547
227034
227872
228616
228862
229444
229967
232359
233700
234539
235645
235953
235956
237722
238928
239106
240075
240486
240709
241037
241059
243687
245113
245137
245337
247044
247603
247818
248939
249904
250874
251460
253195
254473
255243
255969
256675
257357
257527
257570
257991
258378
260964
261568
262036
262563
262692
263140
263305
263404
264121
264755
264849
265354
265399
265972
266850
266917
269868
270064
271766
272128
272364
273392
274662
275461
275595
275631
275935
276321
276573
277819
278556
280775
281616
282500
284419
284542
285610
286376
286756
287324
287493
291966
292879
293132
294036
294170
294498
297034
300592
301037
301782
303765
304048
304492
304709
305966
306612
306951
306996
307611
309031
311343
311650
311661
312030
313655
313886
316177
316272
316462
319734
323923
325250
325626
325811
326802
327479
328011
328116
329402
330129
330155
330267
332008
332193
332442
332806
335771
336397
336787
339426
340713
342468
342936
343735
344534
347208
347864
348403
348633
350462
351013
353040
353634
353715
353920
355240
356260
356897
357075
358801
360494
360624
361097
364983
365135
365335
366750
367846
368684
369980
371421
372548
372803
373602
374226
374833
375185
375874
376556
381029
382842
384956
385396
385790
387354
387405
388273
388400
388768
389435
389941
390797
392242
392785
394263
394479
395660
396400
396764
397615
397623
398512
398894
399997
401364
401579
401713
402439
403618
404321
404322
406786
409944
411417
411682
412304
412606
413078
413612
414253
415339
415573
415651
416893
417941
418098
419427
419666
421085
421237
423663
423732
423759
424864
425734
425738
427586
428045
430630
431888
432297
432713
436661
436741
437239
438613
440473
440675
441684
441959
445601
446174
447550
449110
449166
449371
449716
450288
450408
452127
453214
453880
455041
457692
458316
458769
458989
459444
459722
460170
461371
462100
462249
463690
464087
464963
465187
465792
466576
467514
471029
471317
472880
472901
473348
478545
478854
481764
482548
483912
484422
488237
488362
491005
491859
494111
495115
496574
496580
497114
498105
498553
499079
499868
500317
500460
500889
502113
502379
502421
503668
504218
504260
504496
505030
505996
510916
511247
511684
512345
512454
512584
513810
514120
514395
514974
515312
518754
519141
520199
521776
521881
522834
524936
525613
526409
527235
530199
531181
533700
534121
534624
534670
535155
535550
536601
539604
540860
540972
541616
544054
548314
552301
552704
556296
558675
558785
559210
562801
563410
564523
564619
567476
569148
569149
570439
570510
570658
570871
572818
574522
574917
575664
578363
578879
579789
580051
580238
580345
580785
582325
582509
582712
584549
585343
586343
586969
587649
589304
590140
591219
593266
593515
595261
595547
595757
596514
596722
597295
597539
597901
598190
598249
598302
598716
600640
601301
602001
602376
602545
603727
607572
608466
609061
609104
609239
611854
612048
612878
613388
616088
616275
616455
617063
617182
618571
621062
621669
622689
622809
623340
624718
626788
627810
628399
629710
630319
631747
632182
632222
636753
637214
638685
639847
640792
641002
641710
642836
643625
644248
644714
646022
646080
646941
649615
651575
652030
652768
653474
654743
656099
656256
657030
657153
658114
659090
664589
664949
665202
665283
666345
667365
667435
667677
669218
669332
669547
669807
669922
671355
671398
671558
672389
673609
675339
677292
677921
679247
679677
680228
680931
681516
681691
682840
684242
687000
688503
689138
689525
689964
690267
690425
691416
691818
692940
693127
693325
693442
694201
694550
694831
695326
695493
698472
700722
703751
704586
705023
705039
705268
706056
706386
706863
708675
710974
713207
715566
717498
717636
721048
722809
725419
727481
728181
729654
732029
733008
734727
734901
735174
735512
737650
738134
739791
741187
743371
743500
743539
744870
745862
745957
746412
747349
747463
748094
748184
748380
748880
749271
751499
752947
753332
755352
756519
757622
761038
761959
763141
763570
763591
764880
765742
766552
767818
768162
769305
771369
772211
773510
773959
775629
777706
781044
784082
784115
785388
785731
785843
787233
787846
788583
789916
791975
792645
792781
792965
797269
797290
797380
798133
798557
798975
799934
803371
803663
805554
806831
808513
809457
809692
809863
810116
810809
811758
812522
814313
818199
818364
821531
821575
822988
825926
827986
828719
828814
830092
834485
834745
836122
836867
837178
837331
839703
840241
840891
842188
842949
843094
843636
844964
845372
845908
846391
846823
847321
847401
847562
847630
847693
847861
849240
851414
853134
853848
854835
855585
855776
855999
863773
864967
865247
865361
865766
866410
867283
868040
869008
870643
870924
872959
872966
875950
876206
876701
877801
877835
877887
878051
878465
878567
878722
879308
879726
879785
880706
883448
883952
884276
884607
885169
885301
886127
887200
887801
889741
891727
894317
894767
895960
896994
897210
898542
898636
898808
900299
900543
901272
902705
902935
903223
903750
906933
910637
912159
912910
913030
913675
913695
915368
915583
916982
919590
921314
922165
923138
923325
924798
926062
926471
927244
927447
927508
929374
930654
931861
933073
936972
936994
937617
938095
938454
939556
940751
940823
941612
942134
942607
942990
943575
943951
946163
947467
947950
949776
949813
950862
951854
952247
952804
954427
954727
955601
956173
956435
957976
958580
958997
959390
959742
959768
960543
960711
961910
962572
970437
972814
974528
975109
976517
977213
978105
978484
979819
979899
981594
981740
981979
982178
984369
984567
986002
987928
988865
989772
992144
992153
992330
994595
995634
995788
995880
997066
998112
999524
999555
1000236
1000452
1000641
1003252
1003542
1003793
1007359
1007918
1007923
1008711
1008892
1008919
1009288
1009482
1010390
1012738
1013159
1015265
1015630
1015693
1015962
1016363
1017208
1019948
1021107
1021252
1021399
1022120
1023155
1023185
1023459
1024370
1026389
1027397
1032150
1032834
1035126
1035624
1040029
1041598
1041927
1042740
1042920
1044436
1045919
1046786
1047573
1047952
1047992
1049224
1049275
1049727
1050506
1053073
1053445
1054928
1055512
1055955
1056726
1056732
1057806
1058713
1060698
1061558
1061966
1062089
1062999
1063388
1064054
1064162
1064462
1065139
1065197
1065285
1065731
1066850
1067460
1067838
1069318
1070951
1072722
1073433
1074419
1076501
1076560
1080483
1081997
1082535
1083352
1083414
1083907
1084496
1085929
1087261
1087641
1088206
1088769
1090132
1091040
1091304
1092336
1092416
1092786
1093589
1093868
1094300
1094385
1095221
1095250
1096217
1097867
1099338
1099666
1102214
1103730
1103790
1104762
1107173
1108291
1109487
1110267
1110461
1112522
1112602
1113154
1115531
1118728
1118772
1118904
1121842
1125251
1125366
1127121
1127389
1129346
1129600
1132993
1134593
1134822
1135538
1138472
1139869
1141299
1142019
1142225
1142451
1143495
1143816
1144523
1145662
1146152
1146486
1146882
1148163
1149433
1149669
1150377
1152205
1152512
1153180
1153821
1154611
1155261
1156439
1156802
1157622
1158196
1159368
1159581
1161008
1161881
1162359
1163968
1164707
1164975
1166929
1167860
1168625
1168687
1170154
1171594
1171680
1173743
1178188
1179006
1179135
1179744
1180503
1181276
1181790
1183385
1183786
1184593
1185044
1186134
1187449
1188905
1192326
1193619
1193704
1195469
1196636
1198650
1199531
1199606
1199633
1199797
1199925
1200451
1202625
1203111
1205361
1205803
1207197
1209229
1209589
1209627
1210278
1210576
1211580
1211875
1213931
1214381
1215137
1217672
1217708
1219319
1219503
1219876
1220395
1221570
1222209
1223040
1223086
1223485
1223798
1223914
1224078
1225831
1225936
1226408
1226808
1227382
1228058
1229576
1231580
1231897
1232783
1232837
1233122
1233162
1233604
1234072
1234537
1234684
1234777
1234780
1234841
1235640
1236213
1238154
1239897
1244156
1247673
1248712
1249853
1249954
1250397
1251218
1251308
1252409
1253429
1253540
1253774
1254999
1255706
1256250
1257651
1257956
1258093
1258376
1258570
1258903
1259442
1260251
1260624
1261316
1262804
1264072
1264320
1265042
1265460
1266605
1268047
1269023
1271401
1271600
1273037
1273045
1273189
1273526
1273621
1273903
1274762
1275031
1275300
1276925
1278817
1279010
1279192
1279495
1279972
1280095
1280937
1281048
1281063
1283377
1284419
1284912
1285904
1286600
1286629
1287159
1287388
1289921
1290401
1290946
1293049
1293654
1293766
1295501
1295611
1301495
1302217
1303334
1303514
1305735
1306051
1308017
1308475
1309125
1309392
1309460
1311211
1311727
1312788
1313430
1313445
1315800
1316486
1317404
1317424
1317847
1317928
1318173
1318341
1318399
1319172
1320242
1321417
1322415
1326575
1326579
1327380
1331491
1332003
1333319
1335935
1337963
1338080
1339014
1339159
1339811
1341526
1341704
1343711
1347757
1348236
1348858
1354638
1356488
1357103
1357810
1358071
1359848
1360180
1360731
1361911
1362801
1363987
1364174
1364925
1366374
1367087
1368133
1368268
1370757
1370893
1373722
1375360
1375569
1377780
1379192
1379289
1379673
1381522
1384252
1386075
1386165
1387367
1390461
1391376
1393481
1394448
1396089
1396736
1398513
1401627
1402673
1402755
1403180
1404819
1404850
1405424
1407012
1407031
1407037
1408110
1408281
1414021
1414128
1414367
1415918
1418185
1418525
1419100
1419850
1420158
1420494
1421939
1422528
1422791
1422854
1424217
1425892
1427044
1428023
1428930
1429061
1430134
1431261
1433828
1433837
1435400
1437067
1438198
1439293
1440867
1444407
1445930
1446575
1446674
1446970
1447010
1448065
1448705
1449211
1449401
1450495
1451548
1451886
1451953
1455013
1455565
1456313
1457331
1458370
1460807
1460980
1461410
1461634
1463198
1464129
1464367
1465231
1465476
1465670
1465815
1466355
1466847
1467307
1467789
1467965
1468158
1469174
1469728
1471085
1471287
1472215
1473259
1475509
1476192
1478435
1478686
1479161
1479759
1480581
1482118
1482623
1484198
1484261
1484544
1484615
1484759
1485208
1487213
1487601
1487702
1490693
1490703
1491413
1491556
1492179
1495897
1496715
1496918
1497832
1498817
1499709
1499839
1501773
1502061
1503805
1505550
1506698
1508635
1508890
1509639
1511414
1512950
1513094
1513123
1513267
1514637
1515663
1516740
1520040
1522937
1524147
1525320
1527483
1527595
1527647
1527975
1528066
1528252
1528430
1528968
1532177
1536723
1539232
1541548
1542471
1543899
1544222
1544659
1547124
1549033
1551097
1552124
1553285
1553545
1554470
1555035
1555771
1556343
1557679
1558177
1558845
1559806
1561140
1562092
1562426
1563247
1563279
1565745
1567278
1567565
1568150
1570797
1571979
1573855
1575065
1575569
1576339
1576552
1579615
1582023
1585030
1585926
1587297
1588161
1588476
1588748
1590123
1591450
1592173
1593108
1593456
1594240
1594252
1598942
1599019
1599021
1599273
1601614
1601746
1604584
1605058
1606587
1606641
1607679
1607690
1609979
1610325
1610480
1615240
1615332
1615451
1615654
1617516
1618965
1620208
1621541
1621856
1622281
1623205
1623256
1623619
1624312
1625313
1625585
1627089
1628625
1629634
1630324
1631028
1631611
1631930
1634247
1634331
1634407
1634594
1636531
1640236
1641783
1641896
1644744
1645365
1645716
1645919
1647484
1647997
1648573
1649411
1650834
1651103
1651749
1651891
1652290
1652567
1653517
1653677
1653698
1654273
1654863
1654969
1655256
1655588
1658207
1660631
1661153
1661861
1664032
1664803
1665025
1665071
1665308
1665532
1665988
1666490
1666731
1667110
1668679
1669259
1669705
1671377
1672429
1672987
1673986
1674920
1675304
1676002
1676911
1676949
1677242
1677460
1679194
1681090
1682378
1683540
1683830
1683849
1684369
1684413
1685331
1685883
1686852
1688980
1690112
1690742
1691507
1692181
1693329
1693391
1693720
1695216
1695303
1695716
1696078
1696185
1698367
1699615
1702097
1703554
1705035
1705606
1705750
1706996
1707528
1707686
1707969
1708572
1710590
1714265
1716490
1718099
1718885
1719824
1722125
1722150
1722177
1724376
1725532
1726404
1727506
1728058
1728235
1728386
1731151
1731827
1732883
1733160
1733640
1733942
1734222
1738325
1739370
1739809
1742179
1742712
1742866
1743306
1743457
1744460
1744643
1745236
1747103
1747560
1748070
1748518
1748675
1749015
1749211
1749878
1751852
1754368
1756547
1758466
1758776
1758854
1759646
1759696
1762828
1765654
1766050
1766962
1768958
1769731
1773187
1774759
1775262
1775805
1775838
1775966
1776534
1778824
1779080
1780966
1781059
1782288
1782780
1784322
1784804
1784926
1786257
1786880
1787099
1789990
1790485
1791290
1791716
1792542
1793257
1793338
1793681
1794913
1795281
1795576
1796469
1797090
1797659
1797681
1798678
1799318
1799972
1800232
1800238
1801182
1801633
1801855
1803128
1803624
1804170
1809252
1809544
1811086
1812355
1814462
1814901
1815273
1816433
1816643
1817206
1818910
1819700
1822232
1822545
1824673
1825203
1825904
1826006
1826646
1827430
1828002
1828365
1829444
1830654
1834307
1834837
1834960
1835798
1836684
1836879
1837551
1837960
1838783
1839356
1840608
1840798
1842182
1842607
1846227
1847838
1849271
1850376
1851055
1851857
1851875
1852322
1853101
1853319
1853954
1855770
1857358
1858160
1858217
1860055
1860992
1863298
1863557
1864427
1864539
1867442
1868014
1868077
1868325
1868450
1872816
1872852
1874106
1874636
1874776
1875964
1876828
1877001
1877022
1878283
1879577
1879853
1880122
1882274
1882907
1883775
1884594
1884618
1886477
1889403
1889911
1894230
1900406
1900642
1900913
1901514
1901786
1901856
1902815
1905072
1906078
1906171
1907606
1907807
1908412
1911640
1912118
1913839
1914062
1915796
1917132
1918094
1918734
1918853
1919130
1919890
1919950
1920110
1921358
1921651
1923395
1924830
1924974
1925382
1926293
1926581
1926829
1929176
1929431
1929688
1931030
1931697
1932491
1933709
1934164
1934317
1934995
1935879
1937331
1937512
1938044
1938097
1939538
1941992
1942544
1944364
1944887
1945826
1946234
1947560
1950407
1950604
1950955
1953337
1953709
1955052
1957686
1960848
1961297
1962390
1962608
1962997
1963834
1964613
1965235
1967598
1967677
1969464
1972157
1972184
1972306
1972382
1972494
1972610
1972920
1976230
1981500
1981612
1981983
1984276
1984623
1986288
1989386
1989968
1989976
1991106
1993817
1994601
1997518
1997637
1998274
1999229
1999690
1999710
1999862
2001995
2003061
2003910
2004309
2004572
2005742
2006067
2006417
2007866
2007981
2014848
2015502
2019219
2019424
2021001
2022366
2022984
2023118
2025733
2026964
2027565
2028315
2028728
2029222
2030600
2031217
2033565
2033696
2033927
2034532
2035134
2035457
2036261
2037192
2037449
2037583
2038729
2041162
2041478
2042208
2042851
2043531
2044054
2044458
2044545
2045740
2046129
2046773
2047459
2048574
2049218
2050205
2053072
2053392
2054202
2055233
2055691
2057558
2059809
2062441
2063923
2064271
2064800
2066591
2067740
2068137
2068862
2071007
2071855
2072127
2073646
2074733
2074982
2076208
2077517
2078372
2078989
2079664
2080308
2081288
2081666
2081926
2083480
2085388
2085447
2085552
2085622
2085797
2087232
2088420
2090783
2092401
2093748
2093967
2097359
2098807
2099546
2100465
2101380
2103316
2103580
2106479
2107554
2107703
2108269
2110815
2111877
2113189
2115158
2119314
2120077
2121687
2123060
2123974
2124373
2124439
2125201
2125533
2126789
2127243
2128464
2128823
2130034
2131205
2133952
2134129
2135600
2136318
2139692
2140505
2140518
2140656
2143806
2147390
2147474
2147701
2148340
2148610
2148686
2149884
2150017
2151324
2151886
2151977
2152506
2152714
2153280
2154880
2155546
2159725
2162577
2162934
2163071
2163083
2166838
2168069
2170433
2170767
2171131
2171361
2171556
2172289
2173288
2174096
2174822
2175661
2177059
2177847
2178144
2178449
2178703
2178847
2181117
2181972
2183054
2184335
2184350
2184909
2185047
2185176
2185245
2186518
2188084
2191339
2191764
2193182
2193826
2194944
2195034
2196652
2197611
2198340
2199011
2200306
2201114
2201396
2201490
2203994
2205292
2206360
2209657
2210756
2212739
2216893
2216986
2218233
2221916
2222059
2223737
2224082
2224244
2227281
2228053
2230089
2233694
2233848
2235240
2235946
2236820
2238531
2239616
2240719
2240733
2241935
2242248
2244379
2245729
2247824
2248985
2250187
2250673
2250733
2251430
2251724
2251837
2252335
2253204
2253434
2254425
2254765
2256912
2258057
2258427
2259081
2261571
2266001
2266094
2267447
2268895
2269175
2269277
2270512
2271501
2271507
2271517
2271599
2271968
2274022
2274755
2275753
2276601
2277724
2278722
2279986
2280253
2282840
2282850
2283184
2283717
2284739
2285289
2285308
2287575
2288262
2289915
2290534
2290662
2291041
2291873
2291944
2292729
2293205
2293452
2293566
2294583
2295158
2295486
2296172
2296457
2298205
2298586
2300632
2300909
2302295
2304194
2304467
2304901
2305923
2309439
2310443
2313390
2313913
2315112
2316033
2316231
2316790
2318794
2323402
2325174
2325247
2327511
2328087
2328516
2330939
2334048
2334363
2334570
2335899
2336526
2339612
2341313
2341596
2343841
2344667
2348031
2348033
2348078
2348735
2348893
2348982
2351858
2354295
2355116
2355294
2355507
2356022
2357102
2357868
2359410
2361563
2363757
2364659
2365612
2365803
2366488
2366688
2366987
2367538
2367875
2368097
2372656
2374128
2374270
2374942
2377675
2380185
2380295
2380745
2381233
2381315
2382840
2383100
2383145
2383807
2384461
2386492
2386495
2389749
2389855
2390726
2393080
2394740
2395169
2396791
2397919
2399169
2401530
2401723
2403464
2404025
2405417
2406436
2406864
2408108
2408588
2410754
2412448
2415835
2417551
2417637
2421963
2422185
2422559
2423264
2424768
2425211
2425656
2427300
2427634
2430750
2431404
2431928
2432681
2433281
2434562
2437807
2437998
2440022
2440380
2441296
2444048
2444474
2445752
2448330
2448403
2448432
2449109
2450723
2452155
2454011
2456073
2457522
2457829
2458054
2458758
2458812
2461365
2462012
2463645
2464848
2467363
2471220
2474000
2474197
2475163
2475507
2477152
2477657
2478254
2478986
2479740
2480817
2482000
2483057
2483678
2483720
2484230
2484505
2486041
2486291
2486610
2487920
2488678
2489605
2491764
2492459
2492975
2493291
2496120
2496721
2497230
2498894
2498895
2502214
2507089
2507489
2512555
2513642
2515252
2515282
2515633
2516420
2517111
2520435
2522834
2524148
2524933
2528220
2528614
2529127
2529183
2530568
2531264
2531266
2532359
2533459
2534032
2534526
2536505
2536934
2538257
2539921
2539956
2541168
2541334
2543090
2543160
2544841
2545079
2545911
2547439
2547831
2550183
2550658
2552555
2552818
2554819
2557097
2558735
2559243
2561002
2561326
2563494
2565240
2566971
2567616
2568517
2571329
2572833
2574029
2574222
2574902
2575584
2576100
2576205
2576886
2579531
2580824
2581697
2581760
2581834
2583663
2584654
2586246
2588690
2588879
2590231
2590819
2592234
2592427
2594404
2594865
2597464
2598189
2598270
2601676
2603710
2605612
2606004
2606354
2606675
2607315
2608079
2608675
2609587
2609809
2609892
2611116
2611185
2611299
2611899
2612677
2613235
2614087
2614150
2614544
2614940
2615279
2615809
2616168
2618701
2622512
2622639
2624289
2625843
2625935
2626133
2626842
2628180
2630220
2633392
2635459
2638264
2638539
2640698
2640738
2641039
2642259
2642879
2643140
2643174
2644492
2644982
2645368
2645893
2648556
2649988
2650035
2651354
2653330
2654165
2654326
2656172
2657083
2657539
2658933
2659397
2659537
2660729
2662794
2663671
2665687
2666999
2667055
2667191
2668015
2668252
2670509
2672237
2675115
2675204
2675914
2676139
2676298
2677265
2677420
2677867
2678917
2680856
2682152
2682696
2683262
2683317
2685744
2686142
2686904
2689318
2689384
2690364
2691103
2692009
2692208
2692574
2693355
2696062
2696366
2697302
2699388
2700250
2700336
2701958
2703370
2704983
2705624
2706543
2709428
2709575
2710615
2711334
2711978
2712254
2713356
2714803
2716151
2717146
2717451
2718340
2719676
2719930
2721126
2721205
2721898
2722995
2723178
2723884
2724140
2724519
2725360
2726335
2728171
2728441
2729089
2729607
2731045
2732004
2732677
2733539
2737026
2738830
2739116
2739521
2739615
2739867
2741014
2741885
2742523
2742992
2744219
2744250
2744591
2746431
2746647
2749172
2752162
2753254
2754768
2756473
2756501
2756720
2756930
2758901
2758927
2761018
2763530
2764027
2764594
2767624
2768057
2768071
2768579
2769324
2769736
2769789
2770450
2771051
2771900
2772244
2774852
2775502
2777599
2779085
2781923
2782601
2783487
2784728
2786935
2788376
2789846
2790062
2790180
2793800
2795519
2796730
2797264
2797546
2798424
2799530
2800389
2800392
2800955
2804215
2804487
2805391
2806186
2806671
2807928
2807998
2808732
2809996
2811795
2813074
2813631
2813842
2816319
2818496
2819163
2819312
2820772
2821451
2821684
2822907
2823613
2824840
2824984
2825116
2826786
2827672
2828856
2832262
2834904
2837606
2838334
2838648
2839870
2841208
2841304
2843096
2845201
2845564
2846457
2847005
2849482
2849581
2850857
2851160
2851795
2851942
2852500
2854581
2855445
2856986
2860540
2860844
2863213
2863458
2864034
2864115
2864260
2867314
2867922
2868358
2868553
2868964
2869156
2870189
2871352
2873756
2873947
2875721
2876627
2876690
2876952
2878368
2878780
2880291
2880883
2881747
2883507
2884298
2886539
2886930
2887114
2888229
2890798
2894533
2898956
2900072
2901270
2904860
2907192
2908424
2908628
2908793
2910212
2913168
2920427
2921532
2921669
2922031
2922531
2922862
2923848
2923891
2925559
2926517
2927558
2928597
2928709
2929999
2931069
2931156
2932937
2933016
2935078
2936230
2937226
2937778
2938031
2939346
2940718
2941864
2943001
2943838
2943912
2945066
2946339
2947134
2947943
2949072
2949358
2950712
2950778
2950789
2951355
2951676
2954741
2957099
2957463
2958378
2960116
2960405
2961056
2962609
2962872
2963236
2964499
2966837
2967926
2970378
2970879
2971322
2972702
2972792
2973446
2973828
2974039
2975064
2975904
2977741
2977874
2978820
2979630
2979892
2982771
2984681
2985369
2987659
2988257
2988405
2989440
2989477
2990222
2992241
2993549
2994885
2995315
2995473
2995673
2995697
2996101
2998145
2998359
2999558
3000222
3000973
3001283
3001365
3001899
3003492
3003933
3004567
3005061
3005263
3008803
3008977
3009573
3011982
3012558
3013659
3014811
3014963
3018704
3018921
3019743
3020340
3022591
3024503
3025949
3026464
3029898
3033184
3033224
3033481
3033608
3034996
3036213
3037291
3038356
3038517
3038662
3039414
3039571
3039663
3040308
3040981
3043662
3044164
3045037
3045358
3048711
3049219
3051914
3052851
3053687
3054167
3054811
3055245
3055306
3055462
3056522
3058558
3059070
3060332
3060930
3061395
3063377
3065623
3066829
3066971
3067336
3067533
3068662
3070866
3072852
3072934
3073439
3073907
3073912
3074159
3075794
3076337
3078303
3080378
3080954
3081272
3081813
3083141
3084079
3084590
3088256
3088372
3090040
3090291
3091244
3095256
3095645
3097018
3097095
3099049
3099361
3100735
3100757
3101694
3102899
3104356
3104706
3106116
3106380
3109251
3110346
3110410
3110785
3111380
3111682
3113728
3114182
3114577
3115058
3115083
3115848
3117777
3120195
3120974
3121659
3121796
3126388
3126510
3129982
3130612
3130887
3131351
3133549
3133774
3134286
3135960
3137054
3137233
3138179
3139008
3139751
3143310
3144347
3145223
3145846
3146727
3147360
3147947
3151133
3152136
3153039
3154460
3154619
3156115
3156329
3156349
3159094
3160582
3160595
3160863
3161162
3163494
3163663
3163961
3164126
3164241
3164267
3165535
3165546
3165701
3165943
3167005
3167293
3167316
3167475
3168229
3170563
3173411
3175526
3175762
3177258
3177372
3178005
3178528
3178888
3179085
3182041
3182146
3183284
3184169
3185051
3185147
3185575
3186679
3187588
3187809
3191975
3192089
3192557
3193981
3194148
3194616
3195908
3198859
3199233
3199487
3200392
3201062
3202720
3204741
3204772
3205116
3206410
3208947
3209345
3210845
3211349
3213118
3215042
3215372
3215740
3216362
3216392
3218071
3218748
3221140
3221199
3221470
3221851
3222737
3224074
3224938
3224998
3227825
3229378
3232470
3233104
3233239
3233267
3234043
3234570
3235441
3236568
3237029
3238222
3238320
3238461
3239256
3239526
3240940
3242206
3244822
3246568
3248099
3249384
3249694
3250478
3250728
3252314
3252640
3252859
3254150
3255556
3256393
3256749
3257628
3258548
3259294
3260270
3260566
3262300
3262653
3264566
3265126
3265943
3266601
3268247
3268354
3268760
3269770
3270123
3270552
3272841
3273008
3274175
3275626
3275716
3277226
3279246
3281725
3282373
3283165
3283822
3283981
3284351
3286393
3287122
3290701
3291238
3294227
3295272
3295663
3296735
3296847
3298036
3298536
3298550
3299111
3299421
3300411
3303566
3303820
3304099
3304419
3304573
3305009
3306303
3306599
3307154
3308588
3311018
3311183
3311802
3314831
3315854
3315926
3316011
3316527
3317095
3317754
3320163
3320631
3323283
3324235
3325027
3326023
3326537
3328796
3330998
3331071
3331161
3331213
3331269
3332264
3332518
3333313
3333459
3336579
3336980
3340537
3340599
3340812
3345008
3345327
3346387
3346487
3347280
3348623
3349364
3350929
3352780
3354243
3354675
3354708
3356609
3357055
3357282
3357545
3358238
3358564
3359523
3360525
3360692
3360720
3360963
3361080
3361426
3361590
3362940
3366156
3366190
3370744
3370798
3370872
3374092
3374516
3380875
3382494
3383840
3384697
3385294
3388115
3391437
3391465
3393130
3398902
3399240
3400993
3402522
3402697
3403836
3403870
3405709
3407174
3410094
3410294
3410398
3410497
3410654
3412139
3412576
3415243
3418094
3419761
3420492
3422072
3422211
3424468
3428668
3430226
3431833
3432087
3433932
3434357
3434631
3435688
3437857
3441338
3441532
3443154
3443258
3445187
3445206
3446023
3447593
3448146
3449802
3451014
3454905
3455455
3456788
3457408
3458353
3458710
3460272
3461626
3461656
3462818
3462935
3463062
3463347
3463405
3465892
3466879
3468021
3469676
3472827
3473809
3476350
3476766
3477127
3479306
3479821
3480233
3481698
3483195
3483197
3483830
3485482
3485662
3486609
3487415
3487768
3488228
3488904
3490565
3490763
3491397
3491917
3491950
3492402
3492705
3495715
3500630
3501211
3501507
3502012
3503005
3507541
3507782
3510543
3511332
3511646
3512056
3514615
3515044
3516278
3517309
3517422
3517606
3519451
3520841
3521562
3522976
3523368
3524235
3524931
3524952
3525018
3526190
3526631
3528501
3528503
3529657
3529746
3530617
3530873
3531702
3532010
3533958
3535402
3535420
3537006
3537525
3538784
3539082
3539948
3540593
3540681
3541181
3543088
3543437
3543610
3544356
3544690
3546024
3546518
3547515
3548718
3548902
3549649
3550941
3551638
3552413
3553914
3554280
3558282
3559254
3559577
3563530
3565696
3567131
3567514
3568011
3568166
3570189
3570194
3570248
3570840
3570886
3572666
3574371
3577235
3578092
3579166
3581858
3581994
3584859
3586470
3587191
3587656
3588859
3588871
3589046
3589252
3590138
3590784
3592475
3593758
3595494
3596916
3597393
3597466
3598345
3600071
3602934
3604116
3604676
3605201
3605340
3606176
3607098
3607616
3608632
3611411
3611685
3612717
3612985
3615165
3616613
3617684
3618342
3619145
3619769
3620784
3621545
3624158
3624869
3625097
3628322
3630891
3631263
3632238
3633218
3633832
3634058
3634536
3634699
3634712
3637305
3637647
3640595
3641317
3642204
3642903
3643067
3644820
3645624
3651844
3652622
3652626
3654888
3656353
3657059
3657429
3658593
3658683
3662767
3665296
3665771
3665953
3666373
3666866
3666924
3669049
3669334
3669505
3670492
3670905
3673685
3673992
3674809
3675080
3675942
3677446
3679544
3680003
3680332
3680382
3680669
3680979
3681312
3681628
3681670
3683976
3686297
3687808
3688027
3688237
3688912
3688951
3689015
3691086
3691133
3691467
3692303
3694410
3700345
3700952
3702127
3702162
3703583
3703784
3704054
3704640
3705193
3705197
3705294
3705325
3705612
3706060
3706185
3708001
3708422
3709070
3710211
3710943
3712028
3712588
3713314
3713355
3713755
3715503
3715922
3716823
3716831
3717305
3717447
3717472
3717578
3718937
3722209
3723761
3725329
3728351
3729010
3729320
3729741
3731529
3732349
3733980
3734411
3734664
3735138
3735275
3735625
3736400
3737159
3737701
3737928
3738055
3739158
3741105
3743680
3744231
3745543
3749417
3751805
3755077
3755649
3758328
3758585
3759225
3759288
3761289
3761768
3762238
3763663
3764796
3764980
3765855
3766398
3768912
3768989
3769046
3771749
3775438
3775774
3777817
3778266
3778955
3779149
3779162
3780675
3783658
3784046
3785610
3787783
3787810
3790060
3791210
3791673
3792972
3792993
3793252
3795703
3797193
3800650
3801675
3803640
3804039
3804552
3804555
3805550
3805664
3808047
3809860
3810361
3811177
3811203
3811873
3813470
3815185
3816873
3817413
3819864
3823045
3823055
3823775
3824331
3825810
3826688
3826775
3827946
3829747
3829936
3830794
3831192
3831418
3832523
3832594
3832800
3832947
3833050
3833706
3834347
3834630
3835158
3835713
3836126
3836525
3836694
3836871
3839696
3840172
3841209
3841580
3841654
3841835
3842750
3842845
3847367
3847665
3848306
3848668
3848820
3850417
3850689
3851341
3853341
3853350
3853381
3853728
3854008
3854176
3854571
3854747
3855636
3858838
3859400
3863260
3863391
3864935
3865315
3865381
3866691
3866710
3866892
3867651
3868292
3868820
3869464
3869531
3870025
3871135
3871277
3871914
3872568
3874203
3875216
3875429
3875980
3876081
3876785
3877916
3878403
3878958
3880092
3882468
3884168
3885464
3886163
3887709
3888923
3889085
3890356
3891999
3892378
3892877
3893158
3893196
3894309
3894987
3895763
3897233
3900754
3901036
3901671
3902287
3903027
3905058
3905886
3907094
3907647
3908951
3909055
3910169
3911198
3911287
3912295
3913345
3914008
3915828
3915841
3916433
3917230
3918112
3918434
3919139
3920700
3922603
3925494
3926369
3927118
3927284
3927952
3928551
3928629
3929579
3929854
3929973
3931902
3932378
3933393
3935324
3936698
3936907
3938460
3939611
3940735
3942279
3942635
3945752
3946009
3946896
3948005
3950055
3950680
3950886
3951694
3951708
3952852
3954520
3955029
3956062
3956286
3956595
3956693
3957725
3958260
3958672
3958685
3959408
3960128
3961200
3961938
3962794
3965090
3965417
3966210
3967948
3969304
3969424
3971669
3971764
3972758
3974222
3975925
3978179
3978558
3978595
3978813
3980181
3980264
3981049
3981655
3984271
3984590
3987585
3987707
3991343
3992266
3993155
3993699
3996380
3996654
3999661
4000576
4000810
4001381
4001447
4002019
4002571
4004136
4004354
4005052
4006577
4006933
4008091
4008256
4008641
4009783
4012323
4012418
4012703
4014010
4014092
4016543
4018328
4018734
4020906
4022406
4028222
4029425
4031526
4032334
4034295
4034657
4035869
4038342
4039021
4039811
4040570
4040952
4041006
4043488
4045012
4046763
4047041
4048277
4050015
4050165
4050565
4054028
4054311
4055321
4055396
4058043
4058461
4058829
4059803
4061669
4062320
4064421
4066679
4067135
4068026
4068246
4068931
4070008
4070164
4070622
4070650
4072814
4073558
4074246
4076173
4077265
4077636
4078746
4079065
4079861
4081361
4081714
4081719
4081767
4082365
4086275
4086478
4088953
4091463
4091919
4094987
4097488
4097730
4098340
4098457
4101982
4103673
4103914
4105706
4106444
4106910
4108165
4108202
4109556
4110032
4110260
4111529
4111739
4112077
4112628
4112669
4114127
4115227
4116728
4117034
4117037
4117304
4117803
4118024
4118136
4118902
4119519
4120447
4120617
4121330
4121527
4121785
4122547
4124532
4126236
4126925
4127546
4128873
4130205
4131965
4132269
4133996
4134526
4138183
4138463
4139147
4139256
4139314
4140001
4141197
4143479
4145447
4146767
4147480
4147565
4149805
4150160
4150234
4151284
4151958
4154186
4154410
4154916
4155511
4156254
4156337
4157852
4158400
4159867
4160309
4160448
4161683
4163351
4163662
4165038
4165960
4166772
4166986
4168067
4168586
4168763
4168992
4169941
4169990
4170304
4170410
4173808
4175270
4175365
4177899
4178473
4179283
4179765
4180507
4180937
4181193
4181633
4181651
4182249
4182415
4182878
4184170
4185690
4186987
4190774
4191537
4192236
4194581
4198503
4198677
4199747
4200223
4200688
4200935
4201337
4202834
4204514
4206107
4206542
4207405
4207961
4208029
4208840
4209105
4209653
4209817
4212545
4213752
4213937
4215033
4218228
4219699
4219934
4220630
4221086
4221760
4222693
4222889
4224404
4224425
4225801
4226309
4226932
4227222
4230652
4231739
4233580
4234306
4235110
4235247
4238541
4239769
4240173
4240405
4240531
4241838
4242557
4243185
4243653
4243961
4246076
4246452
4247436
4248177
4248892
4249462
4251272
4251953
4253494
4254916
4255368
4255907
4258118
4258606
4259412
4260245
4260475
4261790
4262511
4263087
4264494
4265652
4265823
4266380
4267477
4268772
4268880
4269381
4269679
4269809
4269893
4271245
4273944
4274344
4276675
4277636
4277978
4280358
4284364
4285455
4286328
4287535
4287679
4288042
4288458
4289684
4289912
4290851
4290987
4291422
4291689
4292627
4292787
4294306
4296497
4296615
4297872
4299499
4301652
4302316
4303424
4306107
4306322
4306637
4307039
4307471
4308924
4309382
4309580
4309720
4313892
4314838
4315015
4315727
4318922
4319085
4319291
4319986
4321853
4321926
4323563
4325142
4326080
4327137
4327525
4329161
4329242
4329431
4329647
4330844
4331018
4331260
4331723
4332264
4332355
4332876
4332938
4333642
4334091
4335252
4335863
4336464
4338094
4338732
4339044
4339810
4340795
4342153
4342282
4342727
4344145
4344804
4345323
4347617
4349642
4350146
4351080
4351640
4352717
4353019
4353699
4354888
4355497
4356209
4356401
4356734
4357411
4357469
4358211
4358602
4361345
4362102
4362998
4364564
4366275
4367708
4368171
4368408
4369761
4370924
4371583
4371695
4372270
4373996
4374943
4375053
4375361
4375702
4376384
4380004
4380302
4381948
4382328
4383708
4384204
4384627
4384903
4386715
4389879
4390833
4391265
4391878
4391903
4392363
4394291
4395335
4395417
4397811
4401044
4401084
4403640
4403951
4404067
4404217
4404887
4405990
4406264
4407889
4408405
4408782
4408967
4409071
4409457
4410969
4411520
4412562
4414754
4415051
4415168
4415659
4416714
4416911
4417365
4417580
4418141
4418785
4420857
4421019
4421073
4421479
4422964
4423123
4423621
4425633
4429623
4431708
4432051
4432067
4432945
4437718
4439768
4440037
4440559
4440955
4441768
4444192
4444361
4445189
4445283
4445448
4447485
4447544
4450200
4450604
4452374
4455307
4456231
4456813
4456929
4457299
4457629
4459557
4460030
4460890
4461113
4462619
4463990
4465863
4466744
4467377
4467917
4468194
4469641
4470236
4472597
4475084
4475585
4477826
4481272
4481678
4481828
4482651
4482987
4483341
4483481
4487015
4488390
4488454
4488696
4490873
4491707
4492793
4493857
4493977
4494328
4495711
4496159
4496713
4498529
4498958
4500399
4500851
4503504
4504950
4506778
4507043
4507297
4508577
4509360
4510225
4511510
4511535
4512818
4512874
4514004
4514844
4515142
4515756
4516422
4516671
4518964
4519093
4519593
4522029
4522894
4524030
4524552
4524790
4525788
4526166
4526383
4526772
4527485
4529233
4529395
4529683
4530824
4531138
4532005
4533056
4534375
4534558
4535252
4537883
4538884
4539892
4539924
4543503
4543761
4543972
4547056
4547879
4549943
4550110
4550313
4550677
4552480
4555180
4556295
4556348
4556559
4556701
4557442
4558503
4559478
4559742
4562758
4562996
4564627
4564837
4565649
4566347
4568848
4568932
4569254
4570555
4570766
4572181
4572965
4573748
4574009
4574255
4579372
4581204
4583332
4583890
4589665
4590314
4591332
4591694
4592409
4592413
4593423
4594012
4594054
4594148
4594413
4595827
4597610
4600465
4602882
4603052
4603106
4603621
4603984
4605237
4605772
4606012
4606619
4606907
4608189
4609278
4609317
4609698
4610604
4610627
4613545
4615132
4616404
4617727
4618084
4618279
4620197
4620220
4621742
4621760
4622513
4624152
4624158
4627359
4630078
4631135
4631675
4632434
4635210
4636006
4638820
4638948
4639396
4642148
4643271
4643413
4645683
4648207
4651377
4651587
4651728
4652522
4653868
4654967
4656026
4657802
4659392
4662318
4663147
4663797
4666323
4667134
4668031
4668786
4668999
4671723
4674525
4674861
4675638
4678968
4679874
4682746
4684155
4685180
4686489
4687295
4689068
4690708
4691177
4692568
4692972
4696293
4699093
4699413
4701749
4702336
4706109
4707333
4707731
4707746
4709566
4711020
4713017
4714401
4714558
4715498
4715507
4716606
4717103
4718050
4718106
4718782
4721108
4721238
4724320
4725331
4725420
4725433
4726252
4727040
4727438
4727497
4730762
4730849
4732259
4732721
4734040
4734482
4734860
4735455
4735768
4735910
4735979
4738164
4738600
4739181
4739372
4739509
4741703
4743830
4744043
4745522
4746361
4747209
4747673
4748307
4748649
4749945
4749966
4750004
4750266
4750431
4750527
4750860
4751536
4752461
4752658
4753949
4754951
4755686
4755960
4756119
4756833
4757809
4760653
4761200
4762064
4763261
4763869
4763905
4764667
4765159
4765603
4766399
4767326
4767672
4767935
4768047
4768691
4769014
4769096
4769988
4770501
4771089
4772472
4772502
4772698
4775709
4780981
4782187
4783139
4783602
4783671
4784264
4784556
4784833
4784927
4785400
4786394
4786599
4786907
4787930
4788484
4789488
4789810
4790075
4790219
4792388
4794428
4795305
4795635
4797375
4797413
4798142
4798995
4799290
4799442
4800707
4800937
4802035
4802676
4805717
4805878
4806108
4806518
4807127
4807314
4807750
4808969
4809354
4809964
4810242
4811914
4812224
4812359
4812606
4813434
4814732
4815203
4815215
4816849
4817516
4817627
4818275
4819795
4819801
4820082
4825424
4826134
4826147
4829630
4829992
4831020
4832164
4833090
4836472
4836834
4836861
4838354
4838838
4839029
4840020
4840866
4841520
4841815
4842788
4842806
4843746
4844090
4844507
4845751
4846896
4847443
4850922
4854601
4855027
4855045
4855689
4856454
4859142
4861534
4862687
4863477
4863977
4864023
4864355
4864610
4865595
4865666
4866701
4868168
4869724
4870174
4870987
4871124
4872827
4873023
4874269
4876103
4876162
4876824
4877539
4878409
4878521
4882957
4883492
4883804
4884393
4884479
4885541
4886210
4887106
4888577
4888989
4890306
4890371
4891949
4892671
4892771
4893107
4893823
4894080
4896497
4896745
4901148
4901157
4903734
4905934
4907128
4907306
4908408
4909631
4910413
4917164
4917425
4917822
4918074
4920039
4920498
4921835
4923285
4924924
4925888
4926847
4927039
4927044
4927302
4928399
4929391
4929765
4929831
4930639
4931404
4931852
4934235
4934445
4936010
4936031
4936983
4937002
4937344
4937556
4938116
4938991
4939073
4939379
4939475
4939775
4940782
4941481
4944768
4945457
4945480
4946350
4947622
4949000
4949374
4949514
4949559
4950709
4951238
4951250
4951634
4951703
4952176
4952998
4953512
4956242
4957189
4958536
4958885
4959210
4959265
4963107
4963851
4963900
4964711
4965160
4966080
4966335
4966461
4967692
4968967
4970010
4970222
4972552
4972861
4974973
4975174
4976991
4977615
4978240
4978861
4979903
4980719
4981701
4982107
4983071
4983250
4983876
4984242
4984266
4984418
4985951
4986641
4988214
4991876
4991990
4992281
4992340
4992598
4993547
4996864
4996928
4997820
4998252
4999337
4999581
5000226
5001615
5002498
5002559
5002776
5003026
5005686
5006140
5007134
5008613
5008705
5009643
5011262
5012201
5012807
5013253
5013710
5014415
5014841
5016773
5017185
5017888
5018331
5018482
5020061
5020304
5020689
5021230
5021736
5024907
5025838
5026558
5029594
5029894
5030552
5030768
5031608
5033671
5034723
5034890
5036736
5036870
5039401
5040545
5042283
5042620
5042797
5043047
5043084
5044609
5044734
5045796
5045827
5047036
5048185
5050500
5050703
5051451
5051699
5051919
5052035
5053655
5054833
5056263
5059303
5059990
5061023
5061134
5061765
5062143
5063746
5064070
5064714
5066318
5067323
5067779
5068048
5068158
5070327
5070575
5072229
5072744
5074926
5075473
5075737
5076104
5077196
5077503
5079114
5079824
5079889
5080924
5081770
5082861
5083220
5084100
5085367
5086550
5087374
5088567
5089287
5089417
5090429
5090444
5094767
5094786
5096763
5097331
5098421
5098824
5099064
5100693
5100842
5102264
5104024
5105928
5108485
5109620
5110470
5110956
5111310
5112795
5112846
5113605
5114460
5114541
5115641
5116096
5116984
5118610
5118974
5119747
5120160
5120451
5122954
5123385
5124876
5128212
5129352
5130117
5130570
5131103
5131418
5131641
5132193
5132514
5134028
5134841
5135456
5138317
5138773
5139124
5139522
5140192
5140277
5141221
5141568
5145003
5146699
5147331
5147813
5148532
5148901
5149702
5152810
5153844
5157027
5158023
5158051
5158937
5159553
5161710
5163577
5163933
5166503
5169587
5170180
5172009
5172520
5173391
5173548
5173715
5174589
5174749
5175056
5176346
5176416
5176483
5176950
5177039
5178154
5181457
5183254
5183574
5185291
5185737
5186684
5188572
5190313
5191721
5193130
5194343
5194404
5195578
5196408
5197820
5198011
5198278
5198494
5199311
5199762
5201811
5203858
5204054
5204395
5206754
5207447
5207699
5210585
5210893
5213574
5215264
5217569
5218033
5223104
5224202
5224321
5224419
5228595
5230774
5231179
5232570
5233255
5233380
5233404
5235957
5236652
5236834
5237194
5238310
5238388
5238389
5239322
5239853
5240240
5240837
5242215
5242401
5242697
5245211
5245960
5246631
5247230
5249105
5249864
5251280
5251851
5253414
5255320
5258744
5259335
5262910
5263832
5264870
5265062
5265173
5266721
5267475
5269886
5270281
5270597
5274599
5275202
5276422
5277096
5277141
5277153
5279452
5279996
5284168
5284912
5286210
5286225
5286775
5287412
5287966
5288694
5289415
5290587
5293220
5293412
5293744
5294649
5294692
5294955
5296071
5296134
5296359
5296427
5297059
5298271
5298941
5300193
5300836
5301763
5303203
5306696
5306813
5307865
5310231
5310589
5310658
5312829
5313892
5315262
5315540
5316775
5317441
5318470
5319631
5322440
5322802
5324699
5324795
5324898
5325083
5325374
5325473
5325614
5327651
5333110
5337104
5338169
5338329
5338907
5338991
5339157
5340588
5340720
5341026
5343455
5344641
5344901
5345241
5346737
5349716
5350644
5351107
5351720
5354503
5354722
5355311
5356689
5357308
5358152
5358805
5358836
5360753
5361141
5361281
5361333
5361892
5362791
5362857
5363996
5366078
5368199
5369102
5369471
5370511
5370776
5371821
5373474
5373986
5376767
5378247
5379031
5383548
5383701
5384253
5385057
5385372
5386173
5387043
5388882
5391403
5391418
5392724
5392968
5393134
5394634
5394753
5395773
5396838
5399482
5400980
5403645
5403676
5404117
5404927
5407665
5410343
5411459
5411615
5412492
5412895
5413689
5414350
5415949
5418663
5420991
5421311
5422008
5423553
5424076
5425305
5427270
5427357
5427929
5428253
5428420
5428552
5430745
5431702
5432704
5433072
5434184
5434202
5434803
5435119
5436414
5437594
5438483
5439831
5440342
5440585
5441319
5441980
5442321
5442582
5443200
5443822
5445831
5447074
5447495
5447712
5448088
5448600
5449172
5449975
5451359
5451693
5452139
5452764
5453373
5455569
5455931
5456906
5456964
5457010
5461396
5461791
5464825
5464952
5467823
5467859
5468167
5468700
5470610
5470889
5471873
5476651
5477895
5480700
5481165
5481836
5482603
5485124
5485159
5485697
5486124
5487686
5489339
5489438
5494730
5496756
5498742
5499836
5501281
5501999
5502451
5503380
5503752
5506552
5506870
5509065
5510542
5510637
5510721
5511105
5512300
5513872
5514351
5515925
5516300
5517541
5517984
5518598
5522408
5522562
5524555
5524763
5525746
5526865
5527164
5529769
5531155
5531581
5532037
5532367
5533051
5533180
5533382
5536513
5536682
5540807
5542408
5543824
5544536
5545140
5547245
5549562
5550335
5550923
5551004
5551561
5551986
5552377
5552779
5552792
5553335
5553846
5556354
5556542
5556830
5559514
5561032
5562040
5563517
5564001
5564142
5564769
5564980
5566124
5566168
5568714
5571542
5572777
5574274
5575888
5576626
5576824
5577082
5577272
5577915
5580384
5581792
5583160
5584367
5587387
5588873
5589624
5590050
5590393
5591075
5591109
5591139
5591446
5592561
5593640
5594712
5596657
5597775
5597782
5598127
5600928
5601935
5602068
5602461
5602727
5602759
5603182
5605264
5605791
5607863
5608852
5611868
5612274
5613806
5613938
5614019
5617171
5619107
5619245
5619554
5619830
5620434
5620475
5621092
5622241
5622794
5623225
5623757
5624209
5626265
5626527
5626586
5627849
5628240
5628417
5630014
5634285
5636509
5637289
5640638
5641645
5641887
5645581
5646000
5647068
5647137
5648736
5648749
5648826
5652616
5654897
5657620
5657712
5657750
5661154
5661486
5662504
5662970
5663001
5667409
5667575
5667643
5673223
5673433
5673679
5674014
5674727
5676875
5677055
5677144
5677997
5678299
5678434
5678897
5679286
5679417
5680087
5681859
5683404
5683623
5687665
5687979
5688278
5688454
5688616
5688650
5689519
5690270
5690422
5691031
5691820
5694170
5694536
5695322
5697096
5698658
5700118
5701227
5704198
5704358
5706555
5707016
5707025
5708535
5709073
5709584
5709879
5710009
5711485
5712135
5713946
5714376
5715937
5717916
5720197
5720808
5721823
5723070
5723407
5724111
5725079
5725742
5726001
5727577
5728493
5728957
5729209
5730890
5731573
5732789
5735145
5735895
5737261
5737543
5738684
5742174
5742441
5743326
5743778
5743828
5744665
5746329
5747674
5747956
5748540
5749278
5751407
5753688
5754616
5754961
5756448
5756981
5757393
5758969
5759580
5759601
5759932
5761312
5764833
5768215
5769951
5770200
5770375
5771003
5771645
5771971
5772176
5772350
5773053
5775802
5776887
5776896
5779716
5780672
5782382
5782489
5784035
5784257
5784684
5785600
5786028
5789226
5791306
5791763
5792187
5792220
5793969
5794684
5795000
5795171
5796330
5797006
5798867
5800735
5801151
5801438
5802494
5804556
5806977
5806996
5807684
5807739
5808289
5810328
5812013
5812516
5813581
5813696
5815986
5818286
5818353
5818668
5819650
5821049
5822351
5822992
5823742
5825338
5826424
5828407
5829861
5829916
5829977
5830566
5832440
5833959
5835819
5838775
5839087
5841766
5842805
5842981
5843316
5844100
5844438
5845486
5845942
5848714
5849939
5850195
5851768
5855013
5855942
5856200
5858050
5858359
5858680
5858791
5859349
5860309
5860808
5860965
5861697
5864642
5865249
5866411
5866902
5867840
5869329
5871447
5871525
5875275
5877529
5878274
5878642
5879142
5882559
5884151
5885161
5885707
5889326
5889666
5890049
5890684
5891818
5891897
5891899
5892364
5892630
5893211
5893733
5896847
5896948
5897130
5897465
5899693
5900082
5901966
5902556
5908850
5910263
5910770
5912136
5912846
5912934
5913216
5913359
5918487
5918701
5919105
5919547
5921408
5922442
5923466
5924657
5924790
5930276
5931116
5931662
5932276
5934822
5935637
5935914
5936266
5936592
5936883
5937472
5938278
5939505
5942389
5943393
5945269
5950454
5951541
5953593
5954351
5954729
5955849
5955874
5958400
5959109
5959561
5961060
5963914
5966034
5969573
5969978
5971313
5972146
5973257
5975145
5977246
5977862
5978420
5978620
5978991
5979314
5979608
5980748
5981583
5983118
5984848
5986491
5986762
5987852
5987978
5987998
5990583
5992793
5992915
5993248
5994827
5995010
5996118
5997029
5997125
5997272
5997329
5997646
5998534
6000373
6002557
6005232
6005380
6007862
6008161
6008501
6008550
6009732
6010152
6010166
6010446
6011638
6012572
6013582
6013934
6014727
6015003
6015497
6017645
6018701
6018757
6019219
6019385
6020565
6021475
6021623
6027056
6027342
6028654
6030683
6032135
6032628
6033055
6033310
6034445
6034844
6037329
6038222
6038287
6039711
6039957
6042593
6042875
6043231
6043721
6044839
6045260
6046356
6048449
6048454
6048663
6049463
6050260
6051180
6052830
6054062
6054530
6056032
6056799
6057219
6058070
6058272
6058469
6058481
6058582
6060383
6061058
6062530
6062878
6063728
6065164
6065428
6066760
6067435
6067998
6068834
6069485
6069768
6070384
6070759
6071920
6072536
6074969
6075653
6075701
6076399
6077564
6079626
6080412
6081351
6082672
6085219
6085659
6085858
6085881
6086196
6088408
6089410
6089681
6090233
6091584
6092125
6092305
6092971
6093488
6095933
6096526
6096592
6101269
6101758
6102040
6105740
6105827
6106883
6111485
6111954
6112624
6114715
6115138
6115940
6117153
6117534
6118007
6118294
6118307
6118337
6123820
6124287
6125391
6126204
6127953
6128166
6129199
6129760
6130179
6130217
6130493
6130575
6131411
6131939
6132048
6133375
6134988
6135790
6135868
6136159
6136489
6136784
6137480
6137814
6138544
6139223
6139653
6140003
6141397
6142452
6143549
6143957
6145021
6145339
6145581
6145774
6147398
6147786
6148016
6149212
6149240
6150671
6152083
6156911
6159127
6159216
6160621
6161681
6161978
6162243
6162895
6165542
6165860
6166775
6167410
6167847
6168275
6168878
6169008
6169921
6173348
6173403
6173499
6174523
6174879
6176022
6176934
6180624
6181733
6182339
6183423
6183448
6185112
6185132
6185914
6186692
6187821
6188038
6188481
6188650
6189180
6189773
6195827
6196603
6197993
6198083
6199046
6200159
6201006
6201037
6202369
6203342
6203896
6203903
6204482
6205064
6206285
6206644
6207348
6208519
6208596
6209051
6209204
6209789
6210125
6211670
6215655
6217018
6218079
6220128
6220897
6224888
6224899
6225031
6226116
6232373
6232693
6233518
6233706
6234852
6235134
6236101
6236741
6237400
6238475
6238836
6239576
6239832
6240961
6242134
6243167
6243343
6244899
6244934
6245278
6245480
6247287
6248275
6250577
6251134
6251554
6254541
6255096
6256487
6257426
6258889
6259657
6260770
6262113
6262315
6262484
6262712
6262986
6264718
6266251
6266562
6267376
6267521
6268798
6269891
6269987
6270283
6273293
6276895
6277743
6280355
6282124
6283010
6283978
6284587
6285560
6286011
6286562
6286565
6288840
6292036
6293547
6293734
6294188
6295613
6297203
6297590
6299099
6299154
6299378
6301490
6301788
6302187
6302541
6305447
6305642
6305935
6306121
6307064
6307606
6308200
6309021
6311297
6312191
6312213
6313553
6315503
6315756
6315973
6316444
6317138
6318688
6320787
6321234
6322492
6324388
6326848
6327273
6327304
6328335
6330315
6331633
6331971
6332932
6334688
6334917
6336633
6338646
6339448
6339593
6339738
6341169
6341216
6342507
6343777
6343891
6344894
6345815
6346296
6347311
6347631
6348361
6350975
6351134
6353030
6353270
6354095
6354944
6355007
6355229
6356607
6357234
6359913
6360389
6361728
6361919
6361921
6362509
6362606
6363659
6364076
6365138
6365968
6366210
6367165
6367925
6368714
6369262
6369363
6369676
6369839
6370033
6370861
6370890
6372462
6373108
6373242
6374191
6376189
6378407
6378723
6379436
6379531
6379867
6381505
6381722
6382328
6385016
6386249
6386384
6387044
6387281
6387722
6388273
6388738
6392171
6394547
6394650
6394874
6397128
6397156
6399540
6399876
6399993
6401425
6402079
6402475
6403022
6403411
6403861
6404262
6404318
6404945
6406663
6408563
6408885
6409801
6411830
6411867
6412148
6413239
6415297
6418070
6418567
6418639
6420308
6423148
6423280
6423876
6424331
6425010
6425156
6425676
6425843
6426117
6427500
6428616
6429094
6429350
6429541
6429681
6429719
6432440
6435827
6439431
6439920
6440544
6440638
6442722
6442800
6444117
6445713
6445929
6446078
6449508
6449721
6450022
6450267
6450386
6450744
6455421
6455583
6456412
6457051
6457352
6457649
6458575
6459879
6461105
6461401
6461654
6462883
6463194
6466483
6469731
6470227
6470430
6470512
6470524
6470904
6475002
6475621
6477446
6477583
6477751
6477926
6479401
6481300
6481492
6481849
6482183
6482919
6486269
6487187
6487340
6488068
6489489
6490921
6491051
6492514
6492707
6493361
6496961
6497695
6499301
6502957
6504786
6505452
6506079
6506260
6507134
6507671
6510507
6510577
6511268
6512527
6512931
6515382
6516752
6517286
6517491
6519589
6523981
6527105
6527394
6527573
6528119
6529576
6531734
6533645
6535483
6536001
6537489
6538107
6539526
6541191
6541769
6542765
6542895
6543246
6543367
6543427
6545055
6546111
6546927
6547627
6549156
6549974
6553577
6554633
6557360
6558074
6558440
6559127
6559145
6559219
6559519
6560901
6561828
6562491
6562849
6563701
6565503
6566151
6566177
6567086
6568134
6568598
6568902
6570276
6571502
6571530
6571828
6577391
6577757
6578057
6579407
6581378
6581485
6581584
6582595
6584114
6584262
6585122
6586500
6587713
6588673
6589068
6590001
6593466
6593883
6594370
6595089
6595613
6596841
6597126
6598332
6601623
6601747
6602010
6604401
6605659
6606633
6608331
6609964
6610393
6616000
6617854
6618113
6619260
6619765
6620125
6621698
6623380
6624108
6624527
6625579
6625639
6628029
6628143
6629784
6633136
6633183
6633496
6634537
6636850
6638178
6638642
6638814
6639943
6640796
6641633
6641689
6641863
6641916
6641997
6642958
6643299
6644600
6644656
6644940
6646244
6646997
6648955
6649416
6649555
6652081
6652163
6654784
6655004
6655326
6656061
6656379
6656761
6657155
6659626
6660912
6662480
6663533
6664832
6666341
6666477
6668039
6668085
6669273
6672609
6673064
6673622
6676035
6676357
6677711
6678595
6679168
6681746
6682028
6682513
6682665
6684764
6684941
6686840
6689470
6689527
6689821
6691437
6692170
6692359
6693421
6697339
6700063
6700167
6701184
6702060
6704418
6706380
6706509
6708086
6711831
6712799
6713170
6713375
6713527
6716693
6717432
6719132
6720652
6721857
6722068
6724426
6724840
6725256
6728931
6730618
6731589
6732084
6733209
6733759
6734347
6734847
6735936
6736285
6736688
6739272
6739991
6740216
6740440
6740526
6741735
6741987
6743979
6745505
6745619
6746316
6747077
6748391
6748548
6750042
6750834
6751112
6753946
6754219
6755404
6756098
6756803
6758338
6758791
6762563
6762569
6762618
6763896
6764293
6765170
6766823
6767012
6767242
6767547
6767591
6768875
6772179
6772189
6774093
6775915
6775929
6776249
6777861
6778856
6780597
6781530
6781797
6785022
6785668
6786495
6787360
6788096
6788378
6791755
6794650
6795505
6799905
6801046
6801120
6801191
6802214
6802264
6803030
6804321
6804573
6804847
6805472
6806872
6807529
6807635
6808200
6810733
6812511
6814131
6815099
6821737
6824295
6824509
6826068
6826536
6827583
6827743
6831482
6832710
6832956
6833463
6834353
6835063
6835371
6836763
6836968
6839221
6840935
6840945
6842390
6844781
6844876
6845582
6846335
6846963
6847425
6847969
6849644
6850885
6851385
6851744
6852165
6855963
6856598
6858867
6859473
6860361
6863771
6865213
6866428
6866440
6866737
6868721
6869538
6869784
6870410
6870925
6874932
6877037
6877152
6877402
6877805
6878221
6878439
6878787
6882488
6883211
6884011
6884115
6884813
6884961
6885136
6885613
6886899
6887707
6888540
6888547
6891854
6893846
6893937
6895931
6896143
6896348
6896588
6897044
6899214
6902640
6903758
6904694
6904977
6905711
6906082
6908002
6908105
6910049
6912654
6912794
6913800
6913840
6914382
6915046
6915336
6916124
6916144
6917161
6917299
6917324
6918950
6919733
6919936
6920363
6920700
6921789
6922853
6923028
6924420
6927224
6927893
6928217
6928731
6928977
6931411
6931480
6931939
6933062
6933513
6936562
6936660
6937151
6937338
6938062
6939720
6940301
6942851
6943293
6943390
6943502
6943532
6944701
6947388
6948081
6949434
6949598
6949763
6949811
6951689
6952269
6953897
6954549
6954703
6955243
6955369
6955643
6956570
6956731
6957652
6961439
6962058
6963757
6964290
6964860
6965427
6967307
6967533
6968726
6969212
6970156
6970651
6972348
6972780
6972832
6974501
6975311
6975452
6976573
6977978
6978281
6980064
6982279
6982367
6984369
6984649
6984758
6984784
6985013
6986084
6986717
6987407
6988909
6989242
6990361
6990683
6993449
6993900
6995123
6995595
6996142
6996309
6996392
6996596
6997231
6997785
7000351
7000950
7001639
7002439
7002779
7002806
7003699
7004104
7004978
7005795
7010806
7012516
7013327
7013459
7014296
7015543
7016416
7016869
7017920
7019208
7020319
7020880
7020938
7021710
7023583
7025011
7025430
7026890
7027134
7027610
7028133
7028168
7028513
7028953
7029734
7030632
7030996
7031018
7032916
7032935
7034568
7035591
7036097
7037983
7038618
7038863
7040026
7040033
7041919
7043786
7046077
7046154
7046348
7046352
7046405
7047081
7047347
7048537
7048928
7050489
7050862
7053285
7054105
7054409
7054440
7056226
7061246
7062435
7064086
7064317
7064876
7065930
7066006
7067004
7068064
7070371
7074275
7075244
7077191
7078913
7081345
7081737
7083784
7084545
7084810
7086988
7091641
7092946
7093278
7093456
7093690
7094108
7094443
7094536
7095474
7096899
7098530
7099265
7101630
7102351
7102755
7103153
7103584
7104345
7104592
7107123
7113409
7113749
7113772
7114612
7115790
7116145
7116362
7117378
7117701
7117974
7120262
7120517
7120649
7122882
7123792
7125706
7126717
7127623
7131474
7131644
7132611
7133017
7133401
7134646
7134890
7137148
7137393
7138095
7138818
7139088
7140322
7141323
7144737
7145338
7146263
7147825
7150007
7150913
7152721
7152806
7153464
7153600
7155808
7155846
7157480
7159386
7161483
7162282
7166046
7167811
7168240
7169301
7169948
7170481
7171288
7173535
7175458
7177340
7178126
7178597
7178885
7181214
7181592
7182873
7183691
7186725
7187764
7187936
7188057
7188555
7191361
7191487
7191801
7192377
7192562
7193085
7193246
7193800
7194688
7194946
7195414
7195601
7197234
7198420
7198679
7200921
7201726
7202727
7202874
7208213
7209437
7210556
7211384
7211457
7211742
7211903
7213788
7214054
7216759
7217069
7219250
7219507
7219870
7220801
7220984
7222156
7222965
7224036
7224450
7225693
7226227
7227481
7228293
7228514
7229155
7230627
7231238
7232093
7233253
7233598
7233963
7236414
7236664
7240694
7240759
7240961
7241360
7241417
7242473
7244207
7246601
7246605
7247119
7248653
7251722
7251900
7252849
7254319
7254907
7256027
7257075
7257563
7258817
7263137
7263455
7264280
7265225
7265660
7268083
7268092
7268644
7268902
7268958
7269823
7270653
7273577
7274213
7275833
7276638
7276749
7278291
7279717
7279907
7280323
7281841
7283794
7283973
7284499
7284674
7284790
7284859
7286115
7286585
7286756
7287427
7287762
7288476
7288839
7290148
7290545
7291769
7292065
7293311
7293849
7293933
7294244
7295349
7297015
7297405
7297476
7297647
7298093
7302525
7302578
7303522
7304239
7306179
7306687
7311425
7311713
7312883
7312990
7314369
7316031
7317277
7319888
7321219
7321560
7321897
7322795
7323482
7324712
7324909
7326226
7327197
7327425
7328468
7329339
7331712
7332092
7333372
7334457
7334807
7334810
7335424
7337518
7339111
7339544
7340830
7341325
7342476
7342513
7344061
7345144
7346325
7346333
7346463
7348160
7349189
7349744
7350633
7353578
7355243
7355356
7355403
7355785
7361561
7365214
7365482
7367361
7367552
7367614
7368596
7369867
7370067
7372306
7375570
7375946
7376667
7377959
7381828
7382029
7382585
7383572
7383685
7384208
7385306
7385652
7387984
7388074
7388432
7389583
7390026
7390036
7391943
7392148
7396472
7398198
7400094
7400943
7401288
7401882
7403140
7404039
7404172
7404661
7405060
7405378
7405653
7406587
7406931
7408104
7408563
7410904
7411736
7412051
7412589
7413852
7414651
7415958
7416713
7416981
7417200
7418365
7418791
7419292
7420826
7423195
7423347
7423519
7423762
7426362
7431368
7432049
7434508
7436696
7436794
7437808
7439708
7440053
7440735
7440944
7441012
7443010
7444903
7445159
7445441
7446240
7446673
7447101
7447200
7447844
7449273
7450435
7451637
7451887
7455047
7456296
7456456
7457657
7462816
7463379
7464680
7464857
7465021
7465043
7465125
7465843
7466019
7466756
7469486
7470816
7471364
7471520
7472036
7473842
7474068
7474104
7474653
7475664
7476276
7478601
7481054
7481647
7482072
7482845
7484333
7484961
7485710
7485975
7488759
7489979
7490407
7493660
7494075
7494156
7495229
7495304
7496155
7496643
7496888
7501537
7502339
7502560
7503556
7504035
7505356
7507339
7507772
7508592
7508645
7509931
7510281
7510805
7511285
7513151
7514479
7514655
7515460
7516434
7516791
7516834
7517101
7517562
7517633
7517894
7518552
7522401
7522739
7523977
7524303
7524478
7526405
7527331
7528507
7528904
7529436
7529512
7531309
7534312
7534441
7534691
7535160
7536734
7537693
7537701
7537895
7539128
7540672
7540848
7540925
7541746
7542092
7542094
7544053
7544281
7545487
7545728
7546440
7547993
7551183
7555759
7557611
7557965
7558590
7559404
7562315
7563434
7563763
7564653
7564787
7565830
7566576
7566913
7567363
7567902
7568469
7569946
7570551
7570757
7571222
7573303
7574303
7576873
7578613
7579835
7580176
7580643
7581074
7581604
7583166
7583654
7584047
7584184
7587505
7587872
7589052
7592910
7593030
7593397
7594419
7595605
7596593
7598139
7598162
7601062
7602282
7604507
7605521
7605547
7605692
7606489
7606835
7609176
7611447
7614301
7615034
7615309
7615496
7617720
7618205
7619594
7619865
7622254
7622682
7622721
7627347
7628138
7628687
7628837
7629503
7629582
7629789
7631506
7631955
7632660
7632702
7634333
7634799
7635162
7637269
7639205
7639340
7640018
7640719
7640773
7642134
7642718
7644052
7645527
7645757
7647040
7647580
7648155
7649998
7654940
7657476
7658203
7658560
7659326
7659772
7659863
7660137
7661851
7663199
7663453
7664003
7664538
7664569
7664748
7665533
7665776
7666839
7667339
7667418
7668657
7668845
7669022
7669452
7670333
7670453
7671565
7673022
7673639
7675001
7675487
7675796
7679868
7680300
7680956
7681925
7683860
7684267
7684452
7686555
7686604
7686706
7687992
7688875
7690433
7691732
7691964
7694860
7695347
7695908
7696447
7697703
7700382
7703426
7705744
7705894
7706042
7706315
7706726
7709277
7709613
7712260
7714805
7715780
7716952
7719555
7719579
7720660
7721452
7724591
7725390
7727408
7728748
7729419
7729877
7736957
7738058
7738240
7738491
7738727
7738817
7739254
7739371
7739960
7740610
7741212
7741526
7742041
7742651
7745234
7745423
7745556
7745925
7747059
7748174
7749254
7749436
7749776
7750059
7751149
7751204
7753430
7753964
7754581
7756552
7757192
7757366
7758218
7758805
7758860
7759150
7759448
7759693
7760782
7762655
7763030
7763584
7764560
7765326
7766408
7766750
7768163
7769344
7770446
7771752
7771872
7771875
7773048
7773143
7773253
7774703
7775511
7775964
7776202
7776474
7777796
7778165
7780151
7781306
7781816
7781908
7782608
7782779
7782875
7786091
7786664
7787495
7788432
7789020
7789213
7789237
7789303
7793788
7794323
7794891
7795590
7796099
7796426
7797377
7798748
7799073
7801642
7804368
7804701
7805222
7806493
7810116
7810671
7811184
7811588
7811769
7812267
7814113
7814731
7816071
7816247
7817270
7817450
7817538
7818028
7818505
7818793
7820180
7820703
7822027
7822269
7823290
7824319
7826132
7826306
7826489
7828575
7829098
7829384
7830584
7830707
7837702
7838795
7841201
7841408
7843957
7845387
7845923
7846295
7846812
7847666
7848013
7849286
7850529
7851737
7852531
7854782
7855285
7856034
7857450
7858487
7859682
7859796
7862025
7862658
7862863
7863846
7864312
7864434
7864435
7864735
7866120
7867032
7867055
7869446
7869649
7875160
7875227
7875275
7875464
7876319
7876863
7881253
7881427
7881697
7881786
7883185
7883212
7884151
7886395
7886439
7890918
7893139
7893471
7894573
7895264
7895887
7896196
7897188
7898193
7899222
7900387
7900396
7900460
7900747
7903843
7904903
7905122
7907827
7908290
7910173
7912000
7912505
7912707
7913230
7913764
7913979
7915502
7915659
7921242
7921983
7922941
7925210
7925471
7925691
7929357
7930301
7932583
7933714
7935589
7935840
7936030
7940543
7941169
7941296
7941959
7942863
7943920
7945648
7945922
7946337
7946691
7946765
7947060
7947137
7949074
7949388
7949949
7952187
7953875
7953903
7954811
7954876
7956938
7957925
7958163
7959560
7959610
7961645
7963214
7963304
7965170
7966273
7966364
7966441
7967072
7968277
7968416
7968457
7968863
7968947
7969298
7969410
7969956
7973563
7973581
7974697
7974943
7975120
7975949
7978094
7978395
7978745
7979151
7980979
7982928
7983421
7984920
7985394
7987281
7988877
7989075
7989465
7992598
7993122
7995151
7995216
7995242
7996920
7997921
7998197
7999637
8000349
8001093
8003590
8003762
8005413
8006773
8007230
8008436
8013080
8013335
8014103
8014155
8015174
8019833
8020523
8023402
8023992
8024448
8024958
8025274
8025898
8027009
8027704
8027718
8028603
8028959
8029039
8029549
8030532
8032422
8032765
8034546
8035148
8035226
8036526
8038200
8040777
8040866
8041211
8045537
8045623
8046923
8047111
8048632
8049093
8049443
8050351
8051559
8052015
8053300
8053595
8053677
8054063
8054898
8057132
8058209
8059285
8059667
8060431
8064788
8067804
8069744
8069898
8073395
8074088
8075757
8077137
8077357
8078812
8082326
8083168
8085799
8085972
8086347
8087025
8090995
8091054
8094453
8094707
8094861
8095470
8095521
8096230
8096978
8097317
8097781
8098278
8099069
8099440
8099517
8099524
8100238
8100784
8100832
8100923
8102355
8103061
8104242
8105899
8106065
8106422
8106604
8106947
8107249
8109060
8110613
8110880
8111781
8112072
8113155
8113512
8113540
8115237
8116590
8117592
8119170
8119394
8119972
8121895
8122860
8123084
8123360
8124223
8124798
8125145
8126112
8127371
8128319
8128734
8129474
8132138
8132179
8132355
8132654
8133786
8133841
8134120
8134284
8135113
8136452
8136565
8137848
8137909
8139850
8140443
8140631
8140696
8141283
8141339
8141722
8141728
8142339
8142506
8145044
8146483
8146894
8148097
8148523
8148894
8148927
8150166
8151537
8152719
8156209
8157119
8157309
8157840
8158586
8158700
8160993
8161483
8162821
8163853
8164729
8165963
8166340
8167039
8168016
8169125
8170088
8171463
8172472
8173227
8173487
8173795
8174053
8174441
8175678
8176143
8176210
8176362
8177000
8177681
8177905
8179058
8179957
8180065
8180464
8182764
8183004
8184435
8187184
8187518
8187736
8190918
8190932
8191742
8192067
8193766
8196592
8199740
8202714
8203398
8204701
8206330
8206883
8207162
8207410
8208164
8208360
8208752
8209074
8209458
8210083
8210534
8211400
8212924
8214351
8215335
8215741
8217004
8218430
8218955
8219252
8219583
8221893
8222611
8223538
8224369
8226416
8228308
8228729
8229374
8229637
8231965
8232619
8232854
8233005
8233368
8234347
8234871
8235497
8236227
8236554
8239054
8239162
8239323
8240362
8240367
8240681
8242041
8243181
8243373
8245053
8245203
8245898
8249650
8250277
8250752
8251004
8251549
8252144
8252479
8252582
8252783
8254478
8255670
8255760
8256105
8257676
8260786
8262172
8262485
8262841
8262851
8263676
8264180
8264227
8265206
8265274
8266034
8266112
8267154
8267591
8268422
8269046
8270497
8270659
8271618
8271991
8273613
8274012
8274086
8275655
8276317
8277600
8277989
8279039
8279197
8279681
8280030
8281870
8283652
8284012
8284725
8285511
8286895
8288054
8289045
8289228
8289991
8290186
8291417
8291427
8292277
8293415
8294999
8295086
8295470
8296870
8297483
8298094
8298579
8298907
8299098
8299198
8305314
8306137
8306731
8308141
8309750
8309768
8312963
8314065
8314559
8314742
8315169
8315625
8315944
8316007
8317161
8317348
8318356
8318612
8319439
8319659
8320302
8325108
8325529
8325840
8326302
8327669
8327911
8328611
8332176
8334850
8334882
8335116
8335522
8336426
8336793
8339108
8339329
8341288
8341452
8342736
8343236
8343255
8343947
8344932
8345011
8345343
8347724
8349565
8350103
8350728
8351504
8352943
8354059
8354886
8355896
8356171
8358118
8358944
8360977
8362272
8362509
8363854
8364457
8365130
8368238
8369069
8369247
8372831
8373784
8374366
8374429
8375112
8375379
8375421
8375731
8376232
8377198
8378576
8378638
8380858
8382307
8382694
8383747
8384764
8385741
8386173
8387652
8387681
8387805
8388111
8388322
8388440
8388937
8389611
8391253
8391259
8392261
8393825
8395565
8396973
8397636
8397737
8398130
8400966
8401429
8403350
8403502
8403652
8407188
8407429
8408458
8409308
8409922
8411453
8411790
8412689
8413438
8414030
8414923
8415406
8415671
8416715
8417912
8420142
8420154
8421761
8421850
8422580
8425070
8426979
8427001
8427083
8428916
8431276
8431996
8433082
8433827
8435268
8437680
8437767
8437890
8438442
8438909
8440273
8441670
8442221
8444585
8446012
8446118
8446763
8447188
8448659
8453626
8455079
8455506
8456030
8456254
8456268
8457002
8457982
8458715
8459781
8460855
8461767
8462182
8462416
8463561
8463748
8464012
8464736
8465255
8468033
8468046
8468549
8468759
8469327
8469460
8472375
8472545
8476188
8476750
8478905
8479144
8480229
8483150
8484495
8485340
8485420
8487755
8488912
8489437
8489482
8490543
8491219
8492191
8492870
8494224
8494535
8495258
8495527
8497372
8497868
8500333
8500395
8502125
8502448
8503309
8503338
8503455
8503782
8503815
8505943
8506721
8508481
8508561
8512850
8513870
8515998
8517943
8519081
8520573
8520677
8522064
8522355
8522444
8524647
8525072
8525157
8525954
8526556
8526965
8527580
8527720
8529303
8529984
8531543
8531748
8534772
8535217
8535469
8535555
8536675
8537950
8537963
8540073
8540100
8540873
8541129
8542428
8543691
8544294
8544569
8544757
8545031
8545929
8546586
8549507
8550776
8550797
8553741
8554597
8556813
8557007
8559598
8559718
8559746
8560261
8561166
8561226
8563680
8565115
8567717
8568489
8573532
8575619
8576955
8579440
8579451
8580620
8581377
8581719
8584867
8587194
8591084
8592798
8594224
8594242
8594514
8594807
8594992
8596123
8596143
8597514
8597772
8597886
8598857
8600506
8601616
8601660
8603440
8603869
8604142
8604225
8604657
8604787
8605007
8605346
8605395
8606312
8606413
8608320
8610634
8611520
8612323
8613480
8613721
8615281
8615607
8616134
8621136
8621517
8622282
8622413
8623386
8624438
8624475
8625995
8626311
8631427
8633354
8633472
8635265
8638172
8638296
8640065
8640251
8644215
8644981
8646357
8647285
8647470
8647750
8648109
8648915
8650350
8650979
8651311
8651373
8651964
8653514
8653540
8654028
8654103
8655934
8659588
8660099
8660481
8661603
8662896
8666248
8666406
8666598
8668664
8668904
8669800
8674296
8675533
8676354
8680973
8682635
8683044
8683906
8684897
8686554
8686632
8686739
8686883
8687450
8687479
8690067
8690443
8691589
8691654
8691975
8691986
8692706
8692875
8693403
8694818
8697098
8698027
8698233
8700116
8700606
8701026
8701795
8705193
8705794
8707278
8708515
8708568
8709080
8710805
8712088
8712872
8713244
8713698
8713883
8719064
8719384
8719527
8720785
8726095
8727993
8729523
8730156
8731944
8732385
8733941
8734318
8736676
8737167
8738582
8738708
8740601
8740660
8740761
8740899
8740978
8740980
8741100
8741671
8743175
8743679
8744005
8745649
8747291
8747842
8747970
8748065
8748192
8750815
8752496
8753303
8754407
8755960
8756209
8757512
8757774
8758314
8759229
8760592
8761599
8761784
8762173
8762602
8762889
8763042
8763786
8765395
8766538
8769148
8772412
8772792
8773670
8776643
8776740
8779019
8780650
8781324
8783713
8784872
8784887
8785844
8785870
8787307
8789055
8789733
8790425
8791319
8793644
8796995
8797221
8798605
8799652
8801017
8801346
8801482
8802336
8802880
8802893
8805792
8807916
8807949
8812136
8813652
8814434
8814537
8814888
8815632
8815839
8816359
8816908
8817837
8819908
8821519
8821565
8821923
8822326
8823563
8824969
8826087
8826147
8827368
8827677
8829080
8829464
8831965
8832123
8832169
8833216
8834197
8835109
8835854
8835926
8836601
8837326
8839323
8839455
8841358
8843005
8843134
8844960
8845913
8845982
8846375
8848065
8848354
8848465
8853428
8854150
8854421
8854837
8858019
8858441
8860267
8861632
8862790
8863650
8864648
8864932
8864940
8865757
8866846
8867176
8869434
8874988
8875947
8876643
8877496
8881268
8881436
8881880
8882263
8882818
8883680
8884675
8887121
8891524
8891778
8891875
8892116
8894562
8895100
8896110
8897863
8898399
8898650
8900264
8900474
8901285
8901336
8902167
8902554
8902563
8902909
8903543
8903609
8904957
8905034
8905090
8905250
8905492
8908437
8908572
8911094
8916528
8916655
8919889
8920799
8921596
8922895
8923780
8926395
8927425
8927855
8928113
8931576
8931649
8932258
8932375
8933625
8936098
8936876
8938070
8938243
8938258
8938603
8939228
8939617
8942000
8942587
8942683
8946657
8946717
8948796
8948800
8948845
8951800
8952129
8952548
8955076
8955350
8955667
8956172
8956509
8957962
8958733
8958875
8958888
8959266
8959282
8960167
8960405
8961086
8961299
8963447
8964705
8966609
8966941
8969504
8969601
8972561
8972760
8974796
8977263
8977520
8978151
8978467
8978499
8981854
8983503
8983902
8985150
8990740
8992941
8993676
8993836
8994906
8996529
8997687
8998308
8998764
8999174
9000050
9000095
9000294
9002768
9003087
9003494
9004148
9006999
9008297
9008856
9011285
9012886
9012958
9015513
9016002
9017754
9019911
9021058
9021271
9021696
9022881
9023275
9024541
9024554
9024689
9026052
9026903
9027228
9028187
9028419
9030638
9031370
9031615
9031668
9033161
9033559
9033960
9034244
9035645
9036574
9037006
9037863
9038283
9040449
9040600
9041645
9042322
9043827
9044271
9045043
9046707
9046862
9048314
9048816
9049152
9049629
9050121
9052204
9053011
9054734
9055223
9060628
9061760
9061944
9062182
9062972
9065840
9066341
9067151
9067165
9067337
9068428
9072084
9072840
9073384
9073400
9074748
9075216
9076329
9076378
9076580
9076757
9077818
9078266
9078615
9081600
9081859
9082642
9082979
9084379
9085141
9085567
9085688
9085831
9089281
9089932
9089983
9096204
9097307
9097682
9098072
9099790
9100497
9100835
9101667
9102428
9102536
9102986
9103274
9104269
9108687
9109295
9109414
9109576
9110060
9111233
9112700
9114472
9115323
9116174
9117751
9119310
9121462
9122101
9122239
9122686
9122888
9123295
9123526
9123578
9124697
9126747
9127373
9128790
9130006
9133579
9134821
9135235
9135380
9136191
9136673
9137107
9137796
9138558
9140500
9140598
9140814
9143019
9143279
9143391
9143888
9147026
9147862
9148344
9150939
9151057
9151955
9152249
9152464
9153475
9153542
9153949
9155019
9155045
9156257
9156654
9158333
9160305
9161258
9162125
9162246
9162455
9162461
9162627
9165124
9167230
9168163
9168890
9169387
9169913
9170429
9171287
9172546
9173771
9174190
9174770
9175924
9177531
9177568
9179808
9179994
9180551
9180596
9181612
9181803
9182921
9183573
9185503
9185610
9186234
9186843
9187712
9188473
9192561
9192817
9192960
9193130
9194097
9194309
9195256
9195984
9197580
9197740
9197955
9198275
9198951
9199160
9199562
9200454
9201588
9204367
9204719
9205046
9205069
9208082
9211040
9212922
9213366
9213996
9214315
9214353
9215819
9215879
9215977
9217343
9217576
9217942
9218713
9218752
9218757
9219898
9219908
9220243
9221650
9223373
9223960
9224062
9224563
9224705
9224858
9225163
9225526
9225988
9226038
9226794
9230291
9231088
9231441
9231775
9234898
9235132
9235480
9235848
9237242
9237847
9238521
9241074
9241311
9241698
9241724
9243968
9245842
9247235
9247484
9248171
9249283
9250137
9250170
9251556
9252400
9253093
9254792
9255075
9255413
9256966
9261038
9262051
9262291
9265341
9265543
9266867
9267238
9267492
9267832
9267926
9269145
9270153
9270655
9272322
9272726
9273600
9275003
9275880
9277104
9278493
9280068
9280225
9280385
9282268
9282530
9282971
9283838
9283993
9286052
9287103
9287113
9288102
9288663
9288855
9290540
9291607
9292296
9293317
9296543
9297149
9297190
9297968
9299713
9300413
9302770
9307790
9309518
9309780
9311977
9311984
9312054
9312108
9313990
9314654
9314775
9315103
9315853
9316266
9318507
9319970
9320045
9320219
9320712
9320734
9321783
9323267
9326547
9326749
9327191
9329175
9329662
9330153
9331365
9331459
9332585
9333703
9333883
9334365
9334529
9334694
9334703
9335978
9336194
9336428
9337095
9338449
9338791
9339178
9339481
9339722
9339991
9340718
9340867
9342077
9343116
9343254
9343333
9345071
9346589
9347642
9350098
9350836
9350881
9351163
9352139
9353637
9354706
9355130
9355694
9356537
9358073
9358789
9359143
9359856
9360182
9363553
9364126
9365455
9366700
9367142
9368871
9371922
9373710
9377657
9377702
9378534
9379209
9379696
9379776
9380149
9381054
9381353
9383803
9384692
9387807
9387898
9389445
9390635
9395595
9395780
9397406
9397784
9399362
9399411
9399698
9401509
9401950
9402698
9404465
9405061
9405471
9405847
9407360
9407674
9410888
9411428
9411512
9414667
9416149
9417244
9417286
9421203
9421639
9424742
9424893
9425949
9426422
9426874
9427680
9428848
9429427
9429656
9430410
9430685
9432117
9432776
9432958
9433983
9436844
9437930
9438098
9438370
9439841
9440172
9440483
9441380
9441417
9441918
9442133
9443612
9444391
9445256
9446256
9446821
9447107
9447456
9449171
9449255
9451628
9452785
9452839
9453101
9453731
9455240
9455806
9458656
9459348
9459926
9461246
9463440
9468317
9469690
9469900
9471244
9472508
9473601
9473787
9473952
9474012
9475305
9476600
9476808
9477216
9477252
9478903
9479246
9479594
9483535
9483976
9484611
9486291
9487605
9489817
9490723
9491149
9492511
9495554
9496438
9500305
9500947
9502477
9503251
9503673
9505702
9507142
9507683
9509791
9510964
9513445
9518401
9519569
9519842
9520340
9521107
9521758
9522050
9522411
9523500
9526576
9526841
9530018
9534208
9535688
9535989
9537157
9537375
9537574
9543293
9543733
9544650
9544879
9545088
9545125
9545355
9546202
9548421
9548422
9550035
9551185
9552324
9552451
9553819
9557756
9558155
9558791
9558967
9559235
9559654
9559978
9563386
9564675
9565129
9566785
9566851
9568137
9570176
9572261
9572289
9574573
9576050
9577120
9577306
9580112
9581718
9582995
9583909
9583942
9584659
9585270
9585906
9587098
9587103
9588956
9591913
9593787
9596234
9596298
9597778
9601420
9601433
9601572
9602015
9602246
9602656
9603269
9603701
9605189
9606537
9607046
9609715
9610282
9612387
9613289
9613636
9614171
9614600
9614676
9615055
9615236
9615587
9615654
9616116
9616638
9619032
9619498
9619887
9622492
9622850
9623679
9623853
9624349
9624632
9625755
9626652
9629258
9630155
9631050
9631748
9633791
9633862
9635486
9635999
9636843
9637466
9637786
9639279
9640209
9640503
9640936
9646116
9646527
9646568
9648261
9648383
9651084
9651261
9652892
9652913
9653077
9653589
9654305
9654334
9655446
9657031
9658813
9659942
9662305
9662388
9662720
9662851
9663058
9663628
9663729
9664062
9664529
9664674
9664998
9665744
9666482
9670626
9670778
9675453
9676626
9676955
9677115
9677901
9679030
9679548
9680119
9680950
9682676
9684698
9685300
9686139
9686808
9686883
9686969
9687473
9691852
9693346
9694250
9695070
9695741
9696707
9697794
9698543
9699417
9700263
9702373
9702735
9704148
9705691
9705793
9707566
9711462
9711790
9714248
9717752
9717840
9718079
9719163
9720590
9721599
9723943
9724875
9725382
9725474
9726084
9726434
9727834
9727952
9730057
9730210
9730830
9731831
9733366
9733830
9736156
9737574
9738715
9739399
9740341
9741028
9743200
9745178
9745931
9746020
9746236
9746269
9746791
9747877
9749616
9750747
9752049
9752067
9753374
9754389
9754581
9759182
9759488
9761589
9761645
9761939
9763060
9764920
9764989
9765268
9765933
9767222
9767707
9769391
9769435
9769598
9770101
9772986
9773338
9773396
9773731
9774529
9775407
9776007
9777054
9777082
9778419
9778629
9779260
9781812
9783342
9783635
9784446
9784692
9785643
9788286
9788635
9788804
9791057
9791281
9792288
9792807
9792857
9795831
9797468
9798607
9798640
9799630
9799631
9800681
9801719
9802054
9802317
9802612
9802725
9802969
9804794
9806510
9809268
9809754
9811300
9811553
9811574
9813817
9814209
9814857
9815426
9816813
9818421
9819343
9819770
9819950
9820138
9820434
9820597
9823049
9823359
9824074
9824176
9826227
9830895
9831240
9831613
9832120
9832511
9834154
9835070
9835895
9837373
9839839
9842433
9842604
9843219
9843633
9848217
9848291
9849072
9849571
9849725
9849796
9850342
9852148
9854735
9856066
9856404
9856800
9857226
9857319
9858569
9859388
9859632
9860074
9861408
9861828
9861939
9862220
9862629
9862967
9863747
9864225
9865639
9865724
9865821
9866488
9866670
9868495
9869422
9869560
9869748
9870990
9871977
9872122
9873954
9876910
9877502
9878491
9879249
9881192
9881394
9881642
9882255
9882369
9883958
9885424
9888364
9891026
9893749
9894991
9895647
9896279
9896859
9897200
9897322
9899954
9901365
9902997
9904109
9904277
9904971
9906802
9906834
9906970
9907302
9907356
9907808
9908572
9909135
9910710
9911389
9911405
9914031
9916324
9916499
9916507
9917097
9918862
9920573
9921850
9921985
9925644
9927565
9929610
9930238
9930766
9931513
9931906
9932165
9932614
9933611
9935045
9936618
9936655
9937570
9937593
9938604
9938653
9939665
9940971
9941493
9941519
9942581
9944318
9944385
9947460
9947625
9952422
9956252
9956407
9962356
9967752
9967841
9967991
9968705
9970813
9971223
9972246
9973053
9973267
9973765
9974777
9975762
9976803
9977796
9980623
9981099
9983070
9983188
9984642
9985822
9991354
9992596
9992715
9994045
9995315
9995399
9995703
9995889
9997335
9997808
9998454
9999076
