1650
2752
3331
4862
5089
5869
5926
6241
6268
6640
7602
8313
9483
10002
13642
13938
14281
15720
15937
15957
18853
18923
19923
21076
21378
21660
22546
23255
26801
26809
30352
31203
32926
35412
35602
35751
35784
37106
37529
37628
38000
38895
40642
41103
41838
45741
46930
50286
52228
52377
52652
53751
54920
56067
60920
61736
61781
62307
63113
63300
64463
64933
65853
66361
68803
70923
72104
73841
73856
74255
74883
75588
77271
78742
79294
79626
79717
80584
81114
81141
82550
83214
83438
84671
85196
85955
86889
86981
87020
87686
87721
87845
87946
88205
89545
91245
92920
96361
97818
98813
100195
100634
100661
101414
102404
103053
104904
105007
107233
107752
107878
108576
108688
109464
109886
111146
112966
114429
115059
115437
115833
116599
117142
118592
119137
120718
121063
122087
125311
129885
131331
132150
132205
132223
132616
132651
133680
133884
134969
135311
137814
138063
138967
139772
141653
143279
143677
146624
146870
148111
150118
150243
151002
151237
152733
153071
154648
154926
155714
156154
156269
156420
159397
162750
162984
163109
165176
166608
167722
167952
169628
170186
173550
173593
175802
176704
176816
179564
180364
181939
182012
182094
184519
185373
185929
187923
188020
188240
188638
188892
189419
192690
193045
193315
194439
195219
195626
195895
196100
197686
200505
201640
204396
204714
206730
207479
207844
211484
211622
211936
212821
214591
215338
215797
217151
217290
221582
223819
223927
224239
225239
225309
225958
227196
227746
227869
228528
228754
229553
230881
231469
232212
232695
235935
238101
238246
239444
240115
242546
242686
243669
245217
245526
245604
246275
246656
247145
247539
250071
250834
252070
253205
254667
256895
260114
261091
261147
261596
263070
265251
265831
267336
267989
268324
269595
275378
276771
277602
278161
278594
278633
279162
279198
279917
281540
281755
282962
283066
283451
284525
286981
287422
287574
288484
289629
290721
293505
294081
294871
295462
301011
305760
306591
307938
311867
312214
313407
314117
318011
318428
320287
320676
321140
322366
322465
324395
324474
325057
325263
325513
328459
329879
330134
331217
333354
334466
334895
335538
336101
337528
339162
342109
343782
344199
344650
345610
345868
346277
346514
347841
347935
348030
348330
348417
349887
350576
351416
351678
352130
352841
353057
353463
355793
356841
358538
359727
360278
360852
361894
362669
363065
365621
366561
366744
370517
370763
373674
373795
374544
376200
376416
377242
377379
377433
377909
380073
381094
381238
381272
381274
383904
384740
385147
385297
387048
387554
387607
387703
390662
390746
392199
393156
393472
393831
395441
395639
396417
396475
398993
399284
400113
400189
401869
402350
403981
404276
407117
407324
407790
408335
408630
408879
409646
411633
412958
414520
414591
414696
417411
419415
419511
421739
422323
422633
423839
424826
425156
425242
426453
427916
429830
430266
430764
431762
431787
431854
434119
434881
435086
435378
436963
439669
440223
441906
442234
445188
446689
448433
450135
454306
455159
456626
457206
457457
459596
459825
459963
460722
461726
462930
463364
463818
465058
465438
466717
467739
468153
470771
471822
471960
472721
473018
473382
474457
475520
476093
476162
476332
477858
478069
479379
481024
481603
481736
481782
483236
485240
485550
486904
487521
488331
490313
491824
492364
492675
492935
493011
493775
494534
495184
497011
497640
498775
499823
499837
499951
500381
500442
502619
503803
505246
506397
506400
506584
509248
509773
510167
510494
510674
511519
512004
512269
518592
520375
520597
521726
523866
525800
528024
529564
529813
530821
532698
532851
533801
534057
534664
534966
536780
537143
541726
542013
542083
542620
542714
542946
543627
543713
544108
545080
547244
547627
547848
548412
549050
549070
549647
550499
551656
552598
553064
553876
555285
555479
555874
556634
558608
561196
561488
563296
563462
564635
564936
566377
567141
567752
568639
568650
569024
569679
571578
571737
573008
573271
575022
577700
578004
578623
578910
579988
582747
583295
583867
583886
584351
586919
587366
589278
590122
592292
592783
594217
596540
597348
599948
600537
600996
603552
603874
604068
606546
606591
607034
610293
611326
611545
613873
614956
615945
615966
618701
618812
619601
621859
622948
623576
623617
624289
626081
630033
630106
630885
632758
634460
636084
638760
639438
640810
642124
645805
646274
646771
646848
646864
647760
649097
649138
649651
649683
650854
650883
651307
651485
651806
651897
652503
652943
653224
653583
654739
656166
656530
657144
657361
657603
658065
658449
658999
661355
664894
666909
671995
673477
674357
677094
678312
678385
678727
679985
680054
680828
681061
685850
687060
687726
688346
689058
690424
691812
691859
692963
693626
694381
698741
699061
700340
700873
701224
701647
702596
703712
704670
705508
706132
708201
708509
710836
710877
710948
710999
711293
712124
712348
713624
716292
717463
720253
722005
722191
724056
724547
724785
724806
724997
726099
726308
726867
726928
728521
728659
728898
729357
729476
729566
729867
731278
732854
733829
735168
736388
737316
738012
740493
741618
741972
742421
743232
744142
746581
749283
750119
752140
753970
754100
755134
755869
756176
756504
757310
757586
758251
758677
758767
759609
759704
761383
761496
762271
763999
770145
771062
771463
772519
772531
772587
772961
773093
773475
774286
777633
778111
778948
780842
787703
790441
792103
793137
794549
795788
797698
800178
802147
802202
804127
804720
804876
805327
805689
808406
809217
810091
810449
810471
810825
812486
814529
815493
815986
815992
816683
817127
818051
818827
819725
820505
821118
821439
821719
824854
826342
827831
828216
830674
833371
833563
835250
838110
838425
839494
840870
841487
841979
843903
844283
844990
845221
845563
845734
847727
850212
851082
852751
852823
853187
855309
856253
858968
859174
859980
862601
862905
864731
865988
866481
867085
867506
868774
870258
871073
871926
873190
874019
875521
876158
876644
876768
877542
879475
881200
881824
884119
884932
886026
886969
888706
889135
891920
893437
894388
894871
894997
895650
896029
897127
899493
900529
902767
903151
904105
904209
905755
908044
910245
910820
911217
913025
913574
914648
916499
917024
917360
917731
918792
919180
920288
920377
920537
922242
922338
923225
923687
923919
924486
925330
926642
927033
927325
927716
929556
931562
934255
934726
934761
935251
935914
936070
936829
938310
938860
939106
940282
941772
943040
943694
944893
945988
946436
948387
948465
948850
950868
951775
952554
954008
954329
954608
955687
955803
955949
957056
957213
959127
959481
963981
964417
965663
965785
968590
970047
972382
972844
978144
979163
979782
982101
982507
982827
983249
983622
984200
984925
985490
987684
989128
989370
989652
989787
989949
989975
990446
991349
992654
995344
995970
996171
996318
996506
998351
1000629
1001117
1002252
1002894
1003850
1004813
1005126
1006569
1006720
1007980
1008252
1009693
1013783
1014723
1014900
1015982
1016759
1017345
1019585
1020453
1021504
1023126
1023161
1023583
1024875
1026308
1027578
1027770
1028210
1028623
1028783
1031183
1032841
1032921
1033185
1035216
1037291
1037330
1037917
1040002
1040069
1040295
1041350
1042340
1042837
1043542
1046792
1047892
1048252
1048340
1048572
1049343
1050415
1053827
1054397
1056267
1056574
1056875
1059221
1059766
1060291
1060373
1061846
1062031
1062536
1062952
1063924
1064610
1064866
1066412
1070245
1071049
1072667
1074289
1076084
1076346
1076880
1076958
1077100
1078270
1078714
1081060
1083007
1087209
1089455
1091894
1092031
1092184
1093242
1093465
1095355
1097791
1099851
1101593
1106165
1110690
1110740
1110861
1111460
1115679
1117345
1117658
1120773
1123632
1123792
1123888
1124648
1125611
1126011
1127358
1129094
1129496
1131586
1132064
1132524
1133299
1135477
1136107
1137065
1139127
1140756
1141570
1141950
1141951
1143116
1144560
1145729
1146504
1147043
1150050
1150807
1151149
1152552
1153354
1153600
1154188
1155967
1158910
1158966
1159806
1159813
1160954
1161424
1163493
1165327
1166029
1166082
1167585
1168972
1169048
1170667
1170770
1172275
1173833
1173983
1177055
1178555
1178599
1179866
1180008
1183387
1185259
1185726
1186651
1187046
1187183
1187785
1187853
1188098
1189455
1189615
1189923
1190323
1190384
1190718
1191608
1193534
1196255
1198902
1200137
1200647
1201957
1202841
1203290
1203659
1204797
1204991
1206461
1208867
1210560
1211159
1214636
1215325
1217450
1217641
1218165
1219791
1221935
1222403
1222599
1223138
1223380
1223510
1223881
1224775
1224863
1224895
1226548
1226954
1227650
1229047
1231784
1231950
1232460
1232735
1234207
1235960
1238282
1238934
1239098
1241582
1242394
1242456
1243997
1246874
1246972
1247686
1248245
1248417
1248632
1249364
1251651
1252707
1253890
1255062
1255197
1257316
1257570
1258551
1258667
1262093
1263074
1264606
1265396
1265997
1267841
1268125
1268786
1269160
1270040
1270762
1270985
1272294
1272318
1273817
1273876
1275749
1277368
1277662
1277907
1277934
1278441
1278899
1279811
1280571
1284985
1285819
1286954
1287374
1290204
1290415
1290687
1291557
1295774
1297499
1298198
1300682
1301745
1304128
1304462
1305690
1306007
1306310
1306864
1307298
1307694
1308422
1309090
1309188
1311027
1312131
1312215
1312682
1313152
1313921
1316079
1316459
1317935
1318700
1319003
1319607
1320181
1320534
1321062
1321618
1322929
1323214
1323557
1324434
1325717
1325847
1326437
1327890
1328332
1329040
1330377
1332263
1333405
1333750
1334862
1335891
1338925
1344588
1346603
1347043
1348284
1351673
1358346
1360261
1360798
1362581
1362686
1363255
1363260
1364688
1365476
1366283
1366326
1367972
1368945
1369310
1369373
1370613
1371775
1373245
1373420
1374684
1376991
1377249
1377764
1378408
1378567
1380662
1382090
1383244
1383338
1384241
1384498
1385390
1385394
1387046
1387123
1387809
1389706
1389949
1390181
1390651
1390821
1392719
1393067
1394624
1396536
1397268
1397743
1399125
1399535
1402239
1402728
1403951
1406597
1407040
1408401
1409287
1409426
1410918
1412208
1412927
1417171
1417245
1419290
1420412
1421238
1421949
1422017
1422659
1423710
1424668
1424986
1425717
1426553
1430564
1430811
1430900
1431343
1431372
1433156
1433303
1434576
1434838
1434902
1434997
1435013
1435186
1435270
1437177
1437508
1438790
1439635
1440237
1442406
1443251
1444670
1446392
1446811
1447148
1447424
1447950
1451294
1451673
1452085
1452753
1453504
1454896
1455055
1455933
1456482
1456935
1458032
1459395
1460378
1460410
1460494
1460497
1461033
1461736
1461788
1464058
1467164
1467417
1467721
1468592
1469493
1470491
1472731
1475205
1477167
1477591
1477817
1478993
1479077
1479649
1479692
1479989
1480050
1481215
1481287
1481767
1482262
1483129
1483575
1484095
1487394
1487773
1489307
1489630
1490087
1490631
1490636
1491507
1492244
1493543
1494034
1494107
1494662
1495821
1496681
1497240
1498280
1498455
1498865
1500729
1501690
1502383
1502701
1502712
1502772
1504240
1504407
1504729
1504891
1507849
1508311
1508775
1509453
1514036
1518215
1519220
1520454
1520576
1520700
1523448
1523935
1524051
1524206
1525306
1526305
1526738
1526915
1527306
1527767
1528219
1528708
1529295
1529515
1529688
1529810
1530548
1531159
1532884
1533794
1534553
1537221
1537236
1537856
1538206
1538264
1538640
1538698
1539558
1540025
1541079
1541714
1542298
1542980
1543208
1543430
1543515
1543885
1544774
1544845
1546010
1549746
1549791
1550281
1551840
1552020
1552256
1552486
1552891
1553125
1553172
1554951
1555534
1557306
1557400
1558441
1560834
1566748
1568378
1568646
1569234
1570384
1571241
1571468
1571562
1573399
1574011
1574060
1574223
1575172
1580213
1580912
1581255
1581822
1583817
1584070
1584854
1588031
1589376
1590702
1590955
1593356
1594181
1594499
1595024
1595748
1597322
1599050
1600133
1601722
1602459
1602979
1604035
1606603
1608199
1608669
1609671
1609747
1610573
1611660
1612508
1614122
1614880
1614919
1615166
1616280
1616466
1616965
1619061
1621223
1623919
1623948
1627613
1628217
1628321
1630085
1631205
1631528
1633207
1634716
1635874
1637649
1638768
1638878
1639276
1639937
1640675
1640723
1640987
1641035
1641352
1641640
1643795
1645224
1646718
1648063
1648484
1648989
1651382
1651806
1651863
1654493
1654634
1655402
1655739
1656998
1659473
1661164
1662122
1662184
1662857
1664234
1664322
1664640
1664749
1665224
1665415
1666744
1667765
1672094
1672450
1672494
1672807
1673365
1675624
1677218
1677355
1677359
1678934
1679055
1681064
1681703
1682605
1682835
1685213
1685689
1687428
1688197
1689322
1691224
1694512
1694658
1694812
1695189
1697501
1701330
1701406
1701598
1702705
1704925
1705004
1706268
1707664
1708804
1709531
1712286
1715238
1717297
1717828
1718189
1721471
1722104
1722555
1722597
1722654
1726735
1727440
1728539
1730041
1733132
1734006
1736500
1738161
1738767
1739340
1739853
1740246
1741415
1742687
1743029
1744273
1744498
1745519
1745853
1746368
1747732
1748474
1748896
1748920
1749193
1749730
1749986
1750016
1750475
1753054
1755898
1756622
1759383
1761716
1762128
1762311
1767924
1769190
1770141
1771027
1771933
1772481
1773696
1774805
1775043
1775073
1775133
1775477
1775561
1775621
1777098
1778234
1778544
1779040
1780187
1780951
1781417
1781984
1782132
1782962
1783718
1783996
1784337
1787290
1789029
1789493
1790536
1790978
1795565
1797313
1797513
1797739
1797987
1799061
1799412
1800520
1800768
1802102
1802196
1803109
1803985
1804582
1804690
1806106
1806868
1807020
1807101
1807197
1807601
1807715
1810266
1810426
1810746
1810922
1812914
1814872
1816386
1816630
1819343
1820115
1823577
1824872
1824893
1826496
1827097
1827935
1828279
1828633
1829584
1829605
1831382
1831734
1833172
1833480
1833719
1834126
1835855
1836048
1838034
1839159
1839194
1839571
1840321
1842741
1844080
1844359
1845851
1846272
1846341
1846599
1847600
1848044
1852807
1853496
1855463
1857774
1858897
1863415
1865840
1867869
1868312
1869930
1873035
1873129
1873276
1874349
1874555
1875516
1875913
1876176
1877546
1878444
1881494
1882555
1883186
1884174
1886440
1886709
1887163
1889877
1890597
1890722
1891270
1891807
1893686
1894741
1894845
1895476
1895895
1896111
1896317
1897338
1897355
1898161
1899255
1900434
1900450
1902163
1902760
1902787
1903308
1904783
1905757
1906099
1906377
1906984
1909412
1910968
1913731
1913875
1915639
1915896
1917137
1917250
1917538
1918028
1920740
1921150
1922001
1922308
1922761
1922917
1923295
1924895
1925095
1926268
1926435
1926611
1926748
1929119
1929584
1930634
1931060
1933286
1933312
1933977
1933986
1934189
1935067
1935502
1935560
1940611
1943844
1943866
1945648
1946310
1947765
1949808
1950901
1951394
1951574
1953271
1954088
1955090
1955419
1956834
1960991
1961737
1961963
1962935
1964009
1964221
1964520
1965967
1966558
1967241
1968430
1969068
1969517
1970271
1971086
1972056
1973485
1974175
1974442
1975211
1976421
1977432
1977750
1977825
1978447
1979321
1980444
1980635
1985315
1987727
1989603
1991175
1991480
1991561
1991578
1992480
1994061
1997461
1998006
1998085
2001771
2004365
2006667
2010658
2010770
2011592
2012785
2013463
2014254
2014866
2016115
2016682
2018054
2018795
2020307
2022926
2023155
2023177
2023674
2023816
2025894
2025913
2025951
2027609
2029306
2030113
2030815
2031448
2031937
2032729
2032894
2033787
2034301
2035747
2036137
2037401
2037495
2038022
2038436
2039134
2039215
2040287
2040393
2040695
2041138
2042074
2045495
2046161
2047660
2048061
2048883
2049875
2050381
2051549
2051708
2052104
2053697
2053854
2056168
2057317
2057837
2058166
2058754
2062070
2062775
2062824
2062851
2063772
2064160
2065292
2065784
2067932
2068290
2068915
2070349
2070410
2070436
2071709
2076645
2076649
2078121
2079707
2080480
2081065
2081341
2081862
2081920
2082134
2083427
2084016
2084437
2085308
2086445
2087488
2091531
2093613
2093774
2095819
2096185
2096636
2096789
2097716
2098284
2098913
2101552
2104514
2105604
2105949
2106126
2106237
2106605
2106685
2107223
2109644
2111348
2111590
2112420
2112841
2113385
2114350
2116230
2116292
2117091
2117461
2117613
2118030
2119156
2119713
2119871
2121972
2122346
2123413
2123937
2126840
2126956
2127691
2128142
2130167
2131469
2132812
2133731
2134181
2134249
2134479
2134678
2135845
2135933
2137997
2138799
2139586
2141510
2141583
2144385
2144470
2145283
2145688
2146048
2146066
2147137
2147923
2148072
2148378
2148981
2151663
2151758
2152987
2153939
2154724
2154777
2155834
2155921
2156019
2156173
2156391
2156995
2157921
2158809
2161330
2164266
2165189
2166460
2166464
2167493
2169117
2170380
2172083
2172522
2173188
2174646
2178263
2178288
2178912
2179685
2180154
2182496
2183038
2186026
2189161
2189496
2189505
2190046
2191354
2192085
2192097
2193627
2195549
2195638
2196476
2196603
2198389
2199308
2199835
2201180
2201648
2202012
2202783
2203381
2205460
2206543
2207447
2207540
2208056
2209197
2209337
2209635
2213602
2213813
2215544
2217014
2218147
2218726
2219728
2220959
2221474
2222356
2222918
2225896
2227927
2230416
2230457
2231280
2231326
2231461
2231865
2232332
2232554
2232827
2232872
2233523
2233646
2233838
2233925
2234085
2234301
2234845
2235482
2235700
2235977
2236600
2239954
2240660
2243145
2243893
2244813
2244966
2245566
2245738
2246179
2246424
2246544
2246864
2247048
2250780
2250980
2251802
2252575
2252759
2253167
2253509
2254677
2256361
2257213
2257648
2257734
2258712
2259385
2261143
2262587
2263161
2265267
2267189
2268123
2268133
2268563
2268848
2269783
2269805
2271748
2272371
2273029
2274951
2275048
2275252
2275630
2276357
2277057
2279569
2279674
2280577
2280730
2281012
2281513
2281796
2282504
2286078
2287403
2287707
2287825
2288145
2288684
2289125
2289982
2290042
2291281
2292469
2293636
2294093
2294105
2295370
2295432
2295484
2295812
2297275
2297366
2297441
2297544
2297910
2298572
2298711
2301407
2301463
2302381
2303057
2303992
2304268
2305708
2307005
2308711
2314993
2315446
2315614
2315809
2318432
2318733
2318858
2319781
2320575
2321410
2323462
2323946
2324176
2325620
2325856
2326119
2328807
2330111
2331471
2332167
2333900
2334079
2334105
2339752
2339766
2339805
2340326
2340813
2342217
2342412
2342468
2343230
2343235
2343352
2343587
2343589
2344623
2344956
2345178
2346605
2346833
2347661
2347924
2349265
2353829
2354518
2355426
2356790
2356867
2358029
2360744
2360786
2361854
2362216
2362694
2363378
2364333
2366968
2366978
2369253
2369991
2370040
2371965
2373274
2374271
2376735
2378158
2378415
2378964
2381542
2382773
2382875
2383007
2384015
2385408
2385479
2386298
2386516
2390578
2391537
2392144
2393319
2394300
2394776
2395553
2396019
2396055
2396511
2398333
2399675
2402966
2403031
2403456
2404451
2406890
2407230
2408609
2409240
2412086
2412110
2412142
2412853
2413890
2414374
2416532
2416806
2418368
2422079
2422089
2423828
2424617
2425202
2426995
2427884
2428598
2429892
2430533
2430660
2432286
2432338
2433121
2433671
2435055
2436358
2437881
2437897
2438689
2439475
2441279
2441970
2442060
2443606
2445006
2445175
2445337
2446046
2446221
2447409
2448272
2450983
2452574
2452964
2453394
2453447
2453853
2454105
2454978
2455734
2456393
2456523
2459735
2460258
2460468
2460848
2461466
2463730
2467554
2467774
2467912
2468712
2468760
2468800
2469211
2470917
2471057
2471860
2471976
2472969
2474025
2474107
2475333
2475369
2478004
2479184
2479914
2480473
2480513
2480668
2480946
2481433
2481995
2482199
2483032
2483640
2483743
2486685
2487044
2490119
2491851
2492498
2493010
2493761
2495324
2495636
2496878
2497115
2497262
2498238
2499184
2500183
2501039
2504485
2504791
2506506
2508121
2508306
2508467
2509328
2510014
2510549
2512343
2512761
2513596
2513788
2514349
2515084
2516497
2517100
2518075
2518869
2520006
2520043
2520582
2520608
2521968
2522957
2523005
2523054
2526435
2527921
2528634
2528774
2529701
2530706
2531117
2533330
2534537
2535090
2535373
2536935
2537985
2540110
2540816
2542480
2543486
2544028
2544186
2544579
2545109
2545543
2546778
2547664
2551659
2551762
2551938
2552470
2556173
2556868
2557103
2558204
2558484
2558686
2559035
2559709
2560219
2561274
2561539
2562075
2567302
2569321
2569583
2570060
2570528
2570870
2572311
2573571
2573807
2575582
2576379
2578802
2580331
2580836
2581939
2582924
2583716
2589665
2590601
2591210
2591860
2592440
2595325
2595686
2595765
2596317
2596706
2597383
2597523
2599178
2599594
2599704
2600052
2601129
2603468
2603493
2603532
2603616
2603897
2605472
2605730
2605799
2605947
2606309
2608475
2608611
2611111
2611827
2613836
2613914
2614678
2617630
2618649
2620298
2621908
2623676
2623980
2625156
2626486
2627474
2628305
2628526
2628753
2629517
2631730
2632182
2633034
2633284
2633955
2635233
2635530
2635851
2637402
2638809
2639883
2640119
2640667
2641379
2641448
2641464
2641717
2642552
2642984
2644696
2644942
2647422
2648577
2649044
2649347
2649589
2649844
2650042
2650182
2650292
2650408
2650568
2651238
2651454
2652098
2652905
2655547
2655876
2656534
2656797
2656904
2660298
2660558
2661392
2663772
2664689
2666686
2667463
2667902
2668152
2669731
2671799
2676395
2676499
2676619
2677259
2677710
2679936
2682343
2685349
2685408
2685959
2686759
2687216
2687419
2688003
2688436
2689710
2690070
2690274
2690576
2690724
2690741
2690893
2691309
2691644
2692471
2692677
2693143
2693913
2694925
2696935
2697095
2697443
2698532
2700046
2701323
2702855
2707503
2712042
2712597
2712916
2714110
2714978
2714995
2716085
2716495
2717256
2718198
2719188
2719530
2719887
2720134
2721326
2721587
2721908
2722550
2723294
2724914
2726473
2728733
2730112
2731164
2731562
2731972
2732263
2733258
2733374
2734181
2734509
2734654
2734876
2734910
2735331
2735923
2735979
2736141
2736610
2742501
2744054
2745529
2746764
2747731
2749413
2750134
2754421
2756727
2757171
2757242
2759066
2759658
2759813
2760592
2761115
2762454
2763980
2764236
2765262
2766224
2766804
2767545
2770982
2771395
2773327
2773784
2775503
2776112
2776387
2778611
2780612
2781519
2782441
2782678
2784811
2785051
2785443
2785650
2785743
2786880
2787479
2788038
2788567
2789166
2789466
2790266
2791811
2792092
2793742
2794424
2794931
2795003
2795441
2795871
2796792
2798738
2798777
2799968
2800716
2801755
2801819
2802486
2802580
2802986
2803057
2804935
2807281
2807467
2808134
2808533
2809039
2809056
2810019
2810882
2810986
2813019
2814561
2815038
2815698
2816766
2817633
2820384
2822367
2823019
2823555
2824447
2825093
2826371
2827331
2827886
2828799
2830214
2830599
2831447
2835056
2835359
2835719
2836716
2840261
2840808
2841096
2841186
2842236
2845699
2846372
2849118
2849308
2850367
2854528
2854853
2855784
2856705
2858049
2858105
2861404
2862063
2863335
2863931
2864782
2865414
2865569
2866682
2869036
2869183
2870898
2870944
2871852
2872924
2873565
2873700
2873757
2875086
2875379
2877124
2877502
2877791
2878231
2880061
2880605
2880990
2882051
2883933
2884220
2884368
2886322
2886618
2890279
2893207
2893371
2893500
2893562
2894247
2894828
2894895
2897502
2898064
2901300
2902318
2902942
2904162
2904880
2909167
2910043
2910258
2913075
2914158
2914637
2914745
2914818
2916345
2916404
2916462
2916913
2917137
2918247
2918643
2922069
2923139
2923321
2924285
2924371
2929591
2930167
2930349
2930588
2931175
2933263
2933626
2933769
2934886
2935145
2935732
2936482
2936627
2938197
2938691
2938947
2939597
2940502
2940548
2941105
2943160
2944875
2945704
2947221
2947793
2947823
2948429
2948862
2952288
2953419
2953960
2954286
2955461
2955480
2956207
2957696
2957753
2959550
2959864
2959995
2961741
2964420
2966755
2967128
2968049
2968265
2970012
2970666
2971056
2971321
2975799
2977778
2980517
2981004
2981250
2982049
2982254
2982435
2982714
2983258
2985952
2987268
2987565
2987634
2987819
2990125
2992387
2994585
2997593
2998319
2998838
2998877
3000064
3001749
3002490
3005065
3005567
3006124
3006890
3008339
3008564
3008887
3009088
3009641
3009936
3010539
3010622
3011210
3011413
3011598
3012507
3012956
3013521
3013623
3013920
3014086
3016655
3017688
3018124
3018553
3020565
3021759
3023560
3024083
3025148
3025629
3025686
3028098
3029830
3030116
3031211
3031625
3032171
3032347
3033186
3034807
3035715
3036699
3037216
3037315
3038949
3039223
3040423
3043131
3043540
3046194
3046224
3046697
3046827
3048308
3048537
3051052
3056631
3057076
3059149
3059465
3060168
3060407
3060891
3062163
3062854
3062903
3064630
3065177
3067826
3068870
3071016
3071180
3071752
3072728
3073842
3074058
3074969
3075715
3077458
3079370
3079667
3079763
3082774
3084634
3085342
3085651
3085883
3086037
3088885
3089032
3091128
3093059
3093127
3094142
3095059
3095629
3096091
3097585
3098936
3101072
3101257
3104252
3104605
3104667
3104783
3104917
3105011
3105961
3106368
3109147
3109421
3109556
3110937
3111397
3112458
3112874
3113072
3113687
3116172
3117004
3122118
3122491
3123335
3123368
3123981
3124552
3125743
3126714
3126878
3127160
3127994
3128787
3128960
3130041
3130974
3132905
3133597
3134398
3134800
3136725
3137789
3138528
3139475
3141850
3141945
3142469
3143263
3144526
3145332
3147112
3147406
3149615
3151603
3151909
3151983
3152767
3153412
3154575
3159304
3159442
3159866
3160424
3161224
3162125
3163303
3164080
3164638
3164667
3165392
3165777
3166335
3169122
3169133
3170729
3171084
3172095
3173422
3174325
3174690
3175413
3177482
3177485
3178866
3180209
3183034
3184858
3185915
3187506
3187705
3188201
3191925
3194284
3194861
3195042
3196107
3196507
3198780
3198916
3199592
3203570
3204047
3205136
3206218
3207193
3208200
3208454
3210079
3210899
3211704
3214209
3214533
3214904
3216037
3216253
3217053
3217215
3218321
3219757
3219907
3220273
3224177
3227208
3228628
3229109
3230030
3230933
3231601
3232477
3238407
3238410
3239093
3239104
3239550
3240189
3240362
3240789
3242038
3244740
3244906
3245200
3245530
3246794
3247298
3248261
3249011
3250822
3252705
3253602
3254813
3258969
3260970
3263255
3263882
3264993
3267085
3268318
3268534
3268870
3269006
3269440
3271813
3272326
3273963
3274606
3276332
3278003
3278677
3278684
3280889
3287018
3287324
3291267
3293488
3294496
3298037
3299015
3300429
3300961
3302679
3305054
3308198
3309014
3309925
3310212
3316061
3316789
3317583
3318381
3318717
3319685
3321188
3321330
3321512
3321813
3323882
3324041
3324614
3327007
3327526
3328698
3329218
3331181
3331746
3333163
3333171
3333662
3333725
3336821
3337980
3338461
3338941
3341168
3341874
3342244
3343420
3343990
3344095
3344361
3344688
3345921
3346235
3347472
3348761
3349058
3351549
3352237
3352485
3354145
3355276
3355747
3359000
3360182
3360638
3360889
3362319
3362955
3365905
3366306
3366668
3366725
3368036
3368189
3368242
3369419
3371224
3371636
3371853
3375093
3376177
3377232
3378110
3378533
3379826
3379953
3380587
3380836
3384204
3385794
3388080
3388284
3388345
3388474
3388905
3390634
3391008
3391621
3392402
3393135
3393375
3394310
3395707
3395948
3396608
3396896
3403238
3405335
3405778
3405826
3407314
3407556
3408230
3408615
3409105
3410518
3410743
3410829
3411554
3412453
3412912
3413196
3415591
3416836
3416923
3419297
3419909
3420840
3422116
3422378
3423199
3424466
3424566
3427361
3427642
3427797
3429444
3430919
3432009
3433812
3436221
3437126
3437632
3438388
3438688
3438893
3440947
3441095
3441104
3442479
3443811
3444296
3444463
3445477
3446580
3448970
3449540
3449689
3450273
3450795
3451324
3451454
3452931
3453441
3453849
3456964
3461372
3461536
3461692
3463341
3464598
3468930
3470062
3470160
3471527
3473834
3474960
3475138
3475674
3476891
3478646
3481048
3481846
3484183
3487436
3487740
3488386
3492554
3493609
3495271
3496649
3498465
3499752
3499932
3500511
3502256
3502532
3504645
3507200
3507361
3510063
3510943
3511812
3514921
3516236
3518346
3519609
3519666
3519689
3520036
3520630
3522526
3524150
3525134
3525205
3525515
3526168
3527334
3528321
3528946
3530377
3530393
3532232
3533360
3534021
3534487
3535053
3536904
3537164
3539288
3539794
3542784
3544079
3544123
3544262
3544469
3545163
3546400
3548163
3549158
3550403
3550460
3552902
3555753
3557553
3561840
3562183
3565065
3565218
3568590
3570448
3570659
3571156
3575333
3575987
3577706
3579012
3579547
3579784
3581647
3583038
3583362
3585315
3585841
3587444
3588391
3589726
3591949
3594927
3595668
3595795
3597145
3599510
3599972
3601596
3601629
3602361
3602446
3602988
3603677
3604295
3604506
3605355
3605407
3609160
3609194
3610051
3612485
3614270
3614641
3615305
3616928
3618977
3620988
3621089
3622251
3622316
3623063
3623176
3625324
3626458
3629097
3629293
3631341
3632651
3633610
3634706
3634845
3638165
3639949
3646041
3646950
3647223
3647582
3648086
3648379
3649311
3650229
3651047
3652112
3652803
3653889
3653924
3654037
3654354
3656565
3656930
3657947
3659859
3660920
3663828
3664246
3664927
3665712
3667318
3668741
3669577
3670214
3670824
3670939
3671947
3674333
3674841
3675026
3675036
3675440
3676954
3677263
3678031
3678100
3679275
3679710
3683284
3685124
3685531
3685627
3687334
3687533
3688074
3689902
3690706
3692444
3693046
3693354
3693533
3693915
3693917
3696356
3696502
3696920
3697006
3697124
3697443
3697585
3697823
3698214
3700475
3702312
3702973
3703121
3704829
3704874
3706225
3706675
3707450
3708793
3708805
3709360
3709376
3709450
3710224
3710306
3710820
3712034
3712323
3712805
3713330
3713578
3716759
3717061
3717074
3721372
3721767
3722979
3723266
3724529
3724734
3725286
3725380
3727363
3727652
3728310
3728464
3729199
3730550
3732746
3734300
3735109
3736701
3737151
3739132
3739595
3740175
3740343
3740367
3740522
3742552
3746006
3746990
3748035
3748610
3749650
3749796
3750195
3750537
3750996
3752083
3755034
3755102
3755776
3755821
3755871
3756875
3756944
3757126
3757320
3758538
3758778
3759178
3759558
3760783
3760857
3760919
3761307
3761411
3762775
3763169
3766425
3767928
3768273
3768484
3768649
3768904
3772584
3772674
3773718
3774083
3775154
3775579
3776863
3776910
3778078
3778995
3779141
3779181
3779373
3780020
3781334
3782488
3782628
3782694
3785954
3788525
3788526
3790205
3792118
3796058
3797286
3798495
3798836
3799041
3800126
3801463
3802911
3803208
3803485
3804612
3806124
3806690
3808825
3809788
3810952
3811227
3813297
3813820
3816555
3816858
3817179
3821046
3823684
3824410
3825421
3825985
3827521
3828057
3829989
3830403
3831821
3832373
3832724
3833862
3836058
3836962
3837061
3837458
3838950
3839295
3840519
3840858
3841464
3842100
3842490
3843904
3843908
3846868
3847595
3847608
3847995
3848345
3850125
3850623
3853185
3855969
3857561
3858235
3859970
3860824
3862667
3862762
3862966
3863185
3863695
3865736
3865944
3866147
3867308
3867622
3867860
3870209
3870944
3871639
3872332
3872499
3873187
3873326
3873396
3873815
3874031
3875080
3875295
3878410
3878490
3879156
3882331
3883069
3883774
3884405
3884442
3884675
3884778
3885215
3886936
3887217
3888209
3889956
3894826
3897031
3897356
3898302
3898377
3901726
3902370
3902547
3905054
3905604
3905675
3905840
3906163
3906223
3906472
3906888
3909782
3910393
3910399
3910486
3912232
3912234
3912607
3912738
3913656
3914642
3914974
3916093
3916166
3916296
3918499
3920580
3921733
3922731
3923279
3924215
3924750
3924860
3926474
3926790
3927819
3929061
3930446
3930978
3932220
3932329
3933144
3934208
3934250
3935647
3936644
3937361
3937438
3937659
3938762
3940243
3940793
3941444
3941914
3942153
3942828
3943002
3943258
3944291
3944357
3945807
3946912
3948190
3948411
3948919
3951435
3951675
3951976
3952260
3952404
3952556
3953398
3954496
3954967
3955233
3955346
3955358
3956740
3957124
3959267
3961997
3963188
3963564
3963969
3964489
3968354
3968753
3969433
3972093
3976121
3976808
3977118
3977128
3978046
3979330
3979443
3982326
3983450
3987115
3988288
3988622
3988684
3989063
3989701
3992078
3992310
3992686
3995724
4000738
4002475
4003351
4004015
4005450
4007499
4007711
4008185
4011420
4012167
4012467
4013676
4013886
4014399
4014568
4014931
4015197
4016742
4018340
4018474
4019309
4019963
4022129
4022392
4023950
4024996
4026122
4026615
4027857
4028679
4029810
4029903
4031724
4032471
4033272
4034315
4035162
4038633
4039923
4040978
4041513
4044422
4044552
4045868
4047891
4049861
4050512
4053507
4053961
4055607
4056639
4056735
4063416
4063809
4064342
4064639
4065129
4066144
4066981
4067576
4068122
4068777
4069497
4069545
4070724
4070775
4070882
4071351
4072058
4072747
4073546
4074021
4075078
4075543
4075910
4075969
4076958
4076966
4077523
4077931
4078541
4080029
4080112
4082159
4083092
4083908
4084462
4085184
4086043
4086485
4087182
4087411
4088025
4089287
4090217
4090261
4090301
4092754
4093438
4093482
4093985
4094266
4094358
4094448
4094796
4095404
4095535
4097390
4098201
4100953
4101106
4102706
4105028
4106618
4107197
4107215
4107806
4108063
4108234
4108670
4109577
4110519
4111790
4111927
4112440
4114644
4114884
4115019
4116474
4119190
4120915
4122551
4122788
4123043
4123389
4123423
4123918
4124368
4126279
4126745
4126845
4127105
4127506
4127984
4129803
4131043
4131420
4132939
4133947
4134396
4138464
4139686
4142614
4144688
4146350
4146943
4147123
4147132
4147427
4147587
4147633
4149304
4152172
4152765
4153988
4154230
4154658
4155412
4157234
4160062
4162718
4164492
4164681
4164784
4165150
4165395
4166804
4169376
4169643
4173721
4174322
4175667
4175784
4176590
4176808
4177973
4179028
4179469
4180246
4182595
4182867
4184540
4184607
4184779
4184915
4185655
4185924
4188938
4189186
4190333
4190429
4190435
4192005
4192202
4192611
4192678
4193372
4193751
4195653
4195891
4197098
4197919
4198918
4199084
4199638
4201439
4201461
4201508
4202689
4206554
4207199
4207748
4208265
4209213
4210438
4210569
4210731
4212778
4213063
4213633
4214321
4214360
4214860
4215075
4216274
4217037
4218227
4218607
4218678
4220082
4220658
4221072
4221490
4222943
4223766
4224464
4224995
4227417
4227536
4228920
4229291
4229345
4232358
4232588
4232952
4232973
4234360
4234509
4237524
4237988
4238231
4240312
4241975
4242731
4243596
4244740
4245060
4246787
4247518
4248729
4249485
4253137
4253647
4253878
4254356
4254427
4257578
4257780
4258542
4258817
4261564
4262350
4263355
4263926
4266598
4268854
4269211
4271333
4273008
4274226
4274685
4276488
4276595
4276966
4277013
4278744
4279771
4280874
4281478
4282099
4282353
4282598
4283401
4283562
4284691
4285434
4285687
4287120
4288227
4288738
4290838
4291790
4291851
4291947
4292574
4293986
4294843
4295808
4297148
4297180
4297840
4298694
4301093
4301894
4301957
4302041
4302140
4302339
4302749
4303055
4304128
4306549
4308493
4309140
4309265
4309986
4310201
4311388
4313849
4314295
4315218
4316014
4317617
4317762
4319339
4323814
4323912
4324346
4325455
4325732
4326040
4326524
4328290
4329114
4330753
4331889
4333130
4334024
4334384
4334636
4334911
4336041
4336330
4336860
4337696
4339949
4341588
4341599
4342027
4343378
4344847
4346511
4346895
4347323
4352166
4352414
4353321
4354275
4354510
4355484
4355659
4356435
4359398
4361537
4361715
4364059
4364420
4364858
4367638
4368147
4368234
4370047
4371942
4373146
4373232
4373536
4373565
4374852
4374982
4375179
4375770
4376747
4377550
4378120
4379496
4381801
4382860
4382861
4383890
4384223
4385698
4386631
4387984
4388132
4388348
4388431
4389618
4389915
4390831
4391126
4391153
4394910
4395121
4395904
4396534
4397527
4398884
4400123
4401308
4402396
4403016
4405623
4405685
4405789
4405797
4406477
4407056
4407775
4407924
4410517
4410704
4411952
4413084
4413503
4416383
4417440
4419476
4419613
4420135
4420214
4420675
4422124
4424278
4424577
4425498
4426622
4427334
4428268
4428720
4430301
4432730
4433578
4434247
4434324
4435210
4436831
4440061
4440477
4440484
4441109
4442626
4443120
4443384
4444539
4444607
4445983
4447508
4448705
4448971
4449749
4449750
4450229
4451061
4451195
4451303
4455487
4455549
4456670
4457070
4457327
4459168
4460172
4460751
4463505
4463781
4465819
4466824
4469112
4471295
4471934
4472990
4474079
4474337
4474477
4475540
4477100
4477791
4478053
4480063
4480789
4484558
4484833
4485100
4489720
4494159
4495423
4495586
4496239
4496765
4497234
4498574
4502700
4503514
4503942
4504059
4504432
4507098
4507821
4510431
4510883
4513761
4514107
4514665
4516746
4516900
4517880
4518501
4518852
4519038
4519150
4522283
4525677
4526131
4526423
4527138
4528522
4529360
4532081
4532295
4533847
4535975
4538166
4538446
4542184
4542582
4544051
4544223
4545598
4547452
4548056
4548299
4548919
4551250
4553068
4553160
4556163
4557543
4563300
4564337
4564735
4565317
4567501
4567560
4569516
4570190
4571342
4572106
4572635
4573228
4573979
4574937
4577257
4577354
4577738
4578051
4578715
4580993
4581835
4582932
4584983
4586056
4586434
4588749
4589058
4589525
4591407
4593573
4595702
4598925
4598945
4600067
4602212
4602346
4602595
4603334
4603815
4604279
4606399
4607079
4607745
4607958
4608612
4608892
4609991
4610290
4611531
4611739
4613394
4614201
4616999
4620743
4622266
4623518
4625580
4626618
4626817
4628668
4631398
4634361
4635681
4638233
4638582
4640762
4640912
4641934
4645384
4646245
4649349
4650065
4650793
4651520
4651886
4653066
4653652
4653788
4654169
4654395
4656083
4656693
4656695
4658100
4659231
4659766
4661651
4663000
4664032
4664832
4665825
4666101
4666494
4666527
4666668
4666678
4667137
4668445
4669885
4670024
4670159
4671002
4671687
4673115
4673841
4674278
4675690
4675889
4675899
4677170
4678443
4678609
4678884
4679323
4680481
4680893
4683758
4684472
4685322
4686240
4688226
4688713
4689945
4691577
4691625
4692127
4693463
4693535
4694622
4694870
4696507
4698867
4699015
4699256
4699379
4699392
4701241
4701269
4701700
4703334
4704723
4705755
4709200
4713357
4713916
4716077
4716702
4717548
4718018
4718041
4719176
4719782
4720626
4720786
4721018
4721542
4722383
4723237
4724907
4725744
4725954
4726646
4727306
4728909
4729889
4732175
4732909
4734694
4735589
4735971
4736479
4737259
4737911
4739039
4739060
4739727
4740198
4740744
4740829
4743325
4744144
4744358
4744390
4745857
4745906
4746383
4747771
4748194
4748826
4749161
4753036
4754592
4755786
4755961
4756258
4756795
4760848
4761344
4762540
4763023
4763073
4763318
4765646
4765683
4765956
4766160
4767622
4769078
4772522
4773146
4773896
4774499
4775203
4775320
4775524
4775992
4776951
4777026
4778096
4779106
4779225
4780743
4781900
4782113
4783639
4784152
4784386
4785242
4786383
4787458
4787917
4789338
4790488
4791266
4794257
4795185
4795727
4797069
4799976
4800637
4801083
4802058
4805734
4805946
4807077
4808578
4809067
4809465
4809533
4810107
4811280
4812371
4813733
4813903
4814206
4816703
4817269
4817820
4818573
4819653
4820481
4821026
4823298
4824105
4824208
4824423
4826880
4828074
4830653
4831922
4831935
4832463
4832704
4834556
4836168
4836184
4837152
4838299
4839596
4840679
4841559
4842674
4844642
4845707
4846279
4847867
4848289
4848347
4848408
4849113
4849909
4850858
4852176
4852719
4853659
4854331
4855063
4857018
4857882
4858317
4859250
4860156
4861995
4862775
4863271
4865292
4865937
4866350
4867303
4868306
4868927
4870819
4872537
4872623
4874518
4874848
4875510
4878045
4878685
4881002
4884274
4884736
4884902
4886755
4887246
4887766
4889369
4889561
4893608
4895356
4895703
4897313
4897658
4898541
4899564
4899773
4901669
4901771
4903313
4904351
4904685
4905260
4907664
4907961
4908468
4908923
4909132
4909253
4909812
4910997
4912608
4914045
4915385
4915898
4916781
4918272
4918492
4918850
4919584
4919925
4920652
4920708
4921087
4921132
4922201
4922997
4923820
4924749
4925004
4926528
4927297
4927473
4928182
4928533
4932981
4933718
4936039
4936167
4936348
4936368
4937221
4937396
4937596
4938700
4939147
4940783
4942330
4943614
4943625
4943881
4944848
4946135
4946462
4948923
4949637
4953292
4953410
4953609
4954124
4954634
4954812
4955139
4956168
4957261
4958841
4959618
4959848
4960207
4960281
4962940
4963450
4963846
4964868
4965670
4966309
4966641
4968752
4972066
4972370
4972810
4973587
4975438
4979041
4979885
4981030
4981298
4981514
4985274
4985347
4985761
4986647
4989314
4989555
4989671
4989879
4990478
4991644
4992608
4993646
4996969
4998727
4998761
4999012
4999735
5003257
5003432
5004234
5006348
5006766
5007650
5009147
5009169
5011614
5011689
5011815
5012217
5012993
5016304
5016356
5016525
5017160
5017963
5018664
5019563
5020640
5021912
5023408
5026424
5027474
5027783
5028454
5032822
5032914
5034190
5034228
5035028
5036050
5038148
5038997
5039660
5041176
5041640
5041727
5042076
5043269
5043763
5043908
5046650
5047055
5048116
5049407
5049562
5049914
5050452
5051361
5053298
5053490
5056668
5057026
5057245
5058050
5058276
5058996
5060132
5063691
5063833
5064178
5065211
5065562
5066762
5070040
5073956
5075069
5075950
5077650
5079758
5079882
5082858
5086487
5087660
5088260
5091548
5093233
5095420
5096061
5097434
5097703
5100777
5101108
5101992
5102741
5102751
5103306
5104850
5104985
5106958
5107273
5107491
5107702
5109173
5109247
5110522
5111555
5113402
5114743
5115421
5115753
5116393
5116445
5116849
5118164
5122114
5122892
5124482
5124851
5124956
5125209
5126208
5126475
5127982
5128014
5128373
5129055
5129110
5129276
5132185
5132240
5133358
5134678
5134903
5135596
5136802
5136873
5137979
5138132
5140612
5141381
5145863
5146273
5146900
5147175
5148081
5148615
5149825
5150850
5154127
5154863
5158764
5159809
5160053
5160073
5160264
5160389
5162873
5163302
5163860
5163994
5164373
5166821
5167584
5167596
5168402
5168564
5168819
5170347
5170859
5171972
5172691
5173707
5174662
5174836
5174890
5175551
5175997
5176655
5179444
5179995
5180343
5182135
5182152
5182823
5183029
5184828
5186058
5187451
5188622
5189071
5190581
5192148
5193007
5196830
5196905
5197462
5197850
5198284
5199359
5199983
5200032
5201863
5202040
5202247
5202389
5202662
5203107
5203306
5204096
5204403
5204421
5205503
5206739
5207738
5207934
5208237
5208432
5210176
5211466
5212308
5213968
5213982
5214082
5215462
5215742
5217107
5219323
5220419
5221466
5222845
5223453
5223922
5224631
5226183
5226771
5226831
5228165
5228296
5230004
5232241
5232278
5233718
5234001
5234347
5235925
5238722
5239631
5240174
5242563
5242610
5244711
5247024
5247490
5247524
5249562
5249982
5250610
5250740
5251014
5251233
5252482
5253108
5253340
5254966
5255231
5255445
5255791
5256617
5257002
5257311
5261649
5262168
5263504
5265821
5267755
5267849
5268531
5268757
5269888
5270574
5271083
5271140
5272405
5272524
5273190
5274156
5275786
5276957
5277142
5277290
5277811
5279269
5281165
5281256
5281445
5282622
5284453
5285623
5285631
5287264
5287852
5289286
5290013
5290772
5293361
5294900
5295930
5298775
5299196
5299395
5299571
5301585
5301840
5303900
5304240
5304362
5305725
5308935
5309047
5309145
5310028
5311151
5312007
5312930
5314522
5314539
5315151
5319380
5321218
5322764
5323675
5325093
5325144
5328137
5330053
5331533
5332287
5332382
5333456
5334276
5334285
5334475
5334989
5335105
5336063
5336179
5340444
5341615
5341806
5344660
5344805
5346176
5346929
5348231
5348349
5348464
5348487
5348896
5351851
5352156
5353818
5354050
5354851
5355171
5356671
5358400
5358764
5358803
5363054
5365618
5370995
5372084
5372581
5373313
5373512
5373889
5374749
5375866
5376815
5377962
5378928
5379324
5379523
5379783
5381778
5383039
5383520
5386815
5387609
5387909
5387932
5388137
5390540
5390786
5390799
5391488
5392736
5392801
5393495
5395275
5395333
5396113
5396564
5396984
5397073
5398788
5400031
5401058
5401591
5401676
5401718
5402131
5403457
5405386
5407260
5407542
5407658
5408473
5409268
5409477
5410289
5410759
5411077
5411089
5411269
5411637
5412115
5414931
5416805
5417354
5417614
5417827
5418164
5418303
5418692
5418856
5419270
5419308
5421201
5422983
5423715
5424547
5424587
5425200
5425860
5426969
5427383
5430047
5430184
5430492
5431874
5431976
5432309
5432980
5433753
5435101
5435335
5435562
5436878
5436984
5437104
5438367
5438583
5438850
5440018
5441915
5444340
5445117
5445307
5445402
5447486
5449091
5449828
5450310
5451320
5452412
5452829
5454923
5455256
5455343
5456296
5456450
5457532
5457908
5460163
5460209
5461056
5462064
5462677
5462881
5465343
5468746
5470341
5472782
5473227
5474938
5475123
5476160
5476459
5476491
5476727
5476748
5476933
5479707
5480119
5480522
5481317
5484281
5484403
5485227
5489069
5489165
5489519
5489758
5489880
5490063
5491056
5491581
5491814
5492016
5492839
5493077
5493849
5494179
5494313
5495958
5497720
5498996
5499469
5499793
5500780
5501753
5501790
5504927
5504936
5505887
5505964
5506201
5507140
5507981
5511623
5514448
5514477
5515295
5516080
5516651
5517899
5518168
5518716
5521174
5523676
5524190
5524798
5524863
5525470
5526040
5527910
5528297
5530165
5530169
5530278
5531141
5531303
5532534
5532786
5533262
5533286
5534727
5535063
5535652
5537998
5538969
5539327
5540417
5543505
5544203
5544651
5544742
5546174
5546210
5547276
5548199
5548401
5548968
5550168
5550765
5553359
5554185
5554199
5554931
5555445
5557976
5558022
5558724
5559476
5560024
5561637
5562976
5564271
5566069
5566712
5567778
5569383
5569410
5571831
5574617
5574993
5577559
5577565
5578958
5579163
5580213
5580447
5581611
5582485
5583130
5584717
5586267
5586305
5589981
5590870
5591793
5592014
5592095
5592851
5593036
5593065
5594951
5595412
5598222
5598804
5599151
5600187
5600686
5600988
5601401
5605635
5608616
5611806
5612994
5613679
5614252
5617728
5620893
5620991
5621917
5622165
5623908
5624316
5627565
5628157
5629044
5630150
5633892
5636291
5636468
5637996
5638075
5638793
5639742
5640240
5642282
5642882
5644024
5644579
5644924
5645642
5645813
5645857
5645976
5646450
5646509
5647318
5650652
5650663
5651484
5654812
5656644
5657539
5658443
5658868
5659007
5659321
5660525
5663443
5665066
5665076
5669097
5670826
5672978
5673137
5673509
5673697
5676096
5676266
5680808
5680888
5682501
5682502
5683296
5685031
5687992
5688691
5689146
5689245
5689492
5689683
5690161
5693256
5693628
5693875
5694543
5695603
5697944
5701382
5701901
5702713
5706286
5706453
5707069
5707099
5708563
5708903
5710608
5711147
5712806
5714047
5714387
5714799
5715932
5717484
5718098
5718763
5720189
5723060
5725487
5725663
5725821
5725990
5727700
5729140
5729225
5730407
5730689
5731599
5734701
5734797
5736860
5737430
5737696
5741273
5742284
5743606
5747646
5747810
5748764
5749297
5749362
5750845
5751107
5751329
5751410
5751469
5751495
5751772
5752444
5754266
5754333
5756259
5759122
5759655
5761383
5761965
5763656
5764468
5765588
5765979
5767036
5768122
5769678
5771084
5772508
5773666
5774232
5774597
5776328
5776753
5776844
5777743
5778539
5781395
5782265
5784621
5785776
5791877
5794189
5794750
5796309
5798731
5800794
5801631
5803074
5803423
5808058
5812025
5812672
5813259
5814632
5816961
5818940
5821122
5821786
5822577
5822787
5822823
5823408
5823932
5824461
5824827
5826509
5826739
5829577
5832555
5832638
5833761
5835941
5837101
5837236
5839950
5839993
5841147
5841890
5842539
5843630
5844399
5844952
5845434
5845602
5846381
5846690
5847629
5848544
5848766
5849039
5849705
5852861
5854370
5854453
5854514
5855244
5857935
5858421
5858588
5859772
5859979
5860221
5860349
5860608
5861072
5861364
5861465
5862967
5863303
5863787
5863806
5864185
5865062
5865662
5866393
5867564
5868705
5870349
5871558
5872105
5873605
5873797
5874361
5874756
5875029
5876102
5876885
5876940
5878688
5879151
5879228
5882985
5883280
5883852
5884271
5886438
5886978
5889009
5889162
5889565
5889720
5889882
5890544
5892017
5894300
5894365
5896071
5896263
5896350
5896529
5896754
5896782
5896795
5898821
5898994
5899081
5900776
5900896
5901925
5902491
5904209
5904813
5905510
5905968
5907476
5909195
5910323
5911812
5912916
5913234
5914097
5918366
5918888
5919745
5920461
5921956
5921958
5922622
5922660
5923677
5924665
5925024
5926200
5927320
5928088
5929176
5929693
5931374
5931521
5935030
5935675
5935746
5936246
5936839
5939134
5939135
5940783
5942245
5942566
5943193
5946289
5947076
5947135
5948143
5949798
5950827
5951561
5952041
5953187
5953887
5955716
5955744
5956131
5956209
5956251
5956301
5956917
5958567
5959635
5962698
5963746
5963765
5963795
5963860
5964333
5965190
5965911
5966998
5968314
5970719
5970859
5971449
5975286
5978465
5979884
5980137
5980501
5982528
5982918
5984113
5985196
5985294
5985298
5985429
5986465
5986522
5991053
5992059
5992175
5994721
5994731
5995046
5996418
5998866
5999197
5999858
6000503
6000768
6000856
6003066
6003131
6003222
6005890
6005928
6006685
6007628
6010920
6011930
6015597
6017457
6017587
6018097
6018853
6020620
6023494
6023990
6024282
6024317
6024380
6024703
6026007
6026114
6027313
6028818
6028902
6031228
6032589
6034508
6037320
6037536
6037761
6037868
6038660
6039019
6042715
6042808
6043747
6044473
6045661
6046081
6046384
6046547
6047019
6048159
6048162
6048635
6048688
6049533
6050963
6051480
6056760
6057051
6057975
6058734
6059488
6059928
6060007
6064046
6065013
6065282
6066785
6067685
6068586
6069059
6070068
6070149
6070663
6071516
6072406
6072761
6072812
6074683
6074723
6076765
6078266
6081625
6082469
6083730
6083737
6084827
6085868
6088273
6088637
6088781
6092150
6092309
6094961
6097239
6097395
6098771
6099375
6099711
6100272
6100526
6102552
6104106
6104154
6104239
6107622
6108149
6110587
6113668
6114552
6114937
6115013
6115290
6117391
6117824
6118090
6118362
6118415
6118896
6120732
6121996
6122631
6122990
6123302
6123514
6124122
6124248
6124984
6127320
6128078
6129094
6130204
6131126
6132899
6134087
6134264
6134911
6134920
6135423
6136023
6136744
6137218
6140123
6142742
6143041
6143208
6144818
6145383
6145521
6146247
6147783
6148358
6148568
6149301
6150645
6153997
6154732
6154883
6155302
6155371
6158802
6160571
6161623
6162121
6162850
6163704
6166390
6166393
6166595
6166944
6167142
6167896
6170694
6171684
6172122
6172316
6173389
6173981
6175057
6175828
6176357
6177100
6177116
6178833
6179102
6179216
6180287
6181517
6183589
6184294
6184588
6185032
6185983
6186268
6186721
6187938
6188091
6190718
6191294
6191689
6192044
6192422
6194284
6194654
6195549
6197354
6198337
6198455
6199419
6199803
6200614
6201296
6201964
6202613
6202849
6203864
6204817
6204874
6205774
6206391
6206567
6207163
6207385
6208138
6208870
6208893
6211144
6211397
6214068
6215434
6215562
6216057
6216772
6216814
6217714
6217783
6220914
6221356
6222019
6223660
6223704
6224036
6224448
6225521
6225614
6225961
6225974
6227706
6229377
6229425
6230856
6231302
6231491
6231755
6232883
6233211
6235565
6236838
6243583
6244133
6245288
6245623
6247215
6248573
6249641
6253933
6255124
6255837
6256612
6257528
6257797
6259562
6259856
6260444
6260447
6260818
6261848
6262110
6262129
6263777
6265350
6265550
6266439
6266644
6267485
6267878
6269338
6270977
6271161
6271242
6272592
6273656
6273859
6275105
6277122
6277513
6278085
6278586
6278740
6280710
6281631
6281780
6282249
6282661
6283045
6284837
6285423
6288141
6288676
6288801
6289029
6289397
6289523
6290617
6290714
6292047
6292660
6292816
6292905
6292927
6293518
6293970
6294156
6294263
6295579
6296650
6296714
6298467
6298555
6298934
6301483
6306291
6307975
6308380
6309495
6309616
6310300
6310347
6310797
6311115
6311134
6312171
6312268
6312841
6313094
6313566
6314512
6314754
6314755
6315388
6315465
6318888
6318913
6319267
6319998
6321627
6321838
6323396
6323621
6323726
6325759
6325815
6328100
6328612
6329245
6330454
6330708
6330907
6334505
6334986
6335711
6340496
6341083
6341587
6341751
6345253
6346048
6346384
6348334
6348852
6349652
6350366
6350450
6351128
6351210
6353187
6353264
6353707
6355505
6355790
6357802
6358615
6358735
6358940
6359664
6360779
6362941
6363109
6368673
6372191
6374030
6375080
6375652
6375765
6376213
6376681
6377745
6378742
6382235
6382238
6383676
6385974
6386358
6387504
6387802
6388381
6388470
6391556
6392259
6393633
6393996
6395397
6395449
6396619
6396667
6396863
6399220
6399726
6401723
6403161
6404472
6404758
6405583
6406667
6406881
6408649
6408785
6411513
6412722
6413015
6414771
6415901
6416007
6416328
6416409
6417670
6418596
6420465
6420641
6421090
6421765
6421956
6422213
6422855
6424375
6424433
6424683
6428588
6428708
6429933
6431859
6432049
6433034
6434203
6434523
6434873
6434987
6435117
6435982
6436774
6438193
6439006
6439206
6440856
6441439
6444413
6446205
6446391
6448109
6448821
6448958
6450487
6453533
6455445
6458399
6458630
6459726
6461056
6462169
6462536
6462554
6464068
6467179
6468083
6468872
6470220
6470610
6472676
6473283
6475320
6478033
6478457
6478891
6479719
6479922
6481375
6485413
6485728
6485852
6486595
6487766
6488058
6491152
6492114
6492745
6495085
6495279
6497390
6497605
6497658
6498053
6498521
6498890
6499984
6500258
6501364
6501545
6502640
6502882
6504770
6504985
6505192
6505279
6505385
6510840
6511395
6511488
6511650
6511692
6513212
6515113
6515310
6516282
6517187
6518124
6520163
6520196
6521008
6523920
6524460
6524471
6524660
6525001
6528984
6529325
6529553
6530225
6530642
6530643
6530852
6532005
6534130
6537797
6539093
6540406
6543201
6545480
6546369
6546766
6547295
6548306
6548533
6549185
6549202
6550251
6553616
6553619
6554113
6556450
6556800
6557532
6560775
6560793
6561247
6562219
6562421
6564086
6564261
6564432
6565169
6565389
6565550
6565811
6566046
6566892
6568095
6569008
6570370
6572602
6573352
6574106
6574458
6577133
6577959
6580468
6582904
6583363
6585324
6587923
6588642
6589385
6589982
6590219
6590293
6590296
6592508
6593348
6593762
6594238
6597889
6598042
6599834
6600122
6601415
6601553
6601981
6602790
6603758
6604266
6604649
6605357
6607247
6609112
6610699
6611940
6612022
6612039
6613807
6615131
6615596
6618214
6622733
6624078
6625345
6626263
6626389
6626434
6626935
6627411
6627760
6628101
6629057
6629787
6630225
6631086
6631762
6632135
6632583
6633520
6633538
6635631
6636042
6636856
6637136
6637490
6637633
6638258
6640292
6641244
6641999
6642429
6642646
6642730
6643123
6645808
6646741
6647255
6647830
6648100
6649316
6651137
6651425
6653124
6653723
6654671
6655442
6655467
6656731
6657507
6657766
6659164
6659910
6660621
6664698
6666011
6666984
6670068
6670246
6670390
6671417
6673423
6674292
6675242
6676100
6678931
6684949
6685557
6685721
6685742
6686210
6687078
6687420
6687730
6688292
6690649
6692038
6694622
6695692
6698592
6698654
6699853
6699978
6700338
6701355
6702310
6703134
6703137
6705086
6705390
6707507
6707598
6708511
6709347
6709918
6710360
6710617
6711204
6715929
6715936
6720628
6721150
6721697
6722062
6723301
6723448
6724631
6725015
6726429
6727050
6727882
6731825
6732651
6733083
6734064
6734704
6734751
6735271
6736961
6737293
6739180
6739389
6742044
6742686
6743526
6744187
6745750
6746618
6747220
6749257
6753420
6754041
6756754
6757298
6758578
6758876
6759765
6760265
6762728
6763450
6763589
6763646
6763864
6766575
6767851
6768097
6770322
6772348
6773821
6774046
6774225
6775827
6775856
6775969
6778395
6778619
6779282
6782148
6782850
6785432
6787294
6787528
6788574
6789438
6789852
6790571
6794492
6795164
6797546
6798207
6799512
6801374
6802587
6802832
6804642
6805409
6805753
6808969
6809135
6809331
6809510
6810830
6811437
6813296
6816951
6816984
6819135
6819304
6820232
6821265
6821969
6822715
6822827
6823449
6824065
6824772
6826316
6826903
6828441
6829639
6829948
6830171
6832176
6832307
6833042
6834528
6834626
6834962
6836119
6836530
6837972
6838261
6839924
6841309
6848895
6849942
6852465
6854038
6855427
6857196
6857455
6858020
6858541
6861429
6861789
6863876
6865789
6866361
6873502
6875064
6875697
6875908
6877791
6877861
6878344
6879516
6880090
6882337
6882446
6885101
6885193
6885310
6885912
6886273
6887142
6888486
6889856
6890316
6893604
6893622
6893854
6894407
6894562
6897254
6897737
6898825
6898861
6898891
6901457
6902200
6902572
6902690
6903631
6904109
6907774
6908547
6908560
6908616
6912600
6914030
6914074
6914879
6915475
6917317
6919983
6921447
6921980
6922060
6922920
6924091
6925730
6926468
6927778
6928206
6929302
6930084
6932362
6933796
6936240
6937259
6937869
6940269
6940789
6942330
6944176
6944613
6948428
6948948
6949068
6949343
6949442
6954836
6956671
6956789
6957983
6958046
6958392
6959478
6960083
6960090
6960456
6961396
6961801
6963178
6963956
6964175
6971619
6972121
6972828
6973216
6973564
6974060
6976352
6977678
6977904
6979008
6982007
6983336
6983680
6984224
6985015
6985916
6986309
6986599
6987019
6989351
6991502
6992004
6993336
6994765
6995425
6998637
6999668
6999764
7000079
7000540
7000941
7002062
7004379
7006724
7008074
7008468
7008735
7009015
7010429
7011129
7011220
7011951
7014976
7015982
7018065
7018778
7019883
7021067
7021628
7023472
7023788
7024081
7024410
7024671
7025721
7026027
7028085
7028405
7028835
7029624
7030047
7030074
7030842
7030967
7031750
7031909
7031933
7032702
7032973
7033652
7033874
7034246
7034358
7035221
7036004
7038686
7039713
7042303
7043384
7043425
7043465
7044214
7044374
7045305
7046922
7047157
7050078
7050360
7051068
7051352
7051608
7051830
7052284
7054982
7055012
7056388
7056402
7056833
7057737
7059178
7061247
7061438
7063815
7065278
7065599
7065759
7066449
7066709
7066851
7067608
7067667
7068873
7069182
7069706
7070618
7071059
7071111
7071945
7072920
7074167
7076328
7076666
7077848
7078106
7078778
7079491
7079575
7080197
7080639
7080937
7081353
7087137
7088699
7089473
7090098
7090408
7093615
7094096
7096306
7096431
7096533
7098688
7098700
7099671
7100361
7102006
7105035
7106618
7107283
7107612
7107864
7107978
7108293
7108429
7108685
7109766
7109912
7110024
7110491
7111189
7112464
7112908
7113531
7114033
7114096
7114832
7115255
7115702
7118519
7119173
7120655
7122070
7122271
7123574
7123811
7125488
7126174
7126876
7127562
7127783
7128325
7129468
7130141
7130854
7131558
7133743
7134202
7134668
7139428
7139496
7140194
7140605
7142703
7142983
7143511
7143640
7145095
7145155
7145830
7146068
7148463
7148688
7148890
7149177
7149487
7150142
7150276
7150343
7150770
7151722
7151813
7151819
7152693
7153422
7153476
7153528
7154330
7154386
7154906
7157163
7159793
7160936
7160947
7163770
7164188
7164347
7165533
7167919
7168659
7170149
7171488
7176258
7176787
7177277
7178155
7178254
7178748
7180657
7181431
7182369
7182958
7183321
7183820
7185109
7185294
7185921
7187928
7188181
7188802
7188859
7188996
7190125
7190557
7192849
7193752
7194078
7195156
7197079
7197784
7198053
7198345
7199299
7200260
7201915
7203946
7204120
7204137
7205712
7207350
7207490
7207968
7208400
7209362
7210104
7212134
7212735
7212843
7213080
7214465
7215903
7215918
7216020
7217442
7218489
7221471
7222686
7223057
7223637
7224937
7225128
7225830
7226097
7226299
7226579
7228092
7228224
7229201
7231511
7231766
7233360
7236142
7237279
7238660
7238881
7240701
7243600
7243818
7243952
7244614
7244718
7245392
7246271
7246434
7246955
7247431
7247626
7247928
7248341
7249345
7250268
7252974
7253876
7254340
7255330
7256735
7260257
7261481
7264054
7265316
7266091
7266854
7268408
7269072
7269106
7269209
7270912
7271365
7272061
7274200
7275178
7275516
7276245
7278962
7279353
7279612
7279791
7281483
7283429
7284399
7285474
7285613
7286664
7287417
7288711
7289735
7290822
7290949
7291345
7294382
7294604
7297380
7298109
7298511
7298888
7299389
7300237
7301985
7303642
7306341
7306379
7308898
7309822
7309881
7309900
7310479
7310933
7313564
7313592
7316712
7316987
7317613
7317830
7318076
7319560
7321687
7322147
7322408
7325457
7326961
7327429
7327564
7328163
7330240
7332979
7333467
7333851
7335255
7336486
7336526
7337790
7338852
7339759
7340247
7342652
7343277
7344289
7346067
7348234
7349802
7350536
7353580
7353596
7354261
7355145
7355498
7355843
7356565
7359382
7361208
7362241
7362427
7366307
7367237
7368108
7369290
7369623
7371523
7375294
7375375
7378473
7379311
7379790
7381379
7381573
7382228
7387233
7390351
7392247
7392677
7393547
7393785
7393892
7394602
7396749
7398670
7398876
7400546
7401536
7402049
7402608
7404188
7404532
7404997
7405006
7405692
7405904
7407164
7407767
7412379
7412577
7413665
7416057
7416304
7416925
7417126
7419562
7420489
7422123
7424825
7424939
7425408
7425642
7426484
7427256
7427710
7427950
7430595
7431200
7431442
7431736
7431909
7432485
7432903
7433035
7433237
7433327
7436528
7436969
7437046
7437151
7437498
7439211
7439303
7440887
7441827
7444686
7445233
7446066
7447452
7447781
7449763
7449947
7450684
7451585
7453047
7454546
7454893
7457387
7457401
7459174
7459361
7461262
7462189
7462637
7463360
7464172
7465920
7467275
7468915
7469073
7470649
7473179
7473402
7475958
7476010
7477276
7478221
7479055
7480409
7481053
7481212
7481423
7482170
7482350
7482974
7483083
7486006
7486321
7486789
7487924
7487996
7488028
7488431
7489042
7490551
7491786
7492807
7492917
7494666
7495184
7495730
7497654
7497863
7497983
7498894
7499135
7499196
7499543
7502900
7503341
7504192
7504777
7505558
7507844
7508206
7510714
7511410
7514149
7514962
7515121
7516202
7516821
7516948
7521114
7523679
7528045
7528453
7528523
7529268
7529520
7529669
7530020
7530802
7532466
7533098
7533166
7533542
7535640
7537231
7538253
7539575
7540549
7541438
7541661
7542269
7544410
7546297
7547042
7547173
7547355
7549729
7550993
7551917
7552250
7554106
7554551
7554711
7555189
7556225
7558635
7559411
7560857
7563869
7566358
7566628
7569156
7569341
7569900
7570150
7570174
7570356
7570710
7572149
7572608
7572925
7574118
7574130
7574764
7575020
7577196
7577405
7578052
7578383
7580121
7580170
7581889
7582400
7584669
7586743
7587415
7588710
7589453
7590467
7590513
7590787
7591563
7591999
7595777
7596544
7598171
7598837
7600345
7601208
7602029
7602196
7602230
7603421
7604215
7605429
7606086
7607055
7607653
7611286
7611736
7611792
7612503
7613925
7614010
7615943
7615973
7617730
7619251
7620371
7622006
7623404
7624488
7625858
7626743
7627091
7628207
7628436
7629836
7630368
7630798
7630799
7634034
7634237
7635067
7636554
7637183
7637961
7638977
7642322
7642578
7643908
7644047
7644053
7644573
7646280
7649220
7649448
7650534
7650836
7651432
7651758
7652957
7654493
7654681
7656466
7658318
7660519
7663748
7664776
7664871
7667517
7672253
7672836
7673076
7673454
7673889
7675184
7675802
7676786
7677153
7678802
7679010
7682888
7684146
7687209
7689116
7689198
7690769
7690984
7691305
7692488
7692795
7693465
7693701
7695106
7698340
7699843
7705673
7705946
7706705
7706731
7708374
7708376
7708798
7708830
7711269
7711911
7711975
7712395
7712706
7712961
7714433
7715267
7716033
7717871
7719621
7721076
7724742
7725239
7726097
7727735
7727843
7728209
7728451
7728590
7730121
7730862
7731400
7732100
7735313
7735500
7736410
7737214
7737716
7738388
7738713
7739296
7740794
7742208
7742281
7742853
7743661
7745557
7748245
7748496
7748680
7749770
7750680
7750998
7752743
7752923
7753957
7754011
7754239
7754632
7754853
7755888
7756690
7756977
7759687
7759862
7761311
7761892
7761988
7762459
7762853
7763915
7765530
7766303
7767441
7769204
7770000
7771068
7771627
7772859
7775265
7777525
7777713
7777999
7778366
7778666
7779828
7780152
7780467
7781566
7781681
7781739
7785708
7786097
7786526
7787760
7788898
7789608
7794384
7795221
7795756
7795798
7796004
7797144
7798303
7798572
7798898
7799861
7801925
7802590
7803922
7804148
7804958
7805604
7806013
7807848
7808100
7811283
7811816
7812090
7813555
7814301
7816655
7818663
7820640
7820648
7821636
7821646
7821901
7822432
7822978
7826231
7828441
7829858
7830334
7830643
7830654
7832626
7835708
7836402
7836879
7837993
7838630
7840519
7840849
7841706
7842667
7843972
7844401
7845826
7846039
7846124
7846390
7847374
7847403
7847439
7848599
7849003
7849231
7851364
7851753
7853096
7853229
7854190
7857343
7857957
7859550
7859986
7860681
7861916
7862123
7863473
7863776
7864002
7866241
7868509
7869208
7869410
7872200
7872543
7873527
7874754
7874833
7878466
7879155
7882036
7882772
7884947
7886711
7888513
7889091
7890212
7890406
7890783
7891606
7892110
7893918
7894051
7895097
7897220
7897240
7897764
7901025
7902057
7902876
7905511
7907616
7908045
7908402
7909576
7909962
7911051
7912182
7915017
7915959
7917986
7918324
7919406
7921848
7922653
7924409
7925360
7927880
7928702
7930609
7930855
7933753
7934545
7935419
7936936
7937226
7937640
7942615
7943277
7945576
7945700
7946183
7948151
7952105
7954395
7956063
7956958
7957450
7961120
7962089
7962443
7963471
7965885
7965999
7967109
7967142
7969675
7971004
7971524
7971694
7973042
7973421
7974981
7975885
7976864
7977084
7978677
7978955
7979068
7980555
7980644
7981373
7984551
7985468
7986781
7987211
7987497
7988260
7989175
7989286
7990282
7992047
7992755
7992764
7993777
7996122
7997881
7997998
7998863
7999273
7999795
7999916
8000817
8000927
8002769
8003633
8004260
8004738
8005351
8007361
8008046
8008356
8008666
8008903
8013320
8014208
8015154
8016339
8016409
8016846
8017523
8017871
8019601
8022524
8023249
8024678
8025856
8026453
8026918
8027373
8028538
8029029
8029437
8029666
8030755
8030831
8030907
8033244
8033337
8034510
8036457
8038155
8039982
8040008
8040274
8040377
8040934
8041325
8043882
8045322
8045776
8046604
8048573
8048738
8049340
8052567
8053005
8054501
8056681
8056760
8056805
8058798
8059373
8060017
8060582
8061088
8063076
8064163
8064671
8064863
8065214
8066731
8066901
8066981
8067376
8068263
8068615
8072304
8072755
8073249
8073483
8074114
8074394
8074643
8075226
8075717
8077674
8077863
8080638
8080655
8080741
8083203
8084744
8087045
8087862
8088686
8089390
8090781
8091090
8095794
8095968
8097048
8099075
8100616
8101713
8102556
8104007
8105630
8105905
8109680
8110723
8112545
8113188
8115236
8116276
8116343
8118465
8118602
8119064
8119085
8121428
8121470
8121515
8121584
8121621
8122121
8125992
8126148
8126185
8126683
8127442
8129563
8130507
8130913
8133511
8136063
8137562
8137827
8139376
8141388
8141723
8142208
8142986
8143291
8144095
8144479
8145684
8146360
8147244
8148118
8148175
8149581
8150230
8150789
8150967
8151068
8152120
8152503
8153469
8154344
8155276
8158918
8159094
8159728
8159894
8159897
8160367
8160703
8161742
8162425
8162603
8162661
8165131
8166256
8166641
8166839
8167014
8167430
8167631
8168002
8168752
8169554
8170880
8172424
8172950
8173163
8173408
8174449
8174606
8176616
8177045
8177909
8179365
8179437
8179709
8180585
8181076
8182274
8183106
8183138
8184998
8185880
8186538
8188229
8189414
8189896
8190580
8190780
8191373
8191806
8191927
8193227
8194556
8195639
8195830
8196651
8197629
8197791
8198176
8198210
8198493
8199154
8200100
8200462
8201424
8201492
8203842
8203849
8203955
8205975
8208050
8208711
8209222
8209841
8210063
8210999
8211000
8215600
8215644
8215671
8216256
8217000
8217873
8218252
8218786
8221241
8223891
8224837
8229389
8230030
8230184
8230343
8230573
8231561
8233301
8234504
8234839
8237922
8238009
8239970
8240067
8240512
8242438
8243549
8243714
8245599
8248011
8248210
8248269
8249080
8251966
8252523
8253344
8253569
8254047
8256321
8258436
8258596
8259821
8260031
8260129
8260737
8261890
8263857
8264492
8266167
8266225
8266371
8267027
8269219
8269359
8270153
8270743
8272008
8272341
8273594
8273776
8274256
8274536
8275110
8275244
8276027
8278347
8279762
8280477
8281377
8282971
8285875
8286851
8287140
8289373
8291225
8292953
8293260
8293856
8294610
8294888
8295244
8295364
8295696
8296051
8296260
8296760
8298041
8299496
8299758
8302236
8305259
8305291
8306400
8307317
8307662
8307926
8308341
8308565
8309771
8310299
8312334
8320148
8320322
8320466
8322895
8324978
8325374
8326436
8326635
8328392
8329269
8330336
8330677
8331218
8331444
8333284
8333596
8334132
8334403
8335299
8335379
8335482
8335578
8335929
8336092
8337479
8339797
8340975
8344032
8344359
8346410
8346794
8348731
8349196
8349491
8350014
8351003
8351258
8352317
8352611
8354962
8355845
8357123
8357270
8358314
8362818
8364428
8365355
8366558
8366832
8366952
8367079
8367949
8368118
8368990
8373258
8373304
8374408
8375231
8376842
8377401
8379659
8380944
8381745
8383934
8384279
8384887
8386569
8387392
8387735
8388298
8388723
8389209
8389229
8390826
8391331
8391424
8392674
8395532
8398470
8399301
8399839
8401828
8403024
8405085
8405371
8407551
8407826
8410724
8414849
8425852
8425891
8426057
8427459
8428371
8428406
8428999
8429583
8431658
8432066
8432069
8432221
8432849
8433621
8433891
8436039
8438601
8438695
8438818
8442880
8445235
8446863
8448724
8449069
8449080
8449412
8449586
8449944
8451348
8452787
8453001
8454257
8455654
8457740
8458524
8458816
8458912
8459066
8460555
8462120
8465539
8465540
8469230
8469250
8469971
8470307
8472048
8473357
8473530
8475051
8476196
8480393
8480873
8483273
8483276
8486582
8487298
8491532
8492789
8493001
8493377
8494134
8494696
8495000
8495524
8495640
8496701
8497576
8498080
8498247
8498281
8500225
8501365
8504675
8504983
8505446
8505872
8505992
8507343
8509044
8509647
8510767
8512709
8512714
8513424
8514578
8514615
8515907
8516873
8517101
8517862
8517910
8519963
8521350
8521407
8521771
8521811
8522119
8522755
8525348
8525733
8527058
8528002
8529605
8530190
8530440
8530592
8530704
8531886
8532203
8534453
8535143
8535158
8537057
8537199
8540015
8540363
8540672
8540784
8540861
8541728
8541899
8546491
8547441
8548007
8550165
8551439
8551763
8552109
8552663
8553804
8553986
8555910
8556432
8556765
8557561
8559510
8560227
8561500
8562580
8562829
8563345
8563600
8565425
8565683
8566590
8566781
8567084
8567120
8567276
8567567
8569972
8570344
8570973
8571014
8571061
8571126
8571652
8571796
8574134
8574492
8576662
8577909
8580232
8581648
8581788
8582375
8583403
8584427
8584603
8585244
8587920
8589537
8590952
8591740
8594758
8596276
8597820
8598148
8598430
8600166
8600416
8601457
8602400
8603760
8604081
8604703
8610090
8610905
8611151
8613052
8613343
8613569
8616197
8617597
8618612
8619916
8620164
8621370
8625885
8626924
8627112
8627925
8630917
8632314
8633503
8633581
8636572
8636748
8636806
8639123
8640803
8640869
8641249
8641350
8642125
8642882
8644019
8644129
8644315
8644641
8645272
8645940
8646552
8647485
8647529
8647540
8648824
8649805
8650345
8651876
8651888
8652092
8654897
8655931
8656233
8657047
8658555
8658705
8658803
8658847
8659672
8661864
8666094
8666338
8668827
8669349
8669885
8669943
8670542
8673136
8673193
8673915
8677227
8681546
8683754
8685228
8685769
8685895
8686608
8686969
8687160
8689458
8690029
8690405
8690459
8690780
8691308
8692579
8693121
8693596
8696382
8697994
8698168
8700540
8702641
8703491
8703583
8703857
8705092
8709032
8709564
8709584
8710984
8711410
8711611
8712638
8712897
8712904
8715593
8716146
8716279
8718189
8718324
8720660
8720904
8724245
8725610
8726516
8727396
8728839
8729354
8730131
8730513
8731219
8732058
8733827
8737055
8738913
8740250
8741627
8742064
8744202
8747167
8750075
8751049
8751616
8753614
8753817
8754738
8754928
8757488
8758477
8761638
8762694
8763212
8767333
8767666
8767913
8769002
8770361
8770968
8772763
8773002
8774906
8775040
8776073
8777791
8779806
8780212
8780368
8781837
8781973
8784150
8785186
8785908
8787272
8787870
8787929
8788712
8788970
8790213
8791594
8792861
8793931
8795653
8798840
8802929
8803216
8806181
8808091
8808944
8811082
8811529
8812834
8815758
8815984
8816132
8817414
8818342
8819830
8824845
8825092
8825145
8825550
8829456
8829902
8830180
8830766
8830970
8833367
8833471
8833792
8834349
8834617
8835227
8835876
8835934
8837173
8837808
8839198
8839765
8841740
8844848
8846253
8846673
8847188
8848265
8849167
8850927
8852402
8852729
8854585
8854891
8855203
8856822
8858242
8860174
8861714
8865054
8865785
8866845
8867352
8867620
8872911
8875120
8876661
8876726
8877539
8878061
8880039
8880290
8881485
8882265
8882859
8882870
8883143
8884065
8887768
8887916
8891738
8892665
8893105
8897024
8897775
8898104
8898913
8900018
8900378
8901920
8904192
8905126
8905210
8905363
8905805
8907684
8908014
8908760
8908797
8908826
8908874
8909276
8910230
8910287
8910447
8912654
8913115
8913497
8914280
8915499
8916179
8916210
8916934
8917364
8917713
8917932
8918522
8918750
8919492
8922788
8925068
8925947
8927427
8928254
8928901
8929118
8929255
8930964
8932603
8933016
8934154
8934290
8935520
8935685
8936419
8936458
8937779
8939751
8941216
8943156
8944526
8947938
8948399
8948445
8948772
8951658
8952494
8953358
8954394
8954402
8955928
8957054
8957787
8960041
8960269
8960815
8962176
8962860
8963265
8963817
8964192
8964795
8965155
8965560
8967774
8969599
8971724
8972329
8972464
8973717
8975051
8976242
8977061
8979010
8979368
8979482
8979602
8980336
8982100
8982132
8982535
8985832
8986632
8986658
8987374
8987546
8987842
8989169
8989257
8990746
8991214
8992417
8992783
8996073
8998736
8998917
8999038
9001609
9001819
9004783
9005448
9005600
9006544
9007556
9008078
9008848
9009487
9010105
9010845
9011355
9011666
9012219
9012255
9013000
9013998
9014247
9014988
9016344
9016914
9018533
9019142
9019360
9019398
9019573
9019860
9020031
9020879
9025253
9025453
9026071
9026398
9026733
9027220
9028895
9029029
9030543
9031645
9031692
9031901
9032935
9034331
9037082
9039876
9040854
9042006
9042426
9044844
9046599
9046630
9046970
9050530
9050686
9051648
9054124
9054353
9055403
9056436
9056972
9058875
9059160
9059543
9059960
9060429
9062210
9062512
9065601
9065833
9067886
9068005
9068662
9068944
9069130
9069505
9069768
9071976
9072008
9072129
9072628
9072745
9073024
9074265
9075031
9075073
9075369
9076597
9077193
9078695
9078952
9079713
9079884
9080724
9080788
9081324
9081329
9085834
9088243
9090735
9090995
9091829
9094459
9095295
9096229
9096861
9097337
9098587
9098607
9098838
9099544
9100778
9102773
9104316
9106339
9106881
9107540
9107859
9109611
9110495
9110974
9111227
9111493
9112032
9114772
9115690
9117852
9120255
9121114
9121182
9122392
9123283
9128344
9130541
9131027
9131215
9131691
9131799
9132404
9132663
9133064
9136125
9138405
9138565
9139329
9140537
9142874
9143554
9143933
9144370
9144557
9144858
9145348
9146486
9146857
9146987
9148222
9149266
9149574
9150728
9151552
9152038
9152061
9154121
9154440
9158707
9160538
9161163
9161961
9162439
9163555
9164840
9165190
9165638
9165896
9166916
9167731
9168116
9168768
9169043
9169221
9171290
9172197
9173357
9173486
9174562
9174846
9174857
9176172
9176319
9179444
9181212
9184046
9186185
9186325
9187962
9189462
9190398
9191501
9194301
9194322
9196858
9197520
9197737
9198997
9199624
9199640
9199718
9199811
9202745
9203114
9203243
9204822
9206300
9209911
9211457
9211973
9213707
9214240
9214259
9215174
9216023
9217816
9219142
9219677
9220763
9222084
9222345
9222746
9225054
9227545
9228142
9229745
9229981
9230713
9230755
9230809
9233498
9233699
9235033
9235651
9235693
9237195
9237463
9239139
9240038
9240199
9241579
9241635
9241747
9242242
9242846
9246597
9247001
9247468
9247665
9248180
9250130
9253648
9253855
9254870
9254928
9258059
9259296
9260778
9261099
9261537
9262412
9263945
9264828
9265563
9265952
9266296
9268453
9269885
9272295
9274476
9274761
9275399
9275477
9275507
9279217
9279957
9280169
9280844
9281565
9281938
9283883
9284155
9286031
9287943
9288155
9289976
9290219
9290800
9291510
9291869
9291890
9292486
9293596
9293776
9297087
9297804
9300273
9300314
9300464
9300800
9302857
9302961
9303472
9305376
9305468
9305821
9306025
9306314
9307724
9308199
9309226
9310319
9310624
9311411
9311631
9312082
9313145
9314285
9314878
9315082
9315189
9316104
9318061
9318363
9322004
9322040
9322141
9323705
9323973
9324439
9326041
9327445
9328080
9328762
9329112
9329551
9329640
9329899
9330428
9330663
9331233
9334129
9334352
9337567
9337577
9340981
9341494
9341974
9342290
9343014
9343045
9343513
9343910
9346085
9347037
9347472
9349114
9350191
9350710
9350730
9352077
9353181
9355311
9356303
9356538
9357138
9358336
9358622
9358675
9359909
9360217
9360779
9360853
9361279
9362228
9364599
9364887
9365265
9365462
9366576
9367303
9367546
9368435
9368464
9368700
9369249
9369939
9370747
9370780
9371451
9371878
9372936
9373120
9373234
9373309
9373801
9374094
9375209
9376532
9379453
9379497
9381497
9383034
9383159
9385213
9386341
9388742
9388913
9388931
9390345
9392648
9395325
9395519
9395626
9396364
9396534
9397070
9398617
9400385
9401283
9403067
9405234
9408056
9408348
9408868
9412133
9416212
9416385
9416720
9416865
9417747
9419425
9420792
9421232
9421328
9421363
9424231
9424327
9425774
9426275
9426619
9427562
9428831
9429305
9429567
9432506
9432626
9433149
9434779
9435081
9438411
9439946
9443202
9443666
9444407
9446067
9446471
9447737
9448112
9449699
9452003
9453560
9454100
9454340
9454632
9454798
9455468
9455918
9456463
9457924
9458845
9459189
9459271
9459651
9461782
9462122
9463373
9463755
9464630
9465053
9465868
9467218
9467853
9468304
9468582
9468730
9468787
9470160
9470605
9474326
9474939
9475965
9476276
9476546
9476778
9476843
9476844
9477313
9477917
9479066
9479110
9479548
9481904
9481931
9481998
9482153
9482861
9486561
9487309
9490492
9490762
9492668
9492747
9493331
9493406
9494670
9494705
9498662
9499421
9499634
9500983
9502221
9503603
9503738
9504067
9507409
9507491
9508112
9511662
9512094
9512360
9513917
9515382
9516327
9516491
9518261
9520223
9520636
9520937
9521224
9525861
9528084
9528095
9528419
9529162
9529245
9530541
9532341
9532599
9534291
9534693
9540339
9541086
9542877
9543205
9543538
9543820
9546439
9548381
9548826
9552421
9552723
9553717
9554656
9556742
9557397
9558589
9559494
9559686
9561876
9562273
9562910
9563208
9565848
9566442
9566877
9567565
9568912
9569577
9570344
9570688
9570760
9572475
9572751
9572930
9574996
9575541
9576111
9577955
9578514
9578757
9579355
9579652
9579933
9583124
9583856
9587577
9587971
9588020
9588382
9588710
9590071
9590191
9594174
9597519
9597534
9597941
9598014
9598916
9601462
9601492
9603311
9604540
9607420
9607895
9608203
9612952
9614538
9614943
9615257
9616710
9616923
9619753
9619841
9621068
9621157
9621905
9622167
9622814
9623965
9625246
9625918
9626127
9626160
9627378
9627587
9631022
9632296
9633647
9633765
9634742
9635085
9635335
9635881
9636189
9637196
9640665
9640888
9641630
9643596
9645882
9651011
9651572
9651859
9652134
9652210
9652277
9652666
9652928
9653548
9653569
9654478
9656476
9657367
9658048
9658089
9658877
9658916
9659231
9659242
9661049
9661636
9663352
9663380
9664288
9665529
9665607
9666823
9669297
9669633
9670153
9670753
9671056
9671128
9672376
9672787
9672829
9673199
9673522
9673886
9674386
9675829
9676434
9676840
9677503
9677586
9678805
9679962
9681739
9682155
9683356
9684091
9684752
9687389
9687518
9687843
9688162
9688711
9690537
9690938
9692378
9692716
9692752
9692828
9693726
9694725
9696390
9696729
9698219
9698978
9699379
9699498
9699832
9702410
9702503
9704300
9704781
9707315
9707360
9707525
9709370
9711005
9711085
9711517
9712393
9715835
9715942
9716721
9716725
9718597
9718950
9719078
9719304
9720945
9720967
9721198
9723100
9723507
9723688
9723752
9723769
9726393
9726569
9726939
9729330
9732414
9734091
9736293
9737132
9737159
9740716
9747717
9749574
9754632
9756809
9757233
9758095
9758122
9758306
9758628
9759820
9761232
9764394
9764494
9764557
9766126
9768287
9768967
9769619
9769750
9770686
9770784
9772470
9775383
9775424
9775572
9776084
9776522
9777001
9777916
9778608
9779452
9779614
9780834
9782418
9782752
9782864
9784329
9784616
9784897
9785223
9785253
9785357
9785622
9786456
9786743
9786813
9790245
9790328
9791878
9792734
9793159
9794749
9797445
9797768
9797875
9799129
9800398
9800407
9801266
9801728
9802574
9803082
9803251
9804559
9805202
9805669
9806198
9806709
9807513
9807829
9807981
9809029
9811062
9814026
9814401
9819129
9819411
9819427
9819649
9820116
9821322
9821657
9821711
9823554
9825617
9826088
9826158
9828219
9828237
9828681
9829653
9831131
9833138
9834213
9834463
9835632
9836755
9837462
9839680
9839834
9842165
9843312
9843757
9843941
9844519
9844705
9845829
9846928
9847259
9847842
9848443
9849499
9850081
9850769
9851624
9852010
9853385
9854079
9854301
9854491
9854952
9855046
9856281
9856771
9857043
9858315
9858513
9859570
9859918
9861894
9863787
9863846
9865161
9866771
9868784
9869204
9869242
9870303
9870535
9870920
9871955
9873348
9875140
9875300
9875872
9876500
9877115
9877142
9879827
9881574
9882262
9884860
9885865
9886720
9887414
9889751
9891463
9891884
9894944
9895708
9898943
9900534
9900984
9901208
9901268
9901960
9902339
9902661
9902710
9905603
9906227
9906813
9907012
9907311
9908152
9908681
9909798
9910066
9910773
9911241
9911914
9911955
9914245
9914614
9915479
9916801
9918192
9918453
9918653
9918692
9918909
9924456
9924466
9924504
9924941
9925355
9927655
9927946
9930957
9931554
9937456
9938388
9940032
9940633
9942454
9943014
9943580
9944213
9944289
9944649
9946212
9947528
9950285
9950579
9950831
9951717
9952252
9952601
9953151
9953186
9953454
9954164
9955374
9956878
9957298
9957306
9958627
9960071
9960339
9962148
9962357
9964127
9965976
9970512
9970604
9970947
9971275
9971565
9971589
9971935
9972331
9973874
9974858
9974929
9978877
9979570
9979894
9982360
9982364
9983030
9986147
9986224
9987054
9987213
9990288
9990576
9992110
9992240
9992821
9995066
9995107
9996349
9997907
9998134
9998288
9998616
9999198
9999467
