1050
2375
3165
3545
7630
7803
7982
8512
8710
8756
8815
9073
9740
10992
11497
11578
11934
12353
12852
13139
14429
15687
16643
17761
17858
19669
19895
20173
20761
21067
22346
22350
22430
23148
23169
24096
24767
26052
26493
27768
30804
30866
31483
34307
39300
40724
41241
42829
43763
44381
45464
48075
49224
49673
51143
52077
52112
52257
52629
52830
53490
53541
55645
56164
56333
57404
57422
57434
58278
58418
59413
61146
61875
62002
63549
64152
67032
67926
67976
70053
70209
73046
73905
74366
74635
79769
79891
82720
83431
84700
85846
85999
86597
86747
89893
89968
90291
91498
92609
92662
94423
96243
96368
96707
98194
100014
100110
101558
102165
102210
103363
103884
104227
104359
107185
108702
108889
108980
109451
110803
111023
111059
111139
112535
112996
114281
114968
115188
117503
117584
119603
120093
120342
124253
125014
125466
125581
126003
128439
129926
131329
131884
132257
132328
132718
134509
135578
136469
138212
141143
141968
144099
144713
145561
147456
147942
149097
149869
150417
150746
151169
152035
152259
155128
156020
156143
156820
158419
158681
158690
159938
160164
161294
161372
163271
163509
164663
165189
165899
165929
167173
167537
168400
169407
169732
170178
170364
170416
170856
171197
172286
172435
172908
173690
174667
175305
175746
178326
184921
185052
187034
187225
187713
189264
189273
190564
191126
191584
192564
193440
194004
195866
196097
197192
197196
197793
198944
202146
202428
207399
207441
209803
210308
211285
211764
211958
212063
213049
213178
215471
216326
217792
218990
220221
220859
222957
223372
223734
224629
225183
226318
226976
227307
229401
230329
230383
232060
234128
235501
237021
237378
237474
238686
247079
247623
248999
249334
250669
251785
252537
253799
254074
255787
256174
256461
256640
257362
258588
261125
261236
261816
262315
262511
265185
266362
267926
268053
268157
268222
270678
270878
272248
272253
272861
272929
276027
277431
277650
279469
279508
283878
283897
285223
286383
288241
288504
289217
293791
294479
294786
295818
296727
298122
298352
300260
302107
302749
303307
303758
304120
304563
305297
305491
307185
307764
308165
310650
310839
312289
312522
315818
317709
317903
318579
320235
320712
322794
323745
324657
325484
326048
327648
328281
329249
329862
332564
335996
336154
336912
337294
337415
337797
339754
341784
342651
343978
344042
345939
346491
348991
349740
351197
351923
352084
353551
353741
356104
356486
356942
357151
357584
359125
359282
360204
361709
365935
366204
366370
367476
368319
368580
370144
372791
373068
373641
375139
376086
376270
376526
376783
377714
377831
380233
381034
382297
383458
383943
384715
385710
386858
388625
389228
390298
391007
392231
395645
396543
397022
398300
398360
398371
398381
399077
404263
405515
405536
405670
408083
408147
409293
409558
409604
410520
415486
416227
417398
417488
418786
418822
419002
419114
419406
421538
422521
422600
422694
425519
426513
426814
426943
427188
427342
427749
429191
429984
430535
433919
434411
434528
435902
436099
437060
437244
437430
439242
439688
440151
443371
443561
443734
444082
444952
445018
445665
447009
447299
448111
448337
448390
448873
449019
449796
450068
452141
453763
455077
455577
455759
456853
457462
457807
459249
460127
461606
462638
465114
465147
468369
468374
470207
470887
471081
471606
471671
472419
475635
475966
477610
479837
480360
481377
482140
482457
482470
484047
484326
485369
485381
486859
487134
488189
488987
489022
489290
489832
490109
490639
491383
491962
492172
496180
497208
498111
498141
499230
499739
504164
505084
507548
508067
508844
512528
513604
514265
516743
518023
519212
519675
524153
525709
526761
527190
528407
528771
529466
530926
531321
531462
532887
534896
536316
536776
538333
540285
544525
545044
545204
547019
547254
548357
548433
549305
549387
550026
550827
550893
553904
554435
555570
555742
557988
558456
559890
560953
561819
562872
563408
564435
564843
565126
566079
567022
567555
568164
568273
568314
568816
569103
572241
572819
574519
574629
575328
575881
576922
578615
578794
578934
579065
580795
580897
580948
584335
584418
586118
586876
588518
589215
589315
589334
589925
591570
591607
592062
592128
594784
595815
596102
597285
597351
598324
599180
600463
604344
605508
606242
606617
608840
610164
611096
611257
611619
612161
612406
612692
612773
613463
613583
613715
614436
614702
615051
615107
616229
616530
617857
618872
621980
622812
623050
623971
626465
628148
629040
630164
631926
633954
634761
635428
636189
636558
636961
637175
637738
638185
638243
642611
642617
644191
644313
644527
645057
646672
650457
650707
651450
652240
652538
653967
654342
658716
658720
659225
659373
659527
659811
662036
662256
662979
665305
666767
667862
668238
668664
670330
671024
671875
672031
673346
673493
673562
674122
674610
675040
675080
676942
678091
679685
679836
680031
680200
682400
683099
683400
684020
684303
686935
686939
687255
687828
688004
688140
688417
688616
689408
690310
690858
692370
692662
697353
697416
697542
698340
698641
699095
700046
700538
701402
701809
702431
702911
705814
705818
707447
710258
710502
711278
711816
711828
712619
712691
712725
713098
713416
718050
719239
721072
721937
722687
722865
723816
724819
724898
726910
727260
727441
727651
728353
730081
731178
731219
733974
737252
738038
738119
739417
739961
740973
741123
741196
743293
743564
744012
746398
747140
747936
749219
749748
750621
752925
753463
753783
754527
755174
755449
756547
760221
761171
762417
765498
766178
766427
767804
768699
771524
772159
772417
774108
776686
777770
778123
778809
779383
780288
780848
781781
783430
784259
786476
786525
786827
787520
788135
789092
790429
790580
792845
794679
794849
794942
795074
796448
796857
797778
797859
799502
800385
800386
801114
801880
801925
802760
804717
805472
805583
806179
807144
807344
809647
811854
812247
812368
812729
813127
814909
816284
816844
819112
822213
822267
822486
823258
823616
823947
824699
826075
826819
827288
827798
829868
830032
830362
831614
831873
832228
832264
832579
832675
833102
833204
833341
836447
836513
840530
843136
843288
843292
844179
844216
845596
847776
848657
848893
849549
850269
851825
853431
853589
853763
853943
854688
855210
855642
856560
856715
859058
861134
863785
864493
867232
868453
870067
870894
872408
873410
874568
875116
875536
877124
880307
880989
883573
884746
885524
885558
886869
887027
891377
893826
895390
896137
896702
900262
901814
902179
902688
905157
905314
905335
905933
906385
908540
908745
909350
911699
912051
912445
913948
915720
916435
917306
918093
918476
921403
922025
922868
923211
924167
925639
925686
925938
926157
926685
927726
929140
929503
929566
930501
930668
930755
930973
931186
931343
932484
933052
934376
935103
935166
936231
937976
940316
941031
944024
947128
947846
948346
949531
951159
954992
958501
959217
960241
960511
961165
961250
961976
962657
963075
964108
964988
965638
965839
966673
967405
967594
969123
969754
970605
971294
972005
975447
977747
978411
978660
979115
979511
980995
982493
982893
983281
983609
983709
984788
986037
988223
988258
988456
988956
989687
990036
990993
991522
992540
993615
993845
998415
998999
999451
1000410
1001708
1002632
1002768
1004363
1009818
1011996
1013369
1013652
1013894
1014672
1014680
1017673
1019126
1021640
1022295
1022302
1022662
1023652
1025165
1026448
1026618
1028512
1028728
1029350
1029359
1030528
1031392
1033284
1033642
1034656
1034822
1034875
1035387
1036195
1036765
1037129
1037195
1038843
1039477
1040759
1043541
1046132
1046356
1048675
1049128
1049129
1049514
1053511
1054090
1054758
1056045
1056377
1057153
1057360
1061404
1064153
1064199
1064812
1065771
1067158
1067180
1070222
1070392
1071101
1074890
1075725
1077265
1078373
1078379
1078612
1082037
1082647
1083078
1083992
1084910
1085209
1085478
1086322
1088099
1088150
1088290
1088642
1089649
1090045
1090206
1090965
1091371
1092372
1092918
1093738
1093978
1095223
1097421
1098127
1098964
1098999
1100078
1100801
1102294
1103982
1106182
1106816
1108443
1108593
1109525
1109766
1111958
1112142
1113281
1113815
1113845
1114723
1116197
1116431
1118312
1118322
1122125
1122384
1123491
1125363
1125672
1125865
1126504
1129131
1131929
1133104
1133224
1133475
1135075
1136357
1137099
1137158
1138785
1139910
1140343
1141229
1142047
1142528
1142898
1143418
1145992
1148367
1148958
1149401
1149645
1152239
1153193
1154462
1155410
1158181
1158657
1160435
1160829
1162154
1163445
1164943
1165155
1165490
1165726
1168162
1168612
1170610
1171388
1172870
1175652
1178569
1179191
1179219
1180279
1182644
1182735
1183410
1184004
1187908
1189264
1191989
1194336
1194491
1195739
1196050
1196991
1198084
1198944
1199870
1203370
1203793
1204025
1208145
1208210
1208266
1208399
1209368
1209479
1209772
1210267
1210644
1210800
1211768
1215902
1217291
1219818
1220213
1220740
1221855
1222342
1222484
1222806
1224866
1226052
1226560
1227108
1227160
1227803
1227950
1228441
1230864
1231448
1232575
1233081
1233633
1233946
1235670
1237132
1238027
1238643
1242053
1242442
1243106
1244524
1244697
1245492
1245900
1246147
1246484
1248397
1248530
1249017
1249906
1250471
1250842
1251800
1253264
1253960
1254105
1257632
1262279
1264020
1265419
1266747
1266811
1266977
1267348
1268267
1269095
1269812
1270349
1275102
1275358
1278417
1279029
1279104
1280512
1281226
1282605
1285401
1288571
1289179
1291873
1292243
1293570
1293628
1294338
1295074
1295138
1299087
1299917
1300569
1300816
1300969
1301017
1302825
1302904
1304305
1304332
1305754
1309158
1309328
1310732
1312843
1314293
1315364
1320138
1320274
1320591
1321217
1321450
1321729
1323111
1325972
1332266
1332332
1332563
1332565
1334154
1334281
1334774
1338079
1338735
1340285
1340674
1340828
1341099
1343531
1347428
1349275
1350358
1350502
1355644
1356340
1356710
1357459
1358314
1358665
1360842
1361704
1361948
1364654
1364813
1365073
1365780
1365822
1365872
1365892
1366360
1372228
1375497
1375850
1377933
1378169
1378585
1380741
1381559
1382500
1383751
1385248
1385506
1386282
1386587
1387951
1389552
1390234
1390688
1391676
1393691
1394210
1394818
1395315
1395380
1396214
1396900
1397927
1398518
1398650
1399553
1400748
1401084
1401119
1403678
1403940
1405330
1407342
1408249
1408730
1409960
1410246
1411362
1413624
1413778
1414886
1415365
1415631
1415694
1416448
1419147
1421185
1423216
1423602
1423756
1425681
1427955
1428865
1431179
1431788
1432495
1433339
1433937
1434029
1435303
1435577
1440539
1441341
1441468
1449462
1449520
1449785
1450367
1450545
1450869
1451383
1454092
1454510
1454904
1455525
1456372
1460194
1464270
1464646
1465401
1465639
1467459
1467604
1467835
1467920
1469140
1469707
1469949
1472053
1472822
1475488
1475913
1477992
1478357
1478878
1478961
1479057
1480717
1482514
1483366
1483374
1483703
1484956
1485211
1486175
1487003
1488106
1488835
1488896
1491447
1494556
1494739
1496502
1497674
1498286
1498439
1500660
1501784
1501862
1502039
1502958
1503268
1506384
1507327
1507645
1509473
1509632
1511018
1511843
1511865
1512122
1512435
1512499
1513515
1513972
1514156
1516263
1517645
1518337
1519003
1520247
1521112
1522029
1522045
1523005
1523128
1525659
1525873
1526659
1526782
1528101
1528343
1529359
1529850
1530197
1530387
1531611
1531853
1532720
1532768
1534004
1535011
1536103
1539060
1539703
1541270
1542062
1542320
1542593
1543607
1544847
1545053
1546804
1549172
1549240
1549313
1549548
1550268
1552385
1552476
1556835
1557544
1557986
1558382
1560841
1561482
1564412
1565215
1566419
1566486
1567132
1568554
1569456
1570940
1570965
1571722
1571904
1572639
1572967
1573050
1573501
1575057
1575341
1576465
1576662
1580208
1581390
1582074
1583934
1586978
1587823
1591121
1592046
1592381
1592798
1594900
1594908
1594996
1595089
1596974
1597048
1597297
1598454
1600033
1600958
1601849
1602367
1602565
1603638
1603704
1604728
1605525
1605848
1606785
1607982
1607989
1608368
1611267
1612440
1612741
1613458
1616190
1616452
1617839
1620554
1620986
1621014
1623839
1624183
1626520
1627544
1628676
1630167
1631830
1632073
1632352
1632540
1633427
1635004
1636028
1637130
1638439
1639987
1640625
1641343
1642804
1644057
1645225
1645719
1645769
1646318
1648784
1649520
1651366
1652672
1656752
1658852
1659209
1661165
1663041
1663104
1663373
1663590
1663770
1663776
1663973
1665817
1666378
1668306
1668728
1669739
1670064
1670078
1670582
1670768
1675305
1675345
1676864
1677931
1679200
1679282
1679390
1679756
1679888
1681489
1682539
1683112
1686314
1686395
1689772
1689877
1691151
1691196
1692488
1693050
1694166
1694944
1695271
1695377
1696601
1696795
1697180
1698154
1698425
1698956
1699107
1699726
1699838
1700430
1700637
1701169
1702288
1704043
1706501
1707178
1707197
1707629
1711529
1711968
1712631
1713580
1716192
1718380
1718564
1718853
1719372
1719680
1723824
1724718
1727172
1728789
1728944
1729344
1730554
1733065
1733253
1733856
1734159
1735376
1735675
1735812
1736176
1737517
1738072
1738081
1741652
1744761
1745678
1746177
1746548
1746925
1747655
1748856
1751286
1752300
1753996
1754432
1755961
1756433
1756476
1756593
1757805
1759246
1759533
1759537
1763688
1763951
1764820
1764920
1767581
1768340
1768545
1768891
1769780
1770604
1770724
1770800
1771095
1774624
1776416
1777125
1778082
1778393
1779256
1779318
1780233
1783360
1784573
1785691
1785974
1786127
1788133
1790066
1790638
1793059
1793221
1794747
1795060
1795838
1799657
1801950
1802277
1802652
1802820
1803085
1804698
1804841
1805117
1806304
1806407
1806441
1811408
1811508
1814816
1815014
1815403
1817646
1818776
1820611
1820639
1823260
1825350
1825381
1825471
1825831
1825875
1826757
1831705
1836659
1837805
1845280
1845663
1846996
1847168
1848422
1848692
1849925
1851772
1853419
1854094
1855511
1855521
1855815
1857107
1858670
1860257
1860908
1861261
1861563
1864845
1864849
1865895
1868894
1870008
1870627
1873876
1875459
1876120
1878113
1878201
1878225
1879165
1880831
1881200
1882811
1882845
1882848
1883541
1883799
1884011
1884435
1885003
1887192
1887950
1889543
1892936
1894450
1895241
1895754
1896094
1897633
1898468
1898508
1898813
1899326
1900378
1901278
1903343
1903488
1904318
1904643
1905404
1907695
1907696
1909471
1910973
1911004
1911892
1912472
1913193
1913932
1913989
1914661
1914748
1916439
1917492
1919363
1919751
1921564
1922241
1922312
1922384
1924004
1925061
1926188
1927642
1928425
1928849
1929630
1933046
1934339
1934370
1935040
1938349
1939290
1941082
1944833
1945698
1945781
1946721
1946743
1947516
1947869
1950045
1950996
1951947
1952102
1952859
1953413
1953579
1954504
1954653
1956865
1957363
1957377
1959698
1959879
1960989
1961281
1962702
1963272
1964901
1965395
1966926
1967376
1968602
1969102
1969230
1969390
1970767
1971741
1971806
1971827
1972260
1973419
1973658
1974059
1974922
1976114
1977207
1978931
1980520
1982418
1982949
1983559
1984886
1986544
1988171
1989079
1991870
1994415
1995272
1996782
1997395
1998488
1999780
2000406
2002844
2002945
2003321
2004024
2006934
2008402
2008696
2009718
2009809
2010180
2011125
2011643
2012544
2015243
2017567
2017604
2018561
2020075
2020091
2021506
2021928
2022483
2026185
2032863
2036166
2037697
2038530
2039075
2039786
2040322
2040407
2040938
2043081
2043502
2044866
2045227
2045261
2047713
2048892
2050298
2051520
2052252
2053598
2053707
2054551
2055307
2055999
2057610
2058020
2058871
2064195
2064651
2065767
2066966
2069701
2071103
2071169
2071420
2072670
2073576
2074608
2075872
2077287
2078368
2079496
2080282
2080283
2080333
2082257
2082966
2084493
2087054
2088823
2089896
2091545
2091636
2094859
2094953
2095451
2096764
2097367
2097760
2098093
2098511
2098979
2099367
2099989
2102138
2102649
2104333
2104391
2104702
2106285
2107619
2107770
2107927
2108311
2109927
2110035
2112667
2113667
2116618
2116852
2116926
2116994
2117991
2119481
2119653
2121252
2125665
2126017
2126192
2126601
2126851
2127403
2128019
2128147
2128161
2129380
2130036
2132146
2132411
2132984
2134146
2135662
2138533
2138560
2141078
2141306
2143109
2143819
2144512
2144839
2145875
2146569
2147011
2148992
2149261
2150060
2151253
2151457
2154624
2154864
2157053
2157720
2159496
2160114
2161990
2162161
2164140
2165817
2170468
2171798
2172360
2172661
2174153
2176635
2178894
2179820
2181163
2181977
2182122
2182411
2183142
2183637
2184247
2184381
2184995
2185443
2186795
2188277
2188458
2191036
2191514
2192325
2192765
2199649
2201150
2201935
2202687
2203098
2203288
2206400
2206704
2207911
2208974
2209039
2209330
2210004
2210400
2211500
2212214
2212408
2212964
2213431
2213847
2213893
2216038
2217483
2219473
2221095
2222895
2223762
2224924
2225064
2225106
2225560
2225573
2225674
2226125
2226273
2226292
2227037
2228214
2228652
2229269
2229356
2229492
2230797
2231472
2231940
2232106
2232224
2232443
2232960
2233200
2233286
2233448
2234659
2234679
2237546
2237674
2238707
2240245
2241446
2246891
2248019
2248126
2248810
2249695
2249860
2250113
2251776
2252140
2253162
2255540
2256716
2256725
2257626
2257849
2258143
2258180
2259415
2260811
2261380
2262435
2262743
2267663
2270070
2270384
2271423
2275589
2275735
2275800
2277076
2278205
2279628
2280771
2283014
2285741
2286953
2287023
2287603
2289187
2291082
2291230
2293395
2297042
2297820
2297903
2299030
2300715
2305842
2306001
2306500
2307018
2307153
2307393
2307395
2307829
2308609
2309109
2310210
2312434
2312656
2315221
2315447
2315609
2317344
2317797
2317962
2319539
2321560
2322834
2323081
2323638
2325169
2326530
2328454
2328524
2330119
2331007
2332237
2335013
2335269
2335692
2337008
2337067
2338370
2339491
2340109
2340156
2340498
2340579
2343167
2343209
2343780
2344280
2344863
2345281
2345664
2345935
2347625
2348002
2348330
2348960
2349360
2349740
2349783
2350875
2352739
2352836
2352849
2355052
2355496
2355968
2356852
2357515
2357665
2359099
2361799
2362116
2362864
2362913
2364170
2364489
2364609
2365652
2365861
2369448
2372132
2372458
2372728
2372978
2375766
2377413
2378638
2378668
2379795
2383269
2385226
2389113
2391259
2397144
2399595
2403086
2404386
2404697
2406506
2407480
2407731
2408056
2408376
2408484
2408855
2410304
2412867
2412871
2413735
2415757
2417765
2419401
2421365
2421964
2422032
2422119
2423294
2425997
2427022
2427895
2427936
2427965
2428398
2428693
2430097
2430263
2430382
2430585
2431954
2432918
2433879
2434106
2435388
2437771
2437993
2440995
2441032
2442867
2445269
2445406
2445677
2446114
2446747
2447270
2447489
2448505
2448918
2451697
2452269
2455143
2455340
2455627
2455698
2456871
2457425
2460070
2460744
2466121
2467700
2468582
2469966
2471331
2471931
2472286
2472581
2473487
2473703
2474886
2476502
2479625
2482407
2484268
2484451
2492379
2492544
2492599
2492852
2493091
2494584
2495605
2496336
2497211
2497371
2498231
2499260
2500638
2502218
2504387
2505100
2505713
2505965
2506079
2509191
2510036
2510407
2511591
2513742
2514855
2516264
2519269
2519303
2519324
2519707
2519863
2521225
2521631
2522011
2522494
2522683
2523213
2524944
2525510
2525596
2526391
2527739
2528122
2529593
2530579
2532103
2532900
2534481
2536188
2538755
2539962
2540322
2542439
2545050
2545913
2546123
2546730
2547457
2553269
2553914
2554843
2556382
2556848
2557348
2557678
2558932
2560156
2560329
2560613
2560742
2560758
2562481
2563024
2563632
2564155
2564300
2565424
2568215
2568985
2570849
2571232
2571861
2572403
2572750
2574344
2575534
2576257
2576339
2577510
2577614
2578359
2579466
2580401
2581516
2581759
2582336
2582373
2584216
2584330
2584420
2584835
2587338
2587974
2588363
2588456
2589777
2590332
2590847
2592130
2592475
2593376
2594753
2597395
2598469
2598599
2598960
2599189
2603014
2604067
2604730
2606567
2607666
2608681
2609680
2609906
2610153
2612825
2613721
2614691
2614972
2615332
2617419
2617757
2618787
2619766
2620395
2621486
2622190
2622247
2622546
2622752
2623070
2624003
2624551
2624995
2625418
2626542
2626819
2627030
2628142
2628937
2630293
2631203
2632451
2632570
2634606
2634905
2635612
2635845
2636407
2638046
2639394
2639823
2639849
2639889
2643298
2643397
2643410
2644542
2644930
2645648
2646105
2646463
2647018
2647153
2647275
2648726
2648939
2650364
2650572
2650885
2650954
2650977
2651488
2651967
2652657
2653285
2653677
2654697
2655158
2655527
2656623
2657105
2657210
2657306
2658287
2658338
2658588
2658696
2659137
2663114
2664316
2665885
2665915
2665916
2668656
2669677
2670461
2670944
2671263
2672838
2673575
2677266
2679419
2682271
2684742
2685643
2685737
2686318
2687883
2688128
2689639
2690270
2690688
2692921
2694596
2695576
2695838
2696501
2696532
2697982
2699242
2699403
2699558
2699664
2700284
2700589
2701178
2702030
2703723
2704371
2705519
2705799
2707187
2707442
2708699
2709259
2709878
2712078
2713820
2715014
2715542
2715548
2716742
2720600
2722776
2724618
2724964
2725879
2726402
2726524
2726872
2727730
2728679
2729058
2731195
2732828
2733434
2733527
2735420
2737756
2738033
2738320
2738569
2738598
2738602
2739006
2739770
2740314
2745623
2746331
2746424
2747694
2751005
2752914
2753102
2755145
2755511
2757751
2758552
2759016
2759046
2759862
2763200
2764951
2765992
2766665
2766955
2768908
2769731
2770747
2770775
2770929
2771690
2772459
2774142
2775625
2776297
2777167
2778420
2783388
2784409
2785738
2785742
2788248
2788317
2788662
2789803
2789879
2790347
2792621
2793912
2794513
2795071
2795942
2797748
2799115
2800815
2801096
2801446
2805988
2806770
2807026
2807100
2808772
2808889
2808969
2809250
2809612
2809735
2810291
2812339
2812882
2813373
2814036
2814237
2815844
2816243
2816782
2816802
2817702
2819629
2821750
2822311
2825401
2825883
2826519
2826811
2826927
2827401
2828191
2828816
2828849
2829136
2829280
2830460
2830631
2830679
2830920
2832289
2832321
2834421
2835609
2837624
2838192
2839616
2839869
2840355
2840734
2840813
2841303
2847622
2847647
2848104
2848247
2848456
2849762
2850174
2851084
2851236
2851535
2851915
2852754
2857036
2857105
2860121
2860374
2862636
2863553
2864886
2865780
2866540
2867463
2867613
2867904
2868615
2869740
2870593
2870725
2870779
2872565
2873608
2874666
2878005
2878201
2879594
2879862
2880445
2881036
2881310
2881860
2882446
2882989
2883185
2883256
2884764
2885875
2889380
2889672
2893310
2893447
2893559
2896813
2896984
2898990
2900478
2901193
2901523
2904558
2905737
2909109
2909450
2911670
2913478
2913574
2914295
2914870
2915289
2915488
2915549
2916492
2917118
2918863
2919333
2919521
2921153
2921211
2926866
2926899
2927924
2928303
2929927
2930040
2930186
2932922
2934093
2934105
2934246
2935637
2937917
2939348
2941459
2943383
2943711
2943944
2944028
2944634
2948139
2948467
2951287
2952971
2953517
2953522
2953863
2955273
2955584
2956754
2957571
2958799
2960505
2960838
2960841
2962161
2962549
2963324
2963979
2964939
2965346
2967325
2967626
2967970
2970116
2970224
2975661
2976826
2978550
2983211
2983597
2983809
2986525
2986868
2987926
2988469
2988490
2989076
2990994
2992736
2993807
2994244
2994749
2994876
2996308
2998548
3001476
3004790
3007821
3009126
3009221
3009394
3010330
3012156
3014899
3015645
3018366
3021368
3022475
3022552
3023775
3023969
3027755
3028802
3029346
3031045
3032052
3032162
3032775
3035709
3037931
3038219
3039040
3039222
3039932
3040120
3040490
3040785
3041310
3041935
3042431
3043627
3045060
3045466
3046952
3047103
3050505
3050692
3051023
3051166
3051223
3051412
3051856
3051986
3052669
3052701
3053028
3053456
3054685
3056341
3056634
3057208
3057474
3058168
3058243
3063091
3063186
3063375
3063394
3064633
3067969
3069739
3070665
3071445
3071721
3071952
3072354
3073209
3073363
3073471
3074347
3074477
3076371
3076481
3077298
3078518
3080650
3080992
3081160
3082311
3085858
3087073
3087922
3089710
3089743
3090506
3090726
3091289
3091367
3094512
3094568
3094670
3094925
3095408
3096265
3096669
3099009
3099819
3100032
3100270
3102854
3103216
3103498
3107352
3107709
3107819
3108015
3108214
3108672
3110054
3110277
3110339
3110782
3110886
3111083
3113899
3114162
3114977
3117861
3117954
3118245
3119351
3119472
3119483
3120117
3120148
3122510
3123306
3123864
3124338
3125172
3126138
3126199
3126326
3127292
3127367
3127378
3127967
3130810
3132315
3132960
3135686
3135987
3136093
3140142
3140785
3140816
3140832
3141803
3141934
3141937
3142522
3144180
3146421
3147010
3147605
3148256
3148302
3149122
3150545
3151181
3151835
3152442
3152571
3152634
3153846
3154638
3154924
3156036
3158479
3159417
3159838
3160206
3163075
3164689
3164700
3165233
3165647
3166249
3166676
3166897
3169428
3169533
3171294
3171660
3174562
3174765
3174984
3175174
3175964
3177173
3180069
3181962
3183712
3183847
3185959
3189762
3189858
3190334
3190972
3191045
3191330
3191711
3193481
3193718
3195199
3195515
3196686
3197154
3197518
3197938
3198510
3198862
3200852
3201400
3202003
3202990
3204454
3207403
3207823
3209783
3209961
3210499
3211751
3213077
3213474
3213601
3215003
3215638
3216439
3216880
3218159
3219523
3223598
3225761
3229280
3229520
3230776
3233035
3233084
3235582
3235840
3236314
3239937
3240389
3240912
3242080
3243083
3243712
3244826
3246853
3247418
3248503
3250993
3252049
3253553
3253617
3255454
3256647
3263669
3264825
3265253
3268446
3269436
3272647
3272897
3273588
3274756
3276275
3276715
3277296
3277980
3278235
3278261
3279107
3279206
3280060
3281273
3281959
3282049
3284154
3284799
3291173
3293168
3293479
3294465
3296516
3296561
3296991
3297731
3298207
3299816
3300648
3301676
3304156
3305791
3306034
3306428
3306755
3309679
3310339
3311713
3311726
3312850
3314124
3314311
3314717
3315449
3316523
3317878
3319199
3319748
3320816
3320886
3321997
3322258
3323201
3327928
3328289
3330326
3330458
3332348
3332834
3332871
3333268
3335397
3337215
3337720
3338399
3339198
3340636
3341091
3342542
3345297
3345367
3346377
3347875
3349943
3352417
3354645
3356759
3356782
3356938
3357334
3357776
3357847
3358302
3359627
3359819
3361026
3361052
3362402
3363727
3363991
3364444
3366760
3367498
3367536
3367895
3367938
3368030
3368681
3369424
3369554
3370526
3371430
3371802
3372325
3374644
3377138
3377782
3380498
3381023
3381997
3382073
3383612
3384032
3386254
3386292
3387620
3388521
3389332
3391192
3391674
3393030
3393380
3394997
3395002
3395272
3396176
3398789
3401541
3401671
3402099
3402673
3403289
3405276
3406625
3406873
3407379
3407955
3408766
3410166
3410728
3411822
3413595
3414366
3414913
3415760
3416723
3416729
3416815
3421369
3421494
3421749
3422778
3422791
3425420
3429810
3430009
3431278
3431424
3432068
3432374
3433531
3434257
3435042
3435082
3435577
3436064
3437550
3438656
3442485
3445129
3446201
3446272
3446798
3448493
3448763
3449159
3449612
3449868
3450151
3450619
3451654
3451875
3453159
3454259
3457412
3457452
3457928
3459753
3461996
3462894
3463780
3463863
3463884
3464621
3465541
3467216
3467997
3468008
3470974
3472509
3472662
3473560
3474292
3474431
3474726
3474940
3476296
3477365
3478534
3479830
3480434
3480905
3481485
3481757
3482714
3484194
3484359
3486283
3490142
3491319
3492917
3497100
3497167
3498789
3500197
3500640
3500753
3503382
3503803
3504604
3505586
3507665
3507734
3507814
3508889
3511437
3511592
3513958
3514582
3516245
3517614
3518593
3521132
3521371
3523604
3523786
3524161
3524265
3525255
3525282
3526885
3527764
3528945
3529925
3530861
3535227
3535383
3536094
3536458
3538369
3540960
3542560
3543104
3543116
3543623
3544263
3544750
3544942
3545192
3545879
3546356
3547826
3548222
3548428
3548742
3549340
3549624
3549924
3553336
3554262
3554905
3555001
3557980
3560991
3561427
3562579
3566733
3568336
3569009
3570725
3571565
3572551
3573240
3573594
3574859
3575408
3577741
3578803
3579117
3579130
3580775
3580986
3582310
3582884
3583652
3583782
3584775
3585107
3585257
3587850
3588481
3591223
3592141
3592200
3593175
3593352
3595939
3596901
3597641
3598511
3600091
3600248
3600738
3601328
3601913
3604078
3604998
3605189
3605299
3605356
3606207
3611419
3615504
3618877
3620300
3620319
3621408
3622421
3623324
3626630
3627338
3628025
3630010
3630070
3630106
3630698
3630969
3630989
3631216
3631961
3633735
3634271
3634743
3634814
3638125
3639564
3641476
3643573
3643732
3644422
3644601
3645500
3645541
3647535
3647759
3647969
3649701
3651100
3651443
3652111
3652171
3653075
3654291
3655493
3658321
3658511
3659556
3659728
3660201
3661440
3662760
3663799
3664470
3666709
3669606
3670414
3671044
3671639
3672252
3672494
3673275
3673465
3673939
3675362
3675465
3675681
3677631
3677812
3678169
3680327
3680601
3680785
3680861
3681347
3681768
3684678
3688458
3689861
3691161
3692065
3694556
3694964
3695679
3696681
3697568
3698528
3699343
3699591
3700271
3700361
3701732
3701764
3701925
3702802
3704565
3705254
3705543
3706474
3706634
3709026
3709513
3711251
3711816
3713914
3714157
3714470
3714854
3715401
3715494
3717791
3718381
3719295
3719365
3722882
3723416
3725825
3726682
3726950
3727125
3727346
3729143
3730317
3733007
3733053
3734490
3734518
3735270
3737169
3737245
3737836
3737867
3738950
3739066
3741720
3742458
3742949
3743348
3745970
3747088
3748191
3749771
3750835
3754037
3754223
3754405
3755130
3755758
3756047
3756496
3759005
3759152
3759974
3760942
3761077
3761339
3762605
3762947
3763056
3766306
3771283
3772362
3774656
3778031
3779286
3779290
3779516
3781574
3781749
3782169
3782229
3783509
3783735
3783910
3784615
3784937
3785578
3787331
3787507
3788744
3788787
3790285
3791419
3791528
3794819
3795378
3797130
3797910
3798985
3799150
3800026
3800058
3800918
3801097
3802986
3803162
3803361
3806860
3807842
3808480
3808605
3809606
3810365
3811144
3812299
3816089
3817349
3818924
3820656
3821982
3822371
3822510
3823995
3824496
3824515
3825224
3825415
3825642
3826119
3827382
3827751
3828426
3829335
3829405
3830016
3830356
3831123
3831726
3832538
3834133
3836110
3836499
3836657
3838038
3838219
3840842
3842495
3844646
3844735
3844993
3846156
3847257
3847910
3848756
3848957
3849871
3850374
3852084
3854705
3854840
3854866
3857352
3857571
3858169
3858389
3859035
3862167
3862284
3864406
3864806
3865785
3866528
3866762
3867919
3867936
3868547
3868651
3869078
3869743
3870009
3871217
3874458
3877198
3877343
3877561
3878101
3878918
3880895
3881301
3882257
3882293
3883928
3884031
3884610
3885528
3885676
3885870
3887059
3887441
3887768
3889356
3889885
3890718
3891141
3892060
3896819
3899066
3899525
3904164
3905288
3906387
3907662
3908028
3908467
3909018
3910268
3910990
3911728
3912359
3913375
3915416
3918558
3918810
3919165
3919258
3919309
3919796
3919985
3923113
3923499
3924784
3925710
3925786
3928658
3930461
3931345
3934378
3936059
3936870
3938669
3939196
3941128
3941843
3942224
3942600
3942886
3943663
3944557
3945452
3946290
3946547
3947943
3948527
3948884
3951050
3951364
3951567
3952007
3952111
3953227
3953242
3954045
3954414
3956051
3958634
3959509
3960139
3963463
3965176
3965525
3965835
3967757
3968134
3968372
3969608
3970513
3972880
3974683
3974746
3976761
3977136
3978414
3978483
3980951
3981961
3983527
3985481
3985679
3986386
3987216
3988136
3988895
3989627
3989630
3989717
3991390
3991863
3992566
3993837
3994243
3994491
3994509
3995185
3995839
3996273
4000341
4001740
4002319
4003800
4003916
4005488
4005577
4008325
4009234
4010715
4011383
4012061
4012229
4012430
4012499
4013142
4013733
4014308
4016078
4017576
4019327
4019513
4019905
4023370
4023716
4023808
4024793
4025593
4025951
4029262
4031455
4033901
4034121
4036888
4037579
4039535
4040593
4041281
4043772
4044915
4044980
4045839
4046896
4047496
4047860
4048363
4048769
4049918
4051346
4053099
4053633
4056193
4056231
4056253
4056476
4056986
4057259
4057661
4058756
4060275
4062446
4065276
4065463
4066933
4068249
4068365
4070127
4070493
4071487
4072519
4072577
4073942
4076617
4077256
4077376
4077754
4078201
4084019
4084021
4085068
4085244
4087133
4088433
4088744
4091918
4094523
4095105
4095852
4096697
4097365
4098202
4099058
4099546
4101377
4101817
4102256
4104638
4107204
4108167
4110334
4112984
4113312
4114574
4115537
4117829
4118250
4118843
4118878
4120435
4120543
4121747
4122816
4123142
4123877
4123880
4126455
4128826
4129299
4129714
4129885
4131458
4133109
4133816
4138086
4138324
4139036
4140045
4142078
4142927
4143698
4145140
4145239
4145297
4149610
4150662
4151291
4153685
4154038
4154167
4155043
4155330
4157280
4157430
4158129
4160571
4161889
4163627
4163637
4163811
4164209
4166061
4171994
4172054
4173392
4174596
4179387
4179482
4180253
4180683
4182394
4182971
4183962
4186151
4186481
4186749
4187779
4188654
4189086
4190740
4191207
4192869
4193570
4193651
4194422
4195355
4195443
4196187
4198258
4199142
4199176
4199518
4202124
4202255
4202413
4202816
4204047
4205854
4210724
4210954
4212305
4214721
4215545
4216407
4217271
4217745
4218870
4220480
4223973
4224027
4226203
4226711
4228138
4228210
4228324
4228348
4228383
4229654
4229779
4231759
4232660
4233635
4236914
4238440
4238682
4239900
4241102
4241454
4243088
4243248
4243342
4243429
4244032
4244503
4245724
4247834
4248882
4250598
4252952
4253058
4254053
4254925
4255460
4258232
4258246
4258284
4260497
4261113
4261120
4261290
4262314
4262702
4263557
4264894
4265821
4266377
4267701
4268342
4268347
4271103
4271676
4271990
4272711
4273273
4273385
4273648
4274023
4274080
4274441
4275608
4277398
4277771
4279702
4279964
4281772
4282304
4282517
4283566
4283569
4284435
4284967
4286120
4287369
4287400
4287683
4287909
4292737
4293640
4295222
4295851
4297128
4298103
4298383
4298491
4298827
4298838
4301928
4302150
4302832
4303927
4305277
4305983
4306100
4307801
4308154
4311448
4313641
4315131
4315739
4317264
4320702
4321396
4322626
4323440
4323641
4324440
4324906
4326053
4326774
4327072
4327476
4327965
4328041
4328223
4329157
4329905
4330100
4330501
4331167
4331805
4332466
4332708
4336412
4337477
4337797
4338321
4340770
4340969
4341068
4342091
4342205
4342290
4342657
4342737
4343304
4344291
4345786
4347193
4347733
4347785
4348588
4349847
4350107
4350592
4351405
4352658
4352884
4353630
4354730
4355017
4358129
4360258
4361050
4361916
4363485
4364295
4365598
4365771
4366595
4366893
4366979
4367033
4367461
4368744
4368819
4368867
4369046
4371195
4371479
4371771
4372353
4372459
4372867
4373427
4375784
4377102
4377183
4379445
4379560
4379621
4382033
4382710
4382857
4383132
4383134
4387498
4387710
4388007
4388070
4389492
4389623
4391161
4392180
4392594
4393217
4393828
4394080
4394412
4394665
4395088
4395188
4395201
4401331
4401697
4402729
4405585
4406673
4408087
4410580
4411851
4412242
4412332
4412404
4412523
4415527
4415731
4416800
4418034
4418079
4419075
4419095
4419335
4419459
4420337
4420540
4423833
4426327
4426502
4428463
4429650
4430496
4430799
4432497
4434811
4437047
4438322
4438989
4439091
4439302
4439947
4440258
4440595
4441584
4441893
4442652
4444337
4444387
4444691
4446060
4447097
4447494
4447537
4447945
4448984
4450104
4455799
4455888
4456187
4456278
4456376
4457198
4457226
4458089
4459016
4459026
4459691
4460013
4460799
4462075
4462139
4463143
4463389
4464295
4466910
4467034
4467240
4468472
4468795
4468952
4469082
4469098
4469127
4469207
4469219
4470522
4470706
4471269
4472787
4473069
4474514
4475381
4475480
4478183
4478841
4479799
4479951
4480842
4481991
4482657
4482728
4483009
4483581
4483592
4484339
4484744
4485429
4486764
4487727
4488433
4489332
4490308
4492756
4493406
4494568
4498388
4500024
4501715
4503663
4505563
4507463
4509091
4512379
4512447
4513037
4513048
4514834
4516770
4517003
4517263
4519088
4520128
4520752
4522256
4523066
4526873
4526973
4528064
4529768
4530144
4530166
4531530
4532784
4534587
4535415
4535760
4536918
4536984
4537054
4537322
4537598
4538249
4538292
4540098
4540199
4540329
4541028
4543122
4543680
4544806
4545085
4545330
4545472
4545712
4545816
4545892
4546017
4547430
4547828
4549550
4550259
4552143
4552291
4554713
4555851
4556244
4556969
4557792
4559687
4560272
4561888
4562899
4563507
4565496
4565589
4567007
4567537
4568110
4570919
4571164
4571611
4571720
4572335
4572377
4573139
4573672
4574608
4576099
4577010
4577358
4578019
4578511
4579511
4581172
4581348
4581739
4583317
4584245
4586638
4589059
4589790
4589873
4590031
4590704
4594154
4594372
4594530
4594745
4595079
4595139
4595329
4595410
4595847
4596418
4597595
4597650
4599392
4599664
4600194
4602063
4604407
4604888
4606336
4611470
4611599
4611706
4612552
4613543
4615220
4615426
4616982
4617129
4617851
4621706
4622811
4623811
4625060
4625596
4625755
4626683
4629563
4632057
4633141
4634120
4634161
4638312
4639308
4639779
4641928
4642552
4642747
4642902
4643268
4646643
4647806
4649348
4649509
4650336
4650983
4652728
4653426
4653497
4654470
4655271
4655688
4656211
4656393
4657795
4658269
4658931
4659442
4661499
4662075
4662294
4662683
4662718
4664188
4664746
4668087
4669609
4669618
4669740
4669799
4669865
4670058
4670651
4672315
4673620
4674304
4675367
4677536
4677587
4680920
4681229
4681492
4683743
4684606
4684989
4685318
4686165
4688572
4688785
4690498
4691045
4691337
4692792
4692999
4695664
4696352
4697677
4699048
4699863
4700784
4701248
4701807
4702773
4705139
4706142
4706565
4706791
4708036
4708370
4708765
4710511
4710824
4711796
4711873
4712197
4712860
4713680
4715569
4718408
4718669
4721177
4723382
4723493
4723832
4725289
4725807
4725817
4726352
4726616
4728567
4729986
4731262
4731711
4732523
4732794
4734367
4735678
4737119
4737857
4738578
4739110
4741156
4741838
4741870
4742070
4742501
4745097
4746025
4746319
4746612
4747581
4749817
4750059
4751736
4754485
4755481
4757792
4758433
4758868
4759291
4759896
4761785
4761799
4761822
4765551
4766403
4770004
4771224
4771252
4773246
4773890
4774419
4775800
4780100
4783410
4783935
4784975
4788053
4788202
4788902
4789896
4790853
4791211
4792556
4793273
4793753
4795101
4795282
4796101
4796441
4797475
4797971
4798554
4798895
4798929
4799144
4800028
4800384
4803043
4804364
4804498
4807223
4807468
4808513
4808606
4810045
4811653
4812889
4813356
4814349
4815760
4815771
4815932
4816383
4820230
4825243
4825861
4826240
4826876
4830154
4830440
4830578
4831368
4832037
4832340
4832823
4833107
4836449
4837213
4837632
4837814
4838016
4838222
4840004
4840409
4841648
4842929
4844084
4846443
4847754
4850384
4851164
4851563
4852638
4853609
4855252
4855612
4855668
4858111
4858409
4859411
4861569
4862102
4864618
4865055
4865252
4865414
4866227
4866444
4868973
4869249
4871191
4872586
4873452
4873747
4873780
4874183
4875316
4875613
4876379
4876727
4878636
4879418
4880084
4880244
4880833
4880898
4881871
4882259
4883579
4884558
4884659
4884861
4885071
4885287
4885558
4885604
4887558
4888313
4888807
4888824
4890395
4890652
4891535
4892346
4892660
4892910
4893292
4895330
4896368
4896648
4896822
4897296
4897647
4902460
4902803
4903109
4904805
4905504
4907449
4907551
4907665
4908793
4909198
4909562
4909680
4911263
4911292
4911646
4911710
4914178
4914212
4914667
4915831
4916211
4916747
4921822
4922299
4922421
4923005
4923395
4925174
4925227
4926547
4927058
4927128
4929187
4929210
4929410
4931605
4932449
4932873
4933196
4936195
4936384
4936623
4939537
4939641
4939906
4941328
4943249
4943748
4943820
4945410
4945443
4946759
4947507
4948358
4950469
4953012
4953684
4953991
4955607
4955815
4955878
4956701
4957922
4958466
4958749
4959635
4961668
4962476
4963227
4963517
4966237
4966740
4969167
4970458
4971980
4971998
4972017
4973360
4973490
4973680
4974422
4976368
4977115
4977433
4977943
4978643
4979498
4980020
4980062
4980507
4980721
4982771
4984016
4984133
4984524
4985520
4986427
4987448
4988191
4988497
4989640
4989705
4992260
4996180
4997243
4997775
4999151
4999691
4999814
4999994
5000568
5002829
5003253
5003471
5003790
5004024
5004812
5006074
5007227
5008299
5008578
5008878
5009297
5010960
5016626
5017022
5017111
5017241
5018399
5023557
5025213
5026103
5027852
5031515
5031572
5034204
5035719
5036175
5037404
5037609
5037749
5037889
5038366
5038892
5039284
5040910
5041515
5042103
5042912
5043040
5043381
5044030
5044169
5044400
5044514
5045291
5046374
5046998
5047356
5047603
5048250
5048310
5048587
5049064
5051161
5052477
5055013
5055575
5058559
5058657
5062042
5062377
5064802
5067082
5067184
5068942
5070307
5071705
5073096
5073249
5073567
5074748
5075234
5075565
5076822
5076891
5077210
5078293
5078594
5079585
5080122
5080903
5081708
5081999
5083937
5084015
5085557
5086258
5086461
5087338
5090113
5090878
5091087
5091325
5092365
5092513
5096083
5096475
5096548
5099241
5099659
5100737
5100810
5100882
5101237
5103030
5103432
5103684
5104066
5104352
5104520
5105933
5107145
5107967
5107981
5108787
5109349
5109383
5111614
5114600
5115667
5115775
5116001
5116099
5116141
5117630
5117989
5118533
5121167
5121750
5122252
5122896
5123353
5124704
5125855
5127307
5129793
5131164
5132482
5135391
5135419
5136396
5136632
5137718
5138381
5138945
5139351
5140383
5140648
5141083
5143980
5144181
5144872
5145272
5145771
5147760
5147965
5148038
5149354
5149632
5150513
5150815
5152217
5153278
5153288
5154636
5154761
5154902
5155568
5155748
5156656
5157124
5158178
5158848
5161471
5162834
5162852
5163750
5165408
5165553
5170528
5170807
5172670
5174097
5174375
5176618
5178532
5178960
5179821
5180073
5180085
5181725
5184211
5184602
5186739
5187510
5187824
5188725
5188883
5191374
5191596
5191749
5192371
5194156
5194166
5195079
5195362
5195969
5197414
5197788
5198176
5201734
5201793
5205294
5205761
5211575
5212186
5212609
5212927
5214635
5214840
5214852
5215076
5215914
5217322
5217751
5217997
5218114
5219544
5220700
5221119
5223452
5223729
5224178
5224292
5224829
5224932
5226138
5226174
5226724
5227039
5228166
5229516
5233313
5234626
5235540
5236690
5237355
5237607
5238563
5239443
5239480
5239708
5239858
5240776
5241041
5242884
5243913
5244973
5247837
5247857
5249215
5249960
5252135
5252735
5257445
5257933
5259134
5260673
5262732
5263914
5264150
5264264
5264318
5267060
5267095
5267746
5269164
5269551
5269893
5270043
5270224
5270261
5274539
5277946
5279652
5279886
5281949
5282047
5283196
5283390
5283810
5284162
5286258
5288047
5290018
5293369
5295702
5296492
5297494
5297944
5298994
5302056
5302284
5302471
5302722
5303085
5303229
5304988
5305508
5306798
5307058
5308648
5309348
5309428
5310343
5312640
5313404
5314853
5317725
5317824
5320760
5321477
5321509
5323276
5325640
5326125
5328671
5329447
5331133
5331490
5332093
5332426
5334510
5334580
5335193
5336070
5337208
5338336
5338701
5340372
5341436
5342455
5343428
5344780
5346057
5346733
5347044
5347817
5348167
5349183
5349907
5350131
5351352
5352602
5353017
5353310
5353737
5355455
5355555
5356028
5356317
5356347
5356654
5361360
5363550
5364343
5364733
5364751
5367066
5367890
5368321
5369061
5369950
5370180
5370199
5370727
5372266
5372573
5372919
5376048
5376664
5376998
5377030
5378874
5379481
5379784
5381715
5382370
5384564
5384747
5385264
5385560
5385930
5387222
5387287
5388944
5388987
5390451
5392348
5392552
5393109
5393396
5394164
5395069
5395431
5395510
5396355
5398868
5399805
5400000
5400065
5400697
5403295
5407845
5408568
5410585
5411847
5412373
5413505
5416007
5416352
5416784
5416886
5418267
5421872
5423031
5425209
5426990
5427063
5428176
5428946
5431911
5436214
5438061
5438946
5440086
5442747
5443948
5444781
5445102
5445204
5445404
5445919
5446177
5447018
5448897
5449335
5449634
5451335
5453579
5455393
5455403
5456635
5457039
5458050
5458093
5459969
5460856
5461178
5462306
5462697
5463066
5465057
5466037
5468654
5469256
5469384
5469828
5473075
5473141
5473222
5476831
5477770
5478166
5479695
5480225
5480270
5481111
5481141
5482621
5482893
5484356
5484429
5486308
5487427
5488371
5488623
5489141
5489481
5489718
5489987
5493415
5493787
5494638
5494967
5495604
5497672
5499458
5500413
5500767
5500989
5501306
5505726
5506089
5506437
5507185
5507773
5510221
5510799
5512441
5512701
5514143
5516811
5519059
5519156
5521251
5521734
5523133
5523557
5525641
5526106
5526174
5528074
5528972
5530033
5530460
5530567
5530627
5530830
5532918
5532933
5533785
5533861
5534147
5535901
5537432
5538830
5539580
5539788
5541273
5541874
5542282
5543609
5544263
5544435
5544509
5547233
5548558
5549136
5551462
5555157
5558663
5559992
5560381
5561355
5561880
5564202
5566198
5567038
5567986
5569300
5570125
5572328
5572922
5578919
5579778
5580166
5580225
5582139
5582749
5583208
5583772
5584022
5584477
5585209
5585493
5586465
5587118
5587958
5588844
5588920
5590165
5590300
5590787
5590848
5591389
5594489
5594490
5594520
5596225
5596537
5597587
5597612
5597703
5599218
5599427
5599465
5602371
5602515
5603912
5604580
5605410
5606049
5607777
5609227
5610523
5611369
5612208
5613833
5615191
5616016
5616773
5620140
5623304
5624329
5627206
5629998
5630345
5631060
5631289
5631709
5632023
5633286
5633473
5633903
5635135
5635327
5636542
5636950
5637163
5637709
5637895
5641509
5642770
5642899
5642902
5643193
5644773
5644778
5644824
5644974
5645487
5646971
5647593
5648199
5648375
5648510
5649381
5650765
5653464
5654851
5655168
5657365
5657405
5657880
5658891
5658996
5660055
5663467
5665733
5666134
5666321
5668017
5668499
5670429
5671618
5671842
5672956
5673315
5673622
5675303
5676167
5677053
5677302
5677768
5678787
5679034
5681908
5682034
5684005
5688036
5690080
5690206
5690649
5690791
5692327
5693443
5693879
5694102
5694288
5696260
5696326
5696328
5696509
5697089
5698018
5698050
5698649
5699032
5699213
5703522
5703855
5704037
5704213
5704758
5705709
5706740
5708500
5710510
5711960
5712235
5713417
5714511
5714859
5715901
5715911
5715996
5718984
5719884
5719931
5721171
5721488
5722060
5722380
5724157
5724238
5724860
5726836
5727549
5729756
5730514
5731503
5731654
5731846
5731919
5732860
5735450
5737150
5737562
5737790
5738388
5738397
5738626
5741017
5743340
5743681
5744844
5745210
5745952
5748530
5749617
5751132
5752010
5754472
5754916
5755022
5755582
5756117
5756754
5757612
5758352
5758380
5759720
5760750
5762058
5762580
5762956
5763010
5766149
5766744
5767530
5769453
5770434
5770575
5772042
5773233
5774525
5777179
5778862
5779734
5779842
5780149
5781392
5782066
5783424
5784077
5785726
5788535
5789032
5789210
5789470
5789924
5789987
5791118
5792085
5792233
5792382
5793484
5793943
5798577
5801000
5801165
5801455
5803615
5803797
5804248
5804415
5805109
5805731
5807071
5809195
5810128
5812055
5813810
5814782
5814789
5815731
5816178
5816246
5816339
5816604
5817005
5817249
5817755
5817941
5819027
5821434
5823455
5823545
5824677
5825310
5827104
5827661
5828842
5829061
5829228
5829284
5829558
5829607
5832107
5832506
5833197
5834341
5835682
5836426
5837404
5837575
5838257
5839467
5839484
5839502
5841768
5841784
5842484
5842591
5844273
5844310
5844895
5845051
5845422
5846004
5849233
5850916
5851059
5851283
5852213
5852688
5852986
5853848
5854500
5855108
5856647
5857271
5857774
5858494
5860169
5861298
5863520
5864384
5864439
5864763
5865607
5865769
5865771
5866264
5866337
5866357
5867610
5869010
5869128
5869322
5869809
5870440
5871298
5872780
5872870
5874267
5875217
5875397
5875825
5881706
5883485
5885312
5887805
5887835
5887933
5889769
5890468
5891016
5892787
5892799
5893422
5893935
5894535
5894633
5894929
5896920
5897597
5898946
5900717
5902290
5904088
5904983
5905091
5905771
5906240
5906949
5908390
5911845
5913855
5914754
5916566
5916630
5916760
5917097
5917773
5917906
5919874
5922165
5922990
5924863
5925002
5925862
5926530
5926689
5927761
5928579
5929356
5931462
5932872
5935440
5937725
5939111
5939192
5940471
5942137
5943639
5944432
5945607
5949538
5949546
5950004
5950137
5950884
5951816
5952795
5952877
5953765
5955454
5956700
5956798
5957284
5959060
5959424
5959474
5960031
5963112
5963539
5964054
5968839
5970722
5971027
5971324
5973594
5973864
5974400
5974656
5976574
5977093
5977484
5978960
5979451
5982189
5983061
5984263
5984923
5985034
5985086
5985828
5987348
5987509
5987740
5988318
5990419
5991619
5992570
5995289
5998497
5999409
6001292
6002095
6003863
6004982
6005211
6005468
6005859
6009195
6009227
6009442
6009669
6010085
6011439
6013189
6014405
6018546
6018812
6023460
6024636
6025336
6026277
6026899
6027765
6028579
6029023
6029266
6030884
6031919
6032220
6032422
6033692
6034038
6034616
6036820
6038887
6039716
6040040
6041015
6041189
6041955
6042068
6042563
6045401
6048128
6048565
6048715
6048905
6049101
6049985
6050173
6053111
6054082
6054678
6054722
6055014
6055771
6056074
6058158
6058263
6058572
6060107
6061652
6064970
6065603
6065889
6066148
6066368
6066525
6068053
6068238
6071402
6075251
6076503
6077149
6078181
6079319
6079485
6079968
6080619
6080949
6081116
6081176
6082686
6085329
6087652
6089112
6089763
6090303
6090932
6090989
6091986
6093655
6094489
6096217
6097362
6098496
6098570
6099138
6099488
6101303
6103123
6105182
6107042
6107541
6108159
6108799
6110338
6111109
6111642
6113353
6113938
6114933
6117183
6118031
6120163
6120647
6121098
6121671
6122729
6123034
6125466
6129240
6129325
6130572
6131735
6133944
6134328
6134648
6134672
6135767
6135846
6136026
6139874
6140954
6141893
6144085
6144603
6146750
6148001
6148018
6149686
6149741
6150744
6151087
6153691
6153956
6155185
6156134
6156167
6156241
6156253
6156714
6157869
6160018
6160471
6160485
6161216
6161808
6162140
6162269
6162621
6162679
6164641
6165468
6165565
6165897
6166219
6167101
6167948
6170324
6170540
6170830
6171508
6171948
6172279
6174818
6175188
6175325
6175442
6176676
6176950
6179166
6179251
6179784
6182257
6183776
6185238
6188494
6189469
6189508
6191014
6191172
6191534
6191783
6192366
6192785
6193075
6193372
6194141
6194534
6194670
6195847
6196270
6196906
6197461
6197817
6197870
6197999
6198518
6201220
6201460
6202185
6203469
6203690
6204853
6205558
6208009
6209019
6209980
6210487
6210923
6211688
6211780
6212727
6213405
6218544
6219913
6220963
6221438
6222043
6222157
6224386
6224576
6226317
6228029
6228459
6229471
6229749
6232505
6233200
6233508
6233973
6234459
6237382
6238216
6239166
6239297
6239671
6240171
6241710
6243224
6244303
6244492
6245489
6246970
6248333
6248469
6249921
6249941
6252600
6254740
6255765
6257288
6258248
6258703
6260023
6261759
6262016
6265065
6267869
6268049
6269298
6269901
6270366
6270727
6274139
6274561
6275151
6275195
6275392
6276017
6278200
6278526
6281006
6282638
6284169
6284833
6285805
6286908
6287183
6289198
6291454
6296137
6296421
6298342
6298693
6298918
6299790
6300740
6300838
6301110
6301240
6302392
6302674
6304360
6306138
6306596
6306893
6310094
6310153
6311121
6312211
6315361
6315858
6316685
6317965
6318537
6319747
6320255
6320360
6321743
6321751
6321906
6322018
6323120
6323966
6324366
6325677
6327197
6329642
6330090
6330209
6330331
6330423
6330784
6333531
6333807
6335651
6336435
6337691
6338710
6339313
6339872
6342050
6342902
6344885
6345272
6345731
6346023
6347834
6348853
6348891
6349958
6350716
6352551
6352842
6353674
6355597
6357825
6359267
6359518
6360268
6361480
6362082
6363196
6363499
6367563
6370090
6370304
6371056
6371259
6372721
6373031
6373084
6373370
6375012
6375576
6377377
6377607
6378727
6378761
6380288
6380997
6384680
6384819
6384886
6385877
6386968
6387348
6387442
6387902
6390306
6390486
6390795
6390940
6391926
6392237
6392451
6393473
6394781
6395756
6396228
6397099
6397223
6398413
6398678
6398692
6399612
6401477
6403265
6404021
6404721
6406519
6407844
6408525
6409184
6409874
6414811
6415499
6417784
6417940
6418138
6419578
6420012
6421350
6423933
6424521
6425444
6426083
6426461
6426971
6427336
6427985
6428034
6428584
6430823
6431044
6431332
6431880
6431884
6434287
6437633
6438272
6439210
6440039
6440642
6441568
6441890
6443872
6444244
6444402
6445797
6447288
6449274
6449367
6450335
6452090
6453600
6454717
6456961
6458592
6460005
6460460
6460675
6460917
6462473
6462889
6464765
6467699
6468092
6468480
6469194
6469701
6469724
6469880
6470006
6471712
6472652
6474751
6476297
6478935
6481435
6481664
6481692
6484048
6484078
6484907
6485232
6485865
6487972
6488338
6489036
6492660
6493261
6493319
6493985
6493990
6494464
6495245
6495546
6495888
6496160
6497597
6499479
6501120
6502941
6505184
6506201
6506583
6509512
6510442
6512826
6512847
6515255
6515744
6516267
6516380
6519104
6519278
6520062
6520523
6523604
6524129
6524871
6526496
6528585
6528595
6529010
6529707
6530590
6534199
6536256
6536667
6538395
6540417
6540884
6542192
6544867
6545121
6545631
6545891
6548174
6548800
6549745
6550076
6554900
6555408
6556713
6559968
6561983
6564013
6564402
6565288
6567083
6567700
6567985
6568264
6569247
6569804
6570853
6572042
6573559
6574843
6575302
6575734
6576825
6579575
6580209
6581019
6581883
6581983
6582619
6584625
6584912
6586075
6586284
6587067
6587646
6588919
6590673
6595744
6596167
6596434
6599754
6600492
6602077
6602307
6602839
6605178
6606383
6606551
6608152
6609784
6610890
6611314
6611817
6611951
6612236
6613176
6613901
6616041
6617491
6617750
6620251
6620980
6621505
6621601
6623287
6623703
6627370
6627572
6629029
6632575
6633099
6635401
6635689
6636191
6636610
6637697
6641759
6643488
6645258
6645820
6647059
6647499
6649053
6649952
6650070
6650219
6650300
6650985
6651405
6652491
6652925
6653471
6654091
6655524
6656734
6657351
6657540
6657776
6659124
6662510
6662909
6663938
6664700
6666120
6667972
6668236
6668575
6669830
6670261
6670710
6670752
6671386
6673186
6674239
6674261
6674300
6675939
6676646
6676927
6677180
6679047
6679172
6680290
6682014
6682315
6682405
6682438
6684024
6684293
6686680
6686754
6687366
6690425
6691501
6694474
6694945
6697168
6697406
6700158
6700831
6703402
6703578
6704372
6705406
6705751
6706160
6707510
6709152
6709861
6711585
6712316
6714457
6715811
6716270
6716980
6717963
6718207
6718584
6718663
6718675
6719408
6720790
6721298
6721512
6722836
6723638
6723928
6724228
6724653
6725533
6726074
6728995
6729171
6730218
6730435
6731609
6732174
6732354
6732528
6732774
6732938
6734757
6735131
6735883
6741184
6741732
6742629
6742838
6743402
6743687
6746193
6747924
6749122
6749978
6750219
6751015
6753425
6754364
6754640
6755927
6756293
6756673
6761106
6763126
6765360
6765875
6767435
6768553
6769644
6769758
6770461
6770529
6772265
6772631
6773065
6774648
6775351
6777829
6778920
6779156
6779439
6779590
6780746
6780897
6781870
6781977
6782492
6783283
6783482
6783492
6785408
6785824
6787818
6788008
6788593
6789265
6789532
6789918
6789964
6791053
6791306
6791895
6793345
6793576
6794785
6795038
6795467
6795909
6796099
6797770
6798112
6799070
6799209
6799305
6799491
6799498
6799844
6802773
6804023
6804259
6804838
6805844
6806018
6806770
6809180
6809483
6809484
6810250
6810352
6812261
6815019
6817465
6819009
6821260
6821506
6821576
6822165
6823254
6823951
6826161
6826525
6828246
6828846
6828860
6829219
6829668
6829912
6830791
6831056
6831162
6832287
6833480
6834348
6835276
6840264
6840730
6841117
6841782
6842610
6843029
6843301
6843662
6845034
6845838
6846407
6846834
6852725
6852994
6853476
6854270
6854715
6854971
6855488
6855617
6856092
6856862
6857112
6858194
6860063
6862009
6862358
6862751
6864870
6865946
6866343
6866967
6866974
6867087
6867485
6869977
6870977
6872092
6874097
6874318
6874589
6875650
6878704
6879664
6880350
6880419
6881298
6881550
6882270
6884955
6886451
6888316
6890572
6891031
6892580
6893217
6893442
6893921
6894389
6894771
6895089
6895934
6897337
6897532
6899651
6900609
6901138
6901888
6903747
6905015
6905497
6905570
6906806
6908538
6909216
6910078
6910832
6911450
6911457
6912066
6912194
6916866
6917916
6918754
6919606
6919694
6919793
6920016
6920180
6921062
6921125
6921381
6921944
6922059
6922191
6924563
6924607
6926506
6927109
6927737
6929289
6929599
6929642
6930810
6930925
6933256
6933507
6934404
6934471
6934808
6935464
6936827
6937369
6937981
6938158
6938723
6941630
6943546
6944241
6945197
6945582
6946444
6946607
6946669
6946810
6947386
6947387
6947685
6948083
6948641
6949756
6951148
6951727
6952385
6953658
6954760
6955012
6956003
6956667
6957149
6957764
6958855
6959867
6960976
6961314
6961969
6962307
6962812
6963079
6963271
6963763
6964963
6965286
6966825
6969025
6970106
6970435
6970999
6971441
6972180
6973468
6974815
6974830
6976164
6976601
6978086
6978107
6981081
6981174
6984065
6984648
6985741
6987141
6988022
6988805
6990597
6993074
6993570
6995246
6995431
6995770
6996348
6996779
6997352
6997447
6998280
6999265
6999645
6999836
7000431
7002386
7003298
7003580
7005562
7007547
7008263
7009619
7010186
7010529
7010948
7011015
7014174
7014411
7015142
7015420
7016878
7017039
7017285
7017420
7018024
7019687
7020355
7021465
7021657
7022547
7025890
7026937
7027219
7028696
7030139
7030903
7030932
7031055
7031149
7031611
7032091
7032399
7032817
7034079
7035049
7036485
7038508
7039924
7040189
7040892
7041356
7041535
7043103
7043900
7044090
7044975
7045315
7045541
7045852
7045863
7046324
7047107
7047629
7048142
7049874
7051571
7053294
7054340
7056096
7056124
7056801
7057521
7057928
7058494
7058950
7059447
7060534
7061097
7062929
7063956
7064610
7065199
7066004
7066688
7067688
7068130
7068317
7069565
7072067
7073339
7073704
7074149
7075301
7075366
7075926
7076421
7076436
7076787
7077352
7079520
7079536
7081532
7082499
7082604
7083024
7084208
7084593
7087399
7089567
7091082
7093662
7094475
7094564
7094588
7096561
7097242
7100951
7102120
7103773
7104166
7104464
7105627
7106351
7107659
7108406
7109735
7110835
7114403
7117556
7119948
7120922
7121058
7122908
7124752
7125567
7125681
7126477
7127140
7127473
7128351
7129837
7130017
7130388
7130415
7130635
7131488
7134372
7134786
7136015
7137312
7138520
7138525
7140521
7140841
7140853
7143031
7143387
7143517
7145355
7145937
7146294
7146592
7147730
7150045
7151400
7151911
7152572
7157299
7158595
7161937
7163070
7163278
7164015
7164384
7164503
7164755
7164812
7165355
7165935
7166489
7167092
7168559
7169122
7169402
7171164
7171803
7173414
7173721
7174931
7175000
7176660
7178394
7179574
7180002
7180506
7181229
7181664
7183301
7183666
7185963
7186347
7187012
7187879
7189890
7191050
7191775
7197504
7198827
7200438
7201819
7204751
7204843
7205037
7206157
7206422
7207076
7207141
7209075
7209076
7211690
7212008
7213169
7214035
7214504
7215891
7217495
7217549
7217806
7219031
7220681
7220863
7221171
7221970
7222106
7224151
7224197
7224608
7224746
7226251
7227459
7227525
7230607
7230637
7230645
7230709
7230764
7231217
7231228
7231658
7231745
7233413
7233907
7234905
7234918
7235481
7237823
7237967
7239392
7240150
7241478
7242201
7244757
7245513
7247046
7247150
7248326
7248349
7249053
7249295
7249629
7249892
7255659
7257049
7259181
7260150
7261546
7263279
7263339
7265565
7266692
7268060
7270439
7271261
7271578
7272516
7272767
7272928
7274071
7275778
7277067
7277642
7277929
7278839
7279683
7281063
7281467
7281954
7282185
7282713
7282903
7283318
7284151
7284772
7285300
7286352
7287033
7288444
7293886
7295252
7296583
7296989
7300062
7300785
7301074
7302009
7303317
7304351
7306307
7307106
7308139
7308332
7309821
7310149
7310912
7312048
7313867
7315472
7315530
7318573
7318719
7318983
7319859
7319950
7321173
7322338
7322857
7323924
7325135
7326017
7327391
7327497
7328098
7330037
7331363
7332213
7332720
7333163
7334882
7335647
7336334
7338754
7338902
7339993
7340432
7340543
7340628
7341111
7341856
7343314
7343951
7344049
7345655
7346278
7347124
7347921
7352883
7353810
7354367
7354372
7354669
7355296
7357185
7357192
7357394
7357843
7358020
7359034
7359720
7359849
7359944
7360475
7361849
7362882
7363022
7363793
7364704
7365050
7365615
7365984
7367126
7367402
7367436
7367821
7368018
7368326
7371213
7371929
7372565
7377008
7377456
7377784
7379212
7379942
7380711
7381081
7381390
7381829
7382960
7385848
7386427
7386701
7387293
7389119
7390612
7392322
7392734
7392864
7394277
7394908
7394919
7396205
7399910
7400199
7401200
7401874
7401918
7402765
7403542
7404000
7406548
7406890
7407089
7408088
7408135
7409169
7409914
7417147
7417228
7417256
7417976
7418252
7420109
7421698
7421820
7422052
7422076
7422553
7423950
7424291
7424543
7425372
7425487
7426379
7427198
7427530
7430196
7433199
7433341
7433985
7434516
7434598
7435783
7436029
7436762
7438351
7439895
7440928
7440992
7441355
7442061
7443275
7446606
7448952
7449123
7450571
7451943
7453060
7457302
7461185
7461735
7462812
7462941
7464874
7465652
7466171
7466472
7467217
7467669
7468843
7469442
7469541
7471630
7471649
7471717
7471836
7473197
7474647
7475423
7475534
7476065
7476098
7477393
7479454
7483380
7484131
7484342
7484554
7484973
7485764
7486360
7487264
7489775
7490488
7491330
7491340
7491573
7491733
7492465
7493242
7495798
7497133
7497202
7498975
7499731
7499742
7500019
7501141
7505789
7506190
7507054
7507895
7509343
7511707
7512943
7513334
7513513
7514102
7514179
7514412
7515197
7515279
7516729
7517149
7518109
7520570
7521272
7523507
7524672
7524883
7525511
7525752
7526824
7527253
7527471
7527704
7532061
7533235
7535678
7536857
7538986
7540227
7542575
7542709
7545105
7545757
7546982
7548768
7549162
7549493
7553763
7553784
7554624
7554734
7554790
7555472
7556001
7557583
7558026
7559375
7560939
7561177
7562097
7562223
7563454
7563958
7564879
7565141
7565272
7567884
7569026
7570785
7570821
7571353
7573124
7573697
7573863
7575248
7576104
7576856
7578951
7579432
7580620
7582378
7585019
7587090
7587100
7588850
7589110
7589712
7589743
7591141
7594484
7594577
7595368
7595586
7596124
7596256
7597531
7598544
7600073
7603998
7604948
7606626
7607690
7610245
7611271
7611363
7611906
7612533
7612666
7613292
7613331
7616268
7618634
7619195
7620074
7621124
7621642
7623436
7624052
7624507
7625311
7626224
7626533
7626921
7627591
7627993
7628118
7628439
7630503
7631807
7631970
7632211
7632463
7632736
7633571
7635655
7635914
7636895
7637904
7639039
7640282
7644365
7644895
7645201
7648015
7648443
7648937
7649113
7652556
7652698
7654991
7656101
7656145
7657958
7658686
7660365
7662554
7663547
7665095
7665517
7666078
7667332
7669437
7669631
7669850
7671057
7671479
7672236
7672381
7673847
7675585
7675821
7676690
7677986
7678633
7678690
7679233
7679687
7680548
7681699
7682309
7682948
7683249
7686270
7687075
7688641
7689255
7690230
7690556
7692245
7693249
7694363
7694447
7694870
7695526
7696056
7700637
7703895
7705298
7709609
7712009
7712683
7713810
7714078
7714276
7715555
7715924
7716149
7718731
7719566
7719717
7720715
7721228
7721649
7721682
7721767
7722127
7722910
7723551
7723791
7724857
7726963
7727386
7728575
7730604
7732871
7732907
7734075
7734625
7739026
7741789
7742197
7742351
7742704
7743384
7743530
7743773
7744983
7747075
7748482
7748742
7749864
7750701
7753663
7754445
7755468
7756620
7756756
7757139
7757774
7757898
7758675
7759418
7759601
7760780
7761216
7761250
7761658
7761811
7766071
7768611
7769499
7771554
7771602
7773203
7773941
7775774
7777022
7777749
7778310
7778814
7780148
7780168
7781211
7782462
7785082
7785656
7787548
7788468
7791338
7797514
7798450
7802268
7802511
7802945
7803020
7803737
7804077
7805108
7806359
7809239
7811061
7811386
7811636
7812381
7813179
7815313
7815331
7816486
7816799
7817572
7817808
7818376
7819284
7819485
7820950
7822348
7824210
7826694
7827253
7829361
7829481
7830302
7830865
7831204
7831468
7832384
7833712
7833823
7834692
7835725
7835831
7836674
7838984
7839140
7840203
7841203
7841723
7842820
7843159
7846284
7848014
7848233
7848720
7848996
7849364
7850084
7852322
7852367
7853055
7853083
7854049
7855466
7859571
7860102
7860206
7860448
7861947
7862133
7862468
7862619
7864309
7865361
7871631
7871663
7871690
7872007
7872889
7872998
7873182
7873184
7873525
7873852
7876078
7877553
7878436
7879385
7879914
7880280
7880972
7882765
7883547
7884975
7886718
7887587
7891197
7897371
7897668
7899324
7899388
7901881
7904277
7905079
7906828
7907329
7912685
7912856
7916767
7916848
7917710
7918497
7919568
7920497
7922016
7924419
7925219
7925247
7929358
7929510
7929994
7930222
7930729
7931222
7931902
7932901
7932915
7935462
7935506
7936759
7937032
7937277
7938321
7938646
7941681
7942477
7946964
7948420
7949299
7949573
7949878
7951566
7956535
7957302
7961141
7962062
7962135
7962550
7963511
7963740
7967611
7969580
7970734
7970946
7970947
7971172
7971931
7972324
7972934
7972935
7973109
7974384
7974645
7976393
7977312
7978815
7978838
7980186
7981190
7981721
7984117
7984197
7984272
7984587
7985311
7985338
7986061
7986165
7987809
7991191
7994080
7995034
7996140
7997772
7998564
7998657
7999129
8000157
8001576
8003567
8003689
8004217
8005603
8005661
8006212
8006684
8006900
8007259
8007387
8007792
8009811
8010344
8011834
8013999
8015011
8016345
8016682
8019849
8020515
8022448
8022779
8023221
8024302
8025038
8026517
8026909
8027900
8028763
8030221
8030417
8030561
8030942
8031277
8031605
8031819
8032297
8033614
8034417
8035409
8036392
8036446
8036952
8037127
8037328
8039553
8039852
8044134
8044718
8045233
8045345
8046221
8046704
8046720
8046782
8047346
8047376
8047546
8049365
8050253
8050949
8051343
8051742
8052289
8054404
8056006
8057064
8058302
8058462
8059300
8060314
8060661
8060663
8061496
8061808
8063605
8064746
8064942
8066288
8066778
8067060
8068271
8068297
8068521
8069461
8069465
8070058
8070088
8070347
8071063
8073570
8075426
8075432
8079370
8080532
8081091
8081198
8081872
8082676
8083314
8083536
8085503
8085588
8085921
8085935
8086671
8087370
8087500
8089521
8089969
8092838
8093472
8094551
8094726
8095624
8098198
8098674
8102198
8104201
8105149
8105616
8105920
8107687
8109472
8111882
8112912
8113385
8114640
8114961
8115134
8115212
8115938
8117153
8117747
8117985
8118857
8119397
8120943
8122949
8123590
8127053
8128941
8129727
8130708
8131171
8131228
8132260
8132865
8133488
8134181
8135743
8137333
8137648
8138222
8138325
8140542
8140798
8140846
8142392
8142703
8143574
8145412
8145477
8146320
8147459
8149280
8149944
8151085
8153740
8153781
8156268
8157048
8157091
8158206
8159388
8159647
8161135
8163365
8164053
8165003
8166110
8166720
8168198
8168349
8170371
8171795
8171954
8173488
8174736
8176726
8176863
8176883
8179088
8179841
8181218
8181530
8181767
8182228
8182423
8187356
8187990
8188755
8189110
8190862
8190875
8194793
8195420
8196009
8196218
8197087
8198380
8198521
8198790
8198970
8199739
8201514
8202521
8204321
8204523
8207949
8208501
8209756
8210890
8211055
8215947
8216095
8216117
8216149
8217368
8218330
8218551
8219266
8219565
8219860
8220446
8222892
8223127
8223818
8224616
8225164
8225205
8225410
8225993
8226486
8227561
8228439
8228898
8229586
8232582
8233059
8233923
8234136
8234929
8235773
8235959
8239593
8240621
8246520
8247199
8250064
8251658
8253039
8253061
8253227
8253412
8255297
8256284
8256558
8257260
8257923
8258318
8262036
8262239
8263038
8263067
8267795
8270400
8270793
8271609
8271649
8272678
8273178
8273416
8274601
8274741
8274806
8277904
8278902
8278984
8279217
8280704
8281857
8282096
8282341
8283246
8283774
8283787
8284088
8284199
8285182
8286888
8287097
8288787
8288879
8290858
8291143
8296393
8297041
8298444
8300118
8300358
8301242
8302079
8302423
8304586
8304693
8308876
8309088
8309104
8309241
8310661
8310770
8311047
8311172
8311614
8313557
8314355
8315603
8317875
8318541
8319745
8320966
8323142
8323564
8325898
8328698
8329746
8329907
8330267
8330432
8332993
8335007
8335634
8336608
8336779
8338183
8339179
8340069
8341861
8343788
8344256
8345688
8345715
8347111
8349282
8350719
8352772
8353025
8355468
8357995
8359234
8360826
8361379
8361522
8361748
8362003
8363734
8364473
8365979
8366121
8366322
8369110
8370968
8371811
8373432
8374268
8374441
8375756
8377328
8377755
8377764
8378804
8379192
8380028
8381159
8381776
8381988
8385078
8387103
8389739
8390364
8390578
8392940
8392975
8395939
8395985
8396653
8398755
8399349
8399577
8400274
8400551
8400723
8400848
8401519
8401789
8407263
8408776
8409174
8409482
8409761
8410302
8410408
8412732
8414987
8415937
8416934
8416952
8417906
8418121
8419370
8419522
8424083
8426335
8426547
8427498
8429072
8429592
8430980
8431753
8431754
8432503
8435626
8437582
8437759
8437777
8438501
8438634
8438675
8438799
8439254
8440130
8440202
8441573
8444569
8445731
8445884
8445976
8446030
8448331
8450729
8450976
8451600
8451877
8452211
8452364
8453141
8453718
8453772
8455350
8456243
8462579
8462664
8462775
8463147
8463174
8463359
8466738
8466890
8466942
8467567
8469871
8470123
8470576
8470881
8471021
8471467
8471719
8472483
8472743
8472893
8474339
8477423
8479372
8479390
8480326
8483968
8486105
8488590
8488627
8491164
8497051
8498610
8499017
8499401
8502261
8506174
8508967
8510605
8510935
8511690
8513070
8513280
8514577
8516427
8517103
8517290
8517363
8518359
8518884
8521056
8524656
8526421
8527561
8528507
8529858
8531453
8532163
8532199
8533984
8534651
8536604
8537570
8537750
8538745
8541175
8541835
8542420
8542593
8542728
8542867
8543406
8543608
8544422
8545111
8545659
8546173
8546697
8548522
8549429
8550150
8550417
8551094
8552152
8552196
8553067
8554948
8554979
8556574
8556775
8557667
8558338
8560011
8561544
8561670
8562057
8563481
8564305
8565933
8566714
8567117
8567222
8567383
8567667
8568694
8568746
8570172
8571579
8571811
8572038
8572381
8572996
8573790
8574967
8575335
8575378
8579253
8582010
8582597
8582639
8583764
8583919
8584366
8585366
8587386
8589247
8590304
8595526
8596851
8601272
8601798
8604196
8604353
8605016
8605568
8607641
8608059
8611495
8613914
8614307
8615971
8616284
8617349
8619798
8620252
8622040
8623103
8624878
8625034
8625732
8625905
8626003
8626298
8626868
8627369
8629557
8630040
8631275
8632839
8633546
8633596
8635840
8635903
8635931
8636701
8637004
8640731
8641016
8641378
8643729
8644127
8644658
8645995
8646839
8647687
8649440
8650488
8651265
8651811
8651912
8651969
8651970
8652453
8653365
8654233
8654334
8655291
8656032
8657171
8657247
8657618
8659214
8659940
8662181
8662989
8663166
8667091
8669031
8669684
8670784
8672215
8673291
8673415
8673570
8674142
8674304
8674685
8676120
8677057
8677393
8681142
8681290
8682267
8682371
8683358
8684345
8685140
8686269
8686304
8686760
8687183
8687508
8688249
8688476
8688710
8689025
8689901
8690428
8690956
8691077
8693081
8694240
8695284
8695294
8696792
8697261
8699300
8700689
8700805
8703016
8703058
8703461
8703672
8706768
8706797
8707060
8707405
8707689
8707822
8708430
8709999
8710460
8711816
8714177
8715045
8715439
8716026
8717685
8718551
8718647
8720278
8721176
8722163
8722313
8722964
8723840
8724516
8724520
8726593
8731534
8732399
8733753
8733874
8734799
8736089
8737665
8737755
8737805
8740783
8741818
8741850
8741906
8743509
8743568
8743881
8745618
8745621
8745624
8748060
8748785
8748868
8749020
8749304
8751363
8755849
8756865
8757213
8758331
8761281
8763925
8764623
8768844
8769007
8769329
8769486
8769872
8769876
8771070
8771413
8772581
8773003
8773426
8774323
8774904
8775372
8778434
8778496
8779488
8779702
8780062
8783851
8785055
8787904
8788440
8788562
8788684
8789995
8790087
8790828
8791487
8791603
8793024
8793147
8793329
8794009
8794051
8794095
8795963
8797381
8800264
8801605
8802546
8803879
8803981
8804361
8806777
8807703
8809713
8810555
8811201
8812578
8812815
8812873
8812889
8813201
8815195
8817654
8818198
8819109
8820270
8820685
8821601
8821771
8822305
8822865
8823184
8823512
8826294
8826596
8827444
8827562
8828582
8829594
8830323
8831284
8831510
8831873
8831917
8834442
8834627
8834900
8835816
8836558
8837266
8838141
8838421
8839397
8839872
8839920
8840064
8841132
8841182
8841201
8841281
8841927
8843171
8843524
8846129
8846187
8846513
8850979
8851978
8853655
8854482
8855404
8855899
8858285
8858332
8860183
8862112
8862664
8863461
8864058
8864085
8866321
8866815
8868178
8868463
8868927
8869082
8874851
8876889
8877650
8877874
8878476
8878558
8879914
8880060
8880304
8880396
8882090
8883164
8884247
8886352
8886370
8891573
8892591
8893258
8893978
8894486
8894627
8894664
8895169
8895813
8896019
8896210
8896618
8897856
8897944
8900216
8900929
8901162
8901495
8903096
8903799
8906290
8906775
8907796
8908373
8909652
8910862
8911379
8912369
8912549
8914311
8915036
8915375
8919986
8920312
8925205
8925503
8925721
8925989
8926039
8926272
8927826
8929204
8929810
8930164
8932137
8934765
8934866
8935027
8935149
8935500
8935644
8939996
8940678
8941120
8941708
8942122
8943310
8943452
8943626
8946444
8948547
8949585
8952103
8952608
8952734
8952982
8956596
8956713
8957112
8957328
8957447
8958725
8959310
8960105
8960827
8961702
8964255
8965053
8967265
8967343
8967535
8968238
8968272
8969641
8971381
8971661
8971933
8972261
8976302
8977645
8980310
8980958
8984417
8985368
8985455
8986193
8988480
8988801
8994972
8998504
8998613
8999330
9000477
9002541
9004960
9005261
9005491
9005874
9007685
9008001
9008614
9009393
9009509
9009952
9010075
9010170
9011465
9012157
9012355
9013799
9017471
9018543
9019016
9020880
9021262
9021384
9021934
9022891
9023069
9023681
9024335
9024496
9027881
9027938
9028638
9029286
9029709
9030251
9031322
9032252
9034698
9034872
9035503
9036325
9038626
9038964
9040823
9041374
9041949
9042911
9043562
9043705
9044649
9044930
9047551
9048607
9049083
9049124
9049208
9049668
9049911
9051584
9052332
9052512
9052549
9053649
9056485
9057011
9057616
9057622
9058752
9062391
9062435
9063175
9063190
9066022
9068067
9071276
9071353
9071592
9071833
9072837
9072961
9074516
9075863
9076364
9079638
9081114
9081529
9082160
9082850
9083542
9085395
9088879
9089517
9090320
9091010
9091089
9093959
9094084
9097686
9097728
9102246
9103472
9105458
9106334
9109739
9110678
9114301
9114480
9114992
9116992
9119751
9120083
9120399
9122311
9122414
9122577
9122657
9123096
9123621
9124260
9124430
9125640
9126773
9126825
9127686
9128515
9129599
9130641
9131197
9132397
9138822
9139591
9142332
9143048
9144656
9144853
9145556
9145786
9147314
9147561
9147881
9147980
9148127
9149198
9149926
9150729
9152764
9154713
9155882
9156709
9156853
9157011
9159680
9159769
9159854
9160068
9160217
9160376
9162290
9162495
9163019
9164641
9165789
9166115
9166599
9167707
9168411
9170646
9172316
9174161
9174630
9175779
9177422
9179234
9180383
9181217
9181737
9181752
9182372
9182698
9183506
9183564
9184297
9184461
9184633
9185336
9186668
9186914
9186985
9187159
9189718
9191142
9192031
9192674
9193086
9193201
9195791
9195816
9197627
9197741
9197807
9198990
9199698
9200678
9201281
9202435
9202643
9203484
9205960
9207035
9207471
9207586
9208700
9208915
9209690
9211101
9211837
9212606
9213479
9213888
9214495
9214927
9215179
9215491
9215841
9216055
9217878
9218654
9220052
9220587
9220645
9224172
9224273
9224720
9224820
9227147
9227810
9228222
9228460
9228787
9229232
9230110
9230949
9231545
9232666
9232710
9235059
9235123
9236554
9237492
9239152
9239699
9240360
9240472
9240609
9242538
9243386
9244324
9245739
9246652
9247788
9257470
9261466
9263315
9263542
9264406
9264886
9265179
9266173
9266997
9267165
9269261
9270083
9270299
9271401
9272359
9272957
9273043
9273507
9273761
9274905
9275163
9275459
9275916
9276605
9277470
9279517
9279714
9279949
9279977
9282037
9282135
9282759
9283490
9285190
9286380
9287941
9288258
9288283
9288351
9288477
9289075
9290431
9290491
9291518
9291725
9292018
9292300
9293127
9295212
9295596
9295629
9296504
9296697
9297233
9298394
9301158
9301440
9302222
9303346
9305863
9306258
9308079
9309089
9310184
9310238
9313208
9315196
9318428
9318912
9319280
9321612
9323590
9324837
9325985
9329866
9330311
9330489
9330514
9331992
9332827
9333710
9335237
9335748
9336453
9336537
9336860
9337091
9338087
9339303
9340753
9342342
9342499
9343210
9344753
9345009
9345885
9346097
9347873
9347897
9351014
9353318
9354312
9355495
9356407
9357659
9358010
9358686
9360575
9360688
9361181
9361275
9361439
9361694
9365878
9367322
9367716
9368340
9369069
9370399
9371314
9372097
9372657
9373040
9374577
9376938
9378648
9378773
9380438
9381961
9382029
9382512
9384014
9384681
9385455
9388928
9389197
9389216
9389304
9390447
9390623
9391508
9391844
9392977
9393263
9393664
9393775
9393806
9394161
9394369
9394620
9396773
9397798
9398420
9401479
9403047
9403698
9404186
9405448
9406296
9406959
9407183
9408373
9408658
9408699
9409067
9409288
9411311
9412981
9413659
9414300
9414366
9414448
9414532
9416584
9418872
9419698
9420717
9422377
9423146
9423168
9423827
9425107
9425633
9426173
9427788
9431653
9432233
9435169
9436025
9439473
9440722
9442346
9443722
9445193
9446870
9449109
9450535
9453192
9453633
9454917
9455100
9455563
9456230
9456256
9457222
9457673
9458049
9458140
9458945
9459637
9460227
9461045
9464568
9465262
9465503
9465675
9465793
9466641
9469250
9471829
9475854
9477055
9477250
9477602
9478058
9478422
9479051
9479237
9482044
9482438
9482671
9482859
9483755
9484194
9485440
9489639
9493674
9494346
9495247
9497484
9497690
9499691
9500293
9501729
9502401
9503225
9503455
9504592
9504901
9507149
9508335
9508626
9509122
9510160
9510448
9511483
9511698
9513041
9514025
9514444
9516447
9516942
9517193
9517513
9519358
9521255
9522219
9522249
9522806
9522951
9525521
9527622
9527648
9528487
9528850
9530888
9531370
9532397
9535000
9535439
9537273
9537961
9539025
9540484
9540730
9540809
9540884
9541773
9542467
9542771
9544142
9545642
9547218
9549946
9550261
9551199
9551485
9552721
9554107
9554148
9554536
9556366
9557606
9559299
9560937
9561206
9561555
9561996
9565603
9567022
9568335
9568862
9572414
9572910
9574003
9574012
9574470
9575764
9575908
9576248
9577332
9578661
9579787
9580089
9580166
9580174
9582226
9582985
9583808
9583832
9584622
9586005
9588245
9588339
9588928
9589974
9590544
9590614
9592958
9593355
9595203
9596130
9597281
9597695
9598000
9598324
9598509
9602460
9602904
9604218
9604428
9607486
9608000
9608410
9608866
9609159
9612086
9613430
9614318
9614481
9614562
9614767
9615484
9615617
9616291
9619408
9620735
9625810
9627373
9627445
9627700
9628033
9628184
9628188
9630812
9631989
9633046
9633451
9633798
9635321
9635322
9635877
9635908
9639338
9639560
9642242
9643403
9643856
9647568
9647608
9648298
9648992
9651259
9651484
9651994
9652300
9654911
9655490
9655551
9656022
9657160
9657255
9658283
9659426
9660232
9660521
9661966
9663389
9663431
9664806
9665257
9667491
9667707
9668025
9668026
9669557
9669650
9669887
9672436
9675989
9679201
9679970
9680632
9681056
9681563
9682230
9682815
9683742
9683909
9685513
9686188
9686382
9687055
9687274
9688771
9688917
9692140
9692275
9692402
9692473
9692794
9694522
9694770
9695614
9696527
9697471
9700508
9701022
9701192
9701754
9704033
9704632
9706326
9707268
9707843
9708260
9709325
9709576
9709705
9709727
9709824
9710338
9712244
9712410
9713604
9714652
9715343
9715428
9716058
9716386
9717379
9718649
9718885
9722274
9722425
9724417
9726256
9728266
9728925
9729209
9729630
9730451
9730572
9730912
9731115
9731466
9731487
9733519
9739763
9740340
9742779
9742978
9743244
9743886
9745000
9745494
9746136
9747584
9748620
9748806
9749735
9749738
9750105
9751006
9751713
9751894
9752022
9752733
9753734
9754036
9755122
9755316
9756270
9756911
9757880
9758440
9759324
9760189
9760710
9760747
9762117
9764250
9766242
9766654
9767153
9767191
9767669
9772413
9772972
9773603
9773920
9775366
9776591
9777075
9781732
9782283
9782284
9782722
9782827
9783257
9783507
9785058
9785087
9785306
9785518
9785727
9785762
9787153
9788250
9788747
9788777
9789914
9790815
9792813
9792962
9794569
9795258
9797098
9797710
9797777
9798226
9798622
9800031
9801153
9806111
9806538
9806782
9807278
9811869
9811935
9812546
9813263
9814455
9815794
9815843
9816575
9817163
9817489
9818402
9818691
9819452
9820492
9820744
9821618
9821746
9822687
9822750
9824600
9825985
9828525
9829189
9830667
9831991
9832692
9833409
9833548
9835280
9838041
9839916
9841252
9841489
9841836
9843626
9843990
9845428
9846217
9846301
9846605
9846918
9848196
9851496
9852492
9852917
9854385
9854725
9855511
9857000
9857442
9857692
9859315
9860242
9860371
9860985
9865452
9866144
9866156
9866238
9866479
9866609
9866996
9867412
9867958
9869513
9869753
9869890
9871605
9873662
9874313
9876665
9877067
9878573
9879413
9879877
9880234
9880839
9882821
9883542
9884233
9886558
9888930
9889129
9889995
9892657
9893064
9893096
9893650
9894407
9894847
9897102
9897916
9898323
9900070
9901164
9901317
9901937
9902269
9902625
9904125
9905389
9905935
9907435
9907858
9910008
9910009
9910369
9911021
9911421
9911933
9916257
9916859
9917929
9919188
9919755
9924254
9926309
9927484
9929555
9933288
9934711
9937613
9940224
9940439
9941502
9943178
9945129
9946070
9946314
9947601
9948126
9953067
9953631
9953750
9954223
9955902
9956043
9956668
9958640
9958943
9961807
9962014
9963520
9963933
9965062
9965696
9966106
9966676
9966897
9968287
9970256
9971628
9972032
9972039
9972312
9976071
9976155
9976952
9977489
9979704
9984133
9984252
9984560
9986594
9987547
9988798
9989338
9989746
9990036
9992081
9992395
9992690
9992993
9994651
9995491
9995562
9998313
