864
1099
2449
3717
4979
6467
7142
7268
8765
11217
11231
11853
11877
15525
15755
15863
17967
18899
20817
23167
23418
24284
24938
25541
26104
27453
29232
30121
30774
31062
31431
33009
34046
34807
34899
34972
35426
35705
37722
39134
39602
39923
40397
41017
41096
41175
41626
42744
44672
45589
48923
50365
50935
51497
52410
53321
54461
55211
56073
56709
57180
57207
59097
60219
60354
61299
62249
62552
63594
64177
64461
65899
66075
66567
67608
67969
70592
72864
73602
77209
77684
79946
80149
81605
83853
87108
88925
89125
90163
90294
90488
90579
90975
93557
94336
94749
95495
95823
98139
98801
99555
99694
99858
100471
101640
101805
102167
102982
103214
103467
103881
104149
104295
104524
105278
105835
105844
108367
109723
110417
113942
114539
115871
116198
116855
119780
121593
123412
123485
123928
125651
126582
128569
128687
128842
128866
128966
128983
129169
129445
130349
130795
132599
134301
134436
134928
135539
135812
138897
140265
141086
143033
143146
143764
143832
143849
144724
145690
146109
146373
146407
147170
149569
149600
150376
151353
151558
151622
155214
158043
158047
161307
161732
161902
164817
168118
168739
169191
170413
171126
173124
173574
173949
174232
174344
176073
176647
176886
177624
178273
178485
178827
179516
179761
180496
181556
181904
182110
185711
186479
187009
187099
187204
188226
188655
189886
190162
191478
194254
195223
197930
198911
199326
200192
201081
202010
203240
205390
206046
206192
206668
208113
208305
208588
209343
209782
211074
215126
215387
217865
218378
218932
219155
221376
222838
223091
223189
224133
225591
226088
226888
226895
229918
230262
230474
231664
231818
234597
235708
237212
238356
238552
239553
239622
241072
242463
243980
244555
246080
247879
248305
248850
249760
250261
251197
251738
252646
254964
255269
255600
255651
256870
259693
260128
260312
261543
262129
263799
263944
264247
264897
267210
267713
270264
270926
272122
272970
273289
275424
275428
277099
277117
279135
280104
280154
280440
280448
280505
281116
282327
283637
284969
285079
287902
288235
289368
291061
292768
293574
294093
296403
297295
297322
297580
299060
299790
300325
300385
302611
302984
305749
306177
307052
311740
312709
314270
314971
315115
316283
316964
319474
320482
321220
321526
321874
321883
323166
324898
325669
327324
328163
329715
330950
333104
336515
337046
337803
337840
337860
339906
341835
343346
348448
348646
350389
351629
352206
355590
355787
356256
356627
358469
358548
358694
359944
360891
362101
362735
364156
369617
373536
373939
375388
376183
376693
376751
380725
380987
382488
384318
385691
387903
388628
389486
390267
390489
391538
393087
393913
394457
397121
397590
398694
399113
399875
400077
402197
403442
404556
404808
406440
406833
407646
407840
409149
411181
411704
412327
413562
413638
414023
414163
414947
415479
415742
415747
419485
420981
421375
422945
423116
426443
426892
427263
427329
428601
429932
430893
431021
432158
432613
433550
433858
434974
435410
436309
436838
438644
439971
441166
441266
445508
446046
446832
448275
448905
450007
452111
452189
452282
452372
452460
454931
456148
459751
459984
461460
464424
464762
468520
469147
470728
471777
471915
472449
472965
473642
473664
473698
474918
476545
478453
478560
479057
481016
482468
482898
483085
484337
484983
485958
486126
487202
489198
489295
489875
492082
492425
492502
492765
492930
493833
493836
494681
496386
496431
497056
498203
498284
498312
499743
500022
500367
501207
503846
503966
504214
504217
505263
506022
506196
506445
507448
507488
507622
508146
508205
508823
509510
511198
511302
512521
513272
517226
517514
518632
520923
521443
521468
521649
521951
521977
522957
523026
523364
523428
524165
525927
525969
528246
528427
529943
530829
531505
532721
533342
533458
533655
536392
536683
538201
538731
541170
541695
541806
542212
542324
543393
543429
543441
544140
547618
547874
548043
548570
549628
549714
551443
551663
551912
551996
552289
553356
553989
554168
555021
555764
556589
557308
557782
559465
560122
560660
561190
562271
562275
564223
564835
566494
568143
569370
569922
570790
571481
572430
573521
573796
574611
576713
579382
579735
579839
581842
582223
583888
584229
589435
590292
591283
592014
592098
593318
594132
594794
596327
596839
597391
598442
599692
602041
602185
602704
602947
603906
604683
607856
608900
610419
612534
613741
615793
617775
617916
617930
618089
618474
619813
620918
621350
621571
622243
625142
625456
628070
629960
631583
631822
632122
632216
632887
635401
635832
635935
636155
636417
637932
639493
641509
642428
643000
643252
644599
645721
645876
647943
648076
649710
652123
654441
654606
656864
658027
658123
659844
660549
662209
662967
665126
665375
667093
668151
668771
669513
670838
670865
671486
672646
672837
674416
674607
675658
677784
678285
678718
678920
679704
681026
683077
683476
684229
684525
684665
685434
687990
689587
690811
690983
692582
693217
693757
694412
694796
700195
700900
701360
703705
705265
705907
705948
706423
706514
706742
708823
709511
712010
712420
712523
712784
716639
717191
717490
717867
718738
719764
719957
720002
720114
722133
722270
723939
725835
726600
730440
730490
732241
733497
733998
734000
734179
734186
734644
734694
734819
735276
738914
740579
741746
742647
744722
746006
746168
746997
747548
747552
747948
748876
750210
750256
750593
752145
752735
755801
755917
757020
757171
759348
760422
761467
761632
761704
761971
762027
765096
765476
765710
769290
769823
770708
775540
778471
779495
779825
781025
781961
783778
784242
784499
785325
785330
786707
787368
788996
789151
789387
789608
790411
792813
793141
793234
794312
795875
797957
799479
800786
801599
803359
804899
805766
806130
806640
807153
807602
807953
810576
812461
814778
815300
816585
816925
817419
819315
819450
821145
821594
822060
823856
824808
824832
825771
827410
827564
827654
827975
828232
828406
828448
828492
828699
828789
829238
829533
830270
831946
832400
833401
833499
833804
834218
841957
842528
845164
846499
847207
847440
849102
849463
850349
851529
854494
854612
855842
856158
856987
857204
857981
858444
860617
860837
862143
862735
863458
863956
864131
866036
867350
867563
869439
869689
869851
870886
871667
871881
872796
873774
873846
874787
875097
876101
876223
876256
876294
876314
876351
876584
877332
877623
877820
878737
881277
882693
882850
883630
883961
886642
887616
887646
887661
888343
888999
889286
889535
890007
891656
892263
895201
896202
896269
896967
897052
898101
898180
900628
901695
902126
902973
903034
903133
903460
903468
904282
905035
905385
906910
906964
910503
911370
911873
912406
912722
913081
913549
915056
915081
915812
916249
917084
917162
917386
917556
917575
918891
919866
921150
921187
922258
922440
922737
923908
924957
925946
926219
926493
927266
928645
928752
929394
929567
929747
929749
931000
931159
931750
934484
940228
940525
940560
940793
945419
945595
946694
946813
949122
950877
955572
955849
955880
956024
956277
958549
961628
964661
966310
969594
970893
971095
971517
972154
972858
975956
976741
976906
978681
978933
979994
982769
983137
985553
987516
988249
988937
989514
991665
993892
994122
994291
994888
995967
998746
999045
999698
1004010
1004618
1006268
1007316
1007521
1008119
1009164
1010021
1011686
1011960
1013113
1013300
1015698
1016342
1016367
1017200
1017529
1019959
1019967
1021711
1022106
1022864
1024249
1024439
1025545
1027361
1031235
1031387
1032313
1033523
1034330
1035255
1036497
1040443
1041566
1042945
1043894
1044128
1045557
1046565
1047427
1047493
1047558
1047668
1048750
1048866
1049981
1056144
1057419
1058527
1058750
1063398
1063475
1063649
1063651
1063791
1064555
1064673
1064703
1065686
1066781
1067380
1068164
1068234
1068645
1068963
1069353
1071200
1072519
1074006
1074336
1074619
1075310
1076065
1077313
1077818
1078128
1079678
1079742
1079992
1080495
1082790
1084350
1085572
1085799
1086496
1087096
1087258
1089795
1090924
1090999
1091432
1093069
1093399
1093934
1094956
1095032
1097910
1099136
1100058
1100571
1100576
1101038
1102744
1103337
1104373
1107041
1110557
1110695
1111864
1111922
1113738
1116160
1117409
1117498
1122346
1123062
1123553
1124997
1125098
1125518
1128012
1129529
1130196
1130282
1130708
1133655
1134544
1135129
1136663
1138763
1143622
1145668
1145891
1145907
1146887
1147280
1148487
1148675
1149123
1151464
1151509
1151829
1152715
1156178
1156305
1157277
1158759
1160260
1160557
1160841
1161669
1162719
1162827
1164776
1165158
1165237
1166026
1166799
1168472
1168677
1168812
1168866
1169676
1170566
1173005
1173127
1173201
1173482
1173864
1175331
1175332
1175748
1176754
1179833
1179902
1180907
1184671
1185830
1186675
1188166
1189818
1190732
1192036
1195476
1195885
1196338
1196752
1197112
1197501
1198766
1199020
1199790
1200407
1200945
1202261
1205269
1207606
1208248
1209520
1211296
1214031
1217976
1218026
1219238
1219995
1220110
1220341
1220455
1223928
1224385
1224510
1225695
1226133
1231978
1232086
1232660
1233258
1233408
1233618
1235081
1235125
1236084
1236395
1237498
1240403
1241088
1241121
1241426
1242011
1243066
1243870
1245493
1246756
1246778
1246797
1246997
1248618
1249776
1250648
1250673
1251133
1251564
1256669
1257928
1258335
1258925
1260128
1261768
1261810
1262420
1262751
1264207
1265311
1265642
1266758
1266839
1266892
1268436
1269149
1274464
1275417
1278221
1278770
1281846
1282354
1283208
1287403
1287464
1288486
1289993
1290707
1291374
1291734
1291756
1293358
1295394
1295634
1296537
1299315
1299381
1299459
1299500
1300268
1301110
1303488
1305684
1305750
1306166
1306785
1306923
1308519
1309278
1309412
1310979
1311686
1313479
1315033
1315977
1319526
1320272
1322260
1322574
1322642
1324645
1324686
1324726
1325508
1326166
1327335
1327532
1328842
1328910
1329152
1329258
1329678
1329885
1330733
1331278
1331694
1332152
1332201
1334940
1337861
1338520
1339152
1339996
1340126
1341137
1341617
1343010
1345215
1345827
1346166
1346418
1346733
1347004
1347943
1348235
1348679
1350595
1351017
1355242
1355340
1355521
1355585
1357006
1357507
1358377
1358949
1364803
1367889
1367928
1368413
1368495
1368801
1373505
1374190
1375341
1375802
1376333
1376581
1376717
1377945
1379428
1380197
1381776
1383488
1384548
1385750
1387338
1387895
1388687
1388910
1390064
1391111
1391656
1391728
1392981
1393689
1394258
1395095
1399310
1401376
1404530
1405132
1409121
1409611
1411216
1412184
1412797
1413129
1414345
1414600
1415985
1416112
1416239
1417571
1417797
1418049
1419409
1420323
1421558
1422469
1424616
1424654
1424875
1425677
1427222
1428971
1430539
1431155
1431245
1432840
1432935
1433880
1433935
1434815
1436212
1436320
1437889
1439327
1441822
1442563
1443427
1443828
1448276
1449780
1451457
1452527
1454298
1454609
1456504
1458276
1459954
1460394
1460691
1467056
1467602
1467959
1468989
1469386
1471297
1471554
1471856
1472968
1474003
1475280
1475437
1475774
1477194
1478805
1480387
1483051
1483131
1483215
1487305
1488025
1488329
1488541
1490932
1491214
1491696
1493627
1493828
1494286
1494740
1496442
1497202
1498625
1499644
1499848
1500128
1501025
1502006
1502880
1504806
1508015
1508628
1510734
1511228
1511670
1511932
1514648
1516044
1516151
1516268
1516612
1517267
1517602
1518252
1518296
1519211
1520314
1520751
1520766
1521080
1523175
1523936
1524575
1525323
1527750
1529228
1532824
1532846
1534009
1534331
1535169
1535402
1536622
1536693
1539070
1542394
1543290
1543304
1549586
1550128
1551216
1552357
1552706
1553131
1554011
1554408
1554673
1555913
1556751
1558204
1559093
1561700
1562650
1563182
1565682
1566302
1566513
1566546
1567123
1567392
1567756
1568028
1568069
1568096
1568324
1568885
1571558
1571592
1571832
1571910
1572412
1575739
1576110
1578143
1579750
1580040
1582562
1584328
1585682
1585973
1588569
1589291
1593799
1594273
1594342
1594764
1595584
1595889
1596154
1596880
1600918
1601462
1602004
1603292
1603812
1604091
1604234
1605859
1607344
1608032
1608601
1610885
1611773
1613077
1615388
1616444
1618546
1618638
1618926
1619902
1620056
1622268
1623328
1624911
1627230
1628425
1628711
1629548
1631445
1632199
1633259
1633482
1634017
1636343
1638139
1640984
1642402
1642720
1642833
1643393
1644341
1644344
1645375
1646509
1648402
1648430
1648834
1651116
1651135
1651417
1651829
1653042
1653053
1654497
1655449
1656124
1663592
1664852
1667720
1668330
1669803
1670298
1671470
1671867
1673982
1674152
1675366
1675451
1675656
1678787
1680365
1680373
1682859
1683864
1683896
1683973
1685388
1685846
1687139
1687977
1688126
1688710
1688998
1690506
1690738
1692663
1693029
1696692
1696978
1697498
1697863
1700622
1700843
1706126
1706140
1711221
1711994
1713673
1713761
1714193
1716006
1718898
1719202
1720274
1720283
1721172
1722334
1725457
1725544
1725961
1727689
1730699
1731666
1732541
1732638
1732955
1733224
1734893
1736025
1736127
1738388
1740459
1740577
1741758
1745465
1745510
1748217
1749003
1750806
1751156
1751715
1752129
1753096
1756564
1756639
1757074
1757606
1757834
1758832
1760868
1760932
1762820
1762830
1762942
1763511
1764004
1764338
1765049
1766170
1766725
1767342
1769978
1770080
1771019
1771970
1772868
1775240
1778448
1778841
1779897
1779924
1783371
1784958
1784999
1788972
1789218
1789253
1790107
1790896
1793013
1794659
1796694
1797766
1798269
1800557
1801061
1801724
1802305
1804093
1804330
1805008
1805101
1807313
1808626
1809042
1810048
1810631
1812277
1813469
1814517
1814796
1815016
1815825
1816870
1819142
1819927
1820860
1821010
1822255
1822565
1822607
1822618
1823112
1823118
1823131
1824081
1824548
1828439
1829641
1831271
1831545
1831874
1832066
1833060
1833585
1833988
1834330
1835145
1836546
1838691
1839737
1839774
1840607
1841422
1842658
1843712
1843934
1844402
1845482
1847816
1848225
1851370
1851546
1851834
1852664
1852801
1853756
1854945
1855210
1855821
1856319
1856912
1857286
1858557
1858805
1860088
1861714
1862162
1863292
1863784
1865939
1866474
1866862
1867978
1868065
1868307
1870275
1871404
1872398
1873197
1873537
1874192
1875635
1877971
1879214
1879583
1879613
1880237
1880411
1881233
1881639
1882302
1882411
1882718
1884422
1885149
1886972
1887139
1887288
1887984
1888256
1889721
1890073
1894388
1894425
1895431
1896112
1896721
1897382
1897649
1897730
1897807
1897829
1898088
1899331
1900628
1900935
1903987
1904336
1904351
1904853
1904972
1905307
1905503
1905531
1906041
1906680
1908621
1909390
1910760
1912539
1913562
1913847
1914434
1915344
1915657
1916507
1918014
1918619
1919023
1920599
1921092
1923057
1923905
1924021
1924524
1925529
1928106
1928390
1930384
1930840
1932061
1932413
1934726
1935646
1938635
1938702
1939780
1944016
1944750
1945993
1946179
1947001
1950009
1950375
1950912
1951961
1952207
1952617
1953145
1954543
1955603
1955721
1956280
1957316
1957817
1958361
1959322
1959588
1959679
1959953
1965820
1966460
1966506
1968262
1969123
1971484
1972699
1974313
1974665
1975322
1975731
1976174
1977008
1980280
1980284
1982069
1983408
1983610
1983759
1985436
1985921
1986487
1988594
1989486
1991035
1991375
1991641
1991742
1992006
1992592
1992661
1993854
1995184
1996804
1997195
1998498
1998937
1999754
2001343
2001940
2009107
2011341
2012420
2012820
2013432
2013675
2014114
2015115
2017844
2018449
2021362
2022443
2022822
2023939
2024132
2024458
2026366
2027420
2028078
2028149
2030090
2031793
2033063
2039361
2040526
2040561
2041348
2041396
2041902
2043076
2044088
2044712
2045923
2046386
2047362
2047807
2049077
2049827
2049919
2050809
2050926
2051783
2053002
2053341
2053810
2054745
2055635
2056416
2057673
2058118
2058534
2058900
2060447
2060821
2063926
2064576
2069332
2069624
2070057
2070423
2070795
2071057
2071695
2072741
2074148
2074246
2075731
2075906
2077123
2077556
2078226
2079748
2083048
2083331
2085858
2086353
2089208
2089530
2089723
2092711
2093081
2094108
2094126
2094580
2094872
2095906
2097834
2097884
2098264
2098283
2098757
2100909
2101340
2103098
2103342
2104672
2104781
2108524
2110137
2111258
2111588
2112493
2113185
2113306
2113397
2114550
2116226
2116432
2117079
2117915
2120025
2121636
2122291
2123231
2123282
2125179
2125440
2126624
2127860
2129028
2129192
2129594
2129853
2130156
2130240
2132594
2133949
2135767
2135769
2137458
2138924
2141946
2142617
2142910
2143527
2143941
2144070
2144139
2145421
2146227
2147522
2147889
2148264
2148561
2148783
2149753
2150157
2152005
2152062
2152456
2152985
2153074
2153757
2154017
2155553
2155626
2157300
2157892
2158853
2162006
2162401
2162485
2163692
2164511
2164674
2165643
2165673
2167730
2169637
2169749
2171033
2171726
2173021
2175875
2176023
2176088
2176411
2176494
2176582
2178391
2179003
2179631
2180130
2182078
2182351
2183265
2184608
2188826
2191988
2193441
2194226
2194230
2194878
2196127
2196478
2196906
2197615
2197759
2198444
2198973
2200052
2200409
2200456
2200863
2200942
2204142
2205314
2205732
2205905
2206436
2208447
2208593
2209446
2209842
2210146
2210677
2210831
2212775
2214906
2215704
2215809
2216074
2216344
2218055
2219600
2219860
2220755
2221120
2221477
2221700
2222029
2224223
2226203
2227152
2227171
2227460
2227711
2228519
2229051
2229219
2230243
2230505
2230636
2230937
2233651
2238094
2239146
2239321
2239588
2246096
2246308
2246908
2247205
2249233
2249781
2250183
2251855
2253245
2254094
2256404
2257982
2258667
2258781
2259875
2260408
2261739
2262267
2262956
2263534
2264546
2266395
2267177
2269174
2271031
2271037
2272621
2274165
2275576
2276202
2277268
2278977
2284439
2285674
2286088
2287574
2288239
2288646
2289361
2289506
2289794
2291480
2292699
2293050
2293573
2293867
2294384
2295163
2295648
2299588
2300118
2300398
2302717
2303726
2305038
2305063
2306373
2306647
2306714
2308387
2309346
2311889
2313146
2313816
2314218
2315073
2317088
2317182
2317314
2318785
2318791
2319329
2319960
2320100
2321695
2322410
2323217
2323831
2324275
2326253
2326472
2327019
2327543
2328684
2329218
2329313
2330960
2331412
2332333
2332773
2333187
2333988
2336565
2337812
2337898
2338108
2338124
2338256
2338510
2338969
2339673
2341683
2341896
2342871
2343105
2343814
2344516
2344562
2344608
2344777
2345532
2346624
2346661
2348894
2349927
2350862
2350931
2351662
2352929
2354269
2355356
2356091
2357696
2358096
2359095
2359433
2360403
2363214
2363358
2363468
2363722
2363914
2369098
2369393
2370099
2371981
2372645
2373802
2374863
2376421
2376855
2376938
2377263
2380465
2380987
2382099
2382789
2384309
2384643
2384828
2385497
2385876
2386705
2386918
2387851
2389942
2392817
2393378
2394301
2394409
2395635
2395847
2395861
2397558
2397601
2397743
2399829
2400026
2400157
2401228
2401767
2403273
2404790
2406021
2409834
2409969
2410785
2412389
2414092
2414195
2419484
2420119
2420665
2421143
2422464
2424737
2425618
2425658
2426255
2427999
2428076
2428637
2432937
2433068
2433707
2434906
2435102
2436308
2437343
2438334
2438495
2438731
2439052
2439184
2439990
2444540
2446399
2447571
2449749
2450234
2450550
2453972
2454180
2454535
2455418
2456351
2457133
2458679
2460704
2461536
2461747
2462091
2462773
2463384
2464436
2465115
2467225
2467246
2467582
2469901
2472120
2472744
2473539
2474257
2474548
2474775
2475104
2475889
2476635
2479553
2480371
2481196
2485669
2487966
2488339
2488650
2490154
2491454
2491635
2492027
2493645
2494958
2495102
2497016
2498659
2502201
2502670
2502928
2503214
2503257
2504622
2506212
2506430
2508475
2508569
2511055
2511278
2513178
2514259
2514664
2514825
2518462
2518661
2521262
2522102
2522488
2523629
2523996
2524106
2525145
2529785
2530353
2531558
2531817
2532055
2534631
2535058
2535519
2536492
2536841
2539773
2539911
2540634
2541929
2543082
2544035
2546177
2546228
2550409
2551684
2552408
2553323
2555190
2557304
2557581
2557924
2558605
2558945
2560011
2560047
2561824
2562775
2563643
2566279
2567004
2569457
2570088
2570321
2574161
2574857
2575254
2575262
2576425
2578067
2581855
2581896
2583906
2585518
2586296
2587188
2587499
2587753
2591134
2592868
2593879
2595291
2595862
2595890
2596956
2597556
2598998
2599033
2599140
2600238
2600366
2601255
2601995
2602556
2603316
2603489
2606060
2607206
2607587
2607895
2608081
2608300
2611871
2612785
2614112
2619243
2619649
2622935
2623438
2624480
2625566
2628138
2628460
2629999
2630019
2631295
2631662
2632528
2633780
2634327
2634831
2636545
2638158
2639442
2640854
2641558
2641880
2643472
2644117
2645213
2646535
2646916
2647328
2648073
2648634
2648823
2649566
2650630
2653410
2655540
2655603
2656379
2656881
2657247
2657525
2659371
2659417
2662087
2662922
2664129
2664422
2664814
2664998
2665990
2666239
2666382
2667673
2668544
2670915
2672417
2672751
2672834
2673551
2674820
2675304
2676521
2676554
2676942
2677826
2677917
2681152
2681408
2681999
2683810
2684110
2684113
2684269
2684364
2687642
2688136
2691274
2691347
2692341
2693126
2693489
2695764
2697630
2697681
2698807
2699532
2700195
2700238
2702646
2704405
2705184
2706126
2706229
2706461
2708658
2710149
2713956
2716081
2716387
2719238
2719426
2719726
2721152
2723117
2723845
2724047
2725373
2726843
2728393
2730504
2731372
2731465
2732541
2733853
2734375
2735276
2735318
2736650
2736882
2737665
2739278
2741261
2744367
2744378
2746260
2746865
2748206
2749391
2749556
2750828
2755729
2755997
2756697
2757436
2757884
2758747
2759949
2760545
2762771
2763151
2764230
2764380
2764690
2765308
2767339
2771376
2773674
2774502
2776326
2776691
2777782
2778903
2779699
2781000
2781050
2781175
2782062
2784412
2784449
2786675
2786983
2787204
2787710
2788126
2788219
2788549
2789775
2791079
2792952
2793845
2795563
2795725
2796856
2798684
2798897
2802597
2806408
2808552
2809676
2809765
2811292
2812388
2813127
2813541
2816001
2816232
2817923
2819056
2820609
2820639
2821222
2821835
2822525
2823782
2824466
2824478
2825096
2825354
2825663
2826129
2826552
2827330
2828894
2829028
2830308
2830532
2833071
2834074
2835635
2835697
2837449
2838429
2839956
2840080
2840693
2841740
2842731
2843278
2844166
2845187
2846156
2846157
2847224
2849130
2850025
2850612
2850679
2850862
2851565
2851707
2852161
2852938
2854268
2854278
2854718
2856423
2857333
2857992
2858145
2859798
2861517
2861533
2862591
2862856
2862912
2863733
2863889
2865434
2866038
2867462
2869247
2869696
2870297
2870341
2870362
2871480
2871493
2872867
2874012
2877238
2877884
2878295
2879855
2880900
2881184
2881587
2882101
2882898
2883387
2884399
2884858
2885174
2886296
2887773
2890026
2892184
2893641
2895085
2895527
2895884
2896632
2897665
2899483
2901143
2902572
2902670
2902718
2903499
2903842
2904215
2905056
2906844
2908008
2908503
2910597
2911722
2913317
2915260
2916113
2918412
2919695
2920362
2921355
2922596
2924840
2925575
2926583
2926776
2927728
2930102
2930232
2930385
2930469
2930888
2931313
2931655
2931790
2932703
2933029
2933704
2934156
2934463
2934587
2935205
2935364
2935948
2937456
2940098
2941199
2941941
2942418
2943599
2943990
2946690
2947355
2947749
2949155
2951979
2952528
2952930
2953157
2953174
2954032
2955792
2957835
2958219
2960433
2960624
2961451
2961565
2962168
2962714
2963595
2965128
2966205
2967604
2967779
2968362
2968412
2968878
2969282
2969630
2969806
2970539
2971160
2972533
2972600
2972882
2972887
2974814
2975496
2978134
2978840
2978884
2981571
2982181
2982747
2982762
2983212
2983222
2984098
2984661
2986614
2987317
2989866
2990534
2991709
2992368
2992853
2994300
2994455
2995426
2995846
2996250
2998352
3000510
3001504
3005256
3005303
3005738
3005898
3006154
3006437
3008369
3010217
3010483
3012151
3013325
3014268
3016119
3016807
3017439
3017550
3018073
3018165
3018647
3020692
3020799
3021951
3022657
3024117
3025702
3026427
3028913
3029536
3029859
3030969
3031636
3031981
3032113
3033578
3034319
3035662
3035980
3037196
3039005
3040989
3041023
3042645
3042692
3043205
3043812
3043838
3046211
3046362
3047657
3048734
3052594
3052764
3052781
3054892
3056883
3057668
3059486
3061915
3066174
3069837
3070219
3070244
3070700
3071642
3072368
3072437
3073186
3073752
3079301
3079670
3080074
3080195
3081182
3082089
3084566
3084830
3084950
3086112
3087390
3088143
3088507
3090078
3090616
3091986
3092215
3093154
3093500
3094284
3095014
3096488
3096557
3096721
3096808
3097246
3097645
3098148
3098398
3099197
3099199
3100007
3100572
3101096
3101231
3102516
3103457
3103782
3107600
3108210
3110917
3113114
3113254
3114304
3114746
3116205
3116856
3118927
3120667
3122636
3123452
3125314
3126459
3129616
3129955
3132232
3132500
3132615
3133642
3133856
3137022
3138491
3139128
3139219
3141081
3142123
3142691
3144929
3144962
3145528
3145891
3146245
3147687
3149418
3149696
3150016
3150353
3151384
3154370
3155630
3156472
3156479
3156834
3158766
3159042
3159372
3159628
3161498
3162828
3163747
3163997
3165937
3166014
3167558
3167596
3168486
3168928
3170594
3173176
3174117
3174279
3174554
3175681
3175728
3176152
3177132
3182903
3184330
3185295
3185555
3186912
3187319
3188602
3191020
3191073
3192605
3192895
3194574
3195440
3195450
3196620
3197286
3197391
3198209
3198889
3201461
3202274
3205659
3205826
3205884
3206861
3211504
3211639
3212762
3213472
3214362
3215243
3215811
3216934
3217433
3218615
3219298
3219316
3220097
3221248
3221397
3221706
3221843
3223628
3223807
3224386
3224842
3225759
3226073
3226152
3226736
3228688
3229562
3229996
3232137
3232259
3232469
3233068
3233257
3233492
3237301
3237784
3237864
3238022
3239114
3240953
3241071
3241543
3242316
3243216
3243523
3243552
3246032
3247592
3247606
3248838
3248986
3250285
3250769
3251056
3251826
3252212
3253157
3253320
3254554
3254618
3256114
3256130
3256276
3256496
3256841
3258080
3258875
3260915
3261409
3262015
3263753
3264107
3264761
3267670
3267775
3267960
3268772
3269086
3269761
3270868
3271630
3272058
3273409
3273525
3274473
3277072
3277626
3282086
3282908
3283747
3287003
3288663
3289536
3289704
3290584
3290813
3291046
3293288
3293645
3293887
3296371
3297610
3297849
3299392
3301185
3302187
3303507
3306056
3306188
3306205
3306999
3309672
3309823
3310176
3310399
3310832
3310981
3313389
3314951
3316696
3316872
3317016
3317955
3318677
3322086
3322448
3323165
3323824
3324539
3325296
3325495
3327129
3327648
3328134
3329003
3331570
3332065
3332609
3333018
3333923
3334204
3334533
3334674
3337757
3341041
3341127
3341242
3341303
3341901
3342125
3342193
3342343
3343792
3344135
3346994
3347208
3347663
3348735
3349084
3349548
3349958
3350434
3350453
3350986
3352020
3353253
3353298
3353428
3355871
3356372
3357740
3358512
3358817
3361343
3362888
3363535
3364255
3365282
3367991
3372515
3372695
3372838
3372854
3373429
3374330
3375367
3376717
3378323
3379306
3379820
3380198
3381097
3382274
3382575
3383279
3385007
3385178
3385214
3386580
3388136
3389756
3390170
3390787
3393702
3395421
3395751
3395836
3398450
3400003
3402362
3402598
3402861
3405405
3407987
3408731
3408969
3409163
3409548
3410536
3410797
3411431
3412345
3413291
3413458
3413807
3413835
3415235
3415578
3415710
3415764
3415766
3415964
3416018
3416895
3419191
3420978
3421125
3421888
3422066
3422578
3423860
3428329
3428555
3432351
3435184
3440086
3441394
3442213
3443361
3443507
3444086
3446888
3448746
3449260
3450220
3452184
3454282
3454397
3454900
3456375
3456513
3458607
3460138
3461637
3461660
3464396
3464863
3467605
3468183
3468728
3470752
3472123
3472393
3473932
3473974
3474305
3476618
3476975
3477768
3479365
3481049
3481875
3482468
3483252
3485985
3488906
3489593
3490403
3490985
3491254
3492330
3492347
3493854
3496871
3498349
3498691
3503142
3503665
3504548
3506020
3506441
3506458
3506477
3506490
3511527
3512658
3513405
3514353
3515039
3516976
3519127
3521414
3521485
3522392
3522489
3524087
3525804
3526327
3528232
3528619
3529682
3529985
3530353
3532559
3533300
3533353
3533369
3535876
3540003
3540755
3540859
3541688
3541884
3541939
3543828
3546701
3548307
3551343
3551350
3553205
3553818
3554781
3558125
3558488
3558611
3558966
3560274
3561027
3561132
3562178
3563298
3563529
3564140
3565169
3565776
3566455
3566517
3567330
3568103
3568810
3568874
3569433
3570058
3573860
3574514
3574767
3574992
3576206
3577368
3579088
3579803
3581641
3583231
3583387
3583744
3584340
3584429
3584528
3584878
3585550
3585822
3587739
3589323
3590011
3591042
3592109
3592604
3595205
3595722
3597025
3598274
3599153
3600696
3601920
3603730
3604461
3604486
3604638
3605483
3608496
3609295
3611691
3612529
3613000
3614352
3616543
3616612
3616829
3617510
3617771
3619684
3619954
3620542
3622886
3622890
3623406
3623514
3623772
3627162
3627984
3629660
3630178
3632686
3632867
3633006
3633422
3633676
3634021
3634394
3635326
3636644
3637369
3637633
3638945
3639649
3639733
3640121
3641452
3642500
3643660
3644646
3645731
3646040
3648066
3649302
3649784
3650234
3650505
3650586
3650620
3651557
3651951
3653073
3653174
3653205
3654237
3654382
3654754
3655173
3656178
3656541
3656887
3656895
3657170
3657254
3657899
3658554
3658709
3658892
3659462
3660324
3661583
3661983
3662032
3663213
3663269
3663833
3665291
3665843
3667366
3667758
3670237
3671995
3673067
3675250
3679171
3680309
3680771
3682505
3683529
3683677
3684712
3686643
3686663
3686678
3688314
3688481
3692364
3692438
3692478
3692981
3693323
3694519
3695717
3696050
3700254
3701194
3702160
3702704
3703764
3703766
3704522
3704892
3708178
3709843
3709957
3713670
3715547
3715771
3719055
3719935
3720338
3721464
3721515
3723448
3723872
3726151
3728163
3728833
3730100
3730985
3731286
3731287
3733321
3733445
3733906
3734054
3734083
3734408
3735470
3735663
3738033
3738874
3739282
3739820
3741040
3742319
3743085
3743273
3744478
3745677
3746219
3746305
3746342
3747046
3747210
3748418
3748553
3748902
3751261
3752157
3752811
3753201
3753780
3754774
3754971
3755066
3756528
3757483
3758048
3758065
3759192
3761529
3761622
3763681
3765232
3765437
3766496
3766632
3766642
3768485
3773207
3776206
3777872
3778747
3779695
3780003
3780202
3781997
3783210
3785212
3785284
3786442
3786517
3788901
3791310
3791327
3791879
3793317
3793616
3793818
3795983
3796119
3796259
3797277
3797562
3797983
3799242
3799536
3801190
3802903
3803638
3804700
3805345
3805614
3806032
3806692
3807745
3808122
3808300
3808748
3808755
3809324
3810603
3811164
3812207
3812267
3813320
3813805
3815129
3817833
3819178
3819197
3819914
3820836
3820874
3823295
3823384
3824554
3825132
3827638
3827750
3828193
3829634
3829924
3830106
3831093
3831295
3832395
3835185
3835588
3837026
3837561
3840924
3841429
3842037
3842945
3845179
3847711
3847873
3848270
3851110
3854551
3855026
3858822
3859540
3860592
3861709
3861918
3862411
3863230
3863588
3864011
3865208
3868111
3868191
3868858
3869985
3869997
3870494
3870849
3870938
3871045
3872091
3873335
3875152
3875363
3876719
3877757
3877880
3878833
3878956
3879323
3880529
3882749
3887694
3888332
3889129
3889313
3889903
3892577
3892631
3892856
3893146
3896034
3898020
3899307
3899362
3900119
3901754
3902651
3903224
3904061
3904748
3905387
3907208
3908080
3910974
3912355
3912450
3912769
3913054
3914162
3914278
3914840
3915873
3917255
3917429
3919446
3919690
3920141
3922693
3924137
3924413
3924786
3926234
3926264
3926678
3927055
3927614
3927675
3928813
3929332
3931707
3932265
3935551
3936409
3938016
3940618
3940808
3940940
3944091
3945058
3945479
3946057
3946645
3946817
3947075
3948137
3948534
3950599
3951004
3951478
3951602
3952254
3952323
3954448
3954634
3955452
3955850
3956015
3957270
3957553
3958747
3959129
3960454
3961490
3961513
3962264
3962567
3963742
3964957
3965075
3965656
3965949
3966266
3966711
3966780
3967530
3968648
3969218
3969847
3970285
3971587
3971850
3973740
3973977
3978533
3978908
3980370
3980708
3980798
3980938
3981798
3984268
3985445
3985632
3987559
3987605
3988349
3989032
3989583
3989644
3990033
3991258
3992615
3993615
3996212
3996431
3997598
3997661
3998382
3999694
4000266
4001074
4003939
4005454
4008384
4008960
4009188
4009427
4009692
4010362
4010652
4010813
4012394
4012826
4012838
4012906
4014096
4016026
4017220
4017410
4018555
4020055
4020352
4020806
4020942
4024943
4025974
4027009
4027543
4027685
4028062
4028591
4029251
4031441
4031631
4032016
4033556
4033869
4037267
4039054
4040130
4040207
4041113
4041595
4041662
4042350
4043210
4043795
4044966
4045718
4046658
4048887
4048953
4049290
4049664
4050659
4051134
4051147
4051287
4054566
4056416
4057589
4059054
4062287
4062514
4064469
4064827
4064963
4065400
4066192
4067223
4067688
4068469
4069048
4069588
4070147
4072089
4072127
4072356
4073145
4074222
4074777
4076719
4077351
4077837
4078513
4078740
4079777
4080087
4080506
4082535
4083705
4083730
4084892
4084909
4085773
4086944
4086987
4087068
4087665
4087695
4088301
4088350
4089798
4093029
4093629
4094334
4095774
4098061
4098172
4098570
4099044
4099784
4102481
4103142
4104562
4104708
4104852
4108331
4109514
4110153
4110609
4111157
4111282
4114104
4114182
4115099
4116394
4118880
4119252
4121364
4124481
4126016
4129199
4129442
4130880
4132668
4135024
4136069
4136877
4137066
4138415
4139852
4139944
4141767
4141796
4144298
4145251
4150091
4150432
4150815
4151375
4152791
4154208
4155339
4155541
4158172
4159248
4161923
4162876
4163497
4164566
4164659
4164845
4165201
4170527
4174357
4175065
4175883
4176977
4178979
4180551
4181414
4181784
4183672
4185125
4185129
4186100
4188375
4189968
4191600
4191892
4191932
4193456
4193730
4194184
4194719
4196722
4197015
4198815
4199319
4205577
4206647
4207722
4208151
4210448
4210516
4210909
4213253
4213710
4215655
4216530
4217010
4217179
4218016
4218394
4220334
4224115
4228016
4229615
4230949
4232099
4232659
4235383
4235838
4236718
4237243
4237996
4240258
4243129
4245571
4246060
4249985
4251939
4254859
4258413
4260309
4260809
4260987
4261836
4262091
4263692
4263727
4264602
4268500
4269027
4269521
4271553
4273613
4275646
4276151
4276164
4276785
4277278
4277693
4279152
4279233
4282613
4282695
4282946
4284513
4286131
4288135
4288261
4288744
4292081
4293091
4293120
4293949
4294000
4294159
4296901
4297037
4297174
4297765
4298448
4300303
4301741
4301817
4302240
4302706
4303774
4304144
4304316
4304747
4305728
4305807
4306985
4307351
4307733
4309191
4309981
4312255
4313323
4314617
4317204
4319052
4322607
4325590
4325612
4327037
4327979
4328577
4328624
4329080
4330508
4332428
4333186
4334180
4335011
4336219
4336262
4336273
4340802
4341819
4342199
4343536
4343777
4344172
4345983
4346065
4346575
4348699
4349359
4349634
4349891
4353681
4353966
4354545
4354684
4354783
4354981
4355844
4357314
4357369
4357527
4358376
4360011
4360900
4361369
4362160
4362820
4364303
4364347
4364849
4367159
4367877
4368374
4368832
4369081
4369690
4371183
4371278
4372755
4373430
4374707
4375673
4376383
4376559
4376927
4377032
4377924
4378012
4378699
4379660
4380398
4382690
4383283
4383820
4384207
4384514
4386064
4387467
4387661
4388369
4389271
4390991
4391223
4392052
4392330
4392367
4392650
4392797
4393057
4393161
4395452
4395481
4396445
4399643
4400321
4400395
4400415
4400509
4400760
4402323
4402711
4402727
4405072
4405222
4407683
4407759
4408180
4408319
4408754
4410113
4410307
4410638
4411303
4414199
4416526
4416612
4416742
4417751
4417793
4417848
4418163
4419099
4419473
4420580
4420678
4421044
4422230
4422857
4423135
4423848
4424023
4424410
4424853
4425061
4426598
4427704
4428031
4429724
4432123
4432612
4433776
4435817
4436658
4438139
4439476
4439691
4444683
4445910
4445960
4446759
4447356
4447360
4448252
4450065
4452319
4452669
4453258
4453925
4454549
4455377
4455875
4456588
4456595
4458023
4460880
4461206
4462164
4462794
4466539
4467625
4468079
4468465
4469755
4470302
4470475
4470635
4470979
4472457
4474870
4479181
4480870
4482052
4483298
4484606
4485158
4486037
4488341
4488710
4489047
4489256
4492917
4493395
4495265
4495385
4496839
4496951
4497416
4497945
4498234
4498495
4500260
4500472
4502227
4503260
4504341
4504445
4504515
4504854
4504897
4505449
4506240
4506400
4508193
4509371
4510087
4510392
4511534
4511619
4514189
4514792
4515397
4516973
4517236
4517517
4518876
4519332
4520844
4523951
4525252
4525803
4526795
4531091
4533589
4534673
4535943
4536371
4536613
4537082
4537349
4540533
4541456
4542308
4544391
4545321
4547935
4548302
4548537
4549461
4549570
4550119
4550994
4552091
4552175
4554249
4555169
4555794
4556270
4557660
4559330
4559582
4559735
4559781
4559924
4560519
4560772
4561535
4564882
4569428
4569686
4573268
4573855
4574130
4574294
4574519
4574587
4574893
4575837
4576086
4577174
4577637
4578654
4578783
4579197
4581252
4581875
4581985
4585090
4585567
4585952
4586127
4586531
4586660
4586710
4589859
4591051
4592006
4593131
4593137
4594133
4596817
4597231
4597506
4597633
4598258
4598711
4598924
4598934
4599624
4600086
4601448
4601544
4601886
4602254
4602966
4603990
4604061
4604533
4605253
4608060
4608552
4609807
4610384
4610424
4610434
4611583
4612035
4614192
4615018
4615679
4617721
4617771
4618041
4619287
4620551
4622400
4625963
4628704
4629757
4630020
4630094
4630586
4631034
4632136
4633208
4634515
4634655
4635494
4635929
4635962
4636008
4636436
4636784
4636934
4638829
4639073
4639778
4639792
4641434
4642320
4642470
4643977
4644481
4645035
4645473
4648145
4648155
4651086
4651852
4652050
4653780
4657244
4657310
4657479
4658052
4658786
4660677
4661747
4663275
4664544
4664751
4666333
4667105
4667721
4669894
4671057
4672747
4672934
4675033
4675903
4675983
4676346
4676978
4677430
4678566
4679064
4679402
4680658
4680671
4681089
4681793
4681887
4682094
4683428
4684086
4687973
4690145
4691453
4692181
4692720
4692872
4692949
4693529
4694135
4696263
4696715
4698922
4699477
4699724
4700494
4702223
4702431
4703145
4703764
4703943
4704033
4704864
4706166
4707488
4708175
4708482
4708648
4710901
4712949
4716843
4716860
4717566
4718601
4719183
4726892
4726942
4729704
4730704
4731209
4731951
4732746
4734219
4734966
4736434
4738789
4739051
4739483
4741736
4744743
4745179
4745447
4745517
4745629
4746159
4746964
4749035
4749910
4750106
4752667
4755007
4755767
4755846
4757147
4757425
4758429
4759729
4760110
4760473
4762594
4762666
4763265
4763618
4766563
4766670
4767095
4767556
4767629
4768204
4769608
4771313
4771547
4773044
4773080
4773838
4774201
4775221
4778918
4779095
4780281
4780518
4782749
4784504
4784688
4785370
4786204
4789293
4789484
4789954
4792271
4793327
4794008
4794274
4794519
4795066
4795108
4795625
4795686
4800245
4800476
4802030
4802075
4802147
4802500
4802908
4802957
4803713
4804140
4804709
4805062
4805130
4806502
4806645
4807097
4807197
4808179
4811143
4811945
4812652
4814352
4815042
4815854
4816067
4816106
4816256
4817694
4820193
4820582
4821011
4821450
4822446
4823529
4823898
4823909
4824998
4825384
4825474
4829691
4829722
4831738
4831849
4832010
4832892
4833873
4834641
4834759
4838809
4839721
4839740
4840438
4842145
4842184
4842205
4843328
4844569
4844994
4845372
4846739
4846869
4850344
4852447
4853296
4854889
4854929
4856918
4858243
4859096
4859391
4860220
4860407
4861887
4862528
4862901
4863127
4863912
4871538
4871623
4872291
4872328
4872869
4873878
4874135
4875291
4877020
4877947
4878338
4879828
4881326
4881665
4884234
4886999
4887527
4888860
4888917
4888945
4888960
4889325
4890335
4890814
4890918
4891027
4891524
4891826
4891967
4892043
4894479
4896457
4897371
4897921
4898150
4898403
4899814
4900243
4902677
4903355
4903527
4904118
4904655
4905693
4906334
4906429
4907282
4907783
4907845
4909862
4909954
4910525
4910645
4913351
4913422
4914159
4914409
4915933
4917403
4917523
4917733
4918105
4921788
4921824
4923621
4924614
4927076
4929147
4929888
4930946
4932110
4934198
4935252
4936655
4936855
4936927
4937795
4942047
4944211
4944469
4944865
4945061
4945794
4947652
4948026
4948201
4948305
4949294
4949746
4950812
4950814
4952033
4952238
4952763
4955034
4957130
4957685
4957904
4960911
4961461
4962328
4962375
4963446
4964698
4965473
4965922
4966989
4967871
4967874
4968654
4969169
4970782
4970925
4970931
4971703
4972300
4972336
4972511
4973412
4974080
4974476
4978249
4978316
4978623
4978625
4979997
4980593
4983275
4983296
4984562
4985209
4985363
4985870
4986793
4990407
4992205
4992787
4992889
4993694
4993713
4996376
4998929
4999713
5001863
5003794
5004085
5004113
5005339
5007878
5009488
5013863
5015333
5015609
5017543
5017625
5019792
5023693
5023960
5024269
5024499
5025389
5025448
5025798
5027785
5027915
5028518
5033835
5036469
5041386
5041917
5043147
5045002
5045785
5047198
5047906
5048694
5050403
5050827
5053122
5055686
5056710
5057361
5057952
5058674
5059962
5061034
5061205
5063314
5063673
5063829
5063929
5065098
5067656
5067837
5070181
5070384
5071197
5074365
5074950
5075060
5075251
5075516
5075754
5076487
5078412
5078671
5080816
5082093
5084664
5085532
5086745
5089533
5090958
5091598
5092064
5092244
5092420
5093024
5094049
5094123
5094656
5095169
5096610
5096755
5099089
5099148
5099357
5099611
5100154
5100797
5101125
5101713
5101773
5103060
5103247
5103989
5104384
5105723
5107278
5107749
5108209
5108479
5108611
5109151
5110377
5113696
5113703
5113976
5114143
5116976
5118364
5118413
5118871
5120741
5120859
5121577
5121628
5121723
5122888
5125841
5126232
5127136
5131078
5131985
5132125
5135198
5135732
5136634
5136960
5138533
5139234
5140539
5142026
5142451
5142481
5144164
5144582
5144718
5146518
5146615
5148199
5149189
5151026
5153093
5154549
5155924
5158743
5159093
5159771
5160451
5161465
5161800
5162022
5164479
5164629
5165056
5166403
5167445
5167706
5168185
5170519
5171160
5173734
5173907
5174368
5174848
5176382
5177391
5178236
5178324
5180936
5181208
5181853
5182754
5182882
5184073
5184219
5184557
5185958
5188046
5188199
5190328
5192488
5192991
5194255
5196709
5197603
5198290
5200155
5203750
5204347
5204423
5204505
5206144
5206421
5207686
5208534
5211762
5214106
5214778
5216130
5216439
5216770
5223461
5223791
5223876
5223906
5223953
5226265
5226458
5228057
5228112
5228432
5228564
5230126
5230794
5232632
5236155
5236281
5237144
5237331
5237906
5238884
5240804
5240972
5241726
5241846
5244392
5246021
5246155
5246423
5246514
5249034
5250519
5251590
5251640
5251703
5251843
5252646
5252682
5253267
5255408
5256130
5256780
5256805
5257607
5258174
5262079
5264219
5266470
5266747
5266881
5268981
5269567
5270244
5273288
5273652
5275314
5275837
5277677
5278666
5279954
5280480
5282550
5285688
5286299
5286393
5286468
5286616
5287029
5287305
5288077
5288409
5288744
5289418
5289823
5290062
5290212
5291277
5295916
5296976
5300253
5300541
5301390
5301530
5301865
5302783
5303742
5303979
5304048
5305556
5307278
5307579
5307662
5309136
5309497
5309794
5310564
5312631
5312781
5312936
5313233
5317898
5318742
5319165
5321300
5321420
5323791
5325454
5326508
5329273
5329349
5329497
5330654
5333481
5333611
5333914
5334180
5334270
5336034
5336834
5337134
5337157
5337820
5339641
5341940
5343446
5343447
5346243
5346676
5350258
5352981
5354546
5355664
5355700
5358165
5358824
5361268
5361533
5362388
5362933
5362968
5364109
5364202
5365239
5366752
5368307
5370243
5371026
5373544
5374002
5376002
5377702
5377827
5378080
5381017
5381221
5381227
5381541
5382014
5385157
5385596
5387635
5388151
5391252
5392116
5392621
5392888
5393788
5394806
5395406
5397016
5398580
5400095
5402292
5402627
5404793
5404886
5406483
5407536
5407666
5408682
5408948
5409122
5414443
5414582
5414607
5417641
5424945
5424978
5425670
5426399
5430373
5431050
5432407
5433293
5433608
5434141
5434188
5434451
5436528
5436961
5439888
5443699
5444050
5446790
5447003
5448412
5449509
5449619
5452146
5452518
5452735
5453387
5453840
5456118
5456221
5457664
5458415
5460595
5461383
5463268
5463590
5465578
5466379
5469570
5470913
5471534
5471818
5472239
5472386
5473067
5474296
5475620
5476027
5477210
5477721
5477911
5479240
5480162
5480990
5481370
5481537
5484269
5484324
5486197
5487770
5487885
5488233
5489183
5489896
5490655
5491710
5493517
5493736
5495372
5495651
5496803
5501236
5503239
5504295
5506194
5506697
5510441
5511229
5513941
5515328
5515728
5515940
5516495
5516828
5517782
5517859
5518022
5520321
5521201
5521914
5522555
5523773
5524098
5524697
5525044
5527346
5527384
5528028
5528426
5530701
5530938
5534665
5535074
5535239
5536269
5536970
5538160
5539323
5541419
5541830
5542809
5543341
5544830
5545482
5545749
5546678
5548396
5548500
5548507
5549991
5550130
5550969
5551286
5551983
5552498
5555899
5558073
5559422
5561989
5562762
5562969
5563261
5563401
5563410
5564370
5564848
5565967
5571116
5571587
5573314
5573761
5575085
5575249
5576737
5577534
5580543
5580576
5584987
5586448
5587214
5589468
5590023
5591778
5592049
5592273
5593372
5593827
5595605
5595671
5596106
5596301
5596673
5598745
5598836
5598910
5598974
5599147
5602679
5603957
5605615
5607101
5607996
5609268
5611000
5611057
5611479
5613066
5614086
5614271
5614606
5614640
5614675
5615123
5615359
5616066
5616895
5617471
5618113
5618144
5620506
5621744
5622632
5623595
5624104
5626516
5627141
5628552
5629550
5634247
5634300
5636389
5638582
5638787
5639026
5640096
5640159
5640521
5642142
5642452
5642939
5645348
5646626
5646670
5647757
5649359
5649630
5650317
5650348
5651024
5651026
5651613
5652732
5654206
5655255
5655455
5657456
5659355
5659877
5660082
5660896
5662994
5664365
5664519
5664612
5667558
5668628
5672103
5673006
5673693
5674422
5674449
5675009
5676267
5677554
5677575
5677760
5678057
5678575
5680930
5682324
5682609
5683711
5685311
5685750
5687021
5688195
5689338
5690580
5690849
5691293
5692686
5692949
5693487
5693775
5694443
5696215
5697195
5697752
5697931
5698427
5698930
5699757
5699879
5700584
5701146
5701633
5702677
5703588
5705320
5707321
5707561
5708660
5708700
5709704
5710070
5713072
5713714
5714161
5716729
5717379
5719148
5719681
5720290
5720803
5720876
5721772
5722344
5724282
5724924
5725696
5726303
5726947
5726982
5727793
5730142
5732832
5734791
5735593
5737251
5738088
5738601
5739383
5741203
5742881
5743067
5743476
5745442
5746344
5748075
5748087
5748482
5749843
5750101
5750482
5750561
5752087
5755773
5757042
5757365
5758976
5758986
5759063
5759086
5760195
5762306
5762720
5764165
5764802
5764933
5768399
5768491
5768645
5769006
5770404
5770469
5770590
5771827
5772634
5772732
5773309
5773944
5774228
5775089
5775566
5776492
5777078
5777502
5777677
5777716
5778786
5778809
5779150
5779151
5779378
5779473
5780395
5783342
5784409
5785322
5785383
5785791
5786009
5786392
5786808
5787202
5787467
5788027
5788411
5789026
5789378
5789505
5789616
5791203
5791841
5792041
5792630
5793468
5794802
5796694
5796751
5797389
5799867
5799944
5800011
5801291
5802501
5802548
5803344
5804146
5805118
5805239
5806212
5808067
5808506
5809865
5809945
5810810
5811912
5811990
5814433
5815278
5816280
5817936
5818698
5820698
5820721
5820892
5821164
5821233
5822252
5826273
5826388
5826853
5827128
5827681
5828834
5829287
5829864
5831957
5834649
5835899
5838339
5838566
5838798
5839058
5839063
5842478
5844857
5845837
5845902
5846326
5846688
5846786
5848768
5848908
5849381
5850241
5853509
5854565
5854626
5855029
5856902
5857164
5857320
5857641
5857980
5858698
5859103
5859575
5860290
5861284
5861776
5864127
5866916
5867472
5868717
5868945
5869553
5870124
5870880
5871404
5871419
5873109
5873393
5874048
5874058
5874634
5874664
5877257
5877838
5878004
5879303
5879415
5879695
5880861
5880877
5882141
5882146
5887175
5887993
5888202
5889537
5891092
5891901
5891978
5892266
5892651
5893618
5896543
5898778
5898883
5900090
5900990
5901335
5902138
5903753
5903831
5904698
5904912
5907447
5909230
5909736
5910556
5910880
5912597
5913926
5917047
5917834
5918233
5918415
5919729
5920685
5923159
5924418
5925104
5925913
5928582
5929879
5930110
5930208
5931816
5932371
5933009
5933323
5935160
5935461
5936347
5937130
5937354
5937714
5937845
5941024
5941128
5941589
5941963
5943581
5944468
5945087
5945243
5946105
5948330
5948849
5953627
5954166
5954526
5958566
5958928
5959380
5959869
5963708
5963973
5964166
5965395
5965460
5965873
5967697
5971141
5971936
5972765
5973228
5973424
5973889
5975043
5978546
5978695
5980543
5981824
5982210
5982227
5982275
5982358
5983739
5984680
5984985
5985010
5986285
5986382
5986455
5986765
5987936
5988073
5993571
5993846
5994162
5994236
5994800
5995808
5996347
5998318
5999368
5999864
6000932
6001451
6002084
6002565
6007101
6008482
6009197
6009846
6013016
6014561
6015677
6016198
6016362
6017195
6017223
6019491
6021390
6021487
6021551
6028221
6028653
6030751
6031763
6033436
6033709
6034541
6034743
6035402
6036047
6039072
6039426
6040216
6040843
6041323
6041380
6042447
6044145
6044381
6044770
6045300
6045423
6049272
6049643
6050471
6050734
6052147
6052571
6053274
6053371
6055164
6056106
6056177
6057212
6059872
6060377
6060471
6061432
6061931
6062326
6066177
6066774
6068358
6069238
6069507
6070562
6070677
6071648
6072213
6074047
6074184
6075330
6075702
6076678
6078132
6078187
6078600
6079168
6082369
6082538
6083419
6083604
6084723
6085169
6086069
6086752
6092742
6093198
6095618
6097173
6097248
6098062
6099420
6099511
6099538
6100545
6100738
6101182
6101829
6103373
6104521
6105467
6109540
6109759
6112139
6112660
6114700
6114757
6116242
6117111
6118789
6119205
6120370
6120415
6121050
6121184
6122033
6122859
6124047
6124986
6125496
6126733
6127242
6128710
6129130
6130904
6132562
6133177
6136167
6137065
6140202
6141222
6142364
6142595
6144387
6144860
6144958
6145968
6146681
6147656
6147863
6148010
6148790
6148836
6148846
6149432
6149509
6152125
6152138
6152400
6152968
6153340
6154311
6155426
6155645
6156104
6157855
6158014
6159740
6160036
6162393
6168766
6170751
6171354
6172836
6175009
6178736
6178865
6180155
6180248
6181385
6181687
6182050
6183735
6184918
6185487
6187799
6188468
6189148
6191109
6193940
6194110
6198066
6199092
6199458
6199934
6200224
6200464
6201971
6202414
6202598
6203376
6204315
6204407
6206365
6206394
6208133
6209562
6210264
6212377
6212525
6212553
6213244
6214293
6215374
6215376
6217275
6218408
6219302
6222138
6223617
6223826
6226024
6226074
6226443
6228398
6228726
6228763
6228891
6231472
6232217
6233372
6234083
6235771
6236095
6236533
6237088
6237666
6237781
6238410
6240322
6240361
6241091
6241332
6242772
6244576
6245470
6246249
6248490
6248707
6249525
6250191
6250943
6251275
6251699
6255393
6256084
6256429
6257305
6258760
6259554
6259945
6260437
6261413
6263101
6264073
6264215
6266734
6266950
6268851
6270253
6271198
6272532
6274621
6274968
6275124
6278654
6279029
6279336
6279468
6279663
6280129
6280705
6281906
6285739
6286909
6287847
6289297
6290313
6291776
6292428
6292656
6293969
6295280
6296989
6297165
6297223
6297794
6298806
6299329
6299658
6300315
6300847
6301032
6304606
6304723
6306075
6309537
6310584
6311182
6313748
6313869
6313917
6313954
6314091
6315524
6316216
6316248
6317176
6320095
6320359
6320383
6320411
6321423
6323034
6324535
6326071
6327419
6328144
6328224
6329485
6330823
6333825
6333995
6334113
6335122
6336472
6338358
6338922
6339130
6339775
6340994
6344489
6345235
6345333
6345335
6346531
6346737
6348267
6349905
6352175
6352478
6352599
6355993
6356707
6357393
6357493
6358424
6359129
6359985
6361097
6361368
6362445
6363092
6364736
6364808
6364945
6366364
6369313
6370365
6371105
6371525
6375464
6377298
6379660
6379766
6380112
6380602
6381651
6381660
6383090
6386158
6386297
6388526
6389959
6390177
6391478
6391931
6392463
6392479
6393005
6393397
6394045
6394598
6395581
6396063
6399175
6399322
6399393
6399606
6401136
6401466
6403075
6404151
6404261
6406537
6409731
6409741
6410418
6410466
6412895
6413289
6414781
6415027
6415281
6416151
6416574
6416611
6417256
6418397
6419277
6420111
6421284
6422755
6425966
6426045
6426951
6426957
6428018
6428145
6428461
6428750
6431683
6433721
6434524
6434939
6435617
6436018
6437901
6438243
6441019
6446094
6446419
6446845
6446919
6447919
6448362
6448748
6451168
6451582
6452955
6456140
6457060
6460703
6461419
6463341
6464672
6466275
6466932
6467599
6467739
6468693
6468727
6469187
6469356
6470923
6471013
6474146
6475169
6475387
6475431
6476802
6477179
6477202
6477748
6478166
6478181
6478194
6481219
6483091
6484767
6485784
6486297
6486771
6489317
6489653
6490063
6490300
6493038
6493396
6494321
6495726
6497092
6500229
6500855
6500931
6501175
6502065
6502248
6502326
6502614
6503750
6504119
6504459
6505182
6506345
6508090
6508790
6508800
6511405
6511497
6512242
6512613
6512647
6513516
6513784
6513875
6514302
6514347
6514987
6517010
6517036
6517330
6518160
6519321
6520920
6521140
6521448
6521757
6521875
6521976
6525689
6526530
6527406
6528416
6529342
6529623
6529790
6530575
6532082
6532495
6532571
6532732
6533948
6534625
6534650
6537001
6537330
6537655
6537984
6538118
6539710
6539777
6540974
6541470
6541680
6541783
6541798
6543074
6544036
6544119
6544361
6544757
6547249
6548155
6548237
6548988
6549095
6550323
6550685
6551939
6552002
6552982
6555155
6555773
6556680
6557737
6558272
6558599
6561073
6561252
6561378
6562790
6564021
6564487
6564617
6570784
6571635
6571649
6572496
6572666
6572977
6573489
6573731
6573898
6575815
6576258
6576999
6577414
6577510
6578578
6580213
6584677
6584744
6585589
6587186
6587629
6589208
6589383
6591522
6592232
6592414
6593067
6595070
6597118
6597905
6598744
6598944
6599701
6602037
6602439
6603114
6603505
6604298
6604567
6607476
6608607
6609890
6610848
6614151
6614312
6617111
6617816
6618211
6618549
6618828
6619476
6619952
6621362
6621787
6622576
6622707
6623086
6625577
6625945
6626657
6628619
6628669
6629886
6630067
6630520
6630543
6632320
6635243
6636282
6638587
6639130
6639209
6640866
6641487
6643022
6643278
6644482
6646288
6648267
6650874
6651671
6652360
6657141
6658627
6659498
6661379
6664088
6664612
6664845
6665533
6666284
6666899
6667651
6669677
6671027
6671955
6672115
6672124
6672529
6673256
6674310
6675118
6677494
6678450
6678505
6681501
6682395
6683129
6683844
6684860
6685602
6685870
6686655
6688049
6689166
6693552
6693591
6694099
6694334
6694717
6695252
6695402
6696232
6698464
6698852
6699202
6700148
6700419
6700469
6701636
6703981
6706209
6707958
6709290
6710318
6710649
6711362
6711536
6712064
6713618
6713920
6715271
6716005
6717239
6718354
6718656
6719910
6719961
6720659
6722506
6722518
6722710
6723347
6723799
6724139
6724179
6724852
6726012
6726530
6727076
6727103
6727890
6728369
6729238
6730268
6731511
6735275
6736676
6737760
6738914
6741257
6744240
6745879
6747766
6748104
6750716
6752000
6754406
6754632
6756128
6756612
6758835
6760108
6760199
6760758
6762376
6762983
6763089
6764641
6764814
6765911
6766529
6769354
6770527
6772190
6774906
6776233
6777754
6778643
6780906
6781036
6781412
6782671
6783050
6786905
6789186
6790636
6793297
6795155
6795296
6795310
6795543
6796942
6797803
6799107
6800639
6801695
6803156
6804102
6805439
6806851
6806961
6807173
6812764
6812956
6813400
6815191
6815198
6816936
6817210
6819269
6819485
6822241
6822309
6823045
6823908
6825182
6826088
6827398
6828258
6828601
6829226
6830008
6830811
6830829
6831275
6832848
6833524
6834756
6834768
6834981
6836219
6842835
6845227
6845634
6846408
6846911
6848108
6848550
6849764
6849926
6850180
6850686
6852884
6853907
6854130
6855242
6855966
6856174
6857034
6859757
6860235
6860590
6861102
6861385
6864877
6865379
6865890
6867305
6868431
6869326
6870372
6870567
6871148
6872146
6874425
6875699
6875885
6875980
6876442
6878365
6882752
6884876
6889691
6889797
6891464
6892261
6893107
6894448
6896256
6902494
6904391
6906193
6909285
6910749
6910878
6913489
6913499
6914170
6914242
6915313
6915353
6916556
6918900
6920308
6920633
6922035
6923814
6925344
6925794
6926322
6927230
6928537
6929800
6930683
6931225
6931659
6933595
6934030
6935260
6935584
6935954
6936438
6937788
6937959
6939896
6940217
6942286
6944903
6945085
6946168
6946799
6948084
6949688
6950508
6952090
6952631
6952817
6954933
6955945
6957746
6961250
6962296
6962872
6963200
6964060
6965676
6966030
6966584
6966923
6967763
6968182
6971941
6972041
6973234
6973985
6974865
6975434
6977243
6977780
6978366
6978786
6979059
6980010
6981084
6981184
6981652
6982126
6982537
6982716
6982977
6984423
6986736
6987142
6988262
6988829
6989512
6990426
6991374
6991503
6991567
6991647
6992243
6992909
6993076
6993182
6993305
6993387
6995700
6998291
7000815
7002087
7002831
7003392
7003647
7006172
7007232
7007832
7007872
7008867
7009053
7010420
7010496
7010816
7012093
7013178
7020303
7021282
7021358
7022167
7022727
7023818
7024630
7025305
7027069
7027921
7029361
7030302
7030567
7030998
7032726
7035691
7036331
7040876
7042715
7042730
7044994
7050245
7052886
7053828
7056191
7057833
7058659
7059094
7059929
7061426
7062022
7062494
7063625
7064654
7065988
7067274
7067725
7069264
7069564
7069711
7070218
7070574
7070837
7070966
7072327
7072380
7073089
7073826
7073988
7074174
7075593
7075855
7076594
7077955
7079614
7081301
7082054
7085730
7086968
7090441
7092132
7092666
7095367
7096599
7097140
7098290
7098871
7098903
7099260
7101125
7102117
7102271
7102964
7103266
7103808
7104674
7104920
7105651
7107675
7107857
7110562
7110706
7112592
7113831
7115281
7115982
7116692
7118579
7119823
7120553
7121000
7122316
7122750
7123840
7125513
7125989
7127250
7127362
7128653
7129860
7129908
7130069
7131494
7131756
7132151
7133404
7135684
7136317
7136864
7137247
7137784
7138019
7139287
7139648
7139904
7140183
7143783
7144352
7145268
7145282
7145860
7145893
7147187
7149039
7150165
7150253
7153091
7153150
7154392
7154442
7154857
7156522
7158700
7160082
7161199
7161509
7162360
7165279
7167638
7168530
7169960
7170665
7171154
7171815
7172451
7173959
7178009
7178441
7178931
7179815
7181390
7181891
7182003
7184022
7184763
7185650
7186470
7189011
7190350
7190637
7190783
7191137
7192134
7192668
7192911
7193216
7194966
7198701
7199769
7201472
7201712
7202329
7203908
7205950
7206740
7210346
7210558
7210644
7210649
7211051
7211355
7211560
7211877
7216097
7217243
7217989
7218401
7224870
7225324
7225544
7225867
7228681
7228855
7229781
7230007
7231864
7231987
7232667
7233422
7233693
7235768
7236676
7236729
7237546
7238185
7239054
7239146
7241379
7242146
7243964
7244408
7244630
7245321
7246377
7246416
7246944
7246978
7246980
7248764
7249761
7250046
7251410
7255649
7255837
7255979
7256306
7258121
7258880
7260813
7263156
7264515
7264952
7265232
7267453
7267470
7268088
7268642
7271066
7272523
7274110
7276237
7277793
7277870
7278434
7278701
7281323
7281819
7282160
7283644
7285059
7285559
7286217
7286349
7287207
7287583
7288160
7288338
7289382
7290080
7290083
7290610
7291157
7291189
7294226
7294471
7294964
7295591
7295773
7296499
7298478
7302782
7302905
7303118
7303365
7303387
7304380
7304817
7305333
7305549
7306913
7308305
7309540
7310027
7310673
7311506
7312212
7312425
7313246
7313282
7313675
7314452
7316227
7316501
7317057
7317905
7318341
7318460
7318468
7319917
7322191
7323101
7325085
7325573
7326445
7328002
7329990
7332260
7332292
7332531
7332793
7333557
7333890
7335816
7337525
7337704
7337986
7339238
7340897
7345152
7346142
7346562
7347108
7347166
7347425
7347753
7349437
7353109
7353695
7353856
7354852
7355870
7356865
7356950
7358268
7358812
7358815
7359267
7361803
7362459
7362893
7363612
7365303
7365851
7365878
7366101
7366351
7366496
7366912
7367340
7368515
7369371
7372139
7374830
7375231
7375386
7376081
7376406
7377452
7379816
7380097
7383602
7384510
7385411
7385702
7386304
7386585
7386766
7386824
7386904
7387832
7388515
7388864
7390796
7391154
7392133
7392686
7394605
7394945
7395335
7397019
7397060
7397846
7401646
7402446
7402543
7404778
7405483
7405595
7405891
7406680
7407051
7407707
7407723
7408440
7408860
7413640
7416942
7417117
7418936
7419978
7423683
7424978
7425333
7427343
7428317
7428454
7430050
7430400
7430536
7432686
7432982
7433543
7433648
7434894
7435537
7437234
7437747
7439664
7439735
7440246
7443727
7445022
7446187
7447231
7447271
7448230
7448335
7449694
7450238
7450376
7451070
7453725
7454365
7455552
7458804
7458977
7459437
7462481
7465076
7468672
7468943
7471577
7472170
7473747
7474381
7476969
7477058
7477622
7478367
7478523
7479931
7480111
7480493
7481931
7482081
7485091
7486089
7486795
7487673
7489342
7489368
7489648
7490514
7494113
7494263
7494482
7495421
7496077
7496183
7496259
7496582
7498447
7498963
7500078
7502190
7504886
7505957
7506940
7507228
7507611
7509287
7510434
7511377
7513034
7513120
7513589
7514313
7516462
7517003
7518155
7519104
7519211
7519452
7519899
7520260
7520575
7522052
7523901
7524440
7525780
7526455
7526599
7528353
7528796
7530294
7532244
7534804
7535206
7536332
7536615
7536819
7537963
7538376
7539689
7540031
7540496
7541352
7541461
7541703
7541973
7542029
7542327
7544569
7546166
7547030
7547499
7547612
7548085
7550088
7550481
7550838
7551125
7552746
7553265
7553911
7554802
7555441
7555819
7556044
7557221
7558964
7559079
7559082
7559379
7560671
7561843
7563875
7564377
7564389
7565906
7566484
7568133
7568350
7569015
7570366
7571006
7571159
7573386
7574125
7575601
7575621
7579523
7581692
7582484
7582878
7583360
7584218
7585279
7585452
7586298
7589899
7591862
7591969
7595611
7595795
7599893
7600071
7600717
7601133
7602090
7602261
7602911
7603039
7603186
7603295
7605438
7605472
7606785
7607443
7607515
7607826
7608123
7608178
7608356
7610385
7611144
7611259
7611847
7612572
7612636
7613436
7617747
7619016
7622092
7622933
7625482
7625551
7626425
7626856
7628114
7628249
7629128
7629567
7629968
7630422
7630426
7630762
7631433
7631889
7631994
7632563
7633410
7634471
7634859
7635377
7635588
7635619
7636327
7637509
7639094
7639127
7639731
7639908
7640246
7642101
7644465
7644843
7645378
7645714
7647269
7648556
7649303
7649308
7650611
7650944
7653505
7654444
7656130
7656222
7656397
7661035
7661887
7665164
7665335
7665378
7667052
7668666
7670853
7671000
7671182
7671314
7672290
7674337
7674694
7674999
7675435
7675781
7676426
7676531
7676803
7676943
7678124
7678903
7680120
7680883
7681222
7681302
7681840
7682144
7682326
7685251
7685406
7686280
7687467
7687533
7687927
7690661
7692090
7692242
7696125
7696743
7699417
7699628
7701130
7702778
7702998
7703491
7703897
7704409
7705126
7705877
7706503
7714088
7716288
7716530
7717795
7718609
7719976
7720788
7721515
7721848
7723051
7723558
7725970
7726068
7730396
7730796
7732724
7735940
7736180
7736397
7736979
7738525
7745531
7747283
7747877
7748185
7748679
7751281
7751897
7752277
7753424
7755112
7756006
7756033
7756049
7758208
7761156
7761303
7763143
7764128
7764331
7764688
7764759
7765792
7768049
7768564
7769033
7769541
7770722
7772260
7773155
7773870
7774028
7778039
7778686
7779026
7779527
7780327
7781714
7781993
7782474
7784136
7788610
7788675
7789225
7789448
7789585
7790782
7792099
7792597
7794020
7795512
7797731
7799282
7802314
7802465
7803199
7803675
7804593
7804810
7805668
7807016
7807494
7807872
7808759
7809613
7809744
7810773
7810828
7811846
7817090
7817117
7817275
7817931
7818501
7818901
7819085
7820276
7821456
7822217
7823353
7825640
7827501
7828029
7829161
7829293
7829660
7830360
7832910
7835157
7835865
7836584
7836625
7838242
7839182
7840258
7840273
7840977
7841719
7842656
7843511
7843832
7847776
7851172
7851720
7853775
7855085
7855171
7856706
7858786
7859236
7860601
7861458
7863087
7863208
7863575
7869902
7870603
7870723
7871313
7872290
7873223
7873892
7874516
7875485
7876485
7877364
7878011
7879741
7880576
7881259
7882445
7884013
7884412
7884830
7886062
7886659
7886814
7887685
7887808
7887977
7889941
7890525
7892237
7892990
7893678
7893897
7894672
7894809
7896568
7897594
7898204
7898356
7899502
7899713
7900573
7901408
7902517
7904085
7904769
7905036
7905806
7907546
7907709
7908056
7908165
7908462
7909052
7910678
7912342
7912558
7913711
7913823
7914031
7914622
7914708
7916391
7917787
7919007
7920748
7921548
7923231
7924384
7924704
7925252
7925306
7926621
7927380
7927430
7927660
7930604
7932101
7932111
7932986
7933593
7934118
7934174
7935030
7935062
7935081
7936846
7937193
7937370
7938741
7940217
7941580
7941684
7941867
7943538
7944611
7944907
7945119
7946076
7946559
7947151
7947946
7948127
7948478
7949479
7950322
7951554
7954126
7954525
7957275
7957299
7957525
7958863
7958885
7959328
7959601
7960423
7960792
7965185
7965717
7966320
7966584
7966660
7967445
7967777
7968026
7968404
7970695
7972494
7974336
7974561
7975580
7976452
7976721
7976757
7977187
7978772
7979596
7979882
7980116
7982492
7982745
7984170
7984584
7984840
7985612
7986043
7986474
7989767
7991931
7992267
7995650
7996382
7996410
7997351
7997866
8003214
8004312
8006214
8008394
8008606
8010966
8011183
8012430
8012735
8012850
8012893
8014167
8014693
8015495
8017184
8017854
8018577
8018797
8019319
8019584
8020153
8021932
8022087
8022172
8022209
8022390
8022479
8022567
8022802
8023933
8025911
8025970
8026593
8026775
8027926
8028461
8029521
8031427
8032497
8035088
8036006
8036240
8037573
8039415
8040166
8040660
8041167
8041928
8042269
8042357
8045801
8046498
8046660
8046808
8049954
8050243
8051463
8053805
8059526
8061136
8063971
8064490
8065770
8067447
8068545
8069291
8070374
8071473
8072948
8073102
8074632
8075842
8075973
8076477
8078260
8079045
8080041
8081628
8082124
8082437
8083225
8083289
8085372
8086058
8086230
8087144
8089443
8090244
8090279
8091137
8092636
8097613
8099734
8102315
8103278
8103419
8104890
8105398
8106200
8106879
8107064
8107114
8107400
8108810
8108843
8109056
8109332
8110482
8111448
8114307
8114713
8115293
8117103
8117840
8118205
8119561
8120818
8121025
8121420
8122022
8122803
8125395
8128532
8128590
8128935
8130523
8133300
8133386
8134483
8135154
8137850
8138348
8140403
8140649
8141513
8143751
8144519
8145335
8148619
8150004
8151094
8151702
8152487
8152932
8153875
8155281
8155429
8155496
8156276
8156464
8159587
8160931
8161937
8163935
8164186
8164231
8164736
8164757
8165837
8165839
8166118
8167007
8167665
8169266
8169775
8170286
8170321
8171323
8172025
8172116
8173168
8174460
8175052
8175367
8177705
8180736
8181348
8181432
8182399
8182848
8184120
8185530
8185917
8187406
8189340
8189885
8191658
8193374
8193523
8194873
8195318
8196058
8197984
8198845
8200401
8201039
8201419
8202779
8202990
8204506
8204828
8205070
8205627
8207686
8208333
8209946
8211710
8212150
8214475
8214706
8214710
8215168
8216354
8216398
8218096
8220708
8223750
8223792
8226108
8226433
8226593
8228297
8228375
8229685
8230052
8230066
8231456
8231754
8231919
8232111
8232420
8234253
8235766
8236756
8236806
8241552
8242505
8242739
8243048
8243298
8245516
8246616
8247191
8249501
8250441
8251718
8251742
8252646
8253595
8254065
8254692
8254861
8255127
8256376
8258953
8259491
8259999
8262158
8263436
8264816
8265127
8266075
8267112
8269187
8269194
8269525
8269881
8271317
8272193
8272467
8272688
8273098
8273904
8274143
8274384
8275469
8276490
8277776
8278794
8278804
8279370
8279477
8280933
8281391
8281524
8284922
8285411
8286435
8287435
8292011
8292345
8293466
8297105
8297326
8297707
8297931
8298171
8298704
8299866
8300231
8302799
8302921
8304730
8305447
8306206
8306335
8306496
8306705
8309605
8310595
8311009
8312055
8313004
8314193
8314395
8316631
8317614
8317673
8318882
8319654
8320328
8320551
8322028
8327197
8328537
8328734
8328923
8329185
8329375
8330376
8331253
8332580
8332844
8333413
8334032
8335405
8336695
8337358
8338261
8338659
8340900
8342389
8343812
8343883
8344349
8347683
8348693
8349737
8350032
8351683
8352548
8352793
8354410
8355195
8355434
8355547
8357079
8357252
8358993
8360054
8360575
8361354
8362439
8364058
8365024
8366261
8368876
8369196
8369626
8371844
8374550
8374832
8377414
8377836
8378816
8379339
8379508
8379661
8380132
8380253
8380411
8380426
8380528
8380595
8380758
8381053
8381927
8382014
8383654
8384199
8387169
8387341
8388903
8392172
8393400
8394041
8395223
8395279
8395854
8396773
8397613
8401592
8402040
8403127
8403171
8403415
8404196
8406124
8406282
8406680
8406958
8407988
8408129
8408152
8411386
8411715
8412469
8412575
8414829
8415110
8417466
8419552
8419732
8420098
8421434
8423057
8423267
8423956
8424224
8424656
8426094
8427191
8428547
8430297
8430404
8430751
8431390
8434406
8435371
8436149
8436389
8436893
8437239
8437293
8439517
8439836
8441577
8442847
8443047
8443382
8444914
8445266
8446108
8446255
8446644
8453430
8454214
8456363
8456717
8458729
8459879
8460125
8461922
8465149
8466103
8466337
8466566
8466713
8466832
8468632
8468965
8469034
8469557
8472340
8472544
8472986
8473053
8474162
8474553
8476558
8476890
8477994
8480563
8482240
8482374
8482704
8483505
8486806
8489063
8489296
8490130
8492502
8494055
8494854
8495278
8495703
8500216
8501301
8501628
8503363
8503526
8503665
8503990
8504210
8505383
8505734
8510187
8510572
8511814
8511988
8512445
8513394
8515639
8515654
8515821
8519401
8523012
8523579
8526809
8526905
8529118
8532210
8533415
8533959
8534241
8534902
8535457
8536315
8538596
8538655
8538728
8539999
8540003
8540103
8540884
8541181
8541427
8544487
8545256
8545371
8546507
8547670
8547677
8549779
8551602
8551914
8552386
8552810
8553658
8553832
8553853
8554850
8556863
8557221
8559240
8561691
8563554
8565604
8566438
8566966
8567006
8567024
8568554
8569660
8570055
8570420
8572546
8572716
8574960
8576210
8576275
8577735
8580280
8581346
8582677
8584486
8585081
8585113
8585287
8585645
8585850
8589152
8589893
8591026
8592137
8592414
8592811
8594406
8595118
8595351
8595498
8595821
8596731
8598255
8598345
8598511
8598711
8598922
8600531
8600562
8604767
8606442
8607332
8608149
8608267
8609376
8609798
8610168
8611243
8611851
8613131
8613729
8613850
8614227
8614926
8615430
8616112
8618021
8618113
8619626
8620051
8620209
8620627
8621929
8621981
8622330
8622670
8624833
8626415
8626479
8626917
8627601
8627668
8627968
8628540
8628747
8629888
8632088
8633176
8633743
8635371
8635460
8636051
8637565
8638169
8638224
8638718
8639875
8642180
8642226
8642249
8642750
8643514
8645495
8646182
8646445
8646937
8649325
8650466
8650838
8651693
8651922
8654579
8655794
8656556
8657847
8657907
8658505
8659882
8659982
8661122
8662048
8665535
8668419
8669420
8671221
8672794
8672862
8673552
8674035
8674059
8675253
8677241
8678917
8679613
8680519
8680633
8681939
8684738
8685196
8687186
8687949
8688261
8688640
8688894
8688901
8693122
8693456
8694487
8695283
8695966
8696787
8696976
8697264
8700627
8700979
8701932
8703009
8703541
8704322
8705724
8706079
8706796
8710451
8711354
8712598
8712808
8714001
8717146
8717687
8718379
8719708
8719810
8719914
8720379
8721703
8723378
8725425
8727222
8727524
8728619
8730497
8732662
8734367
8734708
8735898
8736440
8737122
8737492
8739409
8739864
8741576
8741846
8742923
8744752
8745046
8745783
8746118
8746366
8746522
8748220
8748573
8748748
8748778
8751108
8751918
8752425
8752559
8755148
8755715
8756251
8757706
8758559
8758561
8760363
8761632
8761895
8762771
8767769
8768487
8769317
8770358
8770478
8770630
8772093
8772500
8773289
8773381
8773738
8773763
8774104
8774386
8774712
8775169
8776569
8778220
8778545
8779524
8780442
8781630
8783656
8783858
8785068
8785247
8785345
8786968
8789158
8789509
8790081
8793983
8794730
8794810
8795156
8795507
8796001
8799050
8800205
8801178
8802209
8802646
8802881
8803344
8803774
8803840
8804310
8807402
8809348
8809561
8809897
8810283
8810520
8814029
8818137
8819232
8821274
8821371
8823273
8824511
8824596
8824986
8825419
8825533
8827194
8828191
8829405
8830215
8830383
8831509
8831703
8832315
8832489
8832947
8835851
8836144
8839351
8839427
8840598
8842870
8845219
8848419
8848473
8851816
8855692
8855995
8856211
8856911
8858132
8858977
8860395
8861007
8862686
8863057
8863886
8864245
8865377
8866762
8867830
8867880
8868733
8868855
8869155
8870667
8871084
8871268
8871539
8871710
8872579
8874836
8874943
8875134
8876460
8878552
8878939
8879344
8879888
8879951
8880482
8881749
8882050
8882354
8882681
8884411
8884487
8884630
8885594
8885722
8885992
8886497
8886761
8886923
8888522
8890472
8890729
8891005
8893322
8893667
8894971
8895044
8895124
8895584
8897722
8897931
8898205
8898292
8900226
8900499
8901959
8902844
8903412
8903450
8903687
8903887
8904655
8906404
8907593
8908213
8908252
8909190
8910336
8911293
8912057
8915002
8915988
8917951
8918425
8919369
8920507
8921635
8922086
8922645
8922757
8922771
8923196
8923611
8924969
8925320
8925856
8926170
8927526
8928225
8928784
8928967
8929129
8929942
8930184
8931278
8933486
8938025
8939907
8940696
8941263
8941337
8942907
8944767
8945704
8947536
8947800
8948757
8949943
8950494
8950807
8951973
8952459
8953669
8955937
8955995
8956503
8957794
8958119
8958407
8959160
8960753
8961630
8961696
8961910
8962760
8962957
8963526
8964057
8964402
8965008
8965256
8965538
8965645
8966616
8973113
8974915
8975159
8975354
8976470
8978093
8978481
8978577
8978639
8978884
8978921
8979269
8981596
8982569
8982914
8983727
8984153
8984400
8984652
8984717
8984772
8985014
8985654
8987287
8991324
8996093
8996101
8997153
8997407
8997663
8998222
8998978
8999004
9000171
9001711
9004432
9004937
9005453
9006013
9006140
9013197
9013924
9016797
9016847
9017245
9018546
9019282
9021789
9025205
9025257
9025381
9025782
9026674
9027289
9027514
9028524
9033042
9034172
9036337
9037659
9038492
9039637
9039828
9040286
9041224
9045110
9045507
9047291
9047843
9047861
9048252
9048495
9048593
9048674
9049385
9052479
9053706
9054335
9054705
9055022
9055569
9056031
9056079
9056090
9056186
9056641
9056829
9059042
9061830
9061893
9064956
9065331
9066314
9066462
9067163
9067559
9073000
9074126
9074351
9074656
9075483
9075962
9076627
9079111
9079134
9079364
9081762
9082393
9082412
9083788
9087392
9087777
9088738
9090105
9090218
9091415
9093260
9098593
9100073
9100864
9102664
9103068
9103303
9108888
9109458
9111159
9111584
9115211
9116291
9117618
9121526
9124128
9125212
9125423
9126725
9128091
9128198
9130674
9130696
9132126
9134420
9134524
9134599
9136200
9136449
9137604
9138715
9139278
9140237
9141974
9142829
9143683
9145777
9146713
9147473
9147836
9148094
9148685
9150346
9152060
9153087
9153649
9155909
9156890
9157091
9157695
9158159
9159869
9162293
9162630
9162957
9162961
9163201
9164853
9166587
9167596
9168655
9168739
9169435
9169653
9174492
9175541
9176831
9177701
9178227
9178566
9178677
9178724
9179094
9180164
9181705
9181932
9182749
9185231
9185253
9185874
9186614
9186746
9187297
9187617
9187822
9188042
9192449
9193954
9196917
9197273
9197496
9197869
9198121
9199387
9199703
9199957
9200027
9200112
9200633
9201411
9201828
9202148
9202214
9202728
9204066
9204431
9204779
9205768
9206201
9206260
9206547
9207846
9208039
9209661
9210386
9211086
9212185
9212281
9214100
9214756
9216329
9218839
9219802
9220134
9220191
9221030
9221484
9223058
9223585
9223736
9225107
9225409
9225931
9226331
9227838
9228044
9228266
9228848
9229291
9229474
9230753
9231587
9232764
9232995
9234680
9234862
9236474
9240380
9241047
9243625
9245018
9245184
9245357
9248193
9248816
9249099
9249621
9251038
9251499
9253011
9253617
9254075
9256949
9258266
9259353
9261615
9263248
9263345
9263599
9264512
9265718
9265745
9266570
9267357
9269415
9270768
9271458
9272861
9275033
9275553
9275969
9276062
9276112
9276541
9276985
9277201
9277347
9278344
9279783
9279826
9282308
9282638
9285998
9290196
9291344
9291386
9294039
9295627
9295908
9297646
9297678
9298752
9299272
9299540
9299608
9299962
9305899
9306699
9307483
9308040
9309049
9309673
9310370
9310442
9311039
9311164
9312528
9312643
9313620
9314292
9315219
9318340
9318530
9319067
9319628
9320496
9321680
9322270
9324137
9327268
9328315
9329786
9329985
9330171
9331972
9332605
9332735
9333822
9333833
9334509
9337145
9337940
9339646
9340049
9341124
9343301
9345239
9345617
9345777
9349445
9351664
9351870
9354203
9355875
9356314
9356472
9356632
9357639
9359016
9360034
9363253
9363332
9363580
9364706
9365412
9365914
9367294
9367360
9367553
9369172
9369369
9369370
9370895
9374201
9375888
9376754
9378185
9379223
9379350
9380163
9380459
9380554
9380687
9384191
9385970
9386824
9387449
9389277
9391655
9392521
9392809
9393029
9396319
9397286
9397787
9398949
9402027
9402544
9402918
9403329
9403388
9403559
9403991
9406135
9406164
9408035
9410086
9411103
9412188
9412860
9416997
9417325
9418978
9421063
9421171
9421285
9424311
9424664
9426080
9430268
9430347
9431551
9431655
9434684
9434813
9435122
9435279
9436075
9437085
9437111
9437268
9439887
9442327
9443077
9443894
9445912
9449129
9451721
9452256
9452705
9455288
9455568
9456765
9456942
9458333
9459761
9460714
9460991
9461180
9461546
9462687
9463216
9465986
9466085
9466158
9466710
9466826
9467207
9468596
9469017
9472680
9475244
9475441
9475486
9476252
9476357
9480052
9482088
9482133
9482377
9483020
9483562
9487011
9487038
9488812
9489207
9489370
9489400
9489472
9489872
9489917
9491987
9493286
9493616
9494727
9497355
9499100
9501646
9502150
9502203
9502558
9502768
9504337
9506688
9506750
9507492
9507535
9508723
9509661
9509817
9511191
9511220
9512334
9512421
9512559
9512638
9514095
9515161
9515527
9517707
9518041
9518094
9519539
9521081
9523241
9526313
9526711
9527725
9529076
9530110
9531119
9533294
9534177
9534991
9535067
9535291
9535565
9536249
9536488
9537311
9538748
9539894
9540005
9540211
9540539
9541063
9541405
9542674
9546539
9546856
9548129
9550237
9550603
9550812
9551631
9552097
9553274
9554894
9556189
9559461
9559831
9560066
9562703
9563624
9565703
9565926
9565976
9566223
9568789
9569903
9571178
9571213
9573022
9575781
9580099
9580430
9580452
9583122
9586643
9587779
9589037
9589226
9591346
9591549
9592062
9592626
9593801
9595042
9595193
9596972
9597323
9598301
9598612
9599635
9601076
9601415
9601709
9601731
9601791
9602161
9603578
9603739
9605619
9606666
9607166
9607290
9607441
9609810
9610061
9610955
9612581
9613155
9615120
9615431
9616222
9617812
9618431
9620221
9622902
9624278
9627261
9630380
9631300
9633337
9634306
9634672
9635149
9635600
9635658
9637044
9640315
9640629
9641412
9643538
9644463
9644870
9646252
9646557
9646893
9647836
9648061
9648875
9650512
9650851
9655448
9656530
9657824
9658622
9659176
9659332
9660725
9661337
9662468
9662600
9662788
9664047
9665209
9667804
9670775
9670842
9670916
9671045
9671148
9672012
9672063
9672756
9672890
9675851
9676422
9676656
9677998
9678198
9680478
9683523
9684624
9686448
9686645
9687182
9687310
9687468
9687742
9689319
9689842
9690050
9690907
9692197
9692396
9692746
9692973
9693924
9694155
9694885
9695361
9695832
9696757
9697069
9700361
9701624
9702695
9704768
9704776
9704946
9705152
9706056
9706059
9706128
9707529
9708116
9709202
9709548
9709620
9710342
9712029
9713409
9714854
9716339
9717110
9718906
9719987
9720497
9720815
9722532
9723293
9724124
9724784
9726140
9726636
9726864
9729695
9730268
9731158
9731689
9733391
9733449
9733992
9734873
9736285
9736835
9738284
9738418
9740375
9742532
9742592
9742760
9743484
9745908
9747827
9749938
9750004
9750240
9750876
9751965
9752070
9752897
9753261
9753373
9754028
9757376
9758324
9758614
9758624
9760130
9761281
9762028
9768406
9768969
9769043
9770096
9772189
9772453
9772493
9772552
9772737
9774377
9774722
9775772
9777378
9779099
9780984
9781722
9782315
9783253
9784479
9786449
9789777
9790184
9791290
9791411
9793211
9797052
9797719
9798376
9798537
9799243
9801146
9801183
9801557
9801923
9802482
9803609
9803937
9804939
9805098
9805315
9805482
9806249
9807004
9809364
9809836
9809879
9811027
9811218
9811524
9812769
9813163
9813364
9814259
9814864
9817186
9819083
9821523
9822785
9823122
9823163
9823259
9823734
9825919
9826802
9826983
9828674
9828829
9829835
9830429
9831923
9832894
9833196
9833559
9833834
9834312
9834716
9836392
9838154
9838361
9838395
9841513
9844282
9844338
9845850
9846373
9846601
9847191
9848005
9848785
9849246
9850621
9851820
9852268
9853997
9854050
9854060
9854631
9854770
9858094
9859474
9859484
9859744
9859771
9860783
9861311
9862273
9862926
9864142
9866769
9867143
9867347
9868434
9870289
9871828
9873645
9873649
9874007
9874436
9876042
9879551
9881134
9881469
9882585
9884456
9885844
9887579
9888328
9890134
9891028
9892075
9892953
9893665
9895185
9896326
9896392
9900154
9900394
9901562
9902229
9902637
9903099
9903615
9903783
9903876
9904426
9906327
9906929
9907501
9907641
9907801
9908274
9910294
9912014
9912718
9913494
9913671
9913960
9914859
9918628
9920493
9921488
9923336
9923701
9924988
9927204
9927242
9927756
9928452
9929248
9930815
9931841
9933849
9934482
9939143
9939148
9939466
9941100
9946412
9948479
9948953
9949546
9949623
9950481
9951307
9951425
9952502
9954326
9954368
9955108
9956848
9957088
9959150
9960011
9960461
9962343
9963719
9963963
9964889
9966702
9967502
9969016
9969795
9970861
9973603
9973657
9974559
9977626
9978406
9978739
9980002
9980337
9981070
9981247
9984135
9984409
9985034
9985105
9985453
9986881
9987189
9989978
9990389
9991398
9991828
9993344
9995194
9995497
9995825
9998949
