1175
5859
7481
7828
8071
8966
9625
9762
10292
11311
11313
13143
15201
17075
17315
17589
18226
23019
23081
23920
25509
25548
26587
26601
26782
27592
27784
28146
29044
30345
32300
32885
33222
33422
34282
35038
35453
35915
36701
37927
40919
41526
42440
43138
45571
46805
50447
52457
53824
56408
58763
59316
59412
60475
60712
62731
63752
65798
66189
67322
68496
70430
71150
71254
74655
75013
75527
76396
78062
80004
80089
80585
82554
82723
84774
86128
86992
87145
87566
89721
90433
95257
95837
96659
96753
98534
98816
100672
100865
102487
103151
103535
106676
106882
108633
109265
109887
112463
113906
114186
115842
116798
118367
121209
121816
126897
127889
128303
128619
128653
128954
132163
132752
133066
133539
133955
135788
135806
136191
136200
136724
136752
136867
137586
139539
140974
141149
141234
142607
145727
145761
146213
147114
148002
149484
152606
153484
153641
154473
156338
157250
157701
157711
158585
159800
159972
160177
160389
162835
163939
164148
166194
167333
168696
171404
171710
175496
178272
179249
179292
179610
181007
182295
182838
183392
184671
185838
186667
187089
187772
188688
188958
189154
189827
190973
194631
198465
199700
199840
202769
204053
206543
209694
210113
211226
212371
214994
215284
217521
219158
219960
220009
220653
221865
222404
223382
223550
224129
225725
226562
226684
226793
227070
227269
227652
228316
229512
231456
231551
231795
231951
236292
236307
237561
238178
240956
242317
242960
244260
244268
246361
248153
248851
250791
251259
251626
251862
252189
252252
253370
255935
260704
261290
261846
263522
264298
264674
264934
267276
267789
268280
269046
270189
270918
270978
270986
271294
271325
272278
274063
276082
277035
280359
280638
283441
285758
286222
287863
288958
289475
290766
291021
293430
293842
293848
294638
295094
296546
296831
296857
297275
297617
297812
298382
299037
299125
299142
300459
301055
301955
302167
302201
303091
305088
306204
307348
307852
309493
310532
310990
311219
314517
315010
315382
315979
315999
316514
316822
317595
317797
319322
321460
322162
322404
323461
323814
323974
324290
325065
325783
327972
328551
328608
332300
333930
334899
334974
335055
336067
336208
336774
337490
337855
338742
339141
339792
341240
341662
342445
342657
342899
345242
348567
349825
350572
352515
354727
354794
354817
356390
356706
356915
357161
358420
358997
360489
360745
362257
362347
362633
364057
364748
366168
367198
368841
369350
370514
370605
371704
371722
372526
373236
373575
373995
375153
376868
377053
378627
379374
379560
379936
380897
381201
381266
381987
382418
382655
384422
385478
386524
389704
390760
392032
392311
394016
395071
398867
398892
404473
405001
405618
407809
408380
411858
412055
412487
413984
414910
415020
415173
415506
415559
417785
418166
419038
419319
421603
422602
426413
426953
427090
427931
430548
431019
431263
431838
432348
432756
432924
433856
434475
438754
439447
439619
442354
443565
446861
448035
448262
448570
448963
454649
454929
455201
455626
456003
456987
457712
458156
459167
460001
460162
461051
461783
465399
466624
467256
468201
468365
468535
469563
469725
471344
472132
473384
473830
475286
476813
477101
477127
477496
477723
477833
477851
478746
483602
484912
486154
488145
488967
489537
490036
490598
491420
495017
499284
500382
500834
501058
502742
502795
506042
506645
510551
511557
514341
515763
516361
517327
517902
518629
519379
520378
524808
526704
527343
528013
528281
528289
528352
528426
529819
533679
534790
536841
538001
538432
541153
541684
541898
543112
546441
547482
547536
548203
548264
549036
549498
550090
552542
552891
553572
554107
555955
558724
560312
560371
560874
561054
564496
564991
566361
566369
566423
567824
567938
569787
569853
570321
570407
571289
574489
576603
577293
577612
579793
579822
579834
580125
580610
581859
581989
582858
583263
584703
585189
585879
586037
586710
587399
587968
588225
591332
591405
592301
592325
593739
594110
594803
595604
597222
597531
597740
598262
599264
600050
600458
602081
603679
604327
604734
604831
605253
605419
606009
606693
607600
608508
609957
610056
614076
614946
619521
620261
621490
621731
622253
622478
622627
626829
626926
627979
628604
629574
632897
633069
633262
633790
633913
636085
636880
637243
638887
639719
640843
641422
641450
643284
645831
646255
646387
647925
648481
648884
649049
649572
650134
652911
653463
653467
654905
657082
658908
659314
661031
662249
662452
664818
665758
666169
667600
668079
668478
668788
670098
671847
671916
672021
672437
675302
676436
676463
676743
678139
678278
678655
679623
680966
682042
682672
682930
684613
687901
688867
688996
691320
692207
692209
692441
693844
694210
694369
695158
695202
695223
696793
697284
699278
700495
700928
701005
701083
701595
702011
702049
702835
703477
706225
706712
708222
709219
711902
711929
715775
716616
717545
719059
720938
721319
721425
721645
721775
723195
723223
723634
723863
724409
725623
725666
725972
726850
728334
731217
731500
732585
739445
740135
740382
740496
741292
742458
742552
743428
744411
746200
746474
746683
747816
747871
749315
749958
751179
752253
753234
755957
756716
757762
758457
759063
760479
762682
763050
764806
765581
765704
766258
767266
770875
774604
774693
780702
781055
782731
782884
783386
784069
784553
788826
789186
791907
791974
793441
794202
794338
797233
797976
798141
799692
800249
800437
802081
802100
802162
804511
805263
805536
805896
806345
808132
808261
808979
809142
809872
811986
813444
815279
815308
815919
817241
817658
819759
821280
822244
824141
828952
829229
829286
829583
830531
833212
833939
834136
835741
836525
837072
838032
838449
838950
838991
840584
841100
845226
845773
846715
848393
848525
848907
849438
850056
850351
850892
852830
853352
857313
857334
857759
858757
861984
862935
863017
863308
863438
865373
866886
867075
867709
868103
869808
869962
869994
870510
870531
872098
872775
873095
873912
874812
878996
881306
881478
882089
882712
886461
887084
887422
887963
888014
888572
888940
890021
892024
892207
892510
893147
893336
893606
895094
896648
898409
899156
902458
903134
903280
903428
904881
906704
907144
907589
911141
911219
912757
913060
913180
913972
914409
915152
915329
915414
915938
919101
921517
922257
922569
923129
923677
924301
926526
926782
929632
930120
930769
933945
935451
935753
937027
937329
940233
942877
944327
944356
944502
946554
946677
947963
948960
949231
949783
950027
950993
952299
952313
952577
952927
953483
954911
956098
957039
957393
958879
959981
962078
962364
962798
963291
963768
964444
964760
964814
965480
967930
970618
970676
972341
977316
980592
980608
983894
984026
984492
984612
985513
986031
986062
986881
988467
989791
989880
990969
992065
992742
994406
994934
996232
997050
999444
1000229
1000978
1002346
1003033
1003783
1003950
1005431
1007520
1008050
1008555
1009720
1010469
1010565
1010652
1010764
1010944
1012315
1012867
1013096
1013125
1013148
1013575
1013848
1014265
1014298
1014816
1014908
1015340
1016082
1016913
1018407
1018768
1019388
1019538
1019755
1020768
1021167
1022171
1022233
1022438
1022653
1022844
1023174
1024141
1027935
1028603
1028664
1031140
1031550
1033355
1033829
1034828
1035131
1035414
1035996
1038600
1038713
1040120
1040554
1041197
1042474
1042580
1044209
1044289
1045679
1045687
1046010
1049013
1049543
1049768
1050591
1051436
1053323
1053995
1054511
1055211
1055768
1055780
1056685
1056733
1057639
1059438
1060324
1061341
1062073
1064469
1064557
1065428
1065577
1067120
1068403
1069226
1069673
1069906
1072262
1072312
1073002
1075038
1075610
1076484
1076907
1078816
1079891
1081409
1081832
1082191
1083350
1083734
1086618
1087518
1088017
1088324
1090697
1092453
1092459
1092729
1092809
1094411
1095058
1096422
1097192
1098149
1098243
1099560
1101206
1102057
1104655
1104809
1104923
1105480
1106414
1111382
1115137
1117458
1120159
1120526
1121905
1122178
1122625
1123880
1125090
1125131
1125918
1127212
1127539
1128123
1130493
1132023
1134126
1134747
1135341
1135636
1136449
1137385
1138325
1138497
1139403
1143690
1144869
1146401
1151005
1151242
1152766
1154159
1156396
1156962
1157116
1157474
1157950
1158054
1158517
1163398
1164443
1166336
1166348
1170085
1170428
1170453
1170547
1170715
1170759
1170848
1172614
1172867
1174033
1174213
1177525
1182478
1185069
1185756
1185812
1186350
1187515
1187586
1187646
1187822
1187840
1188769
1188922
1189485
1189891
1190348
1191970
1192583
1195459
1196297
1196579
1196843
1199363
1199734
1201301
1201310
1201836
1201842
1202067
1203353
1203922
1204471
1207441
1207560
1208489
1209182
1210196
1213481
1213579
1215331
1215479
1216045
1216462
1218058
1218167
1219084
1220437
1220908
1224223
1226849
1227007
1227052
1227924
1229018
1229079
1230504
1230662
1230907
1231438
1232225
1233066
1233224
1233312
1234171
1234793
1235224
1235978
1237223
1237667
1238555
1239888
1240728
1244258
1250105
1250694
1251159
1252412
1253037
1254277
1256325
1256853
1259036
1261987
1262121
1264677
1264942
1265086
1265334
1265546
1267133
1267285
1268327
1269699
1270337
1271956
1272128
1272170
1273101
1273854
1274438
1274718
1276390
1276415
1277300
1280123
1280214
1281163
1281421
1282474
1282950
1283273
1283890
1283936
1288170
1288882
1289479
1289743
1292206
1292320
1292900
1293373
1294594
1295104
1297971
1300898
1303479
1303519
1304529
1304718
1304862
1306184
1307059
1308348
1310651
1310733
1311019
1311576
1312723
1313121
1313987
1314037
1314690
1315862
1316336
1316396
1317401
1317519
1320254
1322679
1324093
1324623
1324629
1324703
1325555
1326002
1326220
1326874
1327942
1329337
1329632
1330053
1330924
1330941
1335424
1336334
1336488
1339589
1340860
1341419
1341596
1341637
1344872
1345878
1346722
1347485
1348603
1349557
1351961
1352540
1352620
1353486
1354213
1354627
1355916
1356196
1356664
1356796
1357597
1358462
1359256
1361291
1362435
1362521
1363203
1363841
1363927
1364603
1364872
1364978
1368517
1369338
1371241
1372182
1372297
1372337
1374102
1374157
1375375
1375728
1376858
1377852
1377890
1378003
1378451
1379053
1379797
1380341
1381216
1383454
1385166
1385480
1386373
1388518
1388607
1395056
1396299
1396887
1397279
1397810
1398162
1398311
1398594
1398661
1398967
1399523
1401447
1402469
1402880
1403258
1404022
1405851
1409362
1410072
1410178
1411171
1412119
1414486
1415421
1416096
1416592
1419417
1420766
1422993
1423711
1423920
1424780
1426352
1426645
1428063
1428325
1429135
1429244
1430126
1430296
1430649
1432348
1433168
1434262
1434554
1434764
1435734
1436400
1437300
1437860
1438524
1438973
1439102
1439434
1440043
1440226
1441881
1442810
1442875
1443798
1444516
1445350
1445763
1446084
1446794
1448593
1448887
1450899
1452397
1452821
1453033
1453482
1453674
1454877
1457634
1458466
1459222
1459543
1459658
1460420
1461264
1461305
1461668
1463729
1465470
1465819
1466595
1466941
1467100
1467200
1468013
1468210
1468574
1468832
1469317
1469724
1470335
1470875
1473902
1474243
1474878
1474917
1476453
1476595
1477248
1477954
1479638
1480596
1483189
1483608
1487438
1487478
1488251
1489073
1490660
1492823
1494910
1497521
1498004
1499415
1502553
1502827
1504270
1506205
1506392
1509535
1509652
1511006
1511936
1514353
1514571
1516557
1516844
1516960
1517844
1521131
1521745
1521838
1524440
1525087
1526293
1528065
1529299
1529622
1530168
1530441
1530799
1532142
1534641
1534716
1536074
1536624
1538263
1538727
1538865
1540746
1541075
1542783
1544811
1546074
1548356
1550916
1551413
1553030
1554773
1557107
1557190
1557941
1558490
1558826
1562527
1562750
1564481
1564630
1565883
1567826
1569559
1569610
1572971
1574599
1574853
1575142
1576330
1577519
1580243
1581547
1581866
1582215
1582245
1585806
1587462
1588315
1588669
1589361
1589922
1590515
1594315
1594524
1594978
1595739
1596277
1597405
1599241
1599290
1600487
1600627
1601336
1607503
1609793
1610692
1611081
1611152
1611266
1613164
1613360
1614166
1615376
1617003
1617579
1618428
1618711
1619412
1620058
1620526
1620802
1621109
1622078
1622841
1623441
1623853
1623995
1625002
1625425
1626663
1628250
1628391
1628570
1628762
1629320
1629476
1634187
1634438
1635008
1635800
1637601
1638099
1639041
1639847
1644040
1645689
1645996
1650415
1651730
1653198
1653494
1654782
1655228
1655329
1655933
1656443
1656520
1658261
1658545
1658739
1662888
1663025
1663721
1663847
1664406
1665006
1667482
1668446
1670755
1671082
1671515
1672174
1673579
1673608
1673793
1674120
1674960
1675277
1676044
1676098
1677501
1678765
1678927
1680108
1680411
1682536
1683838
1684130
1684138
1685151
1685895
1688529
1688701
1689221
1689649
1690737
1692786
1692859
1693975
1694604
1695262
1697770
1697790
1698235
1699158
1699445
1701092
1701757
1701907
1702469
1702633
1704594
1704876
1706483
1708905
1709906
1710413
1712233
1712531
1712934
1713637
1715619
1715768
1715949
1716358
1718769
1720196
1721084
1721868
1721968
1722693
1723607
1725409
1725708
1726130
1726486
1728707
1729233
1732057
1732642
1733013
1734207
1734503
1736638
1737338
1737742
1740069
1740133
1741792
1741874
1742516
1742561
1743668
1744552
1745317
1745459
1745544
1747427
1748313
1751810
1752666
1754459
1754981
1756298
1757454
1757730
1757919
1759489
1761013
1762406
1764326
1764337
1765936
1766923
1767348
1768729
1769881
1772085
1774120
1774275
1775117
1776610
1776686
1777078
1777571
1777578
1779204
1782072
1783949
1784061
1785519
1786065
1786496
1787044
1787250
1788439
1790138
1790229
1790333
1790700
1791923
1792134
1793232
1796093
1796420
1796443
1797990
1799620
1800504
1800646
1801955
1801989
1802491
1802561
1802900
1803054
1805713
1807294
1808008
1808482
1808706
1809932
1810578
1811378
1811563
1812779
1813002
1813804
1814118
1816138
1816394
1817936
1818777
1820215
1820586
1822335
1824229
1824646
1825050
1826230
1826559
1828982
1829948
1833163
1834444
1835143
1836527
1838190
1839063
1839689
1839735
1840092
1842386
1843171
1843361
1844437
1845928
1847172
1847390
1847857
1847938
1850389
1850950
1851313
1851553
1851773
1851820
1852237
1852777
1856985
1857532
1857899
1858189
1859027
1860219
1860281
1860858
1860877
1862179
1862294
1862639
1863266
1863429
1863803
1863944
1865536
1865758
1866059
1867155
1868386
1869088
1870900
1872010
1873797
1874060
1874140
1875409
1875974
1877949
1880596
1881301
1882066
1882560
1883226
1884773
1886630
1887440
1887579
1888328
1891406
1891457
1891519
1891744
1892523
1892797
1892884
1893799
1894838
1896772
1896941
1897891
1898168
1898623
1899134
1904253
1904664
1906387
1906777
1908565
1910119
1910589
1912524
1913059
1913178
1913184
1915561
1917276
1919472
1921132
1921387
1922982
1925790
1926208
1927896
1928891
1932603
1933433
1933636
1933735
1933742
1934147
1935347
1941881
1942011
1943187
1945148
1946307
1946740
1947416
1949496
1950245
1951744
1952363
1953341
1954092
1954153
1955002
1956152
1956522
1956818
1956850
1957298
1957498
1957815
1957832
1959393
1959651
1960157
1960282
1960582
1960830
1961148
1961267
1962796
1966603
1968040
1970491
1971772
1971903
1972613
1972870
1974482
1976179
1976823
1977141
1978091
1978191
1978879
1979278
1979670
1982189
1982535
1982543
1983281
1983603
1984445
1986870
1986943
1988623
1990852
1992515
1992925
1993011
1994334
1994420
1999121
1999354
1999435
2001682
2001761
2002255
2003415
2005001
2005438
2005976
2006236
2009544
2009653
2010348
2014843
2015401
2017176
2017664
2018685
2022177
2024474
2024606
2024757
2026311
2027003
2028303
2029227
2029567
2029909
2030155
2032189
2032299
2033426
2034634
2035171
2035529
2036252
2036920
2038698
2038727
2039237
2039684
2039966
2040838
2042151
2042608
2043583
2044173
2045188
2046609
2047319
2047408
2049616
2049963
2050014
2050651
2050830
2051235
2051505
2051849
2052701
2052808
2053830
2055303
2055712
2056543
2057161
2058708
2059171
2060307
2061013
2061184
2061485
2062360
2063652
2064161
2064655
2065256
2065891
2066296
2066518
2066995
2067659
2068229
2069264
2070120
2070339
2071151
2071419
2071925
2073091
2074433
2074860
2076154
2076227
2077331
2078933
2079545
2080328
2081964
2082323
2082537
2083242
2083258
2084180
2084378
2084727
2085782
2088316
2089936
2090599
2090651
2091932
2092636
2092846
2093197
2093826
2094033
2094679
2094709
2095586
2095920
2096087
2096866
2098625
2100383
2102574
2104850
2105981
2106047
2106913
2107055
2107612
2107903
2108119
2110562
2113277
2115174
2115274
2115667
2116182
2118823
2119123
2119209
2121277
2122512
2122563
2123460
2124878
2126797
2127136
2129829
2129974
2131136
2131574
2134419
2137537
2140023
2141191
2142631
2144209
2147451
2148606
2149148
2150038
2150423
2153359
2153624
2153840
2154252
2154443
2157474
2157651
2158800
2159007
2160051
2161759
2162164
2162320
2162431
2164712
2165022
2165171
2165198
2165405
2165626
2166340
2167066
2168958
2169510
2169689
2170761
2170916
2171418
2171989
2174927
2177841
2179701
2179898
2181872
2182178
2183245
2183776
2184549
2186100
2186512
2188002
2189533
2189859
2192451
2192987
2193017
2195962
2197153
2197263
2197793
2198089
2200369
2200928
2201819
2201918
2202863
2203056
2203538
2204065
2204182
2204651
2205468
2206275
2207402
2208424
2210183
2210924
2211143
2211461
2212845
2213176
2213222
2213251
2214933
2215024
2215129
2216206
2218850
2219111
2219735
2222925
2225167
2226604
2227715
2228113
2228229
2229815
2230299
2231415
2231685
2231756
2232991
2233580
2234736
2234974
2235219
2235446
2238978
2241994
2244202
2244449
2244550
2245752
2245902
2248935
2249138
2252678
2255445
2257036
2257110
2257813
2258769
2259172
2261857
2266169
2267496
2273146
2274669
2276334
2277101
2277403
2279541
2279979
2280833
2281275
2283482
2283654
2285627
2287610
2288101
2289591
2290542
2292627
2295000
2296479
2296742
2296993
2297220
2298927
2299890
2300782
2301354
2301467
2302954
2302983
2303252
2303799
2304662
2304962
2305218
2305576
2307531
2307825
2313791
2313864
2314490
2315335
2316108
2316181
2316525
2316819
2317050
2320281
2320320
2321212
2321970
2323355
2323415
2324094
2324102
2324738
2329836
2330668
2331000
2332996
2333799
2336121
2336791
2337236
2338426
2341486
2342260
2342753
2344591
2345596
2348136
2348298
2348815
2349224
2350069
2350727
2350806
2351264
2352846
2354570
2355030
2356708
2357156
2358553
2359133
2362463
2362697
2363506
2363561
2364010
2364465
2364777
2364989
2365858
2367385
2370663
2370979
2373114
2373351
2373868
2374607
2374696
2375149
2376691
2376918
2377930
2378401
2379103
2379588
2382664
2383702
2386919
2387453
2387948
2389063
2391171
2391220
2391851
2392166
2392673
2392975
2393090
2393414
2393746
2393885
2394196
2394311
2394559
2396815
2397398
2397787
2398553
2399315
2401533
2403169
2404848
2406046
2406744
2406838
2406967
2407243
2407268
2408933
2409228
2410054
2410594
2411019
2411059
2411577
2413305
2414537
2415573
2415780
2417148
2418268
2419738
2420310
2420336
2421556
2423450
2425060
2425128
2426324
2426438
2428514
2428854
2429674
2430183
2430205
2430434
2430718
2430968
2431370
2431633
2432450
2434926
2435568
2436341
2438041
2438122
2439327
2440178
2440654
2440890
2441008
2441463
2442246
2442313
2442782
2442906
2442992
2443823
2443920
2444358
2445324
2445615
2446636
2447315
2448817
2448938
2449414
2449590
2452004
2452052
2453830
2454511
2459110
2459783
2460680
2460822
2461057
2463576
2463700
2464898
2466358
2466471
2468208
2468898
2472093
2472431
2473359
2473873
2476865
2478613
2479415
2479510
2480289
2480737
2481865
2482248
2482430
2482663
2482994
2485084
2486997
2491374
2492127
2492692
2493926
2496497
2497780
2498298
2498868
2499048
2499537
2500457
2501489
2501675
2502220
2502268
2502524
2503089
2503383
2505003
2505530
2506207
2506643
2507078
2508120
2511232
2511382
2512347
2512688
2512740
2512759
2513187
2513420
2513627
2513872
2514164
2514217
2516105
2516253
2516845
2517293
2517388
2517708
2517816
2518118
2522415
2522603
2523161
2523816
2523904
2524334
2524351
2524392
2524475
2525230
2527214
2528741
2528777
2529220
2533894
2533980
2534491
2536220
2537027
2537245
2538181
2538493
2540671
2540718
2542676
2543114
2543125
2543344
2543730
2546172
2548580
2551095
2551580
2552308
2554795
2555040
2555515
2555920
2557725
2558292
2558661
2559206
2561098
2561333
2561657
2562006
2563465
2566715
2567086
2567286
2567546
2568153
2568390
2568551
2569507
2571406
2572900
2574053
2574248
2575741
2578470
2580132
2580466
2582825
2582850
2582885
2582933
2584826
2585066
2586873
2587144
2588500
2588696
2588915
2589499
2590410
2590599
2590905
2591241
2592207
2593739
2594931
2595280
2595567
2596038
2596056
2597592
2597808
2597836
2598784
2599133
2599230
2600135
2602397
2603221
2604550
2604619
2605492
2606061
2606082
2606977
2610019
2611960
2612122
2612331
2612356
2613923
2615064
2615542
2616039
2616075
2616504
2618296
2619453
2622822
2623663
2624131
2624504
2624777
2625406
2626073
2626447
2626704
2626810
2627231
2627475
2628913
2632367
2633738
2634923
2635103
2635209
2635754
2638791
2638880
2639666
2640061
2641851
2641963
2643681
2646647
2649469
2649656
2650058
2651103
2651365
2651711
2652690
2653714
2653836
2655460
2658399
2658418
2658518
2660110
2661904
2662107
2662360
2663588
2663728
2663791
2666659
2668473
2668488
2669413
2669737
2670277
2670487
2671558
2671660
2672160
2672886
2673639
2673935
2675758
2676351
2676425
2677393
2677928
2679221
2679392
2681909
2684164
2684930
2685918
2688141
2688262
2689642
2693134
2695221
2697196
2697557
2700838
2703347
2705403
2708918
2709329
2709801
2711428
2714226
2715116
2717976
2718738
2719097
2719928
2719980
2720798
2721950
2723421
2724941
2725343
2725711
2725864
2728144
2728826
2732080
2732533
2733625
2733863
2734516
2734988
2735007
2735197
2735676
2735730
2736664
2736829
2739088
2740402
2740474
2740823
2741204
2741968
2743213
2744736
2747212
2747536
2748674
2750195
2750227
2751102
2755036
2755567
2755665
2756149
2756509
2757122
2757542
2757979
2759351
2759692
2760291
2761695
2762023
2764267
2765042
2766498
2766712
2766725
2767535
2769292
2769597
2771251
2771490
2775042
2775644
2775869
2777198
2777914
2777934
2778396
2779637
2779659
2780443
2782003
2785731
2786096
2786499
2790851
2792656
2794749
2796155
2796789
2798483
2798765
2798849
2799054
2799152
2799458
2801524
2802164
2802540
2802676
2805175
2805382
2805693
2807601
2808002
2809854
2811151
2813767
2814217
2814388
2815420
2815487
2816630
2816988
2818563
2818797
2819317
2820423
2820510
2822265
2824910
2829442
2832637
2833077
2833194
2833995
2835154
2837423
2837725
2838059
2838671
2840399
2843208
2844011
2844959
2846705
2847173
2847708
2848171
2848345
2849448
2849740
2850548
2851110
2851953
2852047
2852452
2852544
2853081
2853114
2854353
2854851
2856199
2857881
2858791
2860199
2860306
2861696
2862134
2862771
2862917
2863459
2865533
2868842
2870203
2870466
2870658
2872697
2872957
2873467
2878041
2878987
2879673
2879780
2880555
2881969
2882109
2885099
2888794
2889325
2890442
2891273
2895987
2896009
2896793
2899078
2901169
2903240
2904728
2906279
2907089
2908066
2908457
2912620
2913150
2913226
2913268
2914608
2915157
2916118
2916302
2917412
2918835
2920068
2920090
2920894
2922070
2922894
2922989
2923145
2923591
2925109
2928166
2929222
2933722
2934903
2935215
2935991
2936361
2937885
2941061
2942926
2944097
2945945
2946290
2946582
2947325
2947794
2948908
2951482
2952152
2956376
2956959
2961033
2961628
2962855
2963246
2964395
2964745
2968269
2968276
2970777
2974113
2975057
2975321
2976912
2978128
2978755
2979059
2979858
2980495
2981248
2981730
2982640
2984227
2985609
2987291
2987482
2989261
2990812
2994306
2999862
3001105
3002640
3004107
3004819
3005201
3008019
3008250
3010975
3011758
3012244
3013089
3013415
3013769
3014813
3015368
3016933
3018499
3018945
3020947
3021525
3022082
3022134
3023186
3023572
3023632
3024143
3024987
3025304
3025713
3027171
3030403
3030548
3031317
3032202
3034466
3035615
3036301
3037263
3037613
3039493
3041057
3041803
3044482
3044970
3045755
3045775
3046582
3047017
3047223
3048019
3048318
3051046
3051163
3051764
3057493
3060036
3060281
3060397
3060712
3063217
3063790
3065046
3065405
3065997
3068878
3068925
3069368
3070681
3070683
3071248
3071768
3077385
3080014
3080027
3080565
3080648
3082550
3082602
3082825
3084544
3084994
3085034
3087285
3087306
3088128
3088334
3088454
3089256
3090254
3090343
3091238
3091661
3093750
3095486
3096266
3098019
3100120
3100358
3100410
3100570
3100635
3101299
3103481
3103667
3103804
3104366
3105851
3106270
3107473
3108215
3108325
3108365
3108373
3108501
3112395
3113427
3114618
3114890
3116715
3116975
3117820
3118273
3119759
3120857
3121340
3121745
3123170
3123705
3124448
3124683
3128635
3132795
3133375
3135712
3136657
3136658
3137322
3137964
3139750
3139949
3140013
3141920
3142194
3144276
3144676
3144935
3146318
3147003
3147519
3147829
3148357
3148904
3149154
3150042
3150770
3150941
3152062
3152110
3153925
3154031
3154672
3158248
3158392
3160681
3160872
3162491
3167213
3167597
3168271
3170042
3170091
3170873
3172871
3174371
3178995
3180041
3182608
3182747
3182883
3183044
3183467
3183692
3185141
3186142
3187877
3188341
3188656
3188790
3191752
3192656
3192733
3196318
3197108
3199354
3199983
3202742
3205578
3205764
3207202
3208424
3209269
3211495
3214250
3214602
3218906
3222806
3224377
3224641
3225550
3226033
3227072
3227095
3227240
3228187
3228282
3232639
3234568
3235928
3236389
3239167
3239765
3240541
3241018
3241201
3241842
3242195
3244599
3245875
3246698
3249345
3250252
3250878
3251785
3251828
3251879
3252305
3253200
3253790
3254178
3254908
3257682
3258100
3258507
3263560
3265569
3267597
3268563
3268975
3269022
3269592
3272478
3272734
3275709
3277006
3277383
3278027
3278038
3280948
3281054
3281388
3282374
3283214
3283499
3284194
3284203
3287477
3287497
3287721
3288346
3288812
3289651
3290192
3291398
3291408
3294546
3295246
3295765
3295831
3295871
3297497
3299381
3300256
3300980
3301507
3301551
3302787
3303120
3304903
3305050
3305062
3306482
3307392
3307633
3307825
3307996
3310996
3311024
3311738
3312448
3312455
3312912
3314020
3314686
3315129
3315835
3317333
3317445
3317893
3318477
3318917
3319457
3321021
3321254
3321964
3322800
3322951
3324069
3324170
3324544
3325048
3325104
3325872
3326668
3329387
3329661
3329909
3331295
3331936
3333257
3333379
3334036
3335506
3336173
3336276
3336433
3336627
3336962
3341578
3341621
3343300
3343996
3345372
3345393
3346682
3347078
3352103
3352677
3352693
3353352
3354739
3354894
3355676
3356305
3356368
3357660
3360366
3360845
3361544
3362467
3362587
3362698
3363457
3364732
3368005
3369733
3370931
3371381
3371667
3371757
3372457
3372673
3374002
3374910
3377117
3377375
3377574
3377764
3379448
3380025
3380224
3381118
3382259
3383031
3383469
3383836
3384605
3387907
3387911
3388177
3388649
3389700
3390484
3393083
3393258
3394101
3394358
3394849
3398145
3398258
3399957
3400202
3400746
3401332
3403329
3403880
3404065
3404208
3405304
3405310
3406490
3408382
3410142
3410484
3411878
3411992
3412216
3413483
3414462
3415503
3416155
3417151
3417338
3418107
3419327
3419976
3420698
3421310
3424187
3425399
3427718
3428467
3428952
3428986
3429573
3430027
3430579
3431762
3431978
3434483
3435431
3436696
3436885
3437979
3439405
3440805
3440871
3441414
3441638
3445770
3445916
3446476
3447859
3448259
3450546
3450640
3450933
3451248
3451668
3452147
3453380
3453455
3453568
3453908
3454296
3454477
3455238
3457202
3459477
3460144
3460652
3462573
3463325
3465169
3467688
3467995
3468202
3471046
3471298
3473397
3473646
3473811
3474979
3475384
3475774
3475801
3478549
3480119
3483136
3483231
3484646
3485953
3488206
3488854
3489253
3489986
3490184
3490905
3490969
3491513
3492049
3492570
3493572
3494185
3494829
3495326
3495404
3495412
3495825
3495848
3496587
3496867
3497366
3498866
3499549
3500670
3500790
3501940
3503041
3503333
3504651
3509214
3509564
3509979
3510002
3510854
3513443
3513582
3514826
3515272
3516578
3518180
3519047
3520008
3520974
3521264
3521821
3522435
3522529
3522648
3523037
3523888
3524063
3527132
3529837
3530693
3531591
3531823
3533439
3536749
3537737
3539233
3539306
3542395
3543127
3543520
3544269
3546597
3548160
3548223
3549016
3551104
3551449
3553502
3553794
3553925
3555339
3555513
3556104
3556919
3556948
3558257
3560805
3562257
3563656
3563876
3564378
3565331
3567792
3568309
3569873
3571101
3572058
3573082
3574604
3575260
3575399
3576241
3577295
3578251
3581279
3581798
3584175
3584391
3584762
3584847
3590035
3590411
3590708
3590806
3590960
3591054
3591253
3591589
3592387
3592954
3593535
3594753
3596216
3598489
3598569
3598748
3600040
3600060
3600217
3600246
3601912
3602539
3602620
3603882
3605839
3605843
3606378
3608129
3608284
3610295
3612269
3613557
3615902
3616662
3616760
3617366
3620805
3621480
3623372
3625746
3626088
3627083
3627587
3628050
3628124
3628728
3629396
3631246
3631558
3633317
3633916
3636673
3637365
3639288
3639550
3640691
3643108
3643317
3643698
3645291
3647888
3649209
3649693
3650292
3650302
3650645
3650922
3652826
3652940
3654335
3654939
3655935
3656793
3657678
3660327
3660563
3660751
3662117
3662212
3663051
3663162
3667364
3668087
3668136
3668620
3668634
3668769
3669996
3670099
3670622
3672654
3672873
3673567
3673858
3676169
3676414
3676500
3680659
3683289
3683393
3686607
3686755
3687103
3688535
3688796
3689290
3691356
3691585
3694727
3695500
3695986
3696981
3697012
3698779
3699234
3700152
3700444
3701032
3702376
3703260
3704722
3705441
3705986
3706698
3708836
3709645
3709737
3710571
3712115
3713244
3714226
3715983
3717344
3717966
3718788
3721053
3721704
3722056
3724161
3724247
3729435
3729549
3730282
3730940
3731567
3733825
3735334
3736844
3736863
3738497
3739314
3739536
3740039
3741528
3744558
3745728
3745893
3747120
3747450
3747778
3748709
3748787
3749855
3749994
3750365
3750931
3751126
3753344
3755706
3756078
3759546
3760518
3761245
3761663
3762287
3762874
3763427
3763488
3764786
3766552
3766977
3768439
3771031
3771285
3772437
3773115
3773973
3775260
3776086
3777163
3783881
3788060
3788423
3792043
3793325
3794784
3795617
3798163
3798973
3799284
3801409
3801414
3801542
3801690
3803165
3803215
3803680
3807311
3808661
3809587
3810418
3812405
3812871
3814216
3816506
3817542
3818187
3818192
3819193
3821199
3821621
3821933
3822226
3822399
3822672
3822986
3823153
3823554
3824234
3824297
3824525
3825696
3826633
3826790
3827529
3827679
3828833
3828965
3829428
3829591
3832256
3832904
3833328
3833926
3835222
3837286
3837816
3839195
3840404
3840913
3840987
3841803
3842254
3843383
3843676
3845069
3845108
3846155
3847725
3848726
3851650
3854127
3854943
3854968
3855358
3856472
3856575
3856966
3860203
3860312
3860723
3860821
3862395
3863793
3863855
3864236
3864683
3865955
3866221
3867054
3867368
3868720
3869128
3870650
3871693
3873325
3873390
3874365
3876528
3878462
3879564
3879936
3880436
3880860
3882991
3884422
3886131
3886863
3887357
3888363
3890060
3890638
3892336
3894775
3895973
3898691
3899422
3899470
3899955
3901687
3903223
3903409
3904474
3904948
3905173
3906298
3906519
3907848
3908323
3908744
3908913
3908944
3913399
3913739
3913971
3914243
3914470
3914774
3915048
3915324
3915816
3916239
3916471
3917152
3917297
3917420
3917656
3917747
3918808
3919171
3919197
3919601
3921367
3921436
3921467
3922143
3922165
3922301
3923000
3924437
3924732
3925330
3926720
3927202
3931394
3931731
3932032
3932379
3936528
3937572
3938345
3939152
3944184
3948102
3949532
3951253
3951445
3953240
3954610
3955463
3956759
3957079
3958515
3958758
3963942
3965172
3965701
3966501
3967792
3967797
3968625
3969381
3969413
3969977
3971061
3973079
3974228
3974401
3976319
3976485
3977336
3977526
3978188
3978356
3979843
3982529
3983687
3984349
3984575
3985461
3985793
3986310
3988956
3989652
3990857
3992874
3998545
3999355
3999370
4000774
4001648
4003281
4003620
4003698
4003762
4003820
4006887
4006901
4008096
4008233
4008418
4009922
4010959
4011602
4012073
4013129
4013313
4013357
4013863
4014182
4015017
4016342
4016871
4017383
4018960
4019635
4021571
4022414
4025079
4025470
4027095
4028310
4030625
4033497
4033905
4035801
4036101
4037158
4039514
4039580
4040347
4041267
4044068
4045661
4046659
4047711
4049577
4050143
4050568
4050715
4051219
4051471
4053436
4053667
4055681
4056481
4057923
4058263
4058865
4060819
4061616
4062302
4063646
4064914
4064964
4065362
4065683
4066000
4066447
4066780
4067104
4068759
4070424
4071647
4073359
4073764
4073999
4074400
4074585
4078594
4081873
4081945
4085984
4086606
4087654
4087671
4089594
4089718
4091367
4091969
4093832
4094849
4095739
4095770
4096943
4097142
4097386
4097722
4098062
4101034
4101626
4103668
4105170
4105485
4105954
4107743
4108295
4109100
4109399
4109400
4114136
4114248
4114398
4114719
4115934
4116023
4116431
4116563
4117121
4117404
4118168
4118339
4118864
4119168
4119719
4122380
4123638
4124408
4124979
4126388
4127745
4127885
4129410
4129987
4130059
4130082
4131667
4132557
4135198
4136740
4138681
4139718
4140072
4140790
4141677
4142570
4143280
4143358
4143371
4143770
4144716
4145165
4146910
4147328
4147575
4148026
4148544
4148905
4151175
4151646
4152417
4153747
4153837
4155751
4156706
4157421
4158132
4159370
4159530
4160528
4160933
4164268
4164482
4165451
4167495
4167871
4172878
4173018
4175819
4177034
4177292
4177921
4178210
4178319
4179805
4180091
4180096
4181506
4183127
4183156
4183766
4183886
4184495
4185267
4187378
4187733
4189635
4193797
4195839
4196085
4197033
4197460
4197645
4197869
4198817
4199118
4201815
4202967
4203284
4203817
4204562
4204928
4204956
4205931
4206030
4206749
4207384
4209713
4209909
4211661
4212771
4216945
4217476
4218177
4218954
4219097
4219230
4222499
4222631
4223057
4223563
4223702
4224390
4224495
4226087
4226179
4228116
4229231
4229372
4229625
4230195
4230368
4232431
4233146
4233668
4234795
4237499
4237675
4238446
4239672
4239839
4241699
4246869
4248914
4249253
4249476
4250057
4250305
4251515
4251669
4254139
4254531
4254715
4255228
4255434
4255479
4256512
4256580
4257248
4258946
4261590
4263551
4264480
4267066
4267575
4267633
4268797
4270740
4271727
4272417
4272672
4273157
4275124
4276197
4276939
4277061
4278295
4279038
4280263
4282245
4282689
4283402
4284268
4287607
4288082
4288237
4288972
4291165
4291929
4292534
4293773
4296251
4298353
4299393
4300382
4301542
4302118
4302584
4303247
4304087
4304837
4304854
4306893
4307562
4308097
4309405
4310119
4310664
4310845
4311844
4312457
4312681
4313225
4313321
4313328
4314041
4314883
4315705
4315880
4315894
4315984
4317302
4319082
4320125
4320152
4320532
4320720
4323032
4323193
4323262
4323966
4324835
4325257
4325705
4327509
4329311
4329784
4330009
4331773
4334066
4335562
4336957
4337835
4338565
4338938
4339184
4339969
4340218
4341013
4341031
4341677
4342088
4342299
4343915
4344270
4344296
4344308
4347535
4351122
4351601
4351911
4353468
4354144
4354273
4355644
4356600
4356641
4356792
4357671
4358481
4358769
4359223
4359768
4360405
4361999
4364156
4364566
4364791
4365278
4366140
4366943
4367200
4367308
4367745
4368067
4370183
4370234
4370641
4372101
4372495
4373167
4373452
4373715
4373822
4374513
4376597
4376600
4378623
4378955
4379825
4381500
4383057
4383095
4383234
4383457
4384595
4386652
4387582
4387657
4390493
4391963
4392123
4393665
4395180
4395691
4396123
4397822
4398385
4398701
4400470
4402604
4404423
4404672
4405494
4405549
4405933
4409622
4409838
4412328
4412578
4417140
4417467
4419989
4420144
4420152
4421682
4425664
4426644
4426687
4428163
4431424
4432222
4432583
4433078
4433287
4433994
4435189
4436396
4438497
4439241
4439776
4440434
4444383
4445593
4446910
4448095
4449214
4449792
4452599
4452660
4453465
4454442
4455832
4457193
4457220
4457300
4458203
4458556
4458997
4459259
4460729
4461049
4461418
4461655
4462058
4462623
4463457
4464472
4465048
4465116
4465616
4465828
4465969
4467142
4468028
4468071
4468956
4470146
4470568
4472334
4472540
4473139
4473672
4474088
4474317
4474552
4478293
4479637
4480683
4480902
4481105
4482324
4482548
4482962
4485435
4488377
4488914
4489137
4489372
4492531
4493102
4494241
4494943
4495404
4495797
4496891
4498435
4498803
4499199
4499483
4499577
4499800
4500033
4500288
4500866
4500912
4501395
4504886
4505383
4506071
4508897
4509700
4511278
4512474
4513122
4516170
4517774
4518063
4518396
4519748
4521390
4521612
4522751
4523757
4524547
4527272
4527463
4527498
4527774
4529036
4530081
4531747
4532182
4532267
4534420
4536072
4536966
4537331
4539629
4540517
4541484
4543059
4544808
4544841
4544994
4545772
4545829
4548019
4549057
4549140
4550651
4550671
4551383
4554544
4554695
4555432
4557088
4558031
4558040
4558485
4558978
4559391
4560326
4560503
4561876
4563425
4563478
4564294
4564601
4565076
4566483
4568938
4569791
4570268
4571040
4571337
4573242
4574712
4575953
4578831
4580377
4580956
4582093
4583301
4584502
4584980
4586296
4587725
4588264
4588604
4595462
4597801
4600619
4602823
4603136
4606217
4607292
4607368
4609331
4610633
4611935
4612924
4613070
4613931
4613965
4614373
4614999
4615339
4615812
4616023
4617428
4617487
4618423
4618614
4618988
4619709
4621365
4622507
4623727
4624243
4627113
4629061
4629593
4631764
4632671
4632882
4633635
4634554
4637108
4637223
4637586
4638636
4643080
4644241
4647295
4647432
4647680
4647802
4648339
4652046
4652080
4652203
4652669
4653969
4655881
4655925
4657473
4662114
4662870
4663554
4663776
4664251
4669901
4672027
4674529
4675583
4676107
4677537
4678027
4679120
4679335
4680806
4682572
4682720
4683248
4683906
4683923
4684239
4687069
4688068
4688447
4689109
4690181
4690706
4692122
4692406
4692455
4692595
4694154
4695046
4696388
4696708
4697222
4701066
4704342
4704452
4704846
4705235
4705467
4705753
4705858
4706158
4706382
4706486
4706495
4706567
4707026
4707153
4707644
4709099
4710764
4711647
4712422
4712458
4713652
4715043
4715531
4715691
4717437
4719375
4719498
4721906
4722188
4722831
4723768
4724686
4724820
4725510
4725558
4725713
4726565
4726816
4727685
4728550
4728803
4733922
4736414
4736492
4736754
4736952
4737478
4738407
4740414
4741308
4742128
4743127
4744794
4744848
4744988
4745727
4746216
4747022
4747122
4748521
4749872
4750351
4751206
4752551
4752841
4752948
4752989
4758872
4758893
4762606
4763060
4764349
4765880
4766075
4768121
4771202
4773169
4773887
4774507
4775637
4775703
4776797
4778368
4778379
4779862
4781179
4782949
4783400
4784234
4784553
4784573
4786148
4786392
4786522
4786792
4788487
4788750
4790545
4791596
4793034
4793839
4794105
4794212
4794659
4795615
4796859
4798414
4799300
4800432
4800728
4801529
4801895
4802152
4803157
4805981
4807273
4808694
4809177
4810270
4810887
4812709
4812806
4812876
4814615
4816071
4816209
4816604
4816876
4817005
4817594
4818035
4818431
4821241
4822220
4822402
4823928
4825736
4826075
4827230
4827305
4828163
4829534
4830042
4831611
4832140
4832171
4832330
4832712
4832902
4833341
4834255
4838493
4843001
4843609
4844053
4844430
4845036
4845678
4848089
4849396
4849925
4851220
4851630
4852375
4857443
4858032
4858037
4858180
4858633
4859767
4860020
4860117
4862802
4863379
4863463
4865186
4865280
4866112
4866568
4868710
4869625
4869633
4870533
4870892
4871712
4871901
4871905
4872512
4873993
4874308
4875745
4875983
4880245
4881370
4881434
4881678
4884569
4884723
4885014
4885795
4886697
4887228
4887522
4888436
4888916
4889763
4890521
4891753
4892168
4892212
4894010
4895764
4895911
4896644
4898331
4898719
4898979
4900920
4901646
4903697
4903851
4907530
4909749
4910080
4913157
4913608
4914001
4915635
4917158
4917359
4918266
4919001
4920062
4921557
4922822
4923700
4924189
4925123
4926388
4926992
4927190
4927342
4928262
4929616
4931091
4931495
4934023
4934912
4934964
4936849
4937066
4937662
4938741
4940413
4940971
4945018
4945314
4945668
4947266
4947598
4948295
4948884
4949653
4951055
4951133
4951147
4953862
4954785
4954790
4955217
4956435
4957848
4959879
4960022
4960149
4960482
4960757
4961521
4963241
4963598
4963840
4963913
4964318
4964596
4964731
4966457
4967317
4967446
4967740
4968675
4972618
4974402
4974839
4976136
4977846
4978015
4979058
4980570
4980750
4981416
4981660
4981944
4982389
4983472
4983696
4985505
4987427
4989608
4990843
4991163
4991887
4992194
4992362
4992739
4994244
4995392
4997022
4998729
4998854
4999854
5000054
5000687
5001867
5003259
5005041
5008427
5009031
5009912
5012340
5012454
5013134
5013709
5014194
5014328
5015320
5015888
5016335
5016835
5017173
5018544
5018764
5019039
5019544
5019608
5020389
5022432
5023221
5023835
5024448
5025860
5027198
5029742
5030420
5031251
5031882
5032258
5032508
5033700
5033711
5034728
5035507
5035900
5036783
5037529
5037970
5038412
5038847
5040239
5041309
5041761
5044007
5044435
5044565
5044855
5045100
5045382
5045513
5048735
5048931
5049965
5051162
5051913
5056720
5056997
5057280
5058321
5059430
5059558
5061127
5062920
5064932
5066368
5068883
5069555
5071777
5074333
5075504
5075954
5078694
5080156
5080726
5081797
5082031
5084354
5087453
5087861
5088921
5090285
5090494
5093466
5093797
5095230
5095273
5097844
5098346
5100852
5101489
5103286
5105364
5106731
5107904
5114766
5114936
5115931
5117388
5117423
5119405
5119830
5119991
5120448
5121377
5121531
5121861
5122310
5122913
5123702
5123903
5125623
5127070
5128524
5129522
5129890
5130160
5131491
5132147
5134186
5134364
5134571
5136690
5137327
5137426
5138054
5140169
5141223
5143072
5143263
5143309
5143674
5143709
5143800
5146128
5146638
5146681
5148970
5150078
5150604
5150826
5151089
5152631
5153186
5153213
5153939
5157454
5158053
5164266
5166534
5168023
5169093
5169340
5171056
5172797
5173491
5174772
5176279
5176400
5177215
5179117
5179340
5180684
5182143
5182818
5183492
5184305
5187927
5188472
5189155
5190991
5191258
5194416
5196612
5197369
5199149
5199285
5201082
5202347
5202992
5203063
5203412
5206670
5207358
5208804
5209641
5212684
5213307
5214691
5218009
5218750
5220291
5221013
5221584
5221837
5223299
5223961
5224255
5224285
5224630
5225524
5225652
5226396
5229032
5229460
5230607
5230652
5231416
5233570
5234715
5234739
5235980
5236334
5236428
5237561
5238282
5238981
5239021
5239188
5240150
5241916
5242679
5242923
5243507
5244069
5244365
5244429
5245490
5247073
5247390
5248305
5249859
5250538
5252828
5254541
5254680
5255720
5256775
5258651
5258683
5259005
5259760
5260497
5261071
5261773
5261968
5264266
5265150
5266383
5266874
5266934
5267299
5267764
5268621
5271351
5275087
5276776
5277090
5278765
5279945
5281708
5285486
5286939
5287233
5287536
5289950
5290107
5290336
5291878
5292003
5292013
5294424
5295498
5296435
5297450
5299613
5302181
5304103
5304727
5305233
5306785
5309146
5310149
5310932
5311346
5313390
5314365
5315296
5316776
5317326
5320644
5320684
5321330
5322603
5322952
5323944
5324310
5325100
5325442
5325686
5326010
5327265
5328497
5329287
5329567
5331890
5332263
5332840
5333030
5335952
5338204
5339079
5340498
5340608
5342172
5342223
5343670
5345327
5347619
5347778
5349206
5349222
5349291
5350729
5350845
5353230
5353408
5354135
5354718
5355504
5356348
5356552
5357753
5358141
5358761
5358768
5358883
5359213
5359438
5359648
5361754
5364580
5364667
5364761
5364835
5365854
5366385
5368690
5370964
5371060
5372436
5373803
5374948
5376541
5378168
5379209
5382375
5382936
5383421
5383618
5384560
5384569
5384914
5385267
5385298
5386137
5386225
5386274
5388125
5388714
5390973
5391969
5393951
5394692
5395152
5395178
5397567
5397664
5399406
5399933
5400098
5403675
5404281
5406445
5406602
5406625
5407259
5407314
5409329
5412052
5412230
5412844
5415131
5415453
5416783
5419628
5420646
5420989
5421206
5422419
5422886
5423181
5423483
5424287
5428302
5428662
5430789
5430870
5431565
5434482
5435001
5436236
5437356
5437400
5440115
5440903
5441244
5445721
5446299
5447254
5450244
5450433
5451637
5451932
5454163
5454416
5454890
5455425
5456616
5456629
5458054
5458541
5458636
5459731
5460165
5461976
5463793
5465494
5465519
5466044
5466718
5467231
5470898
5471968
5473678
5474690
5475012
5475242
5475259
5476715
5476929
5477068
5477712
5478684
5478917
5480437
5481682
5482197
5482632
5482717
5482930
5484598
5487413
5488482
5488576
5490828
5492235
5500299
5500961
5502326
5502510
5503458
5503913
5504315
5506584
5506674
5507731
5509752
5510690
5510759
5510925
5512704
5514701
5516027
5519505
5519997
5520247
5522228
5524629
5528251
5528355
5528904
5529616
5532617
5533976
5534244
5534794
5537539
5538446
5539738
5540472
5541064
5542742
5543464
5544096
5548089
5548136
5548627
5548714
5549044
5549500
5550396
5550409
5551619
5552011
5552277
5552590
5552641
5554381
5555990
5560702
5560842
5561263
5562703
5563397
5563938
5565447
5565604
5566460
5567968
5570391
5571534
5573065
5573104
5575809
5576118
5576459
5576837
5576942
5577538
5578007
5579098
5582826
5583221
5583740
5586997
5588478
5589040
5590401
5590763
5591179
5591403
5592654
5593063
5594002
5594170
5594419
5594586
5595028
5595199
5596307
5596561
5600276
5601678
5601827
5606836
5608409
5608525
5608610
5609632
5611767
5612969
5613436
5614716
5616445
5617178
5618459
5620490
5621149
5624436
5624540
5626772
5628630
5630040
5630385
5633485
5634074
5634464
5634754
5638409
5638659
5642744
5643594
5646365
5647867
5648988
5649648
5650113
5650300
5650328
5650475
5650898
5652502
5652580
5652939
5653802
5654544
5655038
5657001
5657858
5658008
5658889
5660638
5660912
5662863
5662883
5664702
5666836
5667283
5667313
5667478
5670123
5673017
5674300
5678211
5678931
5680333
5683276
5685784
5686125
5687159
5687283
5689453
5691371
5691764
5691822
5693347
5694392
5696828
5699433
5700291
5700498
5700501
5700706
5701462
5703724
5703952
5705211
5706510
5707435
5710934
5712435
5715519
5717051
5717658
5719414
5720238
5720270
5720859
5721235
5722579
5722860
5722902
5724816
5726653
5728007
5728643
5729428
5730178
5732530
5734435
5735313
5735980
5736677
5737529
5738806
5738971
5739208
5739518
5742817
5743554
5743941
5745660
5747372
5747759
5747953
5749533
5750233
5752064
5752329
5754272
5754896
5755226
5756090
5756850
5757284
5757697
5758569
5761336
5764177
5765348
5768995
5769199
5769878
5772400
5772798
5773354
5773544
5774219
5777027
5777045
5778416
5781234
5782572
5782844
5782864
5785914
5787181
5787878
5788626
5790259
5791175
5792622
5792816
5793231
5793706
5794634
5795738
5796691
5797297
5799147
5802102
5802338
5803731
5804481
5805386
5806418
5807788
5808043
5808045
5808330
5808840
5809357
5812226
5812703
5813881
5814937
5815710
5818197
5818558
5818651
5818848
5822111
5822150
5822985
5823008
5825193
5825267
5825799
5827879
5828283
5828648
5830691
5830755
5833262
5833371
5834103
5834124
5834304
5834350
5834615
5834829
5835645
5836104
5836550
5836562
5837441
5837538
5838432
5838491
5839663
5839975
5840193
5840319
5841287
5841345
5841544
5842341
5842404
5842405
5842525
5843127
5845101
5845257
5845768
5846184
5847062
5848199
5848400
5849751
5851026
5852591
5852947
5854055
5856969
5857237
5858088
5859837
5860442
5861969
5862272
5862870
5864696
5865395
5866041
5866364
5866374
5869606
5869795
5870458
5870851
5871445
5871835
5872887
5872906
5873835
5874585
5875816
5878924
5880564
5880692
5882024
5882999
5883443
5884742
5885586
5886485
5888262
5889066
5889823
5890905
5891047
5892297
5894322
5894597
5896204
5896267
5897282
5897431
5899224
5899620
5899668
5901084
5903694
5904009
5905328
5905502
5906560
5906644
5907409
5907612
5907706
5909011
5909632
5910369
5911174
5911409
5912857
5913088
5913676
5913894
5914306
5914657
5916597
5917413
5918129
5919208
5920666
5920836
5921138
5921642
5922102
5922906
5923844
5925298
5925539
5926070
5926758
5926970
5928131
5928274
5929173
5931191
5932137
5932357
5932975
5933388
5933621
5937597
5937722
5938246
5939104
5940008
5940148
5940153
5940415
5941293
5942629
5945525
5947391
5948076
5948279
5949245
5950452
5950494
5950709
5952033
5952998
5954123
5954498
5956654
5956707
5957739
5962940
5963259
5965021
5965982
5968762
5968847
5971884
5973673
5974129
5974455
5975162
5975789
5976986
5978400
5979988
5980152
5980172
5982644
5983256
5983554
5983766
5983884
5984211
5984836
5985016
5985124
5985213
5985458
5985625
5986488
5986717
5992001
5996520
5996679
5996717
5999172
6000242
6000498
6001271
6001966
6003775
6006209
6007914
6008199
6009296
6010522
6010848
6010928
6011456
6011877
6012389
6012738
6013883
6014800
6015481
6015939
6016653
6017133
6020666
6021508
6022107
6022758
6024964
6025311
6026636
6027312
6027587
6028347
6028510
6031580
6031892
6033177
6034113
6034707
6036663
6037694
6040351
6040394
6040431
6041202
6041963
6042013
6042508
6042696
6043928
6044446
6044800
6045664
6047799
6049851
6050197
6050679
6052066
6052230
6052474
6053490
6054723
6056494
6056885
6057573
6058121
6059299
6059305
6059375
6059820
6061775
6063384
6064002
6065620
6065982
6066336
6067836
6071470
6071590
6074643
6076727
6076782
6080046
6080397
6082496
6082974
6085129
6089878
6089884
6091424
6092411
6092460
6092909
6094375
6094645
6094966
6095453
6095732
6098200
6099052
6099468
6100406
6100856
6102186
6103493
6105599
6106869
6106925
6107472
6109717
6110326
6112960
6113669
6114868
6115094
6116239
6117789
6117803
6119652
6121132
6121927
6121973
6123272
6124642
6124777
6129052
6131569
6132028
6133087
6133987
6134386
6135664
6135824
6136387
6136634
6138406
6140877
6141881
6142093
6142402
6143351
6144257
6144647
6146861
6147996
6149626
6157321
6158208
6158600
6159337
6159344
6162812
6163086
6163501
6163510
6163530
6164164
6164282
6166201
6169188
6169434
6170002
6171622
6171982
6173455
6174334
6174720
6174877
6175993
6177126
6177139
6177228
6178723
6178999
6179923
6180966
6181576
6181852
6183753
6183959
6185364
6185838
6186134
6186280
6186424
6187746
6187948
6188687
6191278
6193952
6197480
6198710
6198719
6200651
6201302
6203317
6204755
6204788
6204962
6205108
6205155
6208592
6209212
6209306
6210057
6211321
6212010
6212669
6213410
6213634
6214248
6215125
6218636
6218769
6220956
6221325
6221449
6221807
6222684
6222819
6223406
6224706
6224959
6225594
6225807
6227202
6228111
6228653
6230678
6231677
6232003
6234462
6234816
6235876
6237759
6237981
6238657
6238756
6240268
6240281
6241990
6242281
6242704
6243682
6243730
6243959
6244475
6244690
6246577
6247704
6250576
6250913
6251034
6251160
6252381
6253688
6256323
6258205
6258592
6261886
6261897
6262056
6262228
6262849
6263756
6266795
6267379
6267411
6267927
6268124
6268650
6268776
6269844
6271168
6272441
6272526
6272622
6273591
6274677
6277715
6280000
6281220
6283426
6285862
6286578
6286582
6286980
6287195
6288267
6288381
6288414
6290311
6292891
6296227
6297097
6298411
6298768
6298882
6299474
6299553
6299585
6300956
6301768
6303696
6303706
6303875
6304493
6304635
6307260
6308073
6308327
6308827
6309270
6312889
6313897
6314414
6315289
6316437
6318797
6319193
6320235
6321288
6322025
6322413
6323091
6323235
6323720
6323884
6324862
6326810
6327835
6328468
6328879
6330058
6330601
6331677
6333177
6334089
6334173
6336255
6337618
6339221
6340078
6340166
6344461
6344905
6345491
6346126
6347089
6350018
6354333
6355655
6357897
6358965
6358991
6359280
6359660
6361535
6361587
6362900
6363009
6364400
6364601
6365286
6365979
6366031
6367105
6376246
6377944
6378023
6379927
6382348
6383427
6384033
6384516
6384964
6385950
6388016
6388395
6391600
6392060
6392209
6393078
6393328
6394253
6395933
6397757
6398965
6399613
6399696
6400482
6400690
6401575
6401709
6402069
6402076
6402789
6402834
6403328
6403543
6406496
6407531
6408139
6410577
6410765
6412563
6413797
6414806
6415123
6416201
6420743
6420872
6422795
6426404
6427197
6427242
6427900
6433195
6433720
6433845
6434729
6437319
6437608
6437894
6438087
6438422
6438647
6440516
6440904
6441737
6443727
6445547
6445945
6447354
6448494
6449620
6449903
6450017
6450060
6450696
6450780
6451275
6451767
6451831
6452434
6452450
6456555
6457066
6457374
6457630
6459162
6460269
6463017
6463995
6464148
6464220
6465978
6468102
6469825
6470551
6472057
6472983
6474766
6474890
6476887
6479378
6479627
6479787
6480245
6480400
6481115
6481456
6482003
6482252
6482348
6483361
6485247
6485444
6485523
6486845
6488196
6490504
6491170
6492646
6493185
6493852
6493941
6494485
6495307
6497316
6497348
6498694
6498998
6499458
6500437
6500606
6501449
6501750
6503682
6504824
6506111
6507219
6510244
6511131
6513364
6514772
6517312
6518031
6519188
6519236
6519497
6519985
6522909
6524158
6524423
6524976
6525063
6525512
6528783
6529237
6530329
6531328
6531389
6531821
6532499
6533590
6536477
6538726
6538728
6539270
6540288
6540491
6541054
6541532
6544395
6546066
6546422
6546423
6546881
6550727
6551121
6552979
6554715
6557886
6558078
6558651
6561135
6561249
6561676
6562029
6562272
6562571
6563297
6563941
6565905
6567044
6567324
6567763
6568016
6568209
6570561
6572019
6573412
6575616
6575919
6576064
6576822
6577412
6578424
6579084
6580184
6580251
6580300
6584412
6584618
6585401
6586338
6586605
6587927
6588210
6590760
6590882
6593308
6593487
6594057
6594595
6594797
6595809
6596190
6596723
6597929
6598656
6599004
6599099
6601807
6603360
6603537
6604394
6607910
6608072
6608610
6609026
6610514
6611739
6612052
6612932
6613810
6613923
6615021
6615044
6618356
6619336
6621673
6621884
6622801
6627784
6628741
6631195
6631579
6632421
6635157
6638326
6640006
6640945
6643331
6644006
6644389
6645469
6645919
6646315
6646448
6647296
6650396
6650518
6652986
6653984
6655319
6655988
6658745
6659960
6660906
6661726
6662491
6662700
6664261
6664332
6665028
6667114
6667483
6668435
6668994
6669257
6669625
6669768
6670029
6670789
6672516
6673906
6674100
6674294
6674326
6674360
6675287
6676101
6677601
6680308
6680584
6681113
6681387
6683347
6686503
6689409
6689576
6689914
6690858
6691127
6692503
6692842
6694269
6695033
6696113
6696521
6698105
6698224
6698398
6698584
6698619
6699275
6699854
6700654
6701469
6703274
6704195
6706967
6708784
6709083
6711382
6711671
6711677
6711904
6712681
6713423
6714375
6714884
6715928
6719720
6721263
6721332
6721491
6722641
6722760
6724007
6724312
6729024
6731341
6731566
6732022
6733072
6735166
6739394
6740257
6740318
6741506
6741856
6744305
6745461
6746320
6746517
6746680
6748381
6748465
6749477
6749761
6750864
6752322
6753478
6754157
6756346
6756985
6757288
6757640
6758183
6758221
6758587
6760152
6761436
6762038
6763800
6765478
6765978
6766722
6768194
6768728
6768953
6770077
6771395
6771989
6772942
6774054
6774231
6774706
6774818
6774930
6775519
6778732
6780997
6781900
6781911
6784438
6786346
6786544
6790259
6790428
6791083
6791552
6792025
6792873
6793116
6793372
6796424
6796825
6797146
6797250
6798037
6798538
6798623
6800251
6801090
6802811
6803690
6804218
6805288
6805324
6805556
6805836
6807333
6807589
6807959
6808582
6809399
6810630
6810916
6811419
6811529
6812462
6813782
6814382
6814768
6815214
6816021
6818657
6819061
6821541
6821638
6822339
6825447
6825506
6825721
6825915
6826263
6827347
6828032
6828998
6829893
6830145
6830202
6830951
6833164
6834592
6835229
6837812
6838003
6838684
6839195
6839229
6842657
6844278
6844818
6848767
6849907
6851771
6852710
6853880
6857297
6858573
6861558
6861627
6863038
6863165
6863356
6864304
6864480
6864950
6865053
6865994
6866378
6869517
6870506
6870875
6872179
6873110
6873948
6877727
6878589
6878970
6879570
6879636
6880410
6881985
6882070
6882281
6882329
6884222
6884299
6885862
6885927
6886395
6888391
6891527
6892888
6893552
6894904
6895283
6895828
6897621
6898552
6900843
6901075
6901327
6901518
6903129
6903471
6904273
6908463
6909223
6910069
6910104
6910180
6911537
6912085
6912521
6912597
6912967
6913591
6914786
6914917
6921735
6922663
6922702
6922971
6923753
6923913
6924132
6927629
6929137
6930733
6933418
6934947
6936176
6937354
6937455
6938095
6938369
6939837
6940644
6944802
6945335
6947211
6948721
6949127
6949356
6949435
6952519
6953295
6953319
6953820
6954557
6954989
6956578
6956681
6958142
6958268
6961831
6965590
6965843
6965938
6968736
6970480
6971079
6973000
6973092
6975177
6975688
6975732
6975833
6977174
6979249
6983150
6983243
6989076
6989732
6990449
6991121
6991146
6992534
6994682
6995452
6996795
6996882
6997308
6997492
6998635
7000044
7004025
7006119
7006696
7006866
7007432
7007495
7009892
7010889
7013056
7018619
7018633
7019150
7019307
7019364
7019927
7020636
7023646
7025522
7026374
7028588
7028964
7029616
7030980
7031633
7033085
7033249
7033276
7034298
7034302
7035612
7035657
7036925
7037707
7038719
7039082
7040074
7041415
7041637
7042974
7043588
7044080
7044676
7045104
7045784
7046279
7047048
7048075
7048756
7049172
7049195
7049627
7050890
7053912
7055939
7061702
7062538
7062798
7063195
7064761
7065889
7066672
7066965
7067379
7068506
7069193
7069616
7073863
7076536
7076981
7078538
7079258
7079866
7081215
7081259
7081583
7081800
7083709
7085205
7087065
7087230
7087870
7089729
7089954
7090052
7090225
7091697
7093116
7093918
7097933
7100199
7100817
7101990
7102237
7102796
7104082
7106777
7107039
7109093
7110851
7111248
7112053
7113185
7113849
7115497
7117417
7119591
7119749
7119922
7120393
7123111
7124444
7124848
7127093
7127310
7128128
7128907
7129115
7130874
7131181
7132878
7133455
7135140
7135456
7135578
7135945
7137942
7140168
7141065
7141550
7142049
7143336
7144260
7145810
7145872
7146030
7146245
7146289
7147341
7149008
7150331
7150629
7150715
7152340
7153027
7153345
7154547
7154754
7154836
7155716
7158392
7158843
7159823
7160822
7161220
7161430
7161689
7162805
7163454
7163550
7163704
7163780
7164500
7164641
7166229
7166474
7170590
7170785
7170912
7171894
7172531
7174145
7174801
7174952
7175200
7176550
7176751
7176932
7177352
7177404
7177486
7177632
7179269
7180842
7182276
7182558
7183222
7183716
7187025
7188563
7190837
7192249
7193265
7193416
7194938
7196224
7197319
7197445
7199160
7199678
7202040
7203080
7203681
7203833
7204178
7204588
7204657
7205434
7206042
7206636
7206816
7207835
7207842
7209235
7210035
7210117
7210331
7212891
7214529
7216690
7217126
7217171
7217267
7217574
7217856
7217909
7219637
7221046
7222192
7222609
7223748
7225022
7225790
7226085
7226434
7227771
7227969
7229746
7231045
7233375
7234328
7234355
7234762
7236563
7239486
7240626
7241629
7243896
7244141
7245522
7247025
7248949
7249359
7251187
7252464
7253391
7253552
7253842
7254459
7255334
7255462
7255764
7255780
7255954
7257180
7257848
7257895
7259558
7260271
7263275
7263695
7263729
7263741
7265832
7266132
7266678
7266800
7269073
7269677
7270479
7271821
7272580
7274518
7275719
7276251
7277984
7278001
7279457
7279757
7281386
7281734
7281761
7282163
7282244
7285670
7285984
7287973
7288250
7289240
7289796
7290286
7292186
7292299
7292971
7293120
7293807
7295968
7296188
7296309
7296853
7297367
7297448
7297561
7300604
7302050
7302641
7303480
7303818
7303974
7304614
7307709
7307801
7307965
7308685
7309850
7310032
7311092
7311526
7311811
7312515
7313582
7314215
7314984
7317545
7322394
7323017
7323548
7325363
7325578
7325654
7326355
7327986
7328971
7329550
7331167
7332743
7336563
7338016
7339816
7341553
7341744
7342816
7342867
7342927
7345458
7346796
7347486
7348934
7350194
7350279
7350334
7352460
7352811
7353143
7354440
7356198
7359391
7361699
7364013
7364217
7364451
7366213
7366389
7366611
7366957
7367020
7368904
7369447
7370477
7371149
7371986
7374519
7375206
7375596
7376988
7378352
7378421
7378563
7378778
7379732
7381114
7381847
7381881
7382209
7383928
7384202
7385017
7387145
7387602
7388735
7389377
7390958
7391077
7391119
7392276
7392902
7394154
7394486
7395650
7397531
7397923
7398489
7398649
7399440
7399633
7400681
7401780
7401982
7402147
7403136
7407308
7407761
7408565
7408867
7409991
7410992
7412113
7413697
7413720
7413762
7415741
7417020
7417939
7418208
7420089
7420873
7421197
7421745
7422866
7424566
7424654
7425296
7428653
7429913
7430531
7430987
7433229
7435255
7436233
7436941
7441655
7441709
7441841
7442171
7442741
7444333
7446646
7447074
7450837
7453465
7453847
7454843
7456579
7458131
7458436
7458597
7461764
7462167
7462424
7463234
7463292
7463819
7464281
7466744
7466812
7469478
7472066
7472269
7474118
7475106
7478646
7478675
7479491
7480187
7481313
7484127
7489267
7491098
7491635
7492617
7493222
7495021
7495732
7496631
7497796
7498122
7500399
7502130
7503328
7504248
7504264
7504648
7505149
7505940
7507265
7509353
7509563
7510915
7512752
7513750
7514366
7515405
7516737
7517769
7518810
7520019
7522894
7523547
7523918
7524081
7524491
7526045
7526472
7526782
7527343
7527696
7528028
7529442
7531143
7531449
7531935
7534133
7535869
7536200
7536882
7537613
7538349
7538798
7540567
7541686
7543743
7544461
7545215
7546758
7546834
7547022
7547709
7547724
7547870
7548649
7554686
7556924
7557553
7558727
7559736
7561162
7561432
7561769
7561789
7563596
7565650
7567698
7568407
7568905
7569260
7571098
7571319
7571627
7571641
7574315
7576317
7576440
7576488
7580635
7582452
7584223
7586363
7587305
7589561
7590236
7590406
7592689
7592843
7592918
7593438
7593835
7595545
7598046
7598089
7598754
7598902
7599386
7600616
7605606
7605646
7606401
7609572
7610636
7611504
7611733
7612542
7613898
7616659
7617240
7617852
7620130
7621361
7621491
7624797
7625270
7625369
7627317
7628946
7629060
7629312
7629428
7629695
7632655
7633306
7633867
7634008
7634536
7635073
7638974
7641598
7642338
7642417
7642682
7643055
7643746
7644454
7645085
7646245
7646621
7646711
7648490
7648603
7649156
7650174
7650386
7652083
7653409
7654685
7654707
7654782
7655643
7655744
7656042
7656813
7657155
7657661
7657720
7659194
7659870
7661268
7661870
7662114
7665881
7669459
7669597
7672526
7672532
7673263
7673800
7675135
7675694
7676976
7677092
7678665
7680337
7680575
7684259
7684864
7688031
7689686
7691686
7691868
7692399
7694881
7695443
7696698
7698035
7699966
7700325
7700784
7702864
7704178
7704753
7707015
7708579
7710120
7712156
7712258
7714770
7717101
7717489
7718054
7718241
7719916
7720172
7722579
7722783
7723165
7723180
7724923
7725565
7725593
7725668
7725968
7727876
7727886
7729952
7730419
7731482
7732837
7733783
7733963
7734475
7735225
7736927
7737326
7737928
7739885
7741020
7741175
7741258
7741425
7741432
7742108
7744003
7744047
7744120
7745254
7745597
7746122
7746290
7746667
7748046
7748280
7750405
7751871
7753853
7754334
7755255
7756497
7757222
7758351
7758563
7759496
7759942
7761525
7762706
7762744
7764506
7765067
7765637
7765672
7769270
7771286
7771432
7773281
7774154
7774894
7775272
7775651
7775684
7775851
7777193
7779565
7779887
7783565
7783711
7784030
7784381
7785567
7788181
7788676
7791664
7791792
7791943
7792423
7793275
7797862
7798283
7798781
7798972
7799596
7800349
7800429
7801654
7803972
7805838
7805952
7807216
7807289
7807603
7807960
7808365
7812775
7815056
7815285
7815640
7815944
7817543
7820539
7820671
7820885
7821534
7821566
7822039
7822719
7825233
7825368
7827814
7829326
7830589
7831763
7831767
7833129
7834619
7835825
7836766
7837266
7839410
7840386
7840539
7841148
7841281
7842689
7843654
7844000
7844266
7845264
7846072
7848341
7851158
7851483
7853558
7855368
7855574
7856284
7857486
7857649
7857748
7858196
7859884
7861581
7861793
7861918
7862043
7862585
7862640
7863929
7864400
7864658
7867608
7868306
7869856
7870899
7870966
7871109
7871420
7872573
7873538
7873617
7874155
7876142
7876506
7877087
7877479
7878100
7878218
7880447
7881646
7882141
7882155
7882601
7883647
7884018
7886044
7887833
7889362
7890897
7892652
7892933
7894377
7894487
7894518
7895006
7895538
7895710
7898011
7898343
7898980
7900846
7900964
7902488
7902816
7903339
7903973
7905390
7905646
7906366
7910284
7910754
7912424
7914312
7914437
7914933
7915640
7916755
7919455
7920378
7920829
7921736
7922130
7924911
7926162
7929070
7929374
7929741
7931366
7931978
7932311
7933161
7933302
7933931
7934613
7935397
7936685
7937819
7938296
7938557
7940313
7942906
7943433
7943440
7944798
7946915
7947180
7947446
7948290
7950878
7951506
7952274
7952296
7953940
7954372
7955902
7956911
7957175
7957834
7959184
7960915
7961675
7962280
7962437
7962782
7963339
7963562
7964508
7965699
7965881
7967040
7969916
7969986
7971217
7971611
7972426
7972858
7973283
7974633
7977004
7977403
7977433
7977968
7977983
7978655
7978857
7979978
7980060
7981974
7982475
7984436
7985729
7986222
7987744
7987857
7988977
7991339
7991825
7992099
7993390
7996556
7997293
7997331
7999321
7999761
8000907
8001403
8001426
8005357
8007246
8007878
8008504
8009787
8011011
8015916
8017270
8018738
8018996
8019182
8019700
8020384
8021820
8021978
8023096
8025347
8026301
8032385
8032671
8033196
8035995
8038236
8038983
8039636
8040049
8041003
8041998
8042957
8043275
8043772
8044759
8045243
8047419
8048037
8048126
8048884
8049004
8050621
8051173
8051529
8054602
8054971
8056049
8059578
8062227
8062407
8064984
8065073
8069186
8070332
8071982
8072355
8074540
8074752
8074888
8076194
8076535
8076607
8077446
8078313
8079142
8080045
8080260
8080512
8083163
8083675
8083851
8087686
8091428
8092898
8093672
8093876
8094384
8094554
8097147
8098886
8099882
8100489
8100813
8102570
8103990
8104132
8104264
8104360
8107439
8107544
8108606
8108943
8111084
8114574
8116433
8116654
8117213
8117543
8118988
8120396
8121951
8122411
8122437
8122950
8128085
8129835
8131124
8131998
8132595
8132639
8133248
8133803
8134963
8135460
8136293
8136950
8137475
8137755
8139691
8140146
8142170
8142288
8142665
8143621
8144149
8144189
8144808
8144896
8145139
8145258
8148270
8148299
8149940
8150339
8151486
8153053
8153058
8153204
8154409
8154912
8154945
8156177
8156768
8156859
8156904
8157218
8158050
8160098
8162512
8163285
8164455
8166069
8166797
8169785
8170241
8171256
8172175
8172779
8174434
8174804
8176462
8176873
8176920
8177574
8178381
8179407
8181252
8182604
8182922
8183059
8183582
8184507
8184547
8184671
8184916
8188249
8188938
8190662
8191377
8191890
8193598
8195961
8196060
8196558
8196659
8197531
8200215
8200493
8200969
8201584
8203768
8203968
8203992
8204712
8204976
8205662
8206454
8209037
8211171
8212467
8212940
8215955
8217588
8219104
8219306
8221689
8222232
8222283
8223376
8223788
8223982
8224098
8225559
8226799
8227074
8227190
8227929
8228022
8228201
8229673
8229855
8230028
8230157
8230410
8230666
8230859
8231501
8231980
8233224
8235198
8235482
8236608
8236802
8237058
8238040
8238290
8239250
8239721
8239870
8240879
8244764
8249446
8250160
8250742
8250947
8251238
8252717
8253307
8253689
8254837
8255066
8255438
8255637
8256747
8257007
8257718
8258021
8260656
8261601
8264022
8264541
8266506
8266542
8268146
8268547
8268927
8271225
8272268
8272406
8273484
8274612
8275631
8276956
8277394
8277512
8277803
8278463
8278663
8279108
8279170
8280783
8281656
8282415
8282794
8284955
8285006
8286635
8286790
8287284
8288411
8289232
8289669
8290073
8290192
8290330
8292401
8292804
8295930
8297208
8298007
8300247
8300711
8301686
8302819
8304312
8305714
8306012
8308176
8309049
8312537
8314513
8318546
8320629
8320787
8321955
8322788
8322936
8323153
8323865
8324654
8327558
8328456
8328719
8329118
8329706
8331470
8332367
8333245
8334192
8337685
8338071
8339934
8342776
8345071
8345210
8345404
8345704
8349463
8350145
8350280
8350487
8351023
8351643
8352491
8355349
8355465
8355566
8355696
8355947
8356217
8356697
8357228
8357310
8357702
8357970
8358259
8360072
8361424
8362343
8363386
8363940
8364243
8366309
8369367
8369801
8370126
8371798
8372346
8373218
8374383
8377530
8379107
8379198
8379554
8380529
8381375
8381548
8382021
8382637
8383166
8384109
8384243
8385178
8386396
8386888
8386929
8387065
8389504
8392006
8392741
8397267
8400205
8402068
8403199
8404636
8404809
8404896
8407280
8407787
8408533
8410275
8410927
8411754
8412355
8412483
8413283
8414045
8415255
8415661
8416100
8417182
8417267
8417539
8417584
8417862
8418492
8418630
8419248
8421764
8423747
8423972
8424880
8426279
8426520
8427210
8427762
8428491
8428600
8430200
8434014
8434384
8437136
8439023
8440028
8440065
8441726
8442955
8450419
8450596
8451185
8451709
8452458
8452773
8456290
8457127
8457825
8458936
8459920
8460594
8460955
8461835
8462819
8463464
8464418
8464672
8464977
8465104
8466084
8467326
8467995
8468593
8468712
8468821
8469251
8469599
8469983
8470226
8470978
8472838
8473368
8473951
8474355
8477716
8477977
8478000
8481050
8481274
8484180
8485393
8485707
8486040
8487063
8489238
8489478
8489566
8489758
8491139
8491671
8492757
8493297
8495054
8498689
8498900
8499931
8500075
8500434
8500668
8501238
8501251
8503105
8504734
8505675
8506072
8507237
8507241
8510537
8510784
8511627
8511683
8511875
8512249
8513138
8514535
8515601
8517791
8518786
8519053
8523698
8524615
8526470
8526928
8527176
8527715
8529154
8529575
8529834
8530300
8530350
8530574
8530638
8530759
8532326
8532447
8532652
8532857
8533614
8535934
8536244
8536284
8538264
8540358
8540881
8541491
8544763
8544896
8545119
8545337
8545614
8546556
8547244
8547701
8548272
8548807
8548993
8549251
8549585
8550397
8552212
8552855
8553146
8553444
8553866
8554054
8554908
8556837
8556919
8557317
8558038
8559945
8560257
8560617
8561477
8561578
8563151
8563942
8564103
8564735
8566101
8566621
8567761
8568379
8569225
8569744
8570133
8570182
8570492
8571320
8571782
8571931
8572222
8574221
8575342
8576493
8579712
8580567
8580902
8580999
8582575
8584259
8585869
8586650
8588244
8594552
8594565
8595744
8595807
8595877
8597654
8602594
8604216
8604217
8605174
8605668
8607329
8609348
8609887
8610126
8610878
8610900
8611188
8611684
8612168
8613227
8613728
8613905
8614435
8615827
8616700
8618950
8619248
8619850
8620093
8620245
8620586
8620595
8621277
8621330
8621722
8622365
8623262
8624316
8625492
8627134
8627949
8628412
8629324
8630575
8632098
8633276
8635136
8635339
8635743
8636433
8637446
8640429
8642585
8643496
8644588
8644904
8648054
8649163
8650795
8650877
8650886
8652286
8654859
8655958
8657834
8658244
8658405
8659938
8660894
8661090
8661211
8661428
8662137
8662371
8662634
8663542
8667566
8667581
8669567
8670585
8671532
8671911
8672233
8672618
8673229
8673331
8673711
8674143
8674913
8675401
8675570
8676381
8677614
8680907
8680941
8681048
8681313
8682284
8684582
8687568
8688016
8688069
8688180
8689317
8690951
8691161
8691807
8694241
8697161
8697493
8697652
8698001
8698833
8699039
8700380
8701842
8703624
8703842
8705497
8709327
8711118
8711473
8712692
8715714
8716192
8716688
8718494
8719401
8719880
8720992
8721031
8721295
8723200
8723764
8724257
8727770
8728192
8728666
8729940
8730166
8731379
8732548
8733070
8733742
8734068
8737536
8737608
8737936
8738932
8739294
8739377
8740271
8740853
8741065
8741289
8741606
8742488
8746288
8746615
8747440
8748469
8749920
8750496
8751794
8751988
8753321
8753953
8754733
8756393
8759864
8760206
8762310
8762381
8764167
8766973
8767484
8767608
8770704
8772467
8772525
8772715
8772936
8774082
8776072
8776999
8778730
8781143
8783162
8783163
8783182
8783552
8784733
8785707
8785842
8786084
8786446
8789735
8789811
8791640
8794698
8795481
8797962
8797967
8798539
8798935
8804812
8805371
8806299
8806335
8806638
8806845
8807258
8808634
8809734
8810910
8811301
8812824
8812860
8813131
8813462
8813839
8813996
8814398
8815668
8817903
8817942
8822620
8823199
8824125
8824164
8825636
8826527
8826911
8827059
8827649
8828244
8828267
8829749
8829925
8832580
8834321
8836619
8837208
8839475
8839638
8841746
8841878
8843023
8845180
8846809
8847312
8847980
8848832
8849928
8850412
8853883
8854830
8855028
8855464
8855640
8857007
8857753
8857806
8858251
8862040
8862144
8863033
8865218
8867348
8867821
8869038
8869825
8872170
8874968
8879270
8880218
8882596
8883667
8884484
8885212
8885672
8885868
8885900
8886052
8886778
8886963
8888395
8888959
8889609
8889974
8890566
8890605
8891430
8892521
8893341
8897379
8897597
8897810
8899286
8900342
8902665
8903176
8904080
8906283
8906707
8910167
8910251
8910570
8912733
8913389
8914386
8915853
8916811
8916929
8918487
8919376
8920698
8923439
8924071
8924346
8924760
8924988
8925099
8926331
8928192
8928250
8928330
8928350
8930068
8931551
8932087
8932232
8932431
8932760
8933236
8933548
8934122
8935052
8935303
8939010
8939654
8940265
8940511
8943007
8943122
8946549
8946739
8947987
8949600
8953093
8955126
8955416
8956143
8956308
8960448
8961634
8961757
8961997
8963769
8964076
8964448
8964901
8965188
8966519
8966539
8967224
8967691
8968584
8968734
8969710
8970877
8972597
8973018
8973428
8974462
8974530
8975988
8976712
8976715
8976780
8977569
8978432
8979300
8981060
8981936
8983573
8984144
8984269
8984740
8985494
8985570
8986978
8987611
8988886
8988995
8990539
8991054
8991490
8991599
8992264
8992393
8993128
8993479
8994329
8994820
8997032
8997888
8998027
8998127
8999806
9000323
9000574
9000640
9000940
9000951
9001647
9003890
9004941
9008817
9009875
9013673
9014337
9014963
9015204
9017283
9018397
9018449
9019041
9020159
9020707
9020939
9022534
9022786
9023331
9023697
9024225
9026328
9027624
9027875
9028077
9028206
9028246
9029162
9029328
9030895
9032033
9033492
9034032
9039909
9039936
9040252
9041805
9042787
9043744
9043776
9045009
9045369
9046458
9047028
9047633
9053624
9055990
9056335
9056380
9057160
9057354
9060322
9060808
9061197
9061528
9062333
9064307
9064911
9065027
9065481
9065506
9065681
9066463
9068253
9068929
9069264
9069753
9070500
9071224
9071733
9071923
9072893
9073492
9074448
9074664
9075334
9075494
9076482
9077652
9077755
9077949
9078566
9082673
9082683
9083640
9084536
9086220
9086689
9087155
9087819
9088385
9089237
9090149
9091246
9091683
9091887
9093861
9094138
9094314
9094380
9095700
9095745
9096743
9096843
9096943
9097976
9098025
9098356
9098449
9098734
9099937
9100707
9100711
9101369
9104462
9104930
9105014
9105391
9105686
9106002
9106207
9106476
9106883
9107277
9107373
9109624
9111690
9111733
9112125
9113283
9113957
9114549
9114744
9116169
9118231
9118770
9119897
9120348
9120831
9121059
9121885
9122824
9123654
9123807
9124289
9124370
9124880
9125357
9125401
9125666
9126115
9126124
9127344
9128400
9128602
9129374
9129561
9129999
9130847
9130911
9131166
9131251
9132552
9133585
9133891
9134760
9135932
9136129
9136222
9136413
9137187
9137611
9137858
9138150
9139268
9139884
9140152
9142391
9142545
9143024
9145970
9149374
9150489
9151418
9153696
9154262
9154297
9158253
9158600
9159242
9159939
9160168
9161554
9162218
9164257
9165871
9165885
9166519
9167377
9167533
9167535
9168355
9169923
9171751
9173015
9173362
9173816
9173942
9174144
9175238
9176067
9176243
9177918
9178510
9180762
9181584
9182015
9183360
9183607
9187624
9188121
9190213
9190953
9191386
9191475
9191639
9192486
9192662
9193030
9195897
9195991
9196967
9197091
9197443
9204579
9206240
9206246
9206945
9207030
9208028
9208820
9209490
9209497
9210503
9211523
9213713
9213902
9217798
9218273
9218421
9218911
9219495
9219521
9220353
9221130
9223810
9226235
9226558
9226805
9227744
9229084
9229840
9230345
9230418
9233899
9233957
9235248
9239147
9242897
9243735
9245980
9247794
9247807
9248344
9249866
9250094
9251460
9251555
9251585
9253915
9254015
9256481
9256821
9257667
9260984
9261035
9262733
9263182
9263650
9264567
9266301
9268191
9269862
9271758
9272231
9274051
9274664
9275084
9275284
9278308
9279788
9282219
9284342
9285893
9286865
9291265
9292400
9292738
9293113
9293356
9294329
9295332
9295765
9296962
9297250
9298660
9299467
9299708
9301610
9301775
9302838
9303521
9305449
9306600
9307622
9308807
9309060
9310179
9310697
9312835
9313460
9313834
9313916
9313952
9314669
9317323
9317401
9318928
9319353
9320216
9321136
9321238
9321571
9322990
9325274
9327396
9327452
9328022
9328794
9328983
9329201
9329285
9329578
9329605
9330417
9331152
9332351
9332971
9333512
9334525
9337324
9340631
9340847
9341377
9341833
9342240
9343300
9343773
9345252
9346387
9348117
9348672
9349702
9351413
9352559
9352884
9354574
9355443
9355977
9357018
9357271
9357353
9357429
9357434
9358244
9359185
9362618
9363352
9366269
9366314
9370181
9370781
9370923
9371167
9372423
9372457
9376002
9378712
9379031
9386970
9387697
9388438
9388544
9388772
9388803
9388824
9390618
9390683
9393294
9393939
9396237
9396576
9397107
9397170
9397747
9398380
9399128
9400107
9400529
9400890
9404240
9404331
9404591
9405041
9405246
9405834
9406027
9406052
9407226
9408537
9410252
9410569
9411769
9415152
9415452
9415477
9416067
9419406
9420193
9422319
9423631
9425296
9426836
9428362
9428835
9434145
9434735
9436142
9436649
9437160
9437584
9438884
9439044
9439269
9439982
9442713
9442793
9444598
9446600
9446764
9448415
9449377
9449404
9449697
9452675
9453125
9455577
9457157
9459805
9459940
9461728
9462367
9463694
9464022
9464254
9465268
9466287
9467397
9467647
9471032
9473294
9478891
9479197
9479485
9479618
9480077
9480366
9480916
9482264
9482508
9483902
9484674
9485545
9485951
9486757
9487901
9488221
9488262
9488275
9491876
9492735
9492960
9493501
9494441
9495150
9495783
9498826
9499879
9502057
9502857
9503838
9504231
9504306
9505431
9507196
9507739
9508526
9508616
9508949
9510494
9511494
9516557
9517187
9518443
9518913
9521576
9521903
9522767
9524180
9525037
9525425
9525917
9528092
9528643
9528780
9529407
9529954
9532073
9533098
9533170
9533605
9534335
9535881
9536810
9539708
9540053
9540746
9541387
9541607
9541670
9542531
9543067
9543222
9543392
9544358
9545181
9546141
9546464
9546484
9547718
9548626
9550324
9550578
9551400
9552929
9553202
9553253
9553813
9554189
9555021
9555419
9556857
9556874
9557875
9558554
9559247
9561322
9563328
9564961
9565314
9565575
9565862
9565899
9565937
9567996
9567998
9570711
9571292
9571751
9572200
9573087
9573674
9575256
9575305
9575593
9577610
9577738
9580784
9581080
9581154
9581798
9584343
9585428
9585968
9586428
9586738
9589762
9590336
9590388
9592047
9593247
9597429
9598419
9598617
9602424
9603219
9610006
9611338
9612165
9612576
9615185
9616599
9617204
9617303
9619038
9619941
9621509
9626596
9626707
9627614
9627825
9628522
9629837
9630530
9631611
9631851
9632449
9632993
9633096
9633354
9633415
9633847
9633934
9634784
9635334
9636653
9638565
9638661
9638720
9638882
9639069
9640057
9640317
9641103
9649288
9653330
9653845
9655941
9656637
9659530
9659716
9659812
9659894
9660139
9660567
9661172
9661408
9663734
9663779
9664187
9664380
9665436
9666958
9668478
9668959
9669033
9669201
9669809
9670707
9671775
9671960
9672062
9672435
9673512
9675048
9675072
9675238
9675326
9675754
9675993
9678241
9679100
9680940
9681648
9681793
9682310
9683465
9685088
9686324
9686742
9688690
9690855
9691362
9692097
9692260
9694935
9695589
9695626
9695799
9697247
9699022
9699548
9701346
9701387
9702070
9703523
9704136
9704955
9706177
9706676
9708945
9709786
9710445
9712585
9716053
9716231
9717363
9718052
9719487
9720482
9720520
9720808
9721247
9721272
9721375
9721637
9722172
9722524
9724991
9724994
9727275
9727812
9728901
9730825
9731095
9732227
9737130
9737404
9738202
9738442
9738639
9741073
9743482
9743985
9744220
9744543
9744909
9751555
9751933
9751940
9753028
9754023
9754299
9755767
9758532
9760598
9762544
9765350
9765522
9766210
9766968
9769037
9771682
9771825
9772194
9773583
9773837
9774072
9774313
9775871
9780582
9782204
9782434
9783391
9784565
9784686
9784876
9784928
9785137
9785815
9786071
9786109
9787319
9791371
9791465
9791771
9792130
9792149
9794271
9794882
9796378
9796394
9796973
9798053
9798887
9800338
9800575
9801482
9801867
9802006
9802455
9803021
9804433
9805588
9807724
9811639
9814647
9814983
9815501
9818333
9819402
9819495
9819760
9820957
9821141
9822192
9822723
9823116
9824328
9826494
9827717
9829017
9829476
9829743
9830347
9831028
9833077
9834917
9836665
9837045
9837831
9838070
9838114
9838364
9839656
9841749
9842476
9843023
9845068
9846017
9848257
9849348
9850274
9850750
9850796
9852537
9854064
9856385
9856861
9857901
9857928
9858978
9860263
9861725
9864436
9866492
9867307
9868731
9870096
9870630
9871154
9872070
9872159
9873337
9874888
9878215
9880007
9880553
9880899
9881297
9884796
9887023
9887449
9888608
9888898
9889039
9889667
9891014
9891865
9891972
9892502
9896404
9898409
9899668
9901079
9901785
9901792
9902179
9902452
9903352
9903614
9903722
9903940
9907227
9907905
9908266
9908289
9908322
9908806
9910943
9913786
9914213
9914695
9914773
9915095
9916009
9916183
9917458
9918168
9918955
9919112
9919280
9920304
9923161
9927494
9927519
9929690
9930997
9931525
9935827
9936018
9937868
9937888
9938671
9939679
9941435
9941800
9941855
9942029
9943194
9943390
9944145
9944309
9944560
9946005
9948967
9948969
9949518
9950215
9950782
9951909
9952091
9953671
9955458
9956007
9956028
9957835
9958273
9959575
9959626
9961003
9961050
9961079
9961359
9961892
9966336
9967399
9968674
9969474
9971353
9972983
9975305
9975423
9975670
9975798
9976585
9976912
9978479
9978890
9980250
9980615
9981013
9981979
9984032
9984605
9984953
9985688
9987467
9987855
9987988
9989724
9992193
9992616
9994198
9994281
9994987
9996309
9996317
9997096
9998003
9999413
