1750
2081
2542
4761
4946
5005
6752
7448
8629
10352
11055
11598
13502
14013
14888
20471
20524
20781
21463
24285
24763
25228
25596
26283
27538
27868
28848
31006
31149
31509
31861
33795
34593
39867
42042
42176
42562
43724
45269
45575
46275
46797
47357
47990
48242
49124
51005
52495
53576
54048
54234
54268
55730
59293
59467
60332
62744
63154
63544
63729
64115
67159
67164
70020
71410
71922
72493
72989
73854
75435
76352
76457
77224
78043
78578
80581
83581
86024
86073
87404
88182
88312
88656
89307
89561
90513
90568
91002
91030
91448
92427
93659
94815
95671
96132
96141
96562
99762
100295
100817
102425
102862
104096
106141
106645
111626
111746
111896
112295
113133
114454
114685
115944
115954
116338
117556
119462
119925
119994
120729
121253
122259
122408
124673
124900
126378
127465
127500
128812
131024
132103
132177
134703
136147
136504
136939
137253
137439
138186
139807
139849
140484
141357
141584
143504
143699
143714
144534
147704
148302
148434
149681
150362
151472
151827
152950
155973
156096
156524
159027
159734
160280
164542
165011
166343
166405
166939
167148
168173
169202
169259
172220
172658
173625
173688
173909
176116
177964
178507
179537
181163
181217
182160
182440
182839
186702
187455
187505
189020
190328
190852
191084
192393
192437
193051
195551
196563
197705
200039
202967
204976
206426
207827
208139
208680
209194
209506
209995
211049
211720
212716
212869
212995
214231
214700
215133
217894
219180
219805
228140
229043
229596
229650
230753
231121
232148
232633
233919
234307
234473
237293
238767
239576
239714
239718
239823
240254
240294
240411
241647
241919
242454
243358
245325
247279
247846
247977
251672
251826
252780
255966
257539
258502
258939
259209
262860
264129
264966
265252
265720
266227
268569
268704
270555
271802
272781
273177
275702
277992
279820
284012
284948
285473
285795
288521
288861
289055
289403
290503
292750
293077
296533
297880
299359
304368
304388
305130
305338
305649
306583
306640
307285
307751
309390
312408
312695
313248
314979
315195
315545
315820
317861
318270
318453
320057
320473
320486
320945
321258
323959
331581
332475
332738
334178
337206
337706
338854
340441
341100
341112
343078
343120
344729
344881
347019
347513
347857
349698
350366
350902
352176
352188
352643
354050
354213
354845
355296
356695
357526
360191
362095
363590
364141
364826
365299
365384
366568
366675
367640
367729
368181
368783
370799
372642
372706
372967
373157
373360
374007
374636
375518
375711
376423
376752
377161
377870
378048
378623
378950
379176
380449
380840
381172
382123
382355
383624
383662
383861
383996
385251
385765
388696
388760
389255
390786
390970
391119
391704
393331
394895
395365
398263
398956
400043
403705
404457
404895
405206
406170
406203
407616
407871
407874
409215
410638
418428
419645
421886
422019
423104
424607
428005
428487
429400
429654
431092
431378
433967
433986
434340
434600
436823
438282
440314
441568
442231
443781
445339
445956
447931
448498
448933
452203
454237
455234
455600
456044
456140
457189
458074
458359
458573
459649
461534
461581
462524
463105
464122
464965
466538
469037
469317
469363
469904
470432
471639
473156
473719
474420
474983
476550
477257
477643
477818
478718
479018
480154
481837
481965
482389
483413
483949
483960
485435
486464
488342
489416
490323
491010
491968
492625
493623
495082
495898
496650
497905
498299
499300
500281
501024
501224
501744
501914
503291
503889
505459
506420
508634
509113
511229
512472
512964
513623
515473
515784
516419
517107
518232
521580
524476
526346
527376
530122
530593
532096
532377
533164
534382
534429
536301
537906
538209
539525
539634
540039
540393
541073
542460
543982
545757
546780
547316
548726
550071
550797
552159
552283
553282
557707
558081
558533
560096
561123
561208
562358
563646
565454
569895
570903
571396
572158
572639
572977
573082
574562
575164
576095
578696
578947
580733
582706
583905
583946
584466
584938
585079
586261
586527
586721
587153
588147
588338
589330
589611
590041
590492
591741
591876
592013
595577
597313
598655
602428
602955
605963
607037
609399
611293
611413
612249
613344
615742
616037
616555
616647
617346
620724
621051
621054
621127
624068
626431
626437
626953
626997
627197
627618
633768
634079
634443
634839
634996
636901
639690
640398
640461
643354
644904
646012
647110
648162
648455
650941
651724
651747
652357
652434
652902
653458
653681
655005
655395
656147
656708
656843
657759
657851
658741
659040
659100
659263
660732
661070
661688
661936
663019
663289
665517
666246
669002
669383
669937
670379
673011
673414
674881
676241
676377
676938
677434
679025
680279
683575
684026
685193
685747
685924
687587
687914
688041
688324
688772
689600
690607
690725
695078
698333
699740
700452
700696
702392
702763
704293
705884
707190
707607
708592
710598
710807
711250
712362
712794
712853
715410
717460
718420
721275
723228
723561
724032
725548
725912
726505
726901
726967
727640
727768
729452
729862
730174
731229
731856
731866
732046
732609
734922
736755
737440
738065
738942
739286
739717
741664
742146
744248
744255
744345
744511
744824
747118
748258
748624
750851
750919
751088
752969
753139
754008
754673
755106
755882
756358
757720
760698
763162
764452
764766
769162
770125
770194
770477
771203
771265
771916
772857
773336
774383
775920
778020
779199
780211
781600
781608
781785
781840
781982
782088
784347
786809
786922
787336
787647
788880
788963
791254
791309
792606
793660
797343
797347
800652
800796
801335
802778
802894
803571
804031
804519
807360
807369
807687
808971
812819
816093
816525
817376
817595
818285
819733
821957
822281
822514
822662
824740
825392
825745
829964
830280
830692
832037
834492
834545
834576
837008
841394
842235
843839
844750
844958
845429
847466
849747
850180
850200
852706
853025
853355
854484
856393
857339
857493
857609
857966
857979
858615
861139
861922
862330
862976
864147
864329
864550
864924
865531
866929
867922
869693
871056
871341
873695
879850
881166
882137
883464
883616
883895
885862
887426
887484
891115
892165
892226
893786
895199
896897
897743
899228
900681
903211
903665
904132
906624
908746
910248
910300
910638
911387
913497
913847
914022
914073
914875
916413
916427
917648
917804
917974
918501
920290
921953
921954
922008
925600
930566
932111
932757
933829
934697
934781
936596
936611
936872
937932
940110
940786
944479
946188
946261
947535
947556
947638
948078
948415
948593
948723
950435
951247
951618
952087
952156
954174
954743
955195
957009
957398
961309
961999
962288
962322
966515
967590
969925
970015
970151
970852
972177
972839
973531
973716
978576
978808
978816
979185
980478
981402
982538
982959
984032
984066
985785
987294
987639
990303
992202
993476
995099
995223
995387
996432
997147
999175
1000013
1001081
1001869
1004105
1004696
1005036
1006671
1009811
1010433
1011291
1012965
1013384
1013837
1014420
1014787
1015898
1016603
1017087
1020124
1020618
1021644
1021685
1021979
1022867
1023206
1023676
1024121
1024642
1024941
1025744
1025752
1025944
1026141
1026696
1026989
1027312
1029601
1031874
1033774
1033865
1033933
1034440
1035454
1035691
1035918
1036219
1040068
1040157
1040436
1041166
1041664
1042681
1045661
1045974
1045995
1046639
1047813
1049213
1049644
1052569
1054740
1054921
1056473
1057053
1059136
1062766
1062779
1063119
1063521
1063647
1063991
1064425
1066623
1067357
1068921
1069277
1069907
1070372
1070932
1071065
1073535
1073831
1074048
1074508
1075143
1077725
1079835
1080515
1081392
1082294
1083259
1083296
1086281
1086418
1087741
1088629
1090912
1091674
1097128
1097345
1097726
1099985
1100292
1100668
1101352
1101378
1102104
1102956
1103349
1104442
1104849
1106094
1106283
1106719
1107509
1108284
1108364
1109821
1110338
1110808
1110893
1111366
1114731
1114846
1115156
1116403
1117125
1117654
1122332
1122492
1123706
1123879
1124394
1124731
1125503
1125631
1126736
1127302
1130085
1132451
1132634
1133009
1133317
1134101
1137618
1137662
1137740
1139177
1142792
1144074
1144294
1145898
1147636
1148758
1149644
1149991
1150027
1150393
1150576
1151735
1152701
1152889
1153037
1153362
1154006
1154148
1154508
1156231
1158814
1160548
1161858
1162252
1162430
1163294
1163527
1164693
1164831
1165263
1165618
1167077
1168309
1168925
1169254
1169396
1169434
1170127
1170741
1171404
1175771
1177590
1178990
1180675
1181900
1182066
1182968
1183681
1184683
1187569
1191158
1191981
1194294
1195431
1196417
1199135
1199685
1199756
1202589
1202828
1203205
1203914
1209056
1209078
1210694
1210999
1211732
1212098
1213352
1213470
1215292
1215568
1215841
1215928
1217434
1219726
1219920
1220593
1220859
1221396
1222333
1223240
1223682
1225199
1225297
1227411
1227657
1227686
1230268
1233183
1234150
1235991
1236223
1237756
1238214
1239383
1239710
1240632
1241849
1241923
1242022
1242757
1244122
1245778
1247068
1247318
1248137
1248449
1248511
1249666
1250028
1251230
1252113
1253367
1253639
1254010
1254496
1255497
1256810
1257704
1257840
1257895
1258587
1258747
1258779
1258807
1259057
1259138
1260318
1260408
1261299
1261495
1261963
1262129
1263469
1263761
1265094
1266668
1266912
1267738
1268756
1269320
1270114
1270169
1270776
1273036
1273419
1273676
1275984
1276388
1277599
1278541
1278990
1279301
1282939
1282973
1283629
1285122
1285774
1287158
1287545
1289014
1289182
1291118
1291176
1292606
1293905
1294586
1295839
1296672
1297630
1298442
1299113
1299236
1299929
1301167
1301206
1301356
1302224
1304918
1305229
1305593
1305771
1307313
1307702
1307861
1308286
1313123
1313253
1314085
1314850
1317725
1318131
1318744
1319192
1320238
1321743
1322287
1324243
1324435
1325998
1327615
1327880
1327975
1328333
1328771
1328996
1329312
1330359
1331021
1332025
1332494
1332811
1333205
1333373
1333774
1338761
1338774
1340435
1340880
1340957
1341739
1344323
1344576
1347185
1348649
1349251
1351329
1351380
1353487
1355239
1356109
1356152
1357392
1358294
1358703
1359249
1361062
1361232
1365185
1365989
1366057
1366489
1367298
1367981
1368426
1368899
1369730
1370131
1370778
1372030
1372413
1374918
1376603
1377205
1377432
1377538
1378642
1378938
1380847
1381353
1381503
1382673
1383992
1385262
1385678
1385875
1386709
1386961
1387697
1387839
1388956
1389745
1389937
1390383
1391920
1393266
1393288
1395009
1395729
1396607
1396770
1398479
1398713
1400050
1401618
1402736
1404587
1406212
1406357
1406737
1407860
1409462
1410348
1410554
1411692
1412839
1414735
1414811
1415887
1416839
1418797
1419346
1419383
1420712
1420722
1421888
1422061
1423804
1424793
1425286
1425710
1427744
1428115
1429323
1429829
1430535
1432680
1436050
1436725
1438402
1439079
1442861
1444018
1444098
1444396
1445364
1445538
1446160
1447399
1450261
1451078
1451669
1453377
1454938
1455227
1456688
1456930
1464311
1466834
1469882
1469885
1472473
1473502
1474847
1475354
1476490
1479696
1480051
1480557
1482211
1482687
1483568
1484680
1485042
1487472
1487693
1490238
1492679
1494622
1495051
1495160
1495852
1496049
1496742
1496826
1497101
1497271
1500659
1500733
1501085
1501377
1501594
1503167
1505305
1505576
1505689
1507488
1508142
1508388
1511434
1515232
1516314
1517851
1518095
1518543
1519439
1520692
1521914
1523958
1524259
1525449
1525574
1525754
1526531
1529902
1530346
1531093
1532021
1532867
1534935
1537594
1538518
1539616
1540127
1540156
1543860
1543882
1543984
1544751
1545256
1546299
1547446
1548191
1548867
1550949
1551863
1551878
1552097
1553374
1554120
1554188
1555113
1555996
1557462
1557958
1558048
1558136
1558479
1558708
1560047
1560497
1561996
1562237
1564540
1564854
1566148
1567954
1568134
1568365
1571004
1575162
1575748
1575916
1576443
1576483
1577449
1577664
1578178
1579256
1580351
1581417
1581869
1583815
1583836
1583973
1585025
1585580
1587493
1589609
1590978
1593992
1594332
1594398
1594666
1594846
1595103
1595556
1596444
1596798
1597876
1601228
1602014
1602155
1602386
1603592
1604644
1605934
1606016
1608275
1608698
1610689
1612607
1613066
1614210
1616365
1617601
1618691
1621410
1621789
1622912
1623303
1623494
1624459
1625730
1625969
1626593
1627604
1627625
1629277
1629963
1630459
1631404
1635123
1638563
1642129
1642748
1643186
1643463
1644395
1646132
1646435
1649729
1652087
1652660
1655748
1658351
1659043
1661559
1662845
1663114
1663907
1663912
1665136
1665184
1665673
1666355
1667858
1669323
1671627
1672335
1672960
1673684
1674576
1675437
1675629
1678338
1679429
1680777
1683136
1683580
1685444
1685528
1686419
1687903
1690428
1691399
1691407
1692229
1692494
1692750
1693386
1694168
1694284
1695842
1696404
1696908
1697712
1698872
1700548
1700859
1701537
1702764
1703575
1703600
1705145
1705437
1705490
1705866
1708369
1708550
1710295
1710562
1710766
1711371
1711564
1713907
1716359
1716934
1717182
1719049
1719269
1719528
1721630
1721663
1721782
1722472
1723446
1723664
1723898
1724418
1726710
1729099
1729166
1729581
1730429
1731954
1732978
1733963
1733968
1735431
1735552
1736442
1737290
1739257
1740169
1740407
1741692
1743076
1744384
1744882
1745017
1745817
1747920
1747983
1748541
1748596
1750118
1751130
1751218
1751651
1752261
1755932
1757147
1758169
1758181
1758539
1761383
1762212
1763432
1764796
1765998
1766864
1767277
1768808
1770012
1770600
1772795
1772965
1773665
1774108
1775333
1775402
1775640
1776415
1776936
1778042
1778923
1779091
1780222
1780569
1780899
1780983
1783325
1783463
1783986
1784880
1786452
1787350
1787409
1787980
1790975
1793254
1793591
1795679
1795962
1797978
1800875
1801096
1802595
1803283
1803653
1804221
1804863
1804988
1805803
1807265
1808111
1808951
1809613
1810239
1810350
1810933
1812359
1813471
1818328
1818605
1819182
1819661
1819924
1820542
1821170
1821573
1822190
1822258
1823290
1824489
1825066
1827272
1829052
1829091
1829721
1830473
1831040
1831167
1834818
1836154
1836299
1837381
1837874
1842455
1842800
1845917
1847399
1849157
1849414
1849861
1850264
1850375
1850640
1850837
1851005
1853255
1854879
1854991
1855414
1855473
1856108
1856809
1858468
1858848
1861785
1864394
1866133
1870464
1870828
1871532
1871952
1875733
1876008
1876655
1877112
1878445
1880416
1880802
1881195
1882032
1882206
1882541
1883929
1886512
1888657
1888948
1889383
1889423
1889476
1891064
1893253
1895997
1897694
1897756
1898704
1901730
1902325
1903080
1907158
1907795
1911783
1912197
1912464
1913015
1913700
1915857
1917401
1917673
1918403
1918758
1918808
1919387
1919446
1919852
1922500
1922956
1923230
1923553
1926525
1927973
1929666
1929989
1930531
1930537
1934193
1935518
1939131
1939324
1941097
1942854
1944216
1944631
1944759
1946494
1947578
1949578
1951643
1952436
1952995
1953119
1955594
1955918
1955929
1956256
1957455
1957768
1962580
1962752
1965008
1965291
1966130
1966306
1966567
1966662
1968030
1968643
1968672
1968937
1970020
1971433
1973506
1976682
1977348
1980085
1981375
1982452
1982493
1982966
1985332
1986671
1990474
1993240
1993802
1994059
1995151
1995551
1996259
1996894
1997382
1997696
1998458
1998502
2000880
2001495
2002848
2004285
2005058
2006825
2007052
2007492
2008243
2009055
2011644
2011812
2012172
2013296
2014164
2014381
2016153
2016481
2018607
2019676
2019883
2020570
2022264
2023222
2023533
2024352
2025363
2027094
2028938
2029246
2029636
2030182
2032431
2032750
2033584
2033951
2034440
2035790
2036381
2037061
2037592
2039953
2040179
2041502
2041636
2042279
2043086
2043474
2044260
2046120
2047650
2048712
2049489
2050954
2051386
2052555
2053462
2053506
2059478
2059713
2060075
2060083
2061309
2062390
2063085
2063684
2064138
2064789
2067042
2067864
2070292
2071943
2072745
2074254
2075016
2076864
2077324
2077351
2079621
2083482
2083576
2085279
2085550
2086300
2086665
2087484
2088389
2089680
2090016
2091076
2092061
2092222
2093019
2095180
2095259
2097710
2098355
2098690
2099992
2100037
2100244
2102291
2103129
2104783
2104996
2105580
2106206
2107219
2111564
2111573
2112441
2112670
2113296
2114178
2114889
2115143
2119033
2122329
2122811
2125002
2125647
2126471
2126794
2128090
2129914
2132191
2132699
2134064
2134093
2134300
2134340
2136154
2136219
2136436
2137058
2137264
2139979
2140683
2140730
2142352
2142678
2143413
2143582
2143731
2145907
2146369
2146565
2146950
2148239
2149683
2150956
2151211
2151900
2151912
2153045
2153468
2154111
2154274
2154735
2154868
2156386
2162125
2163020
2163517
2164430
2167178
2169441
2172935
2174598
2175880
2180661
2182165
2183587
2184492
2184699
2185062
2186411
2187696
2187922
2189246
2189356
2189963
2191482
2192381
2192478
2193414
2193598
2196107
2197801
2197804
2200810
2201081
2202414
2203091
2203682
2203908
2204099
2205026
2206883
2207168
2207232
2210603
2210700
2210800
2211035
2211122
2213164
2213738
2213973
2214485
2215683
2217409
2219389
2220365
2220640
2221010
2221470
2223139
2223843
2223891
2224342
2225411
2225443
2225960
2227568
2229257
2229275
2230111
2231316
2232660
2233141
2233337
2234202
2234418
2235013
2235637
2235860
2236374
2236532
2237854
2237945
2238089
2240060
2240228
2240441
2244616
2246085
2246187
2246702
2248449
2250861
2253160
2253967
2256868
2257638
2260817
2260874
2262561
2266414
2268873
2269325
2269899
2270213
2271635
2271815
2272324
2273022
2274996
2275755
2276314
2276914
2280517
2281248
2282319
2282516
2283207
2284442
2285307
2285350
2288216
2288683
2288948
2289766
2290997
2291731
2297548
2297748
2299744
2300528
2301272
2301916
2302043
2304860
2305641
2306130
2306175
2308011
2308054
2308673
2309366
2309480
2311509
2312070
2312587
2314268
2315104
2316471
2318995
2321271
2323155
2325558
2325692
2326142
2326643
2326849
2327449
2327975
2330831
2331556
2333311
2333798
2334647
2334997
2335528
2337487
2338826
2339976
2340729
2342230
2342401
2346017
2346642
2346798
2347417
2348521
2350617
2355778
2357447
2357754
2358179
2358246
2360203
2360666
2365830
2366834
2368255
2368699
2368834
2370546
2371132
2375378
2378206
2379648
2381036
2381411
2381692
2382444
2382494
2382816
2384320
2384812
2384830
2386781
2388471
2389296
2389655
2391776
2392110
2392721
2393111
2393834
2394240
2395660
2395682
2398769
2400913
2402304
2402337
2404376
2405118
2405687
2405827
2407359
2408359
2408657
2409074
2409353
2409866
2410334
2411182
2411899
2411918
2412175
2412799
2413204
2414185
2414409
2415774
2416098
2420201
2420394
2422954
2422967
2423017
2425774
2427353
2428001
2428248
2430271
2430340
2430552
2430871
2430904
2430988
2431910
2432153
2435988
2437676
2437767
2438932
2440699
2441381
2443023
2443844
2445525
2445614
2446158
2446552
2446659
2446842
2449928
2453859
2453951
2457083
2458231
2459630
2459828
2460130
2461703
2462328
2463017
2463056
2463200
2465763
2467775
2469011
2469045
2471493
2472394
2475975
2476153
2476840
2477735
2478570
2480047
2480726
2481031
2481153
2481315
2481736
2482004
2482361
2482582
2485363
2487734
2489818
2490181
2491597
2491864
2491983
2492954
2493751
2497135
2498320
2498345
2500921
2501428
2502080
2504152
2504447
2504618
2507397
2507780
2508100
2509451
2510277
2510554
2511915
2512963
2513341
2513345
2513506
2513606
2514183
2516473
2517300
2517450
2517823
2520392
2522633
2524899
2525099
2526142
2528595
2528986
2532017
2532120
2532838
2532953
2533715
2534002
2534396
2535350
2535859
2536248
2539283
2540172
2543225
2544167
2547022
2548244
2549111
2550139
2550511
2551441
2551822
2552018
2553005
2555556
2555777
2555912
2557484
2560135
2561276
2561380
2562740
2563567
2563828
2564446
2565129
2565652
2565965
2566635
2568175
2570416
2572321
2573711
2575433
2575562
2578007
2579571
2580664
2580782
2581487
2581928
2583474
2584187
2585866
2586161
2589262
2591090
2591706
2593986
2596046
2596574
2596710
2596751
2597898
2600123
2601024
2601729
2602770
2603179
2606213
2607884
2612267
2613369
2613465
2614032
2615323
2615818
2615905
2616418
2616424
2616718
2617151
2618573
2618827
2620275
2620704
2623027
2623593
2625234
2626154
2628697
2629179
2629324
2629818
2629839
2632718
2634182
2634262
2634672
2635719
2636280
2636740
2637362
2637826
2643555
2643784
2646966
2647099
2649684
2649842
2650252
2652141
2654316
2654833
2655312
2655406
2656191
2656556
2656885
2657305
2657983
2658692
2659673
2660671
2662272
2663544
2663587
2664217
2664225
2664529
2665247
2665652
2667097
2667553
2668088
2670742
2671170
2671226
2674307
2674362
2674935
2676476
2676624
2677772
2678356
2678450
2679484
2681650
2682165
2682297
2684383
2684568
2685388
2687493
2688527
2689647
2690737
2691802
2692500
2695393
2695623
2695905
2696681
2696899
2697115
2698617
2698712
2699008
2699251
2706708
2707395
2708480
2711601
2715610
2718896
2719427
2720064
2720376
2721509
2721855
2722642
2723016
2723072
2723605
2726746
2727044
2727265
2727756
2727879
2728397
2729022
2732454
2733518
2734771
2737288
2737291
2738476
2738748
2739293
2739674
2740977
2742328
2742821
2743385
2745768
2746744
2747857
2748888
2752317
2752659
2753313
2754175
2755901
2756215
2756353
2757002
2757646
2757711
2759303
2761100
2761144
2761237
2762251
2762332
2764718
2766573
2769139
2769616
2770931
2775165
2775181
2775971
2776408
2776717
2776948
2779754
2783911
2784456
2785568
2786225
2787628
2788987
2790696
2792000
2792933
2795348
2796037
2796062
2796598
2796814
2798487
2799871
2800466
2800833
2801203
2801789
2802706
2803653
2805761
2807902
2814422
2814456
2814797
2817398
2818244
2820597
2821509
2823003
2823354
2825563
2825642
2825788
2826626
2826704
2827889
2827966
2829781
2829861
2831794
2833388
2833638
2834649
2835907
2836697
2836723
2837434
2838826
2841587
2841637
2844394
2847351
2847554
2848641
2848691
2848867
2851307
2852634
2852686
2854345
2856164
2856435
2857784
2860914
2861294
2861303
2862194
2864517
2865517
2867177
2867751
2868836
2869714
2870421
2871614
2873053
2875542
2875638
2876585
2877304
2879852
2881023
2881752
2882144
2885113
2886157
2886977
2887945
2888488
2888716
2889232
2889345
2890306
2890565
2890829
2892203
2892461
2895924
2896212
2897568
2898107
2898920
2899779
2900082
2900348
2901494
2902314
2902868
2903027
2903608
2904606
2908708
2909342
2909704
2910995
2912386
2912612
2913705
2914320
2915224
2915612
2915721
2916807
2917135
2917819
2918713
2919034
2919253
2920921
2921231
2924743
2925178
2925773
2927418
2928094
2928994
2931208
2931628
2931767
2932195
2933007
2934212
2935565
2936126
2936824
2937138
2939064
2939151
2939867
2940066
2942491
2947520
2947855
2948062
2948495
2949095
2950189
2950969
2951847
2951943
2951948
2952624
2952779
2953238
2953399
2954291
2955834
2956792
2957273
2959964
2960369
2960729
2961968
2962686
2964072
2964347
2965872
2966958
2968657
2968775
2970330
2971023
2972396
2972550
2974704
2976820
2978716
2980268
2980965
2981665
2982602
2984914
2985695
2986427
2987008
2987161
2987712
2988899
2989057
2989666
2990845
2992555
2994188
2995069
2997868
2998115
2999023
2999283
3001974
3003537
3004439
3004474
3005043
3006296
3008440
3015106
3015124
3015338
3017748
3018685
3019532
3022304
3023127
3023168
3023899
3023916
3024658
3028074
3028474
3029441
3029940
3031855
3031880
3033998
3035624
3036242
3039440
3040005
3040804
3043616
3044395
3044741
3045661
3046917
3048070
3049328
3050931
3051958
3053153
3053506
3054501
3055123
3060267
3060598
3060609
3061160
3061991
3063458
3063625
3063688
3064244
3066704
3068152
3068975
3069850
3071210
3073619
3074074
3074649
3074885
3075379
3075708
3077278
3078528
3081420
3082359
3082893
3085608
3085833
3087549
3088472
3088760
3089823
3090193
3090746
3091062
3091827
3093022
3093232
3093601
3094019
3096713
3097774
3100857
3103397
3104781
3105332
3106271
3107772
3107980
3108407
3110493
3111135
3112215
3112464
3112507
3113880
3114780
3119513
3122135
3122610
3123327
3124355
3124751
3126871
3126912
3127408
3127513
3131048
3131495
3131572
3131664
3132556
3133315
3134613
3136642
3137375
3137872
3138075
3138084
3138865
3140750
3141760
3141938
3142624
3143089
3143221
3143520
3144837
3145264
3145414
3146339
3146857
3146988
3147747
3148595
3149248
3149283
3151386
3151465
3153830
3154409
3155008
3155928
3157657
3157866
3158182
3159036
3159190
3159695
3160105
3161836
3162825
3163173
3163377
3163602
3164911
3165578
3166013
3168258
3168400
3168442
3172449
3173021
3173135
3173144
3175467
3176026
3176163
3177203
3178404
3178694
3179351
3180924
3181173
3181473
3181596
3182071
3183724
3183937
3183972
3184152
3185031
3185382
3186362
3186590
3187192
3187493
3188669
3192474
3199741
3204228
3205160
3206297
3206775
3207098
3207110
3210504
3211095
3213069
3215827
3217927
3218565
3219900
3221071
3221735
3222356
3222831
3223113
3225264
3226214
3226371
3226891
3228992
3231082
3232773
3233441
3233978
3234726
3235880
3235974
3238601
3241016
3241929
3244887
3246153
3246889
3249442
3249576
3251320
3251522
3251551
3252170
3252671
3252844
3253101
3253394
3253681
3256116
3259230
3259549
3259697
3259701
3260025
3260842
3261240
3261583
3262705
3263371
3264317
3264748
3266626
3267652
3270292
3270698
3271329
3272351
3273286
3273848
3274525
3275983
3277256
3277622
3278969
3281789
3282043
3285229
3286195
3286808
3287401
3292220
3292459
3294000
3294222
3295164
3295341
3295723
3297539
3298471
3299416
3302001
3302197
3303798
3303806
3305653
3305951
3306360
3308029
3308138
3311126
3313049
3314711
3315575
3316198
3316308
3316746
3318695
3318742
3320047
3320692
3321696
3321919
3323354
3323498
3324182
3324721
3325277
3327223
3328856
3328860
3328930
3331087
3331606
3331686
3332526
3332543
3333053
3333493
3334930
3338156
3340742
3341651
3342408
3343572
3343705
3345509
3346101
3346610
3346866
3348708
3349149
3350085
3353151
3353581
3354757
3354870
3355607
3355729
3357352
3357723
3357833
3358394
3358714
3360419
3361892
3362225
3362505
3362896
3363303
3363937
3364128
3364743
3365138
3365576
3366042
3366373
3367155
3367476
3368590
3369212
3369370
3369610
3371236
3371864
3372348
3372647
3374079
3375199
3376153
3376505
3377228
3378116
3378219
3378418
3379777
3379848
3380346
3380452
3380865
3381333
3382767
3383428
3384283
3384303
3384904
3384926
3385172
3385580
3386201
3391666
3393729
3393977
3394000
3394666
3394710
3394786
3396204
3397044
3397624
3397683
3397754
3398563
3398832
3398971
3399665
3400628
3403192
3405458
3405868
3405904
3407345
3408873
3408920
3409734
3413256
3415162
3416625
3416821
3417388
3418295
3418791
3422233
3423540
3423748
3426188
3426201
3426912
3427288
3431220
3432758
3433424
3435849
3435949
3436562
3437359
3440258
3441124
3441746
3446759
3446843
3448067
3449844
3454039
3454304
3454399
3454480
3455716
3456767
3457720
3457770
3458885
3459508
3459568
3460224
3461716
3463282
3463574
3463830
3464652
3465751
3468716
3472163
3474558
3475708
3476830
3478473
3478923
3481558
3482423
3482864
3484414
3485608
3485816
3487731
3488051
3491524
3491812
3492458
3492979
3493328
3494278
3496831
3497369
3498896
3498961
3499868
3500288
3501747
3503899
3504366
3504888
3506947
3507702
3509701
3510264
3510715
3511136
3511712
3512549
3513311
3514638
3514807
3514834
3516711
3517860
3518115
3519504
3520028
3520497
3521358
3522172
3522968
3524403
3524488
3524852
3525465
3526803
3529037
3529203
3529242
3529953
3530219
3530411
3531313
3532806
3534368
3534638
3536681
3537013
3537555
3537680
3538213
3539586
3540088
3540166
3540666
3543565
3547098
3547810
3548661
3549802
3552118
3552172
3552416
3553758
3553945
3554750
3556996
3557468
3557731
3559598
3560801
3563070
3563309
3563613
3563673
3564582
3564821
3565345
3567205
3567392
3573650
3573669
3574041
3575086
3575221
3576499
3578572
3579970
3580956
3581219
3582047
3585298
3585539
3587235
3587835
3588040
3590183
3590771
3592321
3592935
3592956
3594234
3596483
3598582
3600061
3602935
3602943
3603069
3603847
3605133
3606657
3607340
3608000
3609975
3610158
3610238
3610591
3611199
3612212
3613492
3613922
3614288
3614553
3614757
3615382
3615761
3616127
3616670
3619844
3620593
3621574
3621640
3621759
3622905
3624857
3624905
3625257
3626669
3629857
3630971
3631720
3632042
3632342
3633132
3634057
3634473
3635253
3635661
3635799
3636703
3636947
3637555
3638886
3639595
3642269
3644936
3646626
3652116
3653221
3656425
3656439
3656920
3658885
3660455
3662382
3664226
3665789
3666180
3667757
3667873
3668095
3670738
3671599
3673027
3674319
3675369
3675467
3676367
3677506
3678205
3680543
3681411
3681855
3684071
3684814
3687501
3687663
3688865
3692436
3693100
3695167
3696193
3699673
3700509
3701973
3702092
3704323
3706364
3706458
3706482
3708555
3708945
3710776
3711513
3711703
3713596
3713934
3715019
3715380
3717355
3718333
3719529
3719705
3722289
3726583
3726905
3727937
3731412
3733094
3735730
3737025
3737143
3737977
3739439
3740361
3741146
3741357
3742230
3742446
3742689
3743249
3744189
3747646
3749318
3749565
3750220
3751277
3751390
3752593
3752789
3756640
3757330
3758817
3759112
3759219
3761394
3761516
3762805
3763015
3767188
3768643
3769357
3769452
3769847
3772565
3773402
3775757
3776287
3777814
3778440
3779479
3779633
3779655
3779970
3780241
3781837
3782174
3782331
3784925
3785489
3785857
3786091
3787755
3788299
3789442
3789504
3792427
3794924
3796394
3797900
3797943
3798380
3799453
3799688
3802090
3802200
3806854
3807589
3809789
3810739
3810834
3811875
3812728
3814354
3815306
3816383
3817078
3817544
3818225
3819289
3820795
3821094
3821189
3821305
3822644
3823370
3825614
3827757
3829155
3829242
3832672
3833029
3833591
3835729
3838601
3840066
3841678
3842322
3842746
3844564
3845529
3845976
3846074
3846490
3846659
3848708
3849035
3850947
3851359
3851390
3853366
3853456
3853611
3853653
3854255
3854271
3856285
3856750
3856794
3856922
3857835
3859322
3861441
3864621
3867043
3867235
3867607
3871935
3872099
3874491
3874990
3877544
3878754
3880673
3880807
3881007
3881631
3881718
3883251
3883423
3886685
3887926
3887957
3888528
3888871
3889782
3890276
3890363
3891772
3893253
3896850
3898739
3899581
3900792
3901320
3901805
3903461
3903631
3904607
3907066
3907183
3911509
3911835
3912777
3912845
3913808
3913862
3914661
3915250
3915875
3916740
3917094
3918580
3919673
3920044
3920745
3921293
3922303
3922943
3923514
3923760
3924515
3926181
3926184
3927147
3927357
3928790
3932254
3932945
3939485
3939486
3939552
3940739
3942298
3942714
3943077
3946380
3946581
3947050
3947076
3951965
3952954
3953216
3954262
3954454
3956852
3961843
3961902
3962026
3962638
3962855
3963321
3967525
3967903
3967913
3967918
3968900
3968916
3969236
3969372
3969522
3970022
3970710
3974779
3974796
3974907
3975332
3975517
3976679
3979516
3981702
3981905
3983917
3985459
3986612
3987304
3987527
3988541
3988661
3990011
3990527
3991492
3994994
3995101
3995847
3995998
3997546
3999574
3999708
3999757
4000746
4001304
4001732
4001742
4002599
4003423
4004985
4005475
4007071
4007746
4007964
4007994
4008676
4008804
4009185
4009211
4009882
4010374
4010731
4014265
4014520
4014674
4016525
4017751
4019745
4020866
4021769
4021822
4022652
4023877
4024523
4025620
4026297
4027081
4027294
4028051
4029006
4029046
4030165
4030318
4031312
4031784
4032048
4032417
4032738
4033069
4035934
4036223
4036681
4037734
4040065
4041017
4042188
4043978
4045098
4047347
4048264
4049279
4050642
4051152
4051768
4054197
4054426
4054748
4056433
4056542
4060102
4060301
4061570
4061644
4061792
4062394
4062486
4063894
4066669
4067007
4068154
4068647
4069179
4070773
4072786
4073019
4073707
4074903
4077574
4079889
4081473
4081664
4081907
4084276
4084341
4085592
4086339
4087191
4087435
4089153
4089852
4090359
4091864
4092278
4092752
4092793
4094290
4094456
4095237
4096132
4096298
4097981
4099465
4100041
4103411
4104599
4106490
4110348
4110677
4111020
4111900
4113474
4114546
4114917
4116788
4118203
4118926
4120339
4121196
4122018
4123194
4124867
4125296
4125883
4128190
4128779
4129645
4131039
4132181
4136397
4136628
4139200
4140437
4141720
4142331
4142602
4142643
4142826
4144174
4144712
4145333
4146445
4146728
4147598
4147700
4148368
4149666
4150250
4152215
4152835
4154565
4154566
4154634
4154794
4154854
4156582
4157782
4158351
4159480
4161105
4161953
4162418
4163094
4163207
4163584
4165238
4166634
4167744
4167770
4167965
4171448
4172275
4175145
4176924
4177425
4177480
4180164
4180181
4182367
4182900
4186110
4186938
4188378
4189722
4192140
4192294
4192543
4193096
4194576
4194977
4195374
4198879
4199650
4199964
4202290
4202944
4204408
4204671
4205237
4206878
4206990
4208233
4208582
4209184
4209831
4210796
4211476
4213352
4213459
4213788
4214468
4214781
4215516
4216351
4219779
4222513
4223649
4224098
4226268
4232880
4234026
4234106
4234180
4234447
4234577
4235260
4235826
4236913
4237134
4238089
4238664
4241260
4241915
4243936
4244506
4244773
4245014
4247153
4249495
4250336
4252274
4254010
4254074
4255596
4257290
4258782
4258908
4259176
4260531
4261982
4264262
4266495
4268823
4269555
4271198
4271362
4273105
4274322
4274540
4274545
4276886
4277105
4277135
4278005
4278050
4279541
4280427
4282415
4283617
4283925
4284343
4284428
4286992
4287272
4288329
4289096
4291467
4291848
4292142
4292396
4292485
4293328
4294092
4294547
4295276
4296001
4296241
4296586
4296977
4297444
4297700
4300485
4300860
4301556
4302590
4302606
4303006
4303987
4304897
4306380
4306518
4306924
4309028
4309936
4312327
4312336
4312348
4313596
4313796
4314867
4314960
4315971
4316969
4319066
4320870
4321318
4322913
4324167
4324522
4325204
4325576
4325937
4326541
4326928
4327627
4328742
4329566
4331467
4332265
4332880
4333076
4333393
4333852
4334499
4334959
4335675
4335704
4338337
4339100
4340576
4341141
4343245
4344669
4348291
4348402
4348701
4349983
4350333
4350954
4352369
4353627
4355619
4355990
4357281
4358155
4358439
4362200
4363574
4364658
4365540
4365701
4366001
4367939
4368033
4368612
4369696
4373908
4374518
4374600
4376987
4377831
4378604
4379389
4380200
4380412
4380539
4381364
4382309
4382866
4383931
4385285
4386110
4387053
4387700
4387796
4388512
4389244
4390426
4392968
4393089
4394372
4394587
4396887
4397284
4397356
4399341
4400426
4402313
4403371
4403622
4404618
4405826
4407689
4407783
4408396
4410277
4410543
4411849
4413086
4413558
4413918
4414204
4414616
4415964
4416028
4418196
4419052
4421291
4424239
4425004
4429528
4429786
4430386
4430764
4431206
4431451
4433275
4434192
4434657
4435530
4436061
4436281
4436878
4438496
4439360
4439906
4441738
4441902
4442147
4443608
4443630
4445303
4447605
4448015
4449068
4449899
4450830
4451287
4452065
4452873
4454378
4455381
4460360
4460385
4460430
4460985
4462383
4462767
4464510
4466166
4468885
4469285
4470193
4470625
4471160
4471394
4471965
4472202
4473611
4473927
4474061
4477751
4478007
4478752
4479368
4479829
4483080
4485629
4485881
4487208
4487964
4488101
4490164
4492182
4493830
4494156
4495931
4496619
4497376
4497484
4497636
4498125
4498198
4499869
4503298
4505501
4506004
4507259
4507850
4509312
4509500
4510333
4510639
4510895
4511196
4511822
4512814
4513519
4513720
4515080
4515685
4516544
4518197
4518687
4519935
4520963
4522140
4523004
4523038
4523891
4524676
4524717
4524742
4527325
4527389
4527867
4529608
4530510
4530933
4532139
4532252
4533134
4539206
4540379
4541081
4541253
4542505
4545456
4545769
4547222
4548632
4550056
4551313
4552169
4552518
4553888
4554128
4554520
4554871
4554927
4557708
4557810
4559243
4560990
4561897
4565996
4566010
4566768
4567412
4567430
4567581
4568950
4569200
4569277
4569414
4569690
4570948
4573036
4573042
4573218
4573272
4573369
4574051
4574507
4575964
4577591
4578599
4579139
4579824
4580368
4580593
4580794
4583288
4584172
4584195
4584633
4584819
4585205
4586046
4586574
4587279
4588473
4588612
4589523
4592809
4593455
4594485
4594697
4595984
4596026
4597751
4599936
4604485
4604784
4605318
4606037
4606332
4607156
4607351
4607905
4611005
4611097
4612432
4615144
4616937
4617148
4617447
4617712
4617781
4619250
4620268
4620831
4621199
4623868
4626550
4626958
4627110
4627135
4627314
4628330
4628759
4629051
4629983
4632974
4633265
4633289
4634151
4634196
4634675
4635538
4636891
4637326
4637623
4637771
4637841
4639015
4639458
4640304
4642781
4644502
4645335
4646736
4647433
4649503
4650507
4651453
4652248
4653372
4653557
4653580
4653666
4654381
4655627
4655785
4656170
4660355
4664642
4665354
4665677
4666378
4667618
4667644
4668930
4669171
4670564
4670571
4671614
4671816
4672539
4674143
4675008
4676614
4677112
4678345
4678780
4678829
4679958
4680551
4680789
4680994
4684436
4688225
4689567
4690450
4692361
4694536
4695610
4696163
4700711
4702084
4703386
4706361
4708006
4708139
4711139
4711864
4712789
4715100
4717453
4718030
4718737
4720319
4720742
4720879
4721933
4722691
4722824
4725339
4726402
4727640
4728821
4730138
4731152
4731236
4731429
4732670
4734326
4734676
4735939
4736522
4737321
4739016
4739059
4739374
4739972
4740251
4740365
4740957
4743123
4744109
4746558
4748379
4748537
4752626
4753353
4753947
4754714
4754827
4756651
4756712
4757116
4757306
4758353
4758770
4760021
4762161
4763247
4764693
4767120
4767244
4769336
4769476
4769866
4771686
4772609
4773487
4774128
4778345
4778561
4779491
4782362
4783656
4785133
4785711
4786349
4787779
4788118
4788891
4789033
4789144
4790267
4790736
4791050
4792715
4795701
4798069
4798639
4800756
4802199
4804210
4805281
4807176
4808849
4808905
4810693
4810710
4812564
4812712
4813298
4813542
4813952
4814215
4814670
4814859
4816651
4817095
4819385
4820588
4822017
4824317
4824976
4826677
4827128
4827517
4827865
4829355
4831094
4831451
4833397
4834540
4834618
4836666
4837440
4837832
4839626
4844547
4846288
4848266
4848302
4849490
4850715
4851336
4851544
4851561
4853281
4855857
4859561
4861107
4864651
4864895
4864906
4864947
4865304
4866096
4868850
4872817
4876361
4877974
4878824
4879320
4880367
4880977
4882781
4884073
4884350
4885356
4885638
4888135
4888491
4889326
4889962
4891783
4893045
4894709
4895733
4898102
4899013
4899236
4899243
4899362
4900005
4900559
4901027
4902074
4904020
4904461
4905648
4906563
4906899
4907404
4908399
4909315
4910619
4912303
4912492
4913523
4914340
4915163
4915377
4917576
4918243
4919156
4921151
4921388
4923676
4925243
4927481
4927556
4929344
4929928
4930368
4930436
4930699
4930752
4931014
4931372
4931670
4931691
4932333
4934927
4934935
4935231
4935931
4937670
4939942
4941820
4942209
4944135
4944329
4945567
4946333
4946552
4946916
4947862
4948655
4949923
4950358
4950909
4951011
4952708
4953631
4953877
4955531
4956831
4956885
4957225
4958549
4959995
4960346
4960770
4961636
4963536
4964476
4965051
4965437
4968783
4969075
4974491
4976961
4978665
4979023
4980377
4980490
4981384
4983468
4985245
4985862
4986525
4986557
4986925
4987956
4989528
4990249
4990383
4990964
4992363
4992523
4992640
4994151
4994813
4995496
4996345
4996623
4997854
4999241
5001009
5002611
5002848
5003315
5003457
5003635
5004163
5005754
5007039
5007999
5008583
5009594
5009939
5012347
5016520
5016631
5017143
5018907
5024638
5025778
5026009
5026041
5026811
5026879
5028542
5030093
5030169
5030289
5031793
5035819
5036871
5037255
5037378
5037622
5037895
5039312
5039440
5040316
5041148
5044067
5046108
5046383
5046850
5046982
5047011
5048975
5050190
5051309
5051686
5051944
5052932
5054128
5056444
5056514
5057401
5057744
5058718
5060686
5062984
5063490
5065997
5066266
5066571
5066810
5066892
5068751
5071321
5071683
5073953
5074228
5074932
5076071
5076620
5076895
5079372
5079491
5079912
5082364
5083793
5089355
5089590
5089793
5090762
5093532
5093731
5093733
5094393
5095264
5096009
5096057
5096243
5096745
5102760
5104272
5106810
5107460
5107483
5107980
5109450
5111419
5112324
5112558
5112856
5114274
5114318
5114394
5115744
5115826
5116015
5116765
5117347
5119072
5119256
5120352
5120721
5121026
5123609
5124455
5126824
5126942
5127970
5131206
5134937
5136220
5140443
5140709
5141626
5142928
5145323
5145361
5147153
5148906
5152374
5152846
5154521
5156585
5161410
5163582
5164973
5166268
5167617
5168046
5169863
5171578
5172434
5172608
5173224
5173447
5173501
5173973
5174596
5175372
5175674
5175976
5176004
5176280
5176473
5178849
5179415
5179558
5180972
5180996
5181391
5181846
5182468
5182585
5183996
5184155
5184227
5184343
5184570
5185396
5185589
5185658
5186178
5186628
5187056
5187473
5188208
5188233
5188507
5189353
5190697
5190884
5191944
5193265
5195498
5195951
5196279
5197152
5198004
5198721
5199054
5199136
5199948
5201052
5201163
5201337
5202190
5203475
5204217
5204427
5205140
5205183
5205255
5207422
5208665
5210427
5213333
5214444
5214929
5214932
5215779
5216026
5216974
5217224
5218730
5219651
5219708
5223502
5223915
5226131
5227440
5227809
5228348
5228626
5229800
5230767
5231524
5232054
5234344
5235399
5237974
5239864
5241051
5243023
5243603
5244410
5244498
5244559
5244908
5245995
5248069
5248191
5249239
5249957
5252672
5254659
5255950
5256187
5256337
5256901
5259808
5259827
5259876
5259990
5260315
5262511
5264084
5264138
5265141
5265697
5266049
5268219
5269703
5271117
5274236
5275264
5276096
5276500
5276542
5278066
5278766
5279240
5279780
5281031
5282719
5282964
5288563
5288729
5290954
5293289
5293450
5293489
5295197
5297389
5297850
5297922
5299604
5300694
5302135
5302413
5304133
5307927
5308630
5309472
5311211
5312945
5317030
5317143
5317295
5317306
5318637
5319452
5320978
5321213
5322102
5322108
5322647
5324851
5326221
5326317
5326584
5326806
5327978
5328263
5328958
5328972
5333024
5333155
5333338
5335026
5336979
5337309
5338678
5339345
5339594
5339847
5341472
5341985
5342196
5342626
5343338
5343954
5344061
5344915
5345325
5345997
5346333
5347095
5347332
5347553
5348127
5349107
5349327
5349986
5350212
5352438
5352828
5355698
5357379
5358388
5358864
5361204
5361804
5363159
5365589
5365612
5366119
5367377
5370231
5372396
5374576
5375127
5375250
5376489
5377054
5378729
5379065
5379348
5383095
5383709
5385713
5389776
5390243
5390932
5391086
5391668
5393659
5395570
5395731
5397669
5397909
5398167
5398720
5400147
5402126
5402205
5403769
5404790
5404901
5406451
5407311
5407453
5407637
5408117
5408652
5410211
5410779
5411335
5412360
5413101
5413937
5414586
5414690
5417700
5419572
5420154
5420332
5420738
5421675
5422177
5423890
5424798
5425154
5425280
5425320
5430139
5430262
5430604
5432592
5432805
5432873
5433107
5434635
5437927
5438815
5440262
5440678
5442307
5443351
5444404
5446081
5446244
5446593
5446734
5448085
5448915
5449586
5449618
5449987
5450128
5450250
5450404
5451203
5451786
5451911
5451956
5452005
5452825
5454463
5456466
5456933
5457307
5457911
5459000
5459077
5460014
5460459
5461057
5462165
5462200
5463285
5463829
5464735
5465569
5467245
5467736
5467989
5469477
5472192
5472787
5473514
5475130
5477084
5477854
5479605
5480457
5480781
5480969
5484778
5489474
5490796
5493210
5496453
5496770
5497322
5497549
5497800
5499178
5501427
5502662
5503389
5504447
5506701
5506889
5507069
5507616
5508220
5510526
5510544
5510553
5511200
5512690
5512939
5513403
5514540
5515446
5516262
5516685
5517322
5517715
5519534
5519656
5520356
5521966
5522667
5523455
5524779
5524796
5528249
5532224
5532345
5533169
5534916
5535252
5536196
5537331
5539949
5541463
5541669
5542671
5543764
5544325
5544906
5548430
5549714
5549884
5551870
5552182
5552352
5553898
5558651
5559927
5560056
5563533
5565166
5565935
5568381
5568531
5570151
5571777
5573978
5574123
5576620
5576865
5577218
5577231
5577372
5578237
5579165
5581612
5583057
5583361
5584377
5587193
5587431
5588793
5589066
5591006
5592610
5592697
5595369
5596091
5597186
5599173
5599772
5601228
5601510
5601886
5602875
5603812
5604364
5604422
5606624
5606662
5607117
5612268
5612454
5612715
5614025
5614648
5614982
5615738
5615822
5615884
5616844
5616906
5617284
5617362
5617446
5618613
5619317
5619321
5621540
5622098
5622270
5623494
5623513
5623673
5625308
5628339
5631196
5631892
5632271
5632687
5633978
5635489
5635808
5636229
5640226
5640261
5641451
5641959
5642485
5644872
5649476
5650548
5651343
5651563
5651820
5652334
5653369
5654041
5654080
5654625
5655387
5655665
5655845
5656085
5656383
5656487
5657595
5658523
5659664
5660781
5661393
5663487
5664148
5666340
5667729
5667879
5667928
5668121
5668125
5668855
5670010
5672846
5673372
5673396
5673804
5674878
5675306
5678321
5680147
5680528
5682830
5683362
5684183
5685755
5686688
5687018
5687075
5688975
5692180
5694290
5694870
5695802
5697018
5697896
5698896
5699924
5700115
5701430
5701513
5701953
5701991
5702877
5703191
5704545
5704957
5707489
5707637
5707765
5708928
5709333
5709560
5710565
5710668
5712940
5713057
5713454
5714021
5715338
5716443
5718158
5718320
5718885
5719631
5720041
5720123
5720253
5721399
5722627
5723438
5725810
5726321
5726621
5726652
5727349
5727832
5727850
5730758
5732011
5732180
5733345
5733944
5740502
5740829
5741909
5742238
5742951
5746696
5747679
5748886
5750324
5750674
5751759
5752835
5753014
5755278
5757820
5758449
5760066
5763895
5764679
5764734
5766512
5767308
5767448
5768114
5768702
5769532
5771201
5771572
5772517
5773383
5773979
5774427
5775947
5777454
5778326
5780052
5780353
5782025
5782312
5782563
5782678
5783001
5783269
5784241
5785104
5787034
5788472
5788602
5788893
5789893
5790144
5791662
5792366
5792543
5792884
5793080
5793605
5793664
5793727
5793963
5794828
5795162
5795724
5796614
5797112
5799592
5800090
5801931
5802385
5802457
5804060
5805249
5807563
5810304
5810997
5812266
5812574
5812633
5814211
5815960
5816396
5818113
5819077
5819508
5819615
5823037
5823316
5824120
5825506
5827351
5828746
5829427
5830088
5830158
5830294
5831088
5835109
5836403
5837610
5838161
5838238
5841074
5842052
5842397
5843449
5843808
5843936
5844146
5846136
5846193
5846197
5846221
5846517
5847663
5848971
5849278
5850279
5852882
5853229
5853470
5853604
5854408
5855232
5855456
5858179
5858891
5859680
5860787
5863870
5871528
5871769
5872433
5872792
5873218
5873259
5873400
5874097
5874536
5878126
5878372
5881919
5882237
5882281
5882563
5883378
5884924
5890187
5895917
5896078
5896428
5896884
5898446
5900818
5901519
5901818
5904242
5904314
5904512
5905241
5906035
5906041
5908343
5910428
5910882
5910934
5912010
5913528
5913878
5914064
5914735
5915122
5915349
5915476
5916146
5918044
5920570
5923403
5924796
5925254
5926229
5926876
5927511
5928489
5929413
5929533
5932047
5932812
5932836
5933133
5933269
5933501
5933662
5934528
5934899
5936244
5936693
5936789
5938586
5940719
5941019
5941507
5944162
5944703
5945035
5945191
5945204
5945379
5946299
5948159
5948605
5951235
5952889
5953276
5953829
5954001
5954383
5956621
5957486
5957662
5958735
5959291
5960960
5962438
5963252
5963970
5964123
5966109
5969887
5972018
5974100
5974660
5975059
5975959
5976433
5977170
5979474
5980398
5980588
5983630
5983986
5984326
5984571
5985521
5986028
5987448
5987520
5988598
5990275
5990677
5991385
5993513
5994456
5995370
5996037
5997550
6000677
6001633
6002738
6003616
6004324
6004603
6006476
6006849
6009342
6009749
6010312
6010492
6011823
6013644
6014312
6014828
6015441
6016216
6016688
6016995
6017898
6019418
6019834
6023026
6024171
6024717
6025228
6025439
6026477
6026855
6028505
6028995
6030138
6030980
6031342
6031969
6032348
6035012
6035248
6036415
6036807
6037640
6038458
6040305
6040673
6041255
6042845
6043057
6043656
6044618
6044738
6045158
6046756
6047916
6048352
6048543
6049005
6050400
6051833
6052189
6052243
6052838
6053203
6053947
6053971
6054106
6054132
6054472
6054823
6057218
6059212
6059516
6059645
6062404
6063120
6063293
6064430
6064944
6066367
6066871
6067273
6069627
6070366
6071371
6072791
6072832
6073300
6073670
6073924
6074107
6075358
6075866
6075967
6076099
6076688
6080219
6080911
6081341
6081553
6081796
6082134
6083346
6085421
6086417
6086511
6086813
6086860
6088249
6090139
6090560
6090946
6092741
6093857
6094293
6094859
6098092
6098330
6099786
6100906
6101267
6102570
6103509
6103894
6104784
6104826
6106072
6109593
6109817
6109960
6110499
6112601
6112662
6112757
6113291
6114514
6116785
6118728
6119050
6119111
6120355
6120432
6121178
6122448
6123702
6126166
6126861
6127125
6128313
6128484
6129769
6130836
6131115
6131417
6132677
6132711
6133334
6134185
6134441
6134919
6136959
6137699
6137828
6137836
6138255
6138392
6138593
6139093
6139734
6141781
6143228
6143269
6143926
6144554
6146562
6147727
6148902
6150381
6151115
6151782
6152984
6153492
6153966
6154996
6157145
6157990
6158251
6158720
6159540
6159618
6160456
6165871
6166430
6167118
6169435
6172817
6175117
6175281
6175645
6175768
6176043
6176675
6177386
6177818
6178008
6181022
6182067
6182508
6182641
6182683
6183063
6185493
6186697
6187116
6187171
6189816
6190448
6190965
6192655
6193013
6193015
6193237
6194453
6194619
6195923
6197136
6197244
6200511
6200626
6204706
6204838
6205657
6206302
6206588
6208604
6211483
6213124
6213959
6213976
6214596
6214916
6216391
6216520
6217055
6219826
6220475
6220670
6221483
6223260
6223825
6224170
6225493
6226355
6228077
6228242
6228490
6228605
6232100
6232582
6235856
6238193
6242230
6243808
6244374
6245541
6245580
6245584
6246086
6246839
6247684
6249242
6249657
6250886
6252049
6252211
6254481
6254651
6255537
6257254
6260412
6260613
6262014
6263339
6264683
6265270
6266029
6269440
6271566
6272460
6272616
6274244
6274890
6276137
6276531
6278187
6278232
6278615
6279597
6281792
6283182
6283892
6285213
6285497
6286141
6288413
6288688
6288883
6288884
6289246
6289325
6289599
6289795
6289984
6290515
6290999
6291583
6292580
6293034
6293280
6294248
6294405
6295642
6296264
6296316
6296759
6299284
6302902
6302979
6304027
6305850
6306308
6309292
6310756
6311612
6313349
6313366
6314689
6315363
6316326
6316964
6317370
6317465
6317701
6317971
6319582
6320138
6321586
6322730
6323301
6323730
6324142
6325961
6326107
6326391
6331357
6331737
6332793
6335172
6336138
6336304
6336505
6338217
6339375
6344666
6345081
6345083
6345415
6347006
6347101
6347320
6351699
6351883
6352048
6352759
6352789
6353705
6353739
6354571
6354843
6354847
6355047
6356078
6356680
6358794
6360254
6361243
6362649
6362683
6363204
6364823
6366670
6367515
6368099
6368938
6369133
6370366
6370834
6372303
6373821
6373948
6374102
6374743
6375484
6375553
6376127
6376729
6377645
6378020
6379872
6381064
6382089
6382802
6382864
6383266
6383307
6384316
6384993
6387519
6387803
6387821
6387921
6387970
6390831
6391272
6393515
6395120
6395431
6399397
6399569
6400039
6402165
6402859
6403162
6403223
6403702
6404172
6405434
6406190
6407067
6408788
6409012
6409524
6409878
6410123
6410811
6411300
6411930
6413113
6413809
6415017
6416239
6417377
6418435
6418645
6418669
6419422
6419899
6420751
6420890
6421144
6421277
6422518
6423039
6423157
6423724
6424715
6424832
6426088
6426339
6426503
6428512
6432577
6433125
6433772
6434294
6434381
6435149
6436251
6437155
6439540
6440733
6442139
6443222
6444534
6444731
6446062
6446651
6446723
6447977
6448235
6450604
6450992
6453950
6454732
6455482
6455863
6456187
6456359
6456627
6457193
6457520
6457608
6459609
6461913
6462631
6463521
6463581
6463768
6464082
6465270
6467633
6469857
6470756
6470772
6470773
6473132
6473156
6474601
6476591
6476753
6478190
6478698
6479194
6479449
6479939
6480377
6480647
6480791
6480891
6482805
6482824
6483263
6483869
6484469
6484553
6484788
6486720
6486973
6487497
6487672
6491372
6492297
6493138
6493236
6495625
6496102
6496227
6496992
6500619
6502544
6504061
6508129
6509126
6509777
6510611
6513435
6513621
6513695
6513872
6514765
6515730
6516025
6516170
6516516
6516534
6518533
6518905
6519102
6519750
6519896
6520019
6520591
6520598
6522421
6524000
6524611
6525481
6527949
6527975
6528219
6529066
6530396
6530520
6530793
6532047
6533918
6535224
6536018
6537017
6538253
6541176
6542337
6543241
6543646
6544772
6545365
6547510
6550896
6551134
6551629
6552438
6552758
6552999
6553399
6554066
6554997
6556274
6557490
6557856
6558203
6559906
6560075
6563167
6563763
6564000
6568259
6571172
6571271
6571596
6571660
6573256
6574196
6574643
6578333
6579608
6583541
6583872
6585522
6587489
6588093
6590459
6590495
6591708
6592284
6593354
6595634
6595980
6597186
6598050
6598632
6600102
6600690
6601321
6601838
6602625
6602682
6606050
6606548
6607600
6608254
6608461
6610402
6612272
6614546
6614578
6615733
6617287
6617608
6618097
6619367
6619656
6620133
6622282
6622422
6622924
6623196
6624594
6625745
6626185
6628013
6628183
6629070
6629254
6630498
6631197
6632451
6633628
6635369
6636492
6636695
6639195
6640178
6640653
6640868
6641700
6642630
6642742
6644136
6648504
6648637
6649340
6650457
6651799
6651848
6652391
6653625
6654620
6655026
6655903
6656314
6656540
6657093
6657108
6659199
6659600
6659920
6663021
6663482
6663840
6665822
6667541
6669245
6671577
6672510
6673401
6673961
6674610
6675143
6675428
6678076
6678809
6680749
6680935
6681109
6683506
6684013
6684751
6686589
6688863
6688870
6689829
6691687
6692154
6692984
6693579
6696878
6697177
6698569
6698949
6702720
6702994
6703126
6703818
6704442
6704990
6705908
6706583
6706750
6706936
6706966
6708978
6709966
6710140
6710304
6711576
6711995
6714059
6714580
6714661
6714797
6714865
6715243
6716919
6717228
6717714
6717766
6719570
6720163
6721309
6721549
6721642
6721847
6723100
6723731
6724690
6724727
6726262
6727934
6728531
6731044
6731163
6732272
6732384
6732879
6733248
6734385
6734503
6735441
6736992
6736999
6737899
6738197
6740475
6741105
6743881
6745939
6746127
6746199
6747394
6747730
6747910
6748154
6748167
6748994
6751792
6752546
6753805
6756534
6756680
6757584
6757679
6758759
6759727
6762842
6763050
6764148
6767961
6768255
6768706
6768732
6770033
6770463
6770961
6771145
6771635
6771702
6772171
6774812
6775715
6775854
6777137
6777531
6777709
6779569
6780066
6780732
6781089
6781277
6781838
6783264
6785905
6786734
6788476
6788937
6790755
6791020
6793187
6793336
6794026
6794084
6795482
6796030
6796342
6796379
6796799
6799088
6799756
6801583
6802583
6803427
6803475
6804819
6805506
6806255
6810530
6812674
6813117
6813534
6814885
6815562
6815988
6817412
6818029
6818054
6818072
6821082
6821375
6822088
6823250
6824709
6825562
6826613
6826851
6827131
6831210
6832018
6833723
6835630
6835647
6836081
6838595
6842251
6843161
6844789
6847433
6848356
6849594
6850136
6850597
6850700
6851129
6851195
6851612
6852084
6852875
6853682
6853755
6854448
6855310
6855832
6856227
6857848
6858206
6858332
6858430
6858452
6860698
6860985
6861249
6861833
6862794
6864070
6864216
6864257
6864311
6864640
6864810
6866559
6866645
6866963
6867448
6867545
6867644
6868327
6868675
6870912
6871671
6872022
6872090
6874093
6874627
6875832
6876154
6877093
6877460
6877631
6878068
6879567
6881661
6882729
6884101
6884492
6884574
6884731
6884994
6885526
6885839
6887822
6887834
6889040
6890788
6891514
6892413
6892933
6893043
6895202
6895355
6898746
6899088
6899171
6899636
6900076
6904154
6904192
6905678
6906670
6906683
6908280
6908357
6910346
6910424
6911227
6912770
6912874
6915451
6915594
6917283
6917823
6917962
6918209
6918997
6920316
6920607
6920637
6921066
6922243
6923113
6923728
6924472
6925721
6925886
6927666
6929209
6932609
6933597
6933607
6935342
6936013
6938637
6938741
6941033
6941070
6941990
6942357
6943127
6943319
6944071
6944563
6945479
6946512
6949022
6949195
6949395
6949949
6950599
6951015
6956704
6956875
6956911
6957676
6957802
6958544
6958639
6958707
6961524
6962075
6962629
6963997
6964556
6966181
6966613
6966738
6968971
6969051
6969070
6969182
6969968
6971543
6972491
6975026
6976858
6979847
6981625
6981815
6983022
6984647
6987159
6987945
6988241
6988323
6989439
6992255
6993364
6994272
6994358
6996246
6996951
6997109
6997222
6997507
6998489
6998609
7000027
7001048
7002042
7002980
7003329
7003932
7004530
7006693
7007656
7009410
7009412
7010385
7013212
7016889
7018236
7018934
7019089
7019776
7022064
7024391
7025009
7025841
7026012
7026215
7026853
7027048
7027074
7028585
7029320
7029700
7031625
7031882
7032298
7032559
7032826
7033599
7040363
7043248
7044277
7045975
7046471
7046714
7048808
7049165
7050110
7053194
7054010
7054276
7055056
7055560
7056554
7057812
7058048
7058322
7062392
7064545
7064681
7065220
7065303
7066124
7068992
7069097
7070024
7070414
7070763
7071014
7071053
7072020
7073324
7073701
7075029
7076301
7077593
7077946
7079169
7080023
7080165
7080294
7081685
7081944
7085092
7085349
7085997
7086274
7087879
7090149
7091152
7092121
7092239
7092302
7092418
7092790
7092956
7095407
7097492
7099230
7099305
7100236
7102082
7102421
7102756
7102933
7103033
7103217
7103301
7104500
7104517
7104872
7106078
7106373
7107214
7107824
7109351
7109786
7110384
7113092
7115007
7115748
7116148
7116678
7116812
7117003
7118789
7119813
7120620
7123143
7123907
7123919
7124683
7124853
7126634
7129507
7129813
7132070
7132538
7132705
7133473
7133530
7134268
7135806
7136792
7140550
7141181
7141644
7141831
7142083
7143154
7143503
7143581
7143869
7143956
7144044
7144179
7145843
7145998
7146290
7146846
7147143
7148930
7150897
7151267
7152247
7153809
7155123
7155779
7159795
7159894
7164094
7167826
7167906
7170037
7170066
7171318
7171765
7173009
7173149
7173413
7174828
7177154
7177926
7180112
7181655
7181663
7181877
7181918
7183272
7185244
7185272
7185345
7187107
7188065
7189315
7189589
7189717
7189745
7189862
7189934
7190308
7190775
7193818
7193912
7194046
7195040
7195404
7195644
7196477
7197853
7198960
7200400
7202626
7202768
7206366
7208776
7209197
7209319
7210422
7211297
7211862
7212178
7212412
7212602
7213470
7213495
7215952
7216219
7219644
7222509
7224435
7224452
7224592
7225185
7225314
7229477
7230367
7231508
7232915
7235759
7236064
7236408
7237366
7237392
7237426
7237803
7239724
7240880
7242374
7242851
7245986
7246027
7246455
7250936
7251852
7253016
7253508
7253869
7256022
7256317
7256427
7258211
7258341
7268844
7270385
7270859
7271431
7272908
7273535
7273607
7275527
7275792
7276417
7277980
7278023
7278116
7278653
7278864
7279301
7279819
7279890
7281094
7281941
7282275
7282336
7282809
7283544
7284466
7285391
7288560
7289893
7291465
7292560
7293245
7294614
7297085
7297124
7297159
7298771
7299440
7300064
7301416
7303997
7306107
7306292
7307445
7308856
7309369
7316981
7318094
7318414
7318972
7320478
7320774
7321718
7321856
7322479
7323133
7323976
7324809
7325144
7328039
7328525
7330214
7331462
7333022
7333802
7333939
7334164
7334831
7335473
7336901
7337475
7340214
7340531
7343289
7347392
7350950
7351096
7351562
7354583
7354674
7354727
7354772
7355037
7355320
7355489
7356008
7357882
7358723
7359831
7360158
7361345
7361721
7363463
7364509
7365706
7366716
7367558
7368885
7369460
7369679
7370433
7373487
7373882
7373951
7374428
7375225
7375692
7376123
7378666
7381354
7381465
7382126
7383468
7385147
7385748
7385984
7386190
7387484
7388008
7388468
7390728
7391114
7392718
7394017
7396941
7397906
7400536
7400942
7401903
7402076
7403389
7405280
7405397
7405790
7405916
7406494
7407084
7407956
7408620
7409251
7409430
7409666
7409715
7410272
7410935
7411313
7411394
7412634
7414643
7416401
7419019
7421566
7421857
7422018
7424394
7425283
7426507
7428931
7429090
7429627
7431725
7432307
7433665
7433667
7435353
7435912
7436234
7438871
7439209
7440498
7443928
7444861
7444951
7448286
7449988
7450071
7450569
7451519
7452596
7452974
7453210
7453287
7454397
7455249
7455955
7456052
7456268
7456529
7456833
7456837
7458513
7458654
7458775
7459885
7460464
7460467
7462837
7463595
7463801
7464354
7466033
7468199
7468854
7470257
7470872
7471080
7472574
7473710
7474171
7474639
7479986
7481532
7481940
7482210
7482846
7484225
7485265
7485604
7487791
7487954
7488540
7490159
7490433
7492230
7492804
7495986
7497955
7498319
7498454
7502159
7503579
7503596
7503964
7504340
7504572
7506897
7506954
7507828
7510544
7511387
7512196
7512308
7512535
7512763
7512938
7513577
7518269
7518850
7522469
7522848
7523165
7523742
7524562
7525940
7526400
7526947
7527539
7527801
7527879
7527936
7528462
7529453
7530038
7531789
7531816
7531946
7533555
7536092
7536202
7536674
7537122
7538298
7538504
7540076
7540109
7540568
7541138
7542490
7542639
7542641
7542999
7543169
7543262
7544100
7544166
7544438
7544858
7548743
7549404
7549818
7551854
7552138
7552636
7553481
7555515
7555779
7556691
7560779
7561173
7564339
7565109
7565653
7565780
7565839
7565851
7565977
7568367
7568402
7568790
7569424
7569957
7570531
7570554
7571614
7572111
7573019
7573825
7574320
7574869
7575110
7575258
7575418
7575470
7575544
7575912
7576367
7576970
7577653
7578850
7579265
7580079
7580542
7581227
7581487
7583150
7583211
7583477
7584147
7586109
7586136
7587354
7589018
7589443
7589789
7591057
7592161
7593837
7598709
7599622
7600147
7600600
7602028
7603406
7603524
7607354
7607567
7608981
7610191
7610431
7610508
7610558
7613159
7613307
7613941
7614318
7615622
7615729
7615975
7616204
7616606
7616955
7617005
7617081
7617560
7619188
7619633
7621707
7622529
7622734
7623377
7624790
7625621
7626318
7626385
7626703
7627450
7628029
7629098
7629223
7629358
7629960
7630554
7631013
7631398
7632116
7632996
7633728
7634112
7635673
7636988
7637047
7638817
7638826
7639352
7640314
7640731
7641863
7641974
7642295
7642936
7643406
7644206
7644870
7645336
7648353
7648916
7649750
7650107
7650161
7651517
7654296
7654919
7657726
7657730
7657861
7658209
7658229
7658739
7660554
7661761
7663563
7664280
7665975
7667875
7668168
7668268
7670384
7671433
7672097
7673979
7674948
7675116
7675904
7676089
7678248
7678599
7678821
7681175
7681595
7681598
7685124
7687330
7688943
7691454
7692185
7693230
7693832
7695878
7698766
7699000
7701406
7701780
7702641
7703467
7703557
7704257
7704668
7705335
7705670
7705847
7707678
7711484
7712654
7713313
7713509
7716097
7717695
7719087
7720576
7721532
7723824
7725492
7726263
7726629
7727209
7729684
7730244
7732115
7732118
7732525
7732981
7733722
7734671
7735389
7736415
7738736
7739454
7740274
7742074
7742964
7743133
7744615
7744819
7744842
7745252
7746963
7747071
7747847
7748342
7749869
7749888
7750046
7750906
7752875
7753417
7754142
7754808
7755184
7755997
7756508
7757752
7757835
7757846
7758595
7764161
7764517
7767217
7770060
7770105
7770545
7770629
7771873
7772228
7772417
7772678
7772726
7773209
7773280
7773886
7774099
7776230
7778307
7779264
7779313
7779958
7780087
7780475
7781706
7782960
7783025
7783270
7784542
7784690
7784813
7785512
7785591
7788355
7788648
7790067
7790204
7790310
7790675
7791888
7795172
7796667
7796920
7798402
7799071
7799739
7800192
7800709
7801085
7802208
7802641
7805933
7806455
7806599
7806989
7807996
7808262
7816468
7816967
7816968
7817288
7817589
7819387
7819849
7820407
7821753
7822860
7825331
7825414
7826451
7827429
7830520
7830723
7831072
7832475
7833253
7837591
7838743
7838906
7839127
7839157
7846314
7847311
7847592
7849575
7850669
7851178
7851475
7851491
7851926
7853854
7854053
7854262
7855791
7855892
7856870
7857882
7859364
7861269
7862157
7862328
7862645
7862879
7863259
7864018
7864699
7864817
7865345
7866061
7866261
7866758
7867001
7867478
7868146
7869250
7870888
7872714
7872756
7873217
7873252
7875121
7875223
7878156
7878516
7878905
7880769
7883839
7884088
7884102
7886982
7887030
7887553
7889121
7889151
7889898
7890116
7892464
7892523
7893491
7893972
7894008
7894343
7894849
7894901
7894980
7897749
7898725
7898997
7901697
7904195
7905755
7905950
7906164
7907398
7907649
7910192
7910469
7911667
7911777
7912678
7913244
7913252
7913354
7913792
7914648
7914718
7916890
7917190
7918255
7918453
7918716
7919390
7919837
7920061
7920421
7920958
7921139
7922241
7923109
7927161
7929631
7929904
7933436
7933791
7933854
7934003
7934271
7935059
7935313
7936126
7936266
7936740
7938280
7941058
7942232
7942525
7942675
7944320
7945662
7949614
7949682
7951390
7951945
7952313
7953514
7954711
7954800
7960763
7961407
7961725
7962094
7962134
7962366
7962686
7963189
7963540
7963583
7966069
7966575
7967044
7967732
7968363
7969127
7971101
7971538
7971633
7972018
7973231
7973617
7973781
7974271
7974417
7975014
7975566
7975920
7976009
7978586
7978982
7979261
7979418
7980046
7982092
7982640
7982685
7983381
7986219
7987373
7987541
7994290
7994961
7995708
7995903
7998614
7998926
7999226
7999829
8000648
8000943
8001106
8002589
8002748
8003602
8003709
8004179
8004421
8004548
8006006
8006041
8006135
8006536
8008694
8010460
8011288
8012458
8013262
8014235
8014877
8016995
8017801
8019669
8021147
8021334
8021657
8022339
8022511
8022997
8023023
8026441
8027227
8031002
8031761
8032443
8033612
8034106
8035925
8038311
8038383
8038603
8038851
8040464
8040898
8042428
8042617
8042816
8043156
8043843
8044107
8049568
8050367
8050798
8050805
8052116
8054245
8054616
8056222
8057756
8061305
8061695
8062630
8062954
8064718
8065066
8066543
8066747
8066811
8066890
8067173
8068181
8068524
8069181
8069919
8071847
8072058
8072481
8074011
8074228
8076664
8076688
8078214
8079657
8080516
8080716
8081925
8084258
8085891
8088922
8089582
8090042
8092820
8093158
8093879
8094434
8095278
8097421
8098791
8099676
8101339
8101581
8101634
8101949
8102002
8102015
8103326
8105299
8105700
8107180
8107668
8108100
8108784
8110684
8113882
8113976
8114986
8115225
8115314
8116015
8120683
8120814
8122499
8122752
8123730
8124047
8124354
8124359
8127247
8129714
8130658
8132822
8133363
8133714
8134652
8135780
8135954
8137264
8140659
8141460
8142572
8144260
8144403
8145000
8145931
8146501
8146772
8147952
8148146
8148249
8148306
8148482
8148779
8148784
8150065
8150986
8151046
8151832
8152477
8152874
8153100
8153308
8153825
8154996
8155510
8158608
8160223
8160233
8160707
8163269
8164230
8165780
8167099
8167436
8168524
8168534
8168592
8169623
8169969
8170414
8171307
8171842
8172080
8172460
8173885
8174650
8174874
8175058
8175082
8175748
8176864
8179540
8180823
8182358
8182521
8182605
8184494
8184801
8185651
8185861
8187557
8188529
8188621
8190356
8190788
8191430
8191716
8191992
8193204
8193268
8193809
8193971
8193985
8194122
8196070
8196504
8197355
8197839
8198536
8199782
8200657
8200796
8201190
8203540
8203907
8206187
8206714
8210230
8210250
8210573
8210690
8210719
8211242
8211674
8211872
8213009
8214775
8216686
8216791
8217796
8220357
8222260
8222349
8223227
8223501
8225532
8226013
8228006
8229216
8229765
8229940
8231400
8231592
8233166
8233473
8234280
8235105
8237046
8237614
8238574
8240241
8240598
8242608
8243261
8243422
8244158
8244231
8249077
8249284
8249804
8250747
8250775
8250792
8251290
8254137
8255437
8257282
8259189
8259486
8259615
8259630
8260334
8261053
8261197
8261905
8261964
8263640
8265353
8265659
8266189
8267314
8268305
8272177
8273186
8273380
8274073
8274244
8274745
8275097
8275777
8275805
8276362
8276535
8277031
8277602
8277881
8279403
8279794
8280354
8280486
8281464
8281482
8281800
8282227
8283016
8283068
8283834
8284856
8285188
8285420
8286904
8287167
8287457
8287766
8288209
8288976
8289196
8289834
8290298
8290318
8290520
8293084
8293609
8294962
8295554
8296893
8297317
8297537
8297846
8298167
8299161
8300048
8300362
8300421
8300482
8300822
8300948
8302276
8302787
8303172
8303221
8304174
8305070
8305710
8306628
8307902
8310710
8310723
8310780
8311128
8312019
8313385
8313962
8314396
8314481
8315846
8317128
8319181
8320178
8321164
8321188
8322913
8325205
8326460
8327760
8328768
8329992
8330338
8333085
8333643
8335224
8335536
8336621
8337151
8337792
8338166
8338422
8338533
8338539
8338752
8339914
8341449
8342410
8342811
8343358
8344247
8344400
8344783
8345816
8346035
8346174
8346397
8348175
8353190
8353281
8353697
8353729
8354424
8355936
8356913
8357137
8357640
8358566
8363521
8365509
8365828
8366716
8367332
8367541
8367824
8368662
8368674
8368998
8369398
8371319
8371924
8372646
8373762
8374131
8374240
8376131
8377487
8377639
8378027
8379199
8379931
8380042
8381188
8381307
8382080
8382103
8382598
8382979
8384427
8385496
8387231
8388072
8388571
8389689
8389723
8390495
8392458
8392567
8392748
8393149
8393418
8394287
8394962
8395225
8395226
8396662
8397433
8397884
8397914
8398337
8402001
8402486
8404177
8404501
8404995
8407372
8409667
8410272
8411007
8411675
8415454
8415609
8416400
8416884
8419754
8420256
8420755
8421787
8422098
8422187
8423904
8425814
8426556
8427289
8428453
8429187
8429513
8430074
8430738
8432332
8434396
8438253
8439978
8441118
8441795
8442346
8443252
8443276
8446607
8447064
8447551
8448038
8449092
8451572
8454874
8456321
8456938
8457506
8458127
8459034
8459195
8459457
8460550
8461585
8466602
8466683
8467015
8467890
8468055
8468059
8468741
8469741
8470746
8471434
8472930
8474841
8476237
8479592
8480360
8484112
8484414
8485883
8486751
8488311
8488911
8489229
8489721
8490065
8490382
8490885
8492081
8494169
8494217
8495737
8497279
8497559
8498041
8499495
8500498
8505784
8506675
8507232
8507582
8510056
8510929
8511306
8512291
8513430
8513669
8516279
8517703
8517967
8518398
8518589
8519454
8519598
8520161
8520295
8520492
8525452
8525933
8527062
8529266
8532368
8534204
8534286
8534484
8535432
8535636
8536012
8536525
8537151
8537190
8537656
8538430
8538711
8538748
8540163
8541226
8541451
8541630
8542148
8545617
8546151
8547058
8547326
8549489
8550185
8551189
8552878
8553273
8554547
8554914
8555445
8556165
8556195
8559950
8560156
8562605
8563425
8563534
8564093
8564235
8564461
8565655
8565670
8567366
8568319
8569454
8570321
8572643
8574139
8575441
8576797
8577954
8578440
8579266
8579417
8579571
8579681
8580027
8581472
8581965
8583922
8583927
8587959
8589234
8589347
8589722
8590407
8592377
8592533
8593829
8594309
8594564
8597992
8599130
8599748
8602466
8602519
8603226
8604170
8604405
8606304
8607752
8608857
8613346
8614193
8616719
8617171
8618110
8618480
8618988
8619286
8619590
8622927
8624042
8625154
8625195
8625304
8625345
8625475
8628461
8628506
8629960
8631120
8631401
8636348
8637863
8638174
8639650
8641955
8642420
8642684
8644889
8646610
8646982
8647593
8647596
8648854
8649127
8649290
8649354
8651012
8651661
8651832
8652386
8654533
8655490
8655768
8655985
8656918
8658838
8659501
8659677
8660450
8661203
8667854
8669503
8670189
8671837
8672475
8675358
8676145
8676785
8677698
8678720
8679858
8681569
8682733
8684492
8687910
8687968
8688346
8690178
8690442
8691314
8691607
8693099
8694678
8695012
8696412
8697524
8697569
8697897
8701231
8701386
8701433
8701845
8702032
8702257
8703634
8705602
8706130
8706591
8706811
8708399
8708787
8710364
8711808
8712306
8714328
8715811
8716135
8719070
8719660
8720103
8720322
8720404
8720667
8720820
8721100
8722419
8722804
8723014
8723090
8723226
8723328
8723918
8724480
8725496
8726085
8726222
8728074
8729036
8730633
8730900
8731170
8732147
8733762
8733884
8733978
8734977
8735374
8738283
8738422
8739233
8739573
8739717
8739876
8742852
8746096
8746183
8747443
8751320
8751809
8752304
8753423
8754268
8755693
8756072
8758044
8758250
8758753
8759176
8760057
8760168
8761448
8762111
8762497
8763334
8764264
8765009
8765541
8765684
8766192
8767158
8769087
8769473
8769712
8773337
8773586
8773685
8773815
8773880
8774114
8774146
8776191
8776264
8778520
8779491
8779565
8779625
8780455
8781128
8781161
8781210
8781757
8783360
8783761
8784757
8787309
8787339
8787550
8789056
8789599
8790458
8792572
8793833
8794221
8795315
8796090
8798303
8799187
8799600
8802292
8808137
8809591
8809922
8810968
8812983
8813441
8813461
8813523
8814946
8816686
8816910
8818099
8818680
8818966
8819608
8823480
8824690
8825015
8825178
8826292
8826828
8827114
8828273
8828464
8829468
8829510
8831366
8832298
8832588
8834247
8837220
8839003
8840833
8841066
8842829
8843249
8843501
8843539
8843857
8845222
8845495
8846305
8846470
8848058
8848589
8850191
8850534
8850604
8850755
8855152
8857776
8858143
8859228
8862087
8862622
8862769
8863319
8864663
8865209
8866278
8870613
8871029
8873279
8873400
8874433
8874793
8875572
8877124
8879853
8881197
8881203
8881234
8881825
8883029
8883130
8883169
8883225
8884193
8885402
8885612
8885937
8888663
8889053
8889132
8889545
8890289
8891174
8894604
8894914
8895184
8896184
8896650
8898114
8901804
8906009
8907682
8911208
8913559
8913866
8914141
8915060
8915448
8915729
8916614
8919224
8919824
8919936
8920795
8922055
8923401
8925706
8926379
8928373
8929900
8930703
8930874
8931209
8931250
8934368
8934445
8934513
8935831
8939415
8939426
8939779
8941113
8942051
8942673
8943149
8944146
8948559
8949242
8950937
8952889
8953673
8953951
8954010
8954840
8956485
8958889
8959485
8960720
8960759
8961218
8961435
8961695
8962145
8962929
8964033
8964693
8964734
8964913
8964915
8965945
8966004
8966309
8966606
8966912
8967001
8968369
8969653
8971675
8971692
8971798
8972741
8973832
8974495
8974728
8974961
8975161
8976651
8977555
8977699
8978721
8979907
8981180
8982657
8982668
8983778
8984713
8985062
8986638
8986843
8987640
8988746
8989026
8993674
8996927
8998392
9001029
9001402
9001648
9003881
9004293
9005056
9006497
9007361
9007476
9008215
9008269
9008564
9009151
9011053
9012429
9012839
9015806
9017200
9017472
9018553
9018737
9018769
9019905
9020296
9020710
9021060
9021343
9022994
9023460
9025355
9028509
9029017
9030106
9030489
9032348
9033716
9034617
9035453
9035912
9036795
9039439
9040669
9041937
9046715
9046802
9046830
9048745
9049144
9051231
9052225
9052236
9052308
9052363
9054322
9055116
9055824
9056880
9057004
9057433
9057755
9060839
9061087
9061393
9061508
9063327
9063665
9064222
9064487
9064631
9064718
9066544
9071024
9071390
9072566
9073876
9075251
9077289
9080740
9082022
9082291
9082768
9083255
9083955
9084294
9084323
9085862
9086710
9087369
9088098
9088803
9089828
9091690
9092337
9092381
9093691
9094152
9094263
9095160
9099327
9099606
9099630
9101523
9101795
9104984
9105805
9105875
9108055
9108968
9112258
9112997
9113146
9114657
9116010
9116357
9116488
9116490
9116809
9118647
9119500
9121037
9121123
9121311
9121907
9122781
9122813
9123613
9124439
9124672
9127081
9128309
9128316
9128454
9128820
9129072
9129651
9131441
9131952
9132042
9134510
9134881
9136631
9136700
9137055
9138160
9138330
9138536
9139684
9140838
9141308
9141566
9141892
9143143
9143987
9144980
9145207
9145638
9147609
9147859
9148294
9149955
9152201
9152230
9152231
9157935
9160203
9160294
9160493
9161512
9163667
9164070
9164910
9166003
9166990
9167267
9167508
9169140
9169442
9169983
9171052
9172114
9172281
9173489
9175167
9175177
9175700
9176889
9178440
9178800
9180203
9180405
9180430
9180574
9182095
9183019
9183956
9184509
9184728
9186755
9186925
9188205
9188494
9189201
9190481
9190976
9191622
9192832
9193501
9196767
9197347
9197617
9199057
9200493
9203192
9203414
9205202
9205571
9205614
9206803
9209470
9211749
9212880
9214095
9215400
9216564
9217729
9218456
9219548
9219853
9220558
9220817
9221540
9221783
9221906
9224140
9225201
9228432
9228573
9228592
9228723
9228945
9229325
9229591
9231277
9231889
9232625
9232940
9233077
9233230
9235317
9237355
9238102
9238641
9241151
9242288
9242436
9242580
9242617
9244898
9246656
9247542
9249393
9249675
9250512
9250965
9251711
9252439
9252480
9253546
9253733
9254960
9255602
9255835
9256328
9257374
9257444
9257866
9258286
9260135
9260692
9261882
9262566
9264123
9265985
9266087
9266726
9268722
9269588
9271821
9272353
9273166
9274641
9275791
9275999
9277262
9280229
9280487
9283552
9291278
9291587
9292912
9294085
9295359
9297034
9297091
9299729
9300428
9301994
9302697
9302732
9302757
9303658
9305421
9305712
9307093
9307414
9308693
9308776
9310580
9311776
9313245
9315534
9319230
9319286
9320977
9322032
9322361
9323795
9323985
9324175
9324489
9327851
9328556
9328594
9331195
9332191
9333072
9334730
9334890
9336532
9336762
9337524
9337923
9338342
9338635
9338982
9339423
9339878
9340123
9344486
9345931
9346828
9348033
9348505
9351334
9351662
9351823
9352678
9353525
9354334
9359573
9360123
9360435
9361264
9361965
9362232
9362460
9362665
9363410
9364649
9365548
9366188
9366277
9369119
9369190
9370228
9371312
9371573
9371791
9372493
9375072
9375959
9376122
9377158
9377317
9379011
9381098
9381425
9381810
9383882
9384765
9387101
9387588
9388433
9389421
9390151
9391362
9392450
9394003
9394160
9394640
9395797
9395850
9396420
9396595
9397090
9397279
9397974
9399533
9400271
9401032
9401416
9401946
9402281
9402401
9405352
9406150
9407945
9410388
9410586
9410941
9411614
9411785
9411859
9413283
9413337
9413702
9413730
9414369
9415299
9415671
9416110
9416795
9418471
9419524
9420412
9424277
9424791
9425700
9426480
9426830
9426975
9427249
9427430
9428044
9428669
9429938
9430361
9431565
9433754
9433937
9434312
9436499
9436931
9437514
9437602
9441000
9441137
9441394
9441557
9442122
9442916
9444557
9446161
9448531
9449363
9450132
9450392
9451512
9452034
9452817
9454710
9455020
9455513
9457306
9459475
9459697
9459918
9460122
9461871
9463752
9463863
9464099
9465398
9466541
9466967
9470703
9472394
9473316
9473638
9478839
9479123
9479957
9480749
9481371
9481819
9482795
9483161
9486213
9486821
9487422
9488723
9491586
9491699
9491795
9493917
9493968
9495611
9495864
9497020
9498555
9498939
9501861
9501979
9503219
9504118
9504758
9504909
9505914
9506632
9506788
9506826
9507224
9509315
9509917
9509977
9510871
9511408
9512142
9512383
9513357
9514322
9514989
9515167
9515445
9515945
9516959
9517612
9518217
9519356
9520307
9520783
9521556
9522712
9523865
9525397
9527129
9527915
9528381
9529335
9530001
9531306
9534396
9536059
9536851
9537824
9538311
9541053
9541162
9542975
9543122
9543229
9543469
9544252
9544704
9545704
9545939
9546483
9546556
9546799
9548614
9549449
9551642
9551647
9551995
9552626
9553270
9553301
9554730
9555064
9556251
9556740
9558181
9558984
9559537
9559618
9562252
9562389
9563380
9563385
9564627
9565615
9566569
9567410
9569009
9570882
9572020
9573982
9574304
9574787
9574930
9576113
9576651
9577391
9577894
9578392
9580071
9581844
9581973
9582156
9583918
9584284
9584391
9585327
9585384
9585825
9586704
9587263
9589204
9591044
9592332
9592823
9593014
9593960
9594858
9597170
9598291
9599068
9599850
9600168
9600257
9600869
9600992
9602330
9602382
9602689
9605672
9606805
9607999
9608693
9609369
9610189
9611431
9611889
9613529
9613628
9614844
9615787
9616967
9619789
9620169
9621325
9621352
9621363
9621436
9621846
9624488
9625042
9626045
9626719
9627446
9627939
9628510
9628650
9629651
9631109
9631537
9633725
9634520
9635694
9635865
9637712
9640622
9641566
9642965
9643421
9644185
9644380
9644918
9645515
9645940
9647286
9648468
9648727
9649965
9651107
9651620
9654066
9655243
9655582
9655872
9658117
9658791
9659652
9660248
9661613
9664188
9664578
9665522
9667325
9668576
9670499
9670816
9670904
9670947
9673261
9674630
9676093
9676441
9676599
9676811
9677186
9677781
9678704
9679556
9680486
9681060
9681689
9682976
9683088
9683489
9683788
9686150
9686944
9692838
9693988
9695278
9698916
9701143
9701445
9701575
9701671
9701941
9702299
9702462
9702714
9706627
9706842
9710541
9712791
9713232
9713984
9715466
9716449
9717782
9718010
9719477
9719674
9721551
9721839
9722572
9723148
9724721
9726885
9727615
9728058
9728566
9728791
9730267
9732683
9732805
9733250
9736928
9736942
9737599
9737727
9739773
9741249
9741712
9742209
9743199
9744504
9744802
9745413
9746732
9747744
9747879
9748116
9748532
9750196
9750793
9754329
9755492
9756253
9758252
9758791
9761079
9761950
9762000
9762868
9763001
9763672
9766277
9768219
9768352
9770934
9773120
9774214
9776063
9776164
9776760
9777072
9777238
9778791
9779199
9779920
9780761
9781166
9782596
9783079
9784150
9786086
9787139
9787269
9788125
9788290
9789794
9790793
9790916
9791252
9792113
9792135
9798992
9800341
9801439
9801716
9802243
9802752
9804620
9805411
9808530
9808951
9810058
9810314
9811784
9811828
9811960
9814006
9814057
9814363
9817221
9817373
9817742
9818159
9818283
9818478
9818935
9818955
9819266
9822517
9822897
9823076
9825335
9825801
9826341
9826531
9827185
9827754
9829298
9829533
9830036
9830377
9832805
9834199
9836498
9837968
9838322
9838586
9838622
9838834
9839730
9841005
9841763
9842519
9842928
9843398
9843666
9846873
9848768
9849870
9849882
9851148
9853479
9853964
9855419
9856262
9856724
9859598
9861533
9861782
9863917
9863989
9864475
9865421
9865764
9865919
9867603
9869203
9871133
9871169
9871664
9872371
9872888
9873037
9874807
9876948
9877658
9877953
9878142
9878156
9878701
9879673
9882806
9883266
9883846
9885899
9886174
9887738
9888062
9890227
9892576
9893107
9893139
9894732
9899737
9901236
9901339
9902874
9903790
9904464
9904825
9906507
9907069
9909098
9909695
9909870
9911917
9914340
9915012
9916117
9916424
9917400
9918397
9919339
9919618
9919788
9920184
9921824
9922180
9922753
9924541
9925951
9925961
9927303
9928708
9928819
9929546
9931738
9931747
9932381
9934144
9934398
9934806
9935191
9935307
9935834
9939463
9939858
9940601
9945942
9950166
9951162
9951691
9952529
9952794
9952823
9954947
9956047
9956247
9958477
9959199
9959427
9959463
9959885
9962342
9963025
9964531
9964746
9968156
9969050
9972655
9974717
9974825
9976102
9978014
9979184
9979594
9980682
9981140
9981464
9981786
9981942
9982174
9982194
9982634
9982668
9983167
9984164
9989062
9991504
9992595
9994077
9994118
9994543
9994632
9995004
9995933
9998800
