647
1179
2569
2932
3211
3251
5605
6967
7294
9088
9525
14243
14672
14674
16083
16096
16438
16678
16862
16994
17840
18161
19206
20056
20096
21314
21940
23347
24147
24606
25368
25714
25723
31713
32720
32845
34747
35314
36266
36704
37659
38093
39494
40389
42026
44622
46908
47299
47470
47916
49328
49776
52965
52993
53453
53754
56369
56599
57584
58758
59496
60032
62015
62650
63088
64097
64242
66379
68236
68300
68651
69050
69537
71781
72315
72590
76824
77291
79728
79839
79957
80426
81909
82038
82750
83152
83264
83378
83636
85317
85937
87396
89223
89283
91468
91674
91796
92698
93534
94259
94372
95682
95897
97091
97431
98613
100194
103487
105344
108061
109799
110858
112066
112783
116558
117631
117647
117855
117920
118217
119188
119710
120560
120967
122288
122614
122733
124045
124051
124238
124297
125844
126505
127729
129972
130526
130651
131256
132194
134744
135001
135284
137161
137291
137445
138543
138858
139108
139238
140340
142031
143442
146179
146455
148257
154759
155587
156092
156321
156660
157030
157912
158736
159049
160223
162157
164115
165792
165881
167312
167936
167968
170000
170066
170211
172469
172831
173268
173808
174417
174495
174768
176131
176194
176958
177370
177438
177567
177987
179629
179908
181921
185056
185114
187855
187916
189152
190118
190631
191826
194018
195536
195611
196778
197004
197575
198739
205196
206616
207765
208078
208976
213005
213492
215862
217611
217961
219336
220080
220683
221090
221745
223528
229669
229820
230159
230880
231632
232190
233214
233971
234019
234860
235078
235862
238169
238512
239011
242223
245472
245587
245939
246903
247040
248242
252077
252259
252389
253098
253757
253763
254548
255850
256248
257141
258287
258369
259057
259142
260042
260391
261144
262122
262195
262422
263320
263325
264269
265142
265275
266047
267632
268363
269114
269407
273578
273891
275628
275819
279749
281137
281568
281689
282318
285088
285939
287886
288252
290796
291916
292626
295809
296689
297327
297786
298288
299336
299539
302069
302957
303283
303770
304992
305056
305152
305280
306935
310009
310882
312470
314076
314300
314894
317447
319348
320714
321306
322964
325848
327523
328884
330549
332744
332959
333931
334383
334593
336204
337974
338430
339281
342108
346163
348327
351525
351561
354069
356762
356885
357122
357204
360497
360616
361032
363042
365729
366513
366548
366663
367490
367699
368728
369114
369596
370454
371630
373671
374497
374994
375901
377196
377353
378042
379570
381479
382770
383740
383778
384109
385371
385964
388184
388323
389636
391311
391922
392521
393062
394074
395844
396871
397361
398496
399031
399556
402485
403422
403922
404105
406151
406500
406732
407213
410718
411946
412003
412026
415320
415540
416416
418414
419282
420282
420467
422250
422360
422733
422873
423756
424512
424827
424968
428542
429288
429715
429722
430089
430335
431579
431846
432090
432819
433122
433727
434213
434422
436444
437722
437955
438823
439611
441476
442228
442364
442842
442901
443768
447362
448523
449760
449850
452495
452687
453037
454898
454954
456382
456774
457782
458344
460541
461538
461677
463490
465691
466860
468169
468395
469137
472525
472941
474117
474274
478584
478867
479094
479317
479682
479839
480900
481731
481751
482668
482862
483955
484391
485737
487154
488233
488661
489168
492210
492781
492971
493239
493588
494438
496661
497442
497455
497715
500066
500259
501482
502887
504559
505898
507173
508868
510217
510586
511912
513761
515518
516359
518515
518750
520152
520885
521384
521540
521651
522711
522712
523552
524084
524137
524773
524931
525815
526079
526223
527621
528705
530563
530994
531617
531742
532547
533093
535098
535768
535911
536517
539027
539270
540547
540902
545426
545944
546116
549541
549902
550150
551168
551676
551930
552233
554323
558640
559921
560563
562383
563132
564545
564595
564836
564899
565677
565691
567814
568925
569938
571862
572301
572850
576317
577835
578659
579048
582798
584779
585157
587321
587661
588414
589705
589999
590753
590833
591162
592646
593574
595378
595648
596100
597893
598271
599233
600330
600624
600735
600875
601282
601422
601525
601846
601990
602060
603116
603445
604168
605066
606627
607244
607501
607609
609639
610131
611500
612476
613076
617657
617744
618444
618693
619011
619270
619453
620193
620207
620751
622209
622587
624977
625119
627532
627816
627836
627842
628213
631622
632615
633538
636387
638097
639089
639756
639885
641614
641699
641757
642104
642887
643206
643210
643565
646104
646570
647335
647875
648296
648338
648916
652915
654561
655013
655629
657123
657696
660979
661811
663210
663646
664080
664438
664470
665767
667108
667906
668232
669965
670533
671044
674890
677004
677930
679745
680813
681269
681415
687415
687796
689221
689783
690115
690463
690565
691903
691955
692516
696758
696825
697152
698338
699001
699487
700705
702079
702713
702775
703056
703092
704655
704861
705334
705479
705623
705755
707507
707894
708364
709974
712096
713340
714205
714299
716012
717012
717130
718720
718861
721279
721699
721949
723319
723637
723753
724395
725095
726292
726786
728281
730487
731603
733003
738228
738240
740554
742048
742374
742413
742754
743073
744495
747460
749948
751084
751243
751735
753840
755735
756420
758695
759205
760009
760741
760849
762439
762894
763256
763785
764803
765802
766576
766934
768692
769472
771728
771986
773879
774592
775295
776769
778016
779674
780352
783354
784020
784685
785280
785990
786088
786856
787074
788518
790008
791422
792253
793909
794046
794245
795520
795623
796030
797339
797627
797805
799508
799610
800402
800867
804437
806583
808503
811882
814076
814364
815547
816580
816805
817816
817988
818816
818997
820700
820930
821433
822158
823925
824083
824542
827430
827899
828025
828401
828591
828656
831712
832681
833291
833340
833466
834014
834060
836760
837745
838980
839260
839366
841930
842305
843241
844433
847203
847737
848747
848846
849154
851361
852942
853269
853695
855169
856103
856616
857108
857595
859292
860038
860169
861164
861264
861611
862257
864167
864841
865327
866455
866722
867530
868397
870696
871096
871370
872039
873043
874317
874823
876899
878178
878298
878479
879243
879497
880701
881198
882363
882497
884950
885273
885903
886202
886792
890620
890911
891025
893170
896811
897131
897133
897443
897973
898855
902036
903724
903729
905524
906115
906350
907002
907224
907953
908572
910779
911266
912232
915668
917963
918188
918261
920540
920677
921845
922658
923460
924263
924275
926900
927774
928434
929913
930465
930514
936113
936799
937444
939945
941630
941808
942552
942767
943664
943908
945387
945798
945933
946581
946758
948837
949279
953263
953956
955732
956148
964065
965169
965431
967887
968637
970565
972042
972188
973595
976832
977315
978021
978488
978723
979046
980248
980777
983122
983361
983935
987974
988621
989339
990120
990417
990840
991207
992470
993174
995704
996293
997960
998501
998507
1000441
1001256
1002190
1002547
1003748
1005164
1005543
1007009
1007853
1008083
1008666
1009009
1009171
1009736
1010294
1010710
1010919
1011528
1011789
1012165
1013244
1015293
1015346
1016247
1016829
1017234
1019092
1019195
1019584
1020714
1022472
1023320
1023471
1023746
1024242
1026041
1026669
1027202
1027264
1027482
1030198
1030410
1030830
1031118
1031287
1031324
1031913
1032436
1032517
1033378
1033969
1034069
1034901
1035211
1036781
1036914
1037300
1038525
1039161
1040264
1045225
1045646
1046544
1047178
1050589
1050729
1050897
1051337
1051415
1051438
1051642
1051670
1053461
1054969
1055320
1055374
1055616
1055922
1056235
1058870
1058884
1058947
1059659
1060000
1060715
1060822
1061379
1061549
1064744
1065147
1066521
1066994
1067045
1068563
1070182
1070608
1070832
1072217
1073603
1074268
1075643
1077514
1078317
1079416
1079465
1085873
1088985
1089091
1090031
1090776
1092013
1093585
1094059
1094757
1095343
1096148
1098049
1098065
1098867
1099068
1100186
1100417
1101528
1102042
1102732
1103418
1103685
1103936
1104474
1106544
1107569
1107589
1107710
1107972
1108008
1108170
1108448
1110610
1110960
1111140
1114823
1121441
1121939
1122046
1123611
1124114
1124353
1124621
1125315
1127595
1128408
1129109
1130005
1133132
1133350
1133808
1134576
1134971
1136979
1137785
1137831
1138020
1138168
1138342
1140932
1141331
1143768
1143798
1144951
1146562
1146822
1146897
1148372
1148771
1150694
1152089
1154115
1156024
1157786
1158943
1159410
1159526
1159571
1160345
1161119
1162316
1162744
1162922
1164046
1164229
1164576
1165102
1166185
1167851
1167923
1168250
1168506
1169136
1169623
1170065
1170974
1171601
1171629
1172955
1177094
1177827
1179845
1181201
1181234
1182864
1184030
1188775
1189230
1189542
1189773
1189912
1191003
1191386
1191686
1192546
1192607
1193997
1194051
1194738
1194962
1196765
1197170
1197859
1198087
1200710
1201909
1201921
1202368
1204802
1205171
1206180
1210349
1210909
1211398
1213025
1213364
1213590
1213940
1214280
1215489
1215806
1215964
1216465
1216644
1216685
1219463
1219665
1220430
1221502
1221567
1224571
1227648
1228146
1229050
1229094
1230325
1230626
1231466
1232822
1234013
1235256
1235672
1236907
1237054
1237309
1242155
1242246
1242546
1242733
1242877
1243637
1244466
1245755
1246084
1246494
1246710
1249252
1249911
1250117
1250368
1251170
1251778
1251825
1252428
1253117
1253694
1254413
1254739
1255234
1257159
1257966
1258713
1259006
1259689
1259823
1260586
1261057
1261919
1262431
1264522
1265998
1266401
1267128
1267284
1267820
1268945
1269799
1270714
1273677
1275694
1276182
1276472
1276585
1277229
1278920
1280688
1282047
1282134
1283076
1285035
1285107
1286366
1286438
1287502
1288849
1288911
1290243
1291116
1294137
1294506
1295390
1297237
1297493
1298206
1298356
1298628
1301032
1301489
1301552
1303000
1306921
1307594
1307880
1308057
1311305
1311467
1311761
1312004
1313705
1314152
1314384
1318089
1318322
1318805
1319144
1319910
1323221
1323611
1323911
1327618
1327656
1332030
1332666
1334884
1335032
1335549
1335847
1336337
1337090
1338292
1341169
1341266
1345134
1346625
1346905
1347187
1347229
1349826
1351407
1353230
1355653
1355911
1356074
1357685
1357920
1358913
1359086
1359695
1360008
1360408
1360675
1361818
1364086
1365561
1366290
1366759
1367115
1370257
1370577
1371908
1373191
1374695
1374992
1375129
1375287
1375711
1377457
1380698
1383016
1384164
1384766
1385092
1385681
1386816
1387271
1387912
1388671
1392833
1392906
1393207
1394242
1394950
1395189
1395303
1397784
1397795
1398566
1398624
1398711
1398891
1399857
1399952
1399990
1400457
1401688
1402718
1403148
1403982
1404639
1405757
1406359
1406902
1408669
1409088
1409104
1410704
1410873
1411675
1411783
1413131
1413472
1414491
1415698
1417303
1419403
1420462
1420557
1423718
1423987
1424365
1424987
1426871
1429430
1430105
1430469
1431120
1432679
1433348
1433515
1434331
1434388
1435356
1436711
1437924
1439794
1441307
1445151
1447282
1450643
1450850
1452010
1453749
1454192
1455191
1457870
1458799
1458863
1460047
1460596
1461956
1462776
1463532
1463948
1464241
1464788
1465525
1467091
1467304
1469198
1470372
1470607
1470626
1475038
1475937
1475949
1478168
1478299
1479806
1480884
1481096
1482777
1483200
1485009
1485546
1485725
1485947
1486025
1489714
1489974
1490194
1490470
1491486
1494922
1497471
1498078
1499070
1501473
1502154
1503198
1503543
1503663
1507937
1510181
1510620
1511801
1511949
1512430
1513016
1513293
1513761
1514991
1515628
1515830
1516033
1516519
1516603
1518921
1519022
1519514
1519767
1520815
1520948
1522442
1522823
1523389
1523474
1523778
1525649
1525989
1526015
1526146
1527198
1528032
1528444
1528885
1531382
1532341
1533010
1535444
1536362
1537087
1537711
1539338
1539671
1539944
1542292
1543501
1544947
1545243
1548635
1549668
1550096
1550853
1551122
1552804
1554676
1556070
1557235
1558299
1558929
1559368
1559520
1559817
1561604
1562076
1562230
1562940
1563115
1563534
1565606
1565856
1566496
1566772
1570637
1571536
1571572
1572533
1573782
1574882
1574965
1575042
1575812
1576870
1577358
1577425
1578735
1579216
1580326
1582234
1585072
1585102
1585157
1586732
1587874
1589269
1589752
1590076
1591859
1592604
1592750
1593871
1598649
1599878
1603373
1603722
1604008
1605324
1606699
1606760
1606933
1606978
1608138
1608471
1609744
1610549
1611417
1611707
1612242
1613135
1613888
1613970
1614707
1616688
1617215
1617555
1618327
1621885
1622043
1624995
1625801
1626652
1627476
1627708
1627937
1629738
1630004
1631548
1632482
1633396
1633727
1635600
1636354
1639891
1641987
1642052
1642760
1643922
1644913
1644970
1645701
1647364
1648708
1648771
1649481
1650985
1651843
1652398
1655648
1656078
1657931
1659607
1662040
1662853
1663132
1663482
1663545
1664227
1664422
1664792
1664881
1665607
1667277
1669143
1669866
1670430
1671758
1672039
1672411
1672534
1673325
1673366
1673694
1675416
1675812
1676347
1678719
1678971
1679604
1679772
1680951
1683110
1683518
1684025
1685623
1690201
1691177
1693137
1694476
1696485
1698135
1698782
1699600
1699759
1700583
1701446
1701578
1705541
1710077
1711017
1711367
1712607
1715263
1715450
1716746
1718972
1722849
1723875
1724104
1724257
1724633
1725141
1725417
1725542
1726625
1728271
1728704
1728775
1729113
1732695
1735353
1735668
1736677
1736768
1737007
1737405
1737505
1739322
1742909
1743430
1747443
1750710
1751853
1752619
1753405
1754123
1754301
1755263
1755431
1756195
1759982
1761254
1762144
1762523
1762809
1763712
1764328
1764650
1765015
1765610
1765817
1767266
1767974
1769254
1769669
1770327
1771361
1774349
1775225
1775690
1775739
1780494
1785282
1786440
1787569
1788004
1788921
1789187
1789496
1791088
1791412
1791438
1791604
1791738
1794490
1795424
1795932
1796795
1797070
1797252
1797794
1799326
1800056
1800254
1801037
1802438
1802989
1803196
1804635
1806740
1808781
1809279
1810870
1811465
1811547
1812621
1813294
1814332
1815390
1816023
1816074
1816467
1816938
1817970
1818345
1819778
1820082
1820141
1820285
1821121
1821512
1821904
1822827
1824354
1824442
1824967
1825721
1826430
1828113
1828301
1829246
1830331
1830623
1834092
1834648
1834685
1835628
1836497
1837755
1838311
1838339
1839270
1839521
1842734
1846395
1848554
1849165
1849469
1849866
1850528
1854086
1854323
1854330
1859015
1861824
1862636
1862837
1864288
1864411
1864493
1864570
1864772
1865792
1865864
1867673
1867783
1868930
1871134
1871838
1871953
1872085
1872758
1874711
1875881
1877008
1877334
1878895
1879035
1880600
1881318
1881665
1882086
1882866
1884583
1885302
1885525
1885976
1886028
1887857
1889335
1891353
1891872
1892455
1894657
1895134
1895772
1896256
1896697
1896850
1896971
1897448
1898054
1899415
1899889
1900089
1900814
1902440
1902741
1903842
1904004
1904468
1905278
1906100
1906103
1906114
1906191
1906627
1906651
1910162
1911433
1911869
1912629
1913998
1914441
1914501
1916023
1917462
1918484
1919604
1919897
1922636
1922747
1923455
1924760
1924949
1927707
1928546
1929595
1933900
1933907
1934133
1935231
1935272
1936320
1939016
1939037
1939733
1939799
1940973
1942417
1943244
1943728
1943760
1945200
1947134
1948129
1949088
1949229
1949893
1951904
1953084
1955212
1955706
1956268
1956396
1959379
1960440
1961295
1961601
1961913
1962033
1962322
1962349
1962955
1963050
1964229
1964326
1964742
1964899
1968454
1970217
1970358
1971289
1972202
1973385
1973778
1974057
1974299
1977188
1977254
1978863
1978918
1980468
1982934
1983620
1983961
1984225
1985149
1986456
1989249
1991145
1994934
1995064
1995102
1995128
1997078
1997632
1997869
1998478
1999351
2002786
2004030
2004427
2005097
2005655
2005665
2006963
2007277
2007420
2009057
2009876
2010041
2010484
2015407
2015450
2015458
2016391
2016836
2016891
2018208
2020897
2021012
2021773
2023315
2024111
2024359
2025432
2025860
2026932
2027516
2027617
2028200
2028350
2030983
2032763
2033070
2034389
2034725
2038241
2038737
2038912
2039049
2039165
2040114
2041731
2042830
2045761
2046066
2046944
2048841
2049011
2050518
2051083
2051176
2051630
2051913
2051942
2055440
2056433
2058017
2058580
2058881
2059931
2060173
2064639
2064684
2067024
2068945
2069352
2070137
2070374
2071488
2073225
2073648
2073704
2074853
2076080
2076185
2076595
2081006
2081253
2081557
2082510
2082659
2084428
2084586
2085005
2086406
2086776
2087249
2090658
2091373
2091749
2091861
2092578
2093533
2100227
2100679
2100791
2101401
2101627
2102453
2102675
2103810
2104011
2104568
2105068
2106634
2106968
2107801
2108412
2109544
2110197
2112917
2114204
2114704
2114752
2115605
2116040
2117785
2118279
2119106
2119572
2119756
2121597
2121851
2122408
2122795
2123509
2123681
2124961
2125016
2125506
2128638
2129025
2130885
2133314
2134363
2134470
2135981
2137853
2137890
2139174
2139974
2140136
2140303
2142614
2142953
2143330
2145157
2145393
2146393
2146521
2148771
2150885
2151709
2151998
2152178
2154114
2154199
2156238
2157342
2157864
2158618
2159112
2162600
2163014
2164425
2165779
2168002
2168766
2170338
2171205
2171677
2171727
2171806
2174651
2175407
2178171
2178727
2179300
2179311
2179414
2179456
2179772
2180365
2182027
2182318
2182357
2182850
2183156
2188919
2188938
2189734
2192580
2193170
2194957
2196256
2197538
2198097
2199986
2199990
2200268
2203214
2203724
2204283
2205226
2205487
2207749
2207923
2209914
2210303
2210339
2212296
2212415
2212446
2213949
2216871
2217216
2217326
2219861
2223074
2223099
2223951
2225548
2225938
2228572
2229379
2230026
2230567
2233961
2234251
2234658
2234686
2235071
2235442
2236288
2236705
2237255
2237802
2238816
2238911
2238963
2240197
2242634
2244043
2244207
2244375
2244630
2245406
2246622
2248805
2250122
2250522
2250828
2251002
2252279
2253277
2253458
2256634
2258004
2258281
2258794
2259118
2259359
2260528
2261553
2263056
2263113
2264149
2264153
2264355
2265403
2265479
2265513
2265901
2266399
2268674
2269244
2269374
2269378
2269734
2271951
2272116
2272332
2272410
2272643
2273712
2275280
2275340
2275740
2277533
2279065
2279713
2280854
2281712
2282212
2284625
2285296
2286645
2287785
2288091
2288565
2288575
2289274
2290348
2290964
2292422
2293084
2296165
2296907
2297912
2299289
2300471
2300614
2300649
2302512
2303711
2305043
2305328
2306094
2308869
2310402
2311353
2311618
2311624
2314368
2315940
2316157
2316161
2316312
2317020
2317326
2320903
2321591
2325359
2327087
2328158
2329323
2329505
2331771
2332985
2335054
2337680
2339633
2339695
2340782
2340811
2341167
2341561
2341643
2346866
2347517
2348247
2348408
2348470
2348610
2348905
2349154
2349972
2350400
2352485
2353858
2354095
2355629
2356029
2356168
2357617
2357939
2359601
2360745
2360750
2361634
2361663
2362805
2363702
2364190
2366046
2366271
2366422
2367775
2369483
2370350
2371493
2372011
2373820
2374257
2374695
2377821
2378931
2382936
2383108
2384207
2385918
2386690
2387991
2389505
2392013
2393964
2396065
2396528
2398368
2398809
2398939
2400770
2401454
2401775
2403006
2403125
2403820
2403891
2404802
2406156
2406334
2408156
2408221
2409392
2409879
2411141
2411263
2412376
2414327
2415081
2416432
2417300
2417627
2417744
2420563
2421289
2423151
2423699
2424341
2425492
2426257
2426985
2427637
2428336
2429283
2429519
2430125
2431221
2431455
2435043
2437000
2438018
2440292
2441387
2442310
2442697
2443195
2443415
2443459
2447134
2447354
2447936
2450356
2450589
2450753
2451361
2451520
2452552
2453653
2453801
2454103
2454867
2455006
2456589
2456664
2456685
2457103
2457609
2458430
2458809
2459052
2459588
2461581
2461625
2461785
2462158
2464751
2467054
2471076
2472041
2474828
2475916
2476163
2476526
2478848
2479032
2479284
2479447
2479528
2481936
2482116
2482451
2483930
2491818
2491862
2495220
2496937
2498249
2499084
2500454
2501012
2501834
2501929
2503930
2504559
2505671
2505750
2505760
2507710
2507827
2508014
2509034
2510209
2511562
2511673
2511875
2511954
2512997
2513638
2513881
2514565
2514589
2515595
2515933
2516448
2517243
2518777
2520873
2521484
2521599
2521698
2521722
2521990
2522081
2523689
2524258
2524636
2529118
2529694
2529889
2530358
2534923
2535070
2535297
2535833
2537091
2538310
2539745
2540181
2541152
2541826
2542334
2544744
2544932
2547559
2548439
2549270
2551678
2551834
2552191
2552890
2553770
2557577
2557841
2558094
2558539
2560296
2561584
2561927
2565103
2567466
2567951
2571755
2572116
2573679
2574170
2575867
2575868
2576077
2577018
2577642
2577997
2579138
2580024
2580175
2580305
2583637
2583857
2584342
2586396
2587291
2588316
2588749
2591089
2593270
2593477
2594192
2594386
2594575
2597665
2599073
2600439
2601912
2601930
2605102
2605702
2606261
2607724
2607826
2608089
2608827
2611582
2612128
2613206
2614178
2614205
2616934
2617767
2617961
2618552
2619932
2620656
2621885
2623113
2624196
2625483
2625794
2626000
2627481
2627759
2630488
2631564
2632538
2632579
2633848
2636849
2638438
2638899
2639994
2640707
2641452
2642376
2643187
2643279
2644512
2649130
2650077
2650210
2651543
2651862
2652485
2652837
2652976
2653209
2653929
2654996
2656913
2657164
2657513
2657973
2659203
2660989
2664200
2664948
2665585
2665974
2667808
2668048
2668965
2671313
2671711
2673042
2673500
2673632
2673769
2673921
2674234
2675342
2676512
2676815
2678118
2679175
2679452
2680484
2681641
2682154
2682594
2683477
2686527
2687133
2689676
2690325
2690908
2691322
2691747
2691985
2692498
2692871
2693089
2693356
2694376
2695453
2696881
2697904
2698702
2700244
2702179
2705826
2707511
2708717
2708946
2711427
2711631
2711780
2713424
2713626
2717749
2717979
2718060
2720469
2720549
2720573
2720581
2722529
2723457
2724823
2724839
2726280
2727451
2727607
2730960
2731849
2732731
2733608
2733667
2734130
2734886
2735006
2735354
2736028
2737663
2738315
2738814
2739645
2740784
2740957
2741516
2742408
2744215
2744814
2749229
2749922
2751344
2753668
2754026
2754526
2755561
2756915
2758697
2759022
2760577
2761091
2761562
2761957
2763098
2763523
2763619
2763728
2763981
2765786
2765865
2766264
2767102
2767783
2768938
2769378
2770091
2770881
2772429
2772502
2773871
2773936
2777092
2778582
2779525
2780363
2781883
2785318
2786663
2787033
2787227
2787533
2788630
2790625
2791176
2791224
2791985
2793239
2793630
2796535
2796972
2798214
2800399
2800432
2800872
2805281
2807359
2807706
2808730
2808869
2809932
2810698
2812324
2812609
2814139
2814432
2814758
2815492
2816335
2819393
2819998
2820265
2821017
2822776
2822983
2824873
2825045
2825960
2825979
2826102
2826284
2826841
2827174
2828235
2828522
2829123
2829832
2831332
2832307
2832393
2832661
2833429
2833658
2833836
2836828
2839347
2840300
2840419
2840690
2841547
2842906
2844047
2844660
2845936
2846368
2847614
2848958
2849580
2849635
2851852
2852122
2852289
2852894
2853154
2853740
2855807
2856885
2857644
2859090
2859984
2860153
2860614
2861648
2861654
2863516
2863615
2864451
2867958
2868426
2868454
2870195
2870437
2872006
2872084
2872113
2872348
2872559
2875780
2876925
2877839
2877974
2878291
2880371
2880830
2883744
2884038
2884553
2884766
2885302
2890245
2890251
2892477
2894200
2894457
2896042
2896661
2897549
2897790
2898625
2900237
2901513
2902716
2903353
2905353
2905885
2906062
2906576
2906968
2907299
2907754
2908277
2908627
2910678
2911077
2911607
2912119
2913330
2914541
2915349
2916117
2917268
2917749
2918002
2918678
2918910
2920659
2922473
2923933
2924706
2926315
2926447
2927073
2927167
2927435
2928376
2928445
2928550
2929520
2932029
2934671
2934857
2935147
2935402
2937353
2937906
2939097
2940853
2940883
2940904
2945085
2945671
2946022
2946119
2946626
2948379
2950721
2950865
2951279
2951407
2951930
2953485
2954186
2955229
2958674
2959799
2963498
2963668
2964965
2965727
2965829
2966608
2967107
2967194
2968046
2968212
2971590
2971902
2975158
2976071
2976082
2977028
2978046
2978326
2981941
2982471
2983410
2984320
2984771
2986699
2988725
2993469
2993934
2995809
2996263
2996880
2999120
2999356
2999601
2999868
3000489
3002770
3003001
3004003
3004195
3005598
3005794
3006706
3007223
3008613
3009376
3011705
3011730
3013383
3013910
3015869
3016863
3017398
3017785
3019684
3022742
3023268
3024553
3024555
3025450
3026426
3026836
3027068
3027218
3027684
3027796
3029082
3030722
3030817
3030822
3032232
3033623
3033774
3033951
3034225
3037784
3038782
3040046
3041030
3041904
3042837
3045407
3047304
3048152
3048330
3049273
3049889
3050626
3051369
3051521
3052516
3055101
3056356
3056546
3056657
3057056
3058137
3058874
3059492
3059870
3060390
3062064
3062533
3062626
3062828
3063386
3064065
3066439
3068222
3068479
3069589
3070902
3071132
3073178
3075049
3075634
3075663
3077647
3077782
3078541
3080986
3081544
3083260
3084931
3085129
3086125
3087638
3088804
3090416
3090969
3091290
3091457
3092181
3092525
3093052
3093226
3093318
3094427
3094549
3094599
3095928
3097336
3097405
3097662
3099302
3100574
3101095
3101827
3103291
3103647
3103810
3105115
3106293
3106709
3107016
3107289
3107368
3107864
3108213
3109439
3111290
3111410
3112008
3112361
3113260
3114873
3115361
3115396
3116786
3118790
3119117
3119837
3121485
3123462
3123704
3124939
3125372
3125522
3125602
3125754
3126469
3126781
3129669
3130826
3132854
3133775
3134338
3135769
3136259
3136736
3137975
3139778
3140903
3141972
3142070
3142596
3143138
3144497
3144661
3144708
3145470
3147304
3148045
3148454
3149900
3150049
3150108
3150349
3151132
3152002
3152520
3153755
3157801
3159511
3159638
3160338
3161057
3161469
3161751
3163256
3163814
3165486
3166042
3166980
3167951
3168188
3168538
3169220
3169592
3170511
3170659
3171719
3172127
3172487
3172627
3174025
3175834
3177435
3177644
3177699
3179723
3180481
3181008
3181736
3183904
3184211
3185796
3187640
3190245
3190331
3190851
3191140
3191141
3192148
3192232
3192246
3192294
3193216
3193312
3194939
3195172
3197411
3197439
3197530
3197641
3197832
3198213
3198731
3199268
3201315
3201833
3202309
3202395
3203956
3205624
3205720
3206545
3207141
3207708
3207852
3209362
3209406
3209491
3210306
3210612
3211874
3213390
3213993
3215270
3216709
3216721
3217685
3218672
3221022
3221227
3224486
3225999
3227337
3227414
3228837
3229129
3229369
3229723
3230707
3230977
3231811
3232871
3233494
3233586
3233872
3235698
3236737
3236861
3237632
3239008
3239479
3240679
3243448
3243970
3245606
3248244
3248780
3248922
3249141
3249257
3249949
3250249
3250857
3252702
3254701
3256872
3256893
3257835
3259970
3260266
3261846
3264642
3265548
3268018
3270685
3271201
3272843
3272907
3274749
3275190
3276023
3277282
3277570
3278346
3278537
3280520
3280797
3282530
3283972
3283987
3284972
3289010
3289877
3289997
3290067
3290288
3292330
3293998
3295028
3295342
3295660
3296737
3297019
3298677
3298922
3299094
3299854
3300066
3300985
3301511
3301634
3304106
3304368
3306384
3306703
3309244
3311859
3312123
3312653
3313782
3314160
3314447
3314692
3315775
3317596
3317985
3318262
3318340
3318839
3322282
3322473
3322994
3323694
3323756
3324727
3327143
3327882
3328032
3328792
3330267
3330740
3332424
3332535
3333303
3333475
3334045
3334857
3335209
3335378
3335754
3338891
3339824
3340458
3340774
3342333
3342880
3343588
3344217
3346082
3346543
3347606
3347710
3347868
3349349
3350953
3351363
3351815
3353228
3353690
3354259
3358585
3360311
3361685
3364103
3365077
3365627
3366389
3366611
3366675
3368958
3369698
3370255
3373380
3374524
3374633
3375633
3376254
3378613
3379066
3380762
3381005
3381170
3381371
3381800
3383322
3383960
3384736
3386479
3390793
3394269
3394699
3395804
3397322
3397399
3399030
3400671
3402263
3403286
3406737
3407097
3407722
3408865
3410563
3411990
3414667
3415993
3419391
3422379
3422380
3424100
3424124
3424954
3430236
3430531
3432152
3432301
3432945
3433486
3433701
3435007
3437713
3437757
3437885
3438192
3438539
3441141
3442214
3442427
3443558
3445248
3445414
3445435
3446946
3447470
3447623
3449653
3450294
3450437
3451795
3452192
3452212
3452379
3454811
3456773
3457190
3457659
3459409
3461771
3462283
3462619
3462665
3462769
3464104
3464637
3465077
3465299
3465968
3468812
3472191
3473217
3477789
3478369
3481263
3481541
3482701
3483922
3485290
3485515
3485927
3486541
3487413
3487891
3489782
3490087
3490853
3490911
3491230
3493457
3493871
3494135
3495468
3497860
3498584
3501728
3502991
3504063
3505171
3505731
3506377
3506557
3507309
3509270
3509472
3510265
3510635
3510777
3513646
3513930
3514034
3514131
3514936
3515374
3516592
3517769
3520019
3520298
3520301
3522988
3523143
3524377
3524586
3525079
3526948
3527777
3527784
3527790
3528716
3529693
3529763
3530331
3531294
3531420
3531502
3533356
3534053
3534147
3535404
3535948
3540174
3540419
3540923
3544716
3550805
3552682
3554671
3554868
3556054
3557722
3559817
3562687
3563413
3564842
3565126
3565868
3565929
3567036
3570185
3570305
3570979
3572396
3572475
3572896
3573165
3573790
3574848
3575063
3575199
3578233
3578456
3580025
3580598
3580989
3581428
3581928
3582826
3583818
3584059
3584591
3585325
3585370
3585808
3588271
3590001
3591310
3592875
3594635
3594969
3596126
3596228
3596695
3597147
3599406
3600143
3601205
3601569
3602618
3606685
3607700
3608732
3608936
3609748
3609825
3611124
3611499
3611759
3611851
3612200
3612707
3613143
3614875
3616199
3617488
3618826
3621048
3621615
3625429
3626256
3627250
3628284
3629981
3630623
3631253
3632339
3634229
3634633
3635773
3636634
3637638
3638132
3641304
3642492
3643728
3644293
3646502
3646599
3649898
3650591
3654006
3654273
3655025
3657469
3658170
3658276
3659520
3660070
3662000
3662507
3664774
3665033
3665384
3666325
3667705
3670543
3670986
3671322
3671421
3678265
3678888
3679513
3680622
3681062
3681200
3681476
3681657
3682232
3682473
3682498
3685969
3687202
3687329
3687480
3687620
3687994
3688180
3688726
3690252
3690846
3692210
3693473
3695388
3696166
3699973
3701015
3701368
3702457
3703243
3703368
3703723
3704258
3704414
3704819
3706406
3708433
3709016
3709025
3709133
3709377
3709698
3709730
3710148
3710310
3710898
3711763
3714477
3715158
3715371
3716164
3718625
3719840
3722128
3723113
3723742
3723808
3724216
3724593
3724685
3724863
3726096
3726665
3726994
3728982
3729618
3730291
3730894
3731535
3731724
3735452
3735664
3735673
3736247
3737203
3738383
3738757
3739699
3740096
3741509
3743611
3744916
3745507
3746278
3747185
3747529
3747559
3748806
3748934
3749858
3751045
3751257
3751620
3752293
3753306
3754396
3756362
3756506
3757539
3758635
3760096
3760529
3760794
3761371
3763345
3763418
3763421
3764348
3764748
3766236
3767258
3770048
3770705
3770843
3771141
3771173
3771603
3772759
3772878
3775889
3775926
3775956
3776292
3776407
3776555
3776728
3777943
3779879
3780978
3781918
3782656
3783072
3784116
3786010
3786963
3787831
3788332
3788944
3791638
3794171
3796364
3796600
3797001
3798430
3799216
3799932
3802742
3802793
3802888
3804058
3804483
3804859
3804986
3805323
3805415
3806883
3808345
3809979
3810147
3810968
3812091
3812151
3812671
3812949
3813332
3814761
3816387
3818256
3818330
3819898
3820332
3821656
3822244
3822576
3822944
3823253
3823379
3824543
3824869
3825053
3825595
3826133
3826980
3827067
3827670
3828591
3831568
3832171
3833281
3833906
3835304
3835586
3835754
3837030
3837541
3839079
3839801
3841292
3841303
3841332
3841363
3841850
3842523
3844245
3844704
3846466
3846745
3847095
3847120
3848591
3848729
3849794
3849973
3850203
3850779
3850813
3851298
3851489
3852137
3853587
3853795
3854175
3855723
3856998
3859133
3859636
3861310
3862240
3862781
3862925
3863079
3864765
3865322
3867224
3868161
3868867
3869056
3869341
3870511
3871313
3875589
3875754
3875954
3877042
3877204
3877212
3877417
3878384
3878796
3879597
3880130
3881204
3887828
3889473
3889538
3890873
3891749
3892794
3892850
3893538
3893709
3893908
3894311
3894770
3895201
3896016
3896546
3897326
3898599
3899079
3900156
3902596
3904282
3905960
3906432
3906907
3907460
3907785
3909775
3911272
3913916
3915745
3915870
3916729
3916820
3919216
3919854
3920610
3921163
3922489
3926707
3928001
3932119
3933617
3935375
3935513
3936250
3937509
3937679
3938949
3940300
3940954
3941216
3941700
3942186
3944901
3946814
3949301
3949614
3950019
3950235
3951751
3954568
3955683
3956281
3957733
3960303
3961401
3964454
3964677
3965277
3968190
3969149
3970890
3971469
3972383
3972721
3973186
3976254
3976431
3976832
3977358
3977845
3977970
3978426
3980482
3982410
3983284
3983878
3984219
3984221
3985487
3985675
3989263
3990020
3990413
3990893
3992268
3993491
3994341
3995571
4000175
4000615
4001048
4001624
4003054
4004040
4004072
4004995
4006850
4008951
4010727
4010873
4011032
4011423
4013941
4014023
4016214
4018041
4019397
4020014
4020859
4021719
4022389
4024387
4024428
4027487
4028318
4029503
4030312
4030752
4032424
4032816
4033106
4033309
4034358
4035343
4036049
4038313
4038387
4038920
4039690
4039912
4043081
4043148
4044425
4046072
4046168
4047422
4047488
4047736
4048193
4049935
4050800
4050921
4051273
4053718
4053909
4054956
4057759
4058517
4061378
4062419
4062764
4062846
4063239
4063578
4065595
4067691
4068308
4071789
4072054
4074002
4075322
4076650
4077249
4078824
4080109
4080756
4080805
4080875
4081293
4082802
4085690
4086627
4086799
4087067
4087552
4088079
4088380
4090298
4090475
4090665
4090830
4090882
4092857
4095847
4096024
4097343
4100965
4103040
4103458
4105492
4106121
4106712
4106940
4108633
4108682
4109573
4112885
4113004
4114384
4115274
4115824
4116264
4116642
4117390
4117458
4118706
4119178
4119429
4119637
4120048
4122399
4126566
4128931
4129867
4130222
4130863
4131153
4131265
4131674
4132974
4133262
4135003
4135772
4138090
4138553
4139286
4140244
4141882
4143078
4143548
4143885
4144304
4146149
4147441
4149086
4149658
4150132
4151210
4153077
4153262
4154233
4155823
4156163
4157715
4158198
4161369
4161808
4162003
4165443
4169298
4169720
4170771
4171422
4172136
4172156
4172961
4174725
4175019
4175237
4176153
4177407
4179627
4180197
4180331
4180742
4181310
4182783
4182789
4185714
4185915
4186458
4187277
4188249
4188508
4188563
4188825
4189062
4189795
4190551
4190793
4192101
4193826
4194462
4194992
4195411
4195584
4195727
4198805
4199104
4200538
4201106
4202046
4202184
4202874
4203624
4203765
4210425
4211407
4212629
4212907
4214395
4214523
4215221
4215537
4216701
4218417
4220015
4220857
4221633
4221829
4224100
4225005
4226643
4228095
4228454
4229645
4230629
4231188
4233881
4234808
4236108
4236185
4236796
4238672
4239108
4239252
4239539
4240432
4240874
4240892
4241035
4241332
4241680
4243349
4243358
4243813
4243945
4245024
4245280
4245503
4245844
4247588
4248366
4248930
4251649
4252175
4252679
4254078
4255311
4256516
4256999
4259606
4259776
4261051
4261466
4262740
4263147
4263434
4264079
4266301
4266582
4271352
4272294
4272429
4272929
4272967
4274455
4275411
4276026
4276538
4278232
4280496
4282047
4282729
4284623
4284648
4284853
4285177
4287329
4287436
4288626
4288913
4289407
4290360
4291295
4292130
4292977
4293634
4295831
4296190
4297089
4297805
4300062
4300236
4300302
4300460
4300652
4300812
4302868
4304771
4307267
4307344
4308522
4308770
4312929
4313156
4314159
4316431
4317097
4321494
4322730
4323785
4324902
4324905
4325137
4330873
4333507
4333724
4333789
4339179
4339506
4346240
4347156
4349305
4349531
4350479
4351323
4351572
4351673
4352336
4353437
4353544
4353986
4354213
4354258
4354875
4358588
4358690
4359006
4360649
4361327
4362929
4363124
4363433
4364343
4369900
4369981
4371074
4371616
4371853
4374993
4375571
4375872
4378386
4378897
4379263
4379344
4380635
4382246
4382646
4384059
4384113
4384385
4389156
4389267
4389494
4389777
4389790
4390860
4391709
4393407
4394148
4394729
4396004
4396528
4396768
4398278
4399251
4399558
4400355
4400733
4400973
4401412
4401670
4402354
4402573
4404615
4405314
4405945
4406060
4406725
4408016
4409490
4410108
4410403
4411087
4412957
4414445
4415087
4415257
4416455
4417280
4417904
4418526
4418739
4420893
4422133
4422754
4423362
4423596
4426052
4429228
4429402
4429850
4431028
4431299
4431807
4432638
4433313
4433784
4433862
4434592
4440174
4442189
4442257
4442794
4445060
4445563
4447600
4448159
4449033
4449763
4451151
4452975
4453989
4455753
4456406
4458374
4460591
4460882
4461223
4462259
4463912
4466317
4467567
4467948
4468482
4469230
4469886
4471357
4471360
4473266
4473862
4476420
4477723
4481635
4481947
4483056
4484407
4484830
4486684
4487549
4488534
4490668
4490914
4493284
4494132
4495509
4495981
4496240
4497977
4498863
4501020
4501208
4502824
4503484
4504080
4504967
4507009
4511994
4516882
4517554
4517592
4518826
4519750
4521155
4523037
4523746
4525410
4525585
4526239
4526961
4527092
4528221
4528609
4529076
4529380
4530449
4530509
4530907
4534747
4535314
4535378
4536295
4540771
4543474
4543497
4543685
4544919
4545453
4547109
4550437
4550864
4551217
4551711
4551980
4556589
4558762
4558909
4559508
4559851
4560455
4560568
4565463
4566098
4572046
4573353
4573555
4574629
4574887
4576066
4576851
4576871
4577154
4578517
4578990
4579954
4580245
4580590
4581036
4581615
4581846
4582334
4582650
4582732
4583365
4583777
4584448
4585293
4586403
4587021
4588935
4589030
4589728
4590070
4590865
4591852
4592108
4592734
4594458
4596249
4597429
4599216
4599241
4599817
4600302
4600981
4603082
4603818
4604116
4605608
4606087
4607191
4608611
4609759
4609990
4610526
4610672
4611345
4613116
4614358
4614392
4614440
4616708
4617126
4617181
4617774
4617912
4618167
4620249
4620933
4622127
4623883
4625822
4626392
4630732
4637686
4638179
4640192
4641013
4641417
4642372
4643088
4644036
4646429
4646726
4646990
4647077
4647244
4648338
4651753
4652424
4652503
4652947
4653528
4654525
4655122
4655589
4657796
4657916
4661703
4664397
4665262
4666213
4666867
4668616
4669436
4672054
4673699
4675957
4676859
4676886
4678084
4678485
4679106
4681534
4683152
4684120
4684425
4685056
4685915
4686992
4687262
4687337
4687895
4687923
4688213
4689171
4691133
4691245
4691375
4691662
4693026
4695039
4697221
4697346
4697660
4699135
4699594
4700163
4701998
4703531
4703551
4704268
4704628
4706755
4707155
4707354
4707584
4707597
4707620
4708577
4708960
4711206
4711429
4712944
4713119
4713860
4716020
4716442
4716755
4716947
4720285
4721690
4721892
4722215
4723202
4723543
4723622
4723761
4723943
4724867
4725536
4726722
4729292
4729298
4730967
4731392
4736100
4740427
4740694
4742795
4743500
4744084
4744235
4744948
4744979
4749153
4749690
4750881
4751074
4751754
4752185
4755730
4756402
4758385
4758839
4760344
4761284
4763707
4765226
4766510
4768909
4769044
4770515
4771289
4773287
4773407
4773862
4774396
4774892
4775016
4775850
4779373
4780615
4780821
4784728
4786616
4788016
4788122
4788680
4789091
4789282
4794057
4794710
4795620
4796160
4796213
4796547
4797502
4798908
4800338
4801943
4802920
4803337
4808438
4809187
4809273
4810613
4812369
4813852
4815605
4816454
4818465
4819673
4819731
4820464
4823375
4824373
4826096
4826128
4827361
4827794
4828188
4828576
4829314
4829331
4831223
4832134
4832655
4833974
4835533
4835629
4835886
4836386
4839051
4841675
4841794
4843402
4848078
4848254
4848534
4849018
4849278
4849890
4855310
4856583
4858573
4862028
4862335
4862746
4863207
4863566
4864903
4865421
4866047
4868361
4870956
4872606
4875017
4875442
4875570
4877204
4877785
4878793
4879889
4880164
4880673
4885962
4886214
4886802
4887621
4888875
4889831
4891840
4893166
4894012
4894044
4894178
4894797
4895195
4895945
4896228
4897515
4900416
4900839
4901349
4902161
4902596
4902692
4905458
4905751
4905790
4910321
4910828
4911459
4913409
4913836
4915330
4916875
4918441
4921214
4921841
4924790
4927298
4929193
4929639
4929757
4930310
4931906
4931977
4933925
4934514
4935094
4935594
4937295
4937868
4939250
4939735
4942166
4944625
4945066
4947644
4947972
4949820
4950484
4950856
4952947
4953606
4953921
4954175
4954361
4954981
4955097
4956061
4958416
4958936
4959330
4960763
4965140
4965287
4966852
4967189
4968502
4968829
4970278
4970976
4971497
4972714
4973720
4974226
4976079
4977570
4979668
4980080
4980532
4982470
4982678
4983910
4984164
4984314
4985282
4985546
4986103
4987224
4988700
4991340
4992350
4993104
4994427
4994469
4995708
4996014
4997065
4997282
4997825
4997826
4999293
4999651
5000707
5000793
5001149
5003052
5003173
5003612
5003916
5004607
5004789
5005084
5005553
5006130
5006157
5008095
5008627
5009247
5010459
5010570
5010845
5011422
5013578
5014480
5014908
5015157
5016806
5017046
5017149
5017928
5020540
5022091
5022552
5024224
5025356
5027340
5027692
5028028
5028648
5028715
5029022
5031231
5033137
5034565
5036897
5037269
5037949
5039121
5041274
5041692
5042357
5045623
5045838
5046259
5048044
5048098
5048240
5049471
5051205
5053689
5053724
5054620
5055058
5055610
5058076
5058147
5058619
5061192
5061275
5061551
5062749
5064198
5064833
5065869
5066348
5067405
5068622
5068719
5069854
5071640
5072516
5073691
5074387
5074506
5075133
5075228
5075898
5076017
5076054
5076920
5077269
5078614
5080393
5083494
5084668
5085143
5086626
5087327
5091111
5091203
5091923
5093434
5094278
5098345
5099921
5100676
5101134
5101790
5101802
5102275
5103290
5104191
5104554
5105312
5105785
5106202
5106989
5107660
5107728
5109072
5109532
5110225
5111056
5111463
5111548
5111926
5112076
5112509
5113028
5114344
5114544
5114932
5116054
5117315
5117599
5117640
5118180
5118426
5118776
5119945
5119960
5120265
5120364
5122686
5123594
5124915
5125492
5127044
5128256
5130069
5133422
5133635
5134398
5134910
5139281
5139486
5141119
5143095
5143819
5144127
5144626
5144993
5145782
5149487
5149549
5150456
5150673
5151316
5151348
5151463
5151989
5155162
5155730
5156522
5158409
5159015
5159846
5160379
5162119
5162905
5163353
5163395
5163548
5164462
5165000
5165462
5165692
5167189
5167749
5173467
5174540
5175181
5175982
5177276
5177799
5180206
5180218
5180336
5180373
5180960
5182500
5183830
5185504
5186529
5186789
5187698
5187820
5188636
5189270
5189948
5190529
5190746
5190911
5191569
5196349
5197063
5198291
5199679
5199875
5199899
5200312
5202467
5202929
5205150
5206097
5207715
5208038
5208359
5211696
5213667
5214026
5214476
5215112
5217006
5217825
5218320
5219571
5219844
5221750
5224110
5225360
5225550
5226321
5226623
5226652
5228098
5229266
5229343
5229668
5231029
5235868
5236972
5238263
5240755
5241616
5241802
5244121
5244224
5244399
5245843
5246624
5248386
5248414
5249486
5250082
5251749
5251904
5254080
5255209
5255668
5256398
5257117
5257581
5257697
5259373
5260147
5261856
5261940
5262460
5264267
5265960
5266175
5266795
5266851
5268457
5268843
5272553
5273603
5273831
5278647
5278783
5278965
5279566
5280369
5287050
5288011
5288295
5288387
5289438
5291679
5292507
5294385
5295177
5295477
5299477
5299688
5299843
5300115
5300275
5302449
5302700
5303137
5303954
5304289
5305148
5305471
5306462
5307680
5307741
5308087
5309707
5309795
5310523
5310693
5310818
5310866
5311040
5312993
5313171
5313524
5314533
5315368
5316118
5316472
5318047
5318137
5321348
5322474
5322676
5323279
5324614
5324861
5325300
5326233
5327696
5328307
5328464
5329009
5329072
5331558
5334374
5335538
5335728
5336266
5336387
5336729
5337014
5337877
5337933
5339907
5341331
5345035
5346286
5346758
5349272
5350085
5350243
5351014
5352762
5353328
5354004
5354251
5354753
5355530
5356848
5358821
5359358
5360697
5360735
5360908
5361500
5361601
5363862
5366223
5367990
5371354
5372470
5372519
5373457
5373549
5373664
5373734
5373971
5374555
5374789
5376140
5376157
5376220
5376895
5377119
5377845
5378180
5378212
5378758
5379155
5381339
5382907
5384041
5386898
5386989
5392098
5392911
5392941
5393467
5394443
5395110
5396409
5396696
5397486
5397609
5398071
5398072
5398154
5398302
5398432
5399366
5400794
5402367
5402752
5403832
5405342
5405728
5406125
5407274
5408299
5408513
5413341
5414456
5415154
5418407
5418906
5419322
5419707
5421432
5422133
5422625
5423070
5424782
5425101
5425660
5426382
5426834
5427264
5428419
5428717
5430056
5430268
5430381
5430705
5430970
5435700
5436165
5440118
5443291
5444269
5446174
5446343
5447412
5448100
5450155
5451538
5452726
5452767
5453000
5453839
5456399
5457024
5457389
5457444
5459207
5459556
5461307
5463343
5464406
5467357
5470252
5472806
5473739
5474074
5474224
5475629
5476273
5476325
5477915
5482998
5483130
5484670
5485395
5485783
5487084
5488057
5488317
5491309
5491619
5492671
5492759
5493704
5493929
5494472
5494500
5494903
5495189
5495249
5495765
5495942
5497709
5499519
5499967
5502180
5504384
5505138
5506632
5508588
5509992
5510155
5511877
5512198
5513598
5516796
5517112
5520051
5520394
5520470
5522759
5523011
5526566
5527728
5527807
5528223
5528549
5529472
5530283
5531279
5533403
5534020
5534578
5538841
5539828
5540082
5541557
5542146
5542495
5542598
5544476
5544921
5545436
5547654
5547758
5550123
5550796
5551460
5553601
5554247
5554438
5558225
5558668
5558681
5559301
5559311
5560068
5560356
5560811
5561930
5562219
5563218
5563229
5564322
5564397
5565813
5567278
5567734
5570673
5571393
5571708
5572358
5572419
5576753
5577986
5578544
5579097
5581370
5581484
5581846
5582247
5583471
5586079
5586119
5586612
5587020
5589099
5590688
5590929
5591485
5592381
5595133
5595194
5595868
5596076
5596230
5597013
5597843
5599585
5601265
5601979
5602041
5602259
5602320
5602332
5602756
5605497
5606269
5607473
5607821
5608219
5608220
5608513
5609840
5609963
5610218
5611845
5612063
5614434
5615267
5615479
5615515
5615792
5619690
5620551
5620667
5624828
5626020
5627352
5629909
5630300
5631278
5632189
5633085
5635276
5637295
5637696
5637971
5638888
5639190
5639555
5641049
5642220
5644651
5645250
5646053
5646790
5646893
5649118
5650139
5650539
5650798
5651525
5651990
5652508
5652918
5653240
5654407
5654740
5655016
5656995
5658178
5658550
5658947
5659794
5660119
5661883
5662361
5662495
5663732
5665318
5665470
5665917
5667786
5669287
5673072
5674410
5677111
5678047
5678088
5678664
5680000
5680856
5680860
5681457
5682495
5683804
5685568
5685677
5686891
5686903
5691050
5691224
5691501
5691672
5693555
5693691
5694162
5694403
5694553
5695767
5696611
5696745
5696887
5697713
5698117
5700906
5702304
5702807
5704246
5704881
5705664
5706051
5706396
5709367
5710255
5713654
5714539
5714593
5714916
5715322
5715949
5716418
5716961
5719037
5720321
5720506
5721328
5721668
5722271
5723315
5724294
5724978
5725048
5725800
5727326
5728369
5731396
5731580
5734201
5734552
5734882
5735629
5736253
5736742
5738629
5739079
5739813
5745316
5745494
5747168
5747413
5748458
5748739
5750485
5753072
5753522
5753710
5755452
5756793
5757351
5757358
5758559
5759443
5761492
5763346
5763982
5766068
5766677
5768592
5771033
5771271
5771547
5775022
5776253
5776598
5776974
5777022
5777434
5781341
5781381
5781620
5783201
5784508
5786229
5786553
5786884
5786887
5786954
5787460
5789580
5790455
5791243
5791270
5791867
5792918
5792947
5793331
5794837
5795886
5798002
5798384
5798858
5800692
5804306
5805837
5809554
5809828
5811211
5811235
5812223
5813702
5814289
5815248
5815402
5815408
5817558
5819096
5820151
5820651
5821613
5822782
5823795
5825136
5825320
5825798
5828784
5829011
5831594
5833002
5834852
5835501
5836128
5844119
5845277
5846160
5846639
5846980
5847866
5847932
5849129
5850999
5854725
5857194
5857925
5858011
5861890
5862219
5862282
5862986
5863641
5864842
5864861
5866056
5866375
5866619
5866799
5867076
5867357
5868247
5868891
5869171
5869369
5869497
5869539
5869950
5872150
5872709
5874455
5874998
5875175
5875519
5877690
5878315
5878319
5879260
5882675
5883479
5884090
5887661
5888551
5888743
5889607
5892576
5892687
5892701
5894152
5894162
5894373
5895486
5896738
5897167
5898351
5898424
5898573
5900170
5901241
5901356
5901500
5901605
5901744
5904485
5904901
5904930
5905773
5905962
5906553
5906656
5910245
5911668
5913347
5914101
5916250
5916284
5916512
5916602
5916913
5920939
5921480
5922481
5923446
5923481
5923688
5923835
5924853
5927879
5929404
5930804
5931705
5932344
5932922
5933234
5936748
5938414
5938570
5938782
5939074
5939603
5939851
5940459
5942711
5942930
5943443
5943712
5945150
5949255
5949423
5950379
5950807
5951280
5954267
5954667
5956990
5957391
5958874
5960727
5961880
5962066
5963277
5963338
5963553
5964081
5964599
5964653
5964984
5966199
5967637
5969587
5969751
5972269
5973606
5974040
5978655
5978741
5979541
5980811
5980826
5980922
5982673
5983547
5983662
5983971
5986716
5987060
5987272
5987699
5988557
5989720
5990607
5991590
5992125
5992482
5992729
5992984
5994387
5994861
5997264
5998305
5998951
6000014
6000231
6000702
6000781
6001150
6002600
6002682
6006772
6007147
6007652
6010550
6013297
6013423
6013456
6013867
6015163
6015758
6016732
6017138
6017198
6018909
6018987
6020550
6021314
6021337
6021503
6021655
6025224
6025362
6026624
6028098
6030666
6030849
6031219
6033218
6033529
6033568
6034025
6034078
6034992
6035604
6036626
6036835
6036879
6037862
6038856
6042133
6042599
6043825
6044234
6044279
6048472
6049127
6050782
6052589
6052982
6054074
6055670
6056215
6057695
6058208
6058429
6058538
6060644
6060646
6061473
6062134
6063913
6064987
6066292
6067087
6067585
6068878
6069216
6071039
6071617
6071972
6072780
6073093
6073325
6074553
6074857
6075525
6078991
6079986
6080699
6082719
6084764
6086428
6087432
6088162
6090727
6091159
6091664
6093145
6095549
6096167
6097126
6097441
6097598
6098321
6098740
6099664
6101356
6101841
6102986
6103429
6103616
6103797
6104332
6105777
6106093
6106508
6107865
6108016
6111346
6112237
6113205
6113419
6113555
6113968
6114440
6114519
6114665
6115926
6116110
6116168
6116183
6116861
6116893
6118284
6118352
6118959
6119980
6121804
6123669
6124182
6127789
6129345
6129422
6129430
6129945
6130224
6130632
6133842
6134079
6134353
6135974
6136585
6136627
6138192
6138524
6139069
6139174
6140782
6140833
6141391
6143377
6144735
6145001
6145181
6146139
6149708
6150011
6151459
6152008
6152452
6152735
6154887
6155304
6155553
6155577
6156022
6156572
6157101
6158863
6159192
6160394
6162694
6164710
6164965
6166013
6166427
6166732
6167196
6168410
6169905
6170612
6174967
6175025
6175890
6176779
6178706
6181377
6181559
6181663
6182151
6183400
6184005
6187300
6188275
6188740
6189992
6190838
6192037
6192593
6194682
6195321
6196681
6196784
6197317
6198759
6200268
6202665
6202973
6203343
6205288
6205879
6206141
6206517
6207747
6208088
6209268
6212686
6212765
6216079
6217526
6217906
6222425
6223519
6223954
6225175
6227122
6228124
6228248
6229922
6230851
6231607
6232334
6234575
6235286
6235722
6236169
6236268
6236847
6239152
6240680
6241894
6243641
6245015
6247465
6247960
6248516
6249930
6252731
6252880
6252925
6253418
6253790
6254170
6254650
6255527
6259495
6261725
6261855
6262019
6264328
6265010
6265683
6266038
6267284
6267441
6268666
6268988
6269155
6269526
6269713
6270177
6274508
6277749
6278336
6278678
6279063
6279761
6280981
6281663
6282449
6283321
6283614
6284658
6285248
6288086
6290037
6290448
6293487
6293927
6294741
6294977
6295018
6296505
6296956
6297003
6297346
6303322
6303739
6305574
6307365
6308337
6308925
6308998
6309121
6310148
6313312
6313583
6314407
6314802
6317345
6317362
6318437
6319340
6319608
6324163
6324194
6324664
6325014
6325529
6326027
6326909
6336109
6339108
6341154
6341563
6341760
6343884
6344523
6344879
6346570
6346876
6352778
6353926
6354883
6355539
6355552
6356736
6358494
6359287
6359456
6360127
6360961
6361454
6361590
6364185
6365802
6367091
6367349
6368159
6368683
6371135
6371378
6371557
6372622
6374239
6374900
6375780
6376373
6376984
6377099
6379480
6380386
6380986
6382656
6383450
6390502
6391459
6392328
6392682
6392861
6395218
6397020
6397724
6398099
6399862
6400463
6400553
6401261
6401981
6402010
6402181
6405305
6410287
6411029
6411502
6414340
6415090
6415459
6417342
6417385
6418558
6418628
6419418
6419545
6420224
6423206
6423799
6425971
6427016
6427271
6428469
6431029
6432423
6432598
6432844
6434314
6434541
6436395
6436768
6438111
6438182
6438616
6439682
6439961
6441453
6441898
6441992
6442448
6443952
6443990
6445426
6445540
6445831
6445882
6447073
6448071
6449327
6450037
6450300
6450852
6450901
6451506
6452184
6453812
6456231
6457190
6457681
6458275
6458372
6459580
6460593
6461644
6462382
6462560
6462603
6465116
6465561
6465685
6466553
6468278
6469916
6471235
6472915
6478626
6480251
6481062
6481707
6481953
6482379
6482514
6482614
6483119
6484228
6484367
6484779
6484859
6485555
6486108
6487398
6487791
6488566
6489098
6490124
6490130
6490843
6490946
6493431
6494985
6496244
6496600
6496914
6497220
6501688
6503740
6503836
6504055
6507947
6508526
6508841
6508965
6510358
6510776
6510974
6512550
6512763
6514031
6516411
6516822
6517212
6517278
6518589
6519458
6519943
6520153
6521038
6522447
6523306
6523416
6523546
6524282
6525499
6528547
6528965
6529650
6529746
6531156
6531250
6532549
6533167
6533936
6534186
6534535
6536011
6536506
6538008
6538198
6538671
6538823
6539168
6540363
6541122
6541623
6542019
6542617
6543302
6543980
6544660
6544812
6545427
6546431
6547966
6549434
6550080
6551231
6552044
6552052
6552703
6553923
6555611
6556184
6558447
6558816
6558853
6559200
6559536
6561894
6563615
6566614
6566953
6567509
6569270
6569568
6570086
6570803
6571262
6571420
6572430
6572466
6572594
6576086
6576867
6577258
6577559
6578052
6580275
6580721
6580759
6580868
6581312
6581844
6585379
6585530
6586054
6586122
6586219
6591441
6592817
6593306
6594372
6594407
6595212
6595550
6595653
6596595
6598623
6598894
6599838
6600504
6600517
6601220
6602393
6604144
6604742
6605037
6605047
6606293
6607300
6608401
6609751
6611581
6611587
6612856
6616306
6616341
6617045
6620064
6624059
6630177
6630462
6630706
6630725
6631287
6631932
6632019
6634927
6635015
6637919
6638745
6639248
6639639
6639734
6643413
6645153
6645700
6647871
6648782
6648886
6649337
6649841
6650904
6651081
6651993
6655716
6655906
6657479
6657992
6659517
6659665
6660154
6662069
6662878
6662886
6663130
6663843
6665674
6665781
6666639
6667027
6667552
6667996
6668768
6668983
6669856
6672636
6672726
6674822
6675692
6679712
6680328
6681784
6682344
6683111
6684142
6684596
6687096
6687383
6688885
6689669
6691223
6691916
6691943
6691953
6695038
6695439
6695715
6697430
6698394
6699137
6701461
6702270
6703210
6705368
6706585
6712830
6713402
6714513
6716119
6716689
6718434
6719039
6720467
6722185
6722358
6722568
6724040
6726747
6728131
6729202
6730234
6730791
6731842
6732417
6732681
6733719
6734507
6735052
6735907
6736098
6736423
6736627
6737503
6738769
6738885
6739305
6742240
6742437
6742717
6743639
6743904
6744855
6746124
6746718
6747437
6747652
6749517
6751269
6753741
6754242
6754288
6754950
6756801
6758113
6758260
6759281
6761816
6762990
6763454
6763685
6767595
6768247
6769326
6770672
6773727
6773925
6776811
6777842
6777971
6780892
6782209
6783044
6784454
6786257
6787588
6787964
6788400
6789314
6789448
6789717
6789905
6790332
6790685
6791472
6793881
6797595
6798070
6798517
6798921
6800431
6800943
6801634
6802231
6803390
6805456
6807174
6807638
6809033
6810843
6811687
6812037
6812373
6814484
6814812
6815318
6816955
6817935
6818766
6819771
6820398
6822195
6822996
6823705
6826638
6832811
6834408
6834639
6835013
6836801
6837591
6839381
6839499
6840659
6842056
6842130
6842523
6843755
6844389
6844685
6844931
6845064
6845286
6845902
6847469
6847821
6847944
6848874
6848991
6849159
6849779
6852079
6852222
6855073
6860725
6863275
6863479
6863672
6864530
6865088
6865138
6865638
6865763
6866025
6866442
6867785
6868780
6868939
6869548
6870422
6871530
6871807
6873639
6873906
6874338
6874596
6877032
6877149
6877667
6878003
6878089
6878768
6882360
6884022
6884411
6884718
6884918
6885511
6887873
6889132
6889366
6890579
6890758
6892545
6894892
6895208
6896065
6896157
6897145
6897897
6897936
6898045
6899135
6899648
6901037
6902391
6903566
6904735
6905008
6906175
6907184
6908312
6910151
6911603
6911776
6912632
6914029
6914540
6915917
6917984
6919091
6919723
6920983
6921563
6921642
6922591
6924076
6925265
6925365
6925842
6927110
6928764
6929955
6931740
6933660
6935748
6938243
6940159
6940338
6940505
6940743
6942131
6942415
6945467
6945536
6945957
6946689
6948442
6948513
6949170
6949689
6953280
6954498
6954944
6956614
6957776
6958337
6959104
6959919
6960756
6962335
6965215
6965756
6967381
6968341
6969383
6971661
6972760
6973981
6974454
6975677
6975925
6977892
6977996
6978409
6978415
6978984
6979940
6980082
6984188
6984731
6985232
6985589
6985642
6988696
6989082
6989164
6989357
6989957
6990842
6991587
6993378
6993954
6994073
6996560
6997517
6997592
6997817
6997937
6999058
7001617
7002069
7006271
7008567
7008955
7009096
7009939
7011407
7011989
7012943
7013906
7015885
7016157
7017098
7018677
7019006
7019032
7021490
7022499
7024126
7025216
7025786
7026022
7027218
7027899
7029955
7031292
7031483
7031491
7032858
7033073
7033118
7035335
7037289
7037945
7039494
7040055
7040135
7042249
7042473
7043735
7044434
7044910
7044993
7046690
7048384
7049069
7049152
7051399
7051963
7054864
7055746
7057911
7058131
7058198
7061026
7061847
7062732
7062948
7064916
7065947
7065998
7066105
7066213
7068589
7068761
7070247
7070734
7071752
7071908
7072209
7072705
7074923
7075994
7079234
7082679
7083659
7084505
7084603
7085187
7085936
7086292
7086628
7086832
7089918
7091987
7092439
7093103
7093384
7095065
7096334
7096394
7097109
7097567
7097808
7099838
7100567
7101019
7101829
7103141
7103244
7103491
7105407
7105820
7105898
7107226
7108410
7109685
7109776
7112660
7116395
7117548
7118336
7119681
7120301
7123248
7125203
7126767
7126953
7129464
7129777
7129923
7130372
7130995
7131150
7131258
7132790
7132810
7134055
7135218
7136417
7136609
7137658
7138175
7138405
7138980
7139355
7140165
7141756
7142563
7143126
7143297
7145807
7146135
7146808
7148108
7148832
7151635
7151729
7152752
7155510
7156241
7157591
7160497
7160941
7161345
7162030
7162526
7162632
7163047
7163052
7164195
7165734
7166115
7166335
7168833
7168837
7169056
7170376
7170477
7170761
7173175
7175027
7175883
7176450
7176884
7179079
7179443
7179594
7179811
7181860
7182050
7183107
7183872
7184014
7184319
7184449
7186298
7186884
7186956
7188689
7189522
7190101
7192179
7193687
7194279
7195693
7196222
7196845
7197384
7198200
7201045
7201354
7201371
7202105
7205041
7205463
7205574
7206012
7206198
7206957
7207823
7209622
7209688
7210899
7213131
7216574
7218798
7219384
7223417
7224951
7225847
7226742
7228630
7229019
7229983
7230311
7230539
7231049
7232602
7232931
7233837
7233872
7235307
7235334
7235394
7235620
7236258
7237794
7238643
7238807
7239213
7240431
7240836
7240897
7241017
7242256
7242598
7244064
7245792
7246382
7246710
7246782
7247466
7247744
7249794
7250595
7251063
7252699
7252790
7253730
7253998
7254815
7256458
7256748
7257319
7258852
7260635
7261139
7262166
7263234
7263320
7264030
7268284
7268436
7270813
7272158
7272573
7273371
7273732
7274381
7276535
7276573
7276830
7277291
7279000
7279362
7280820
7281768
7282396
7282700
7283321
7283969
7284564
7285754
7288956
7289570
7293264
7293579
7295670
7296240
7297967
7297992
7298419
7301013
7301305
7302219
7302336
7302953
7304568
7306588
7306809
7307510
7307725
7308098
7308241
7308840
7309948
7311334
7313102
7314628
7315149
7317371
7317804
7319634
7319784
7319846
7321107
7324198
7324698
7324710
7325948
7326282
7326567
7326756
7327477
7329006
7329371
7331994
7332986
7333215
7333699
7334513
7334888
7335332
7336080
7337188
7337595
7338201
7338685
7339666
7340310
7340335
7340424
7342071
7342119
7342668
7344128
7344599
7345070
7345944
7346236
7347847
7350002
7353375
7357481
7360531
7363006
7363021
7364412
7364936
7365987
7367044
7368429
7369212
7371207
7371912
7372275
7372865
7373531
7374835
7375098
7377280
7379580
7381553
7381671
7384562
7384941
7385645
7386192
7386333
7388668
7388770
7389540
7391571
7392283
7392518
7392644
7392797
7394511
7395960
7396102
7397271
7397696
7397740
7397924
7397980
7398660
7400908
7401825
7402636
7403438
7403551
7404266
7404349
7405791
7407486
7417689
7418158
7418355
7422616
7424023
7425085
7425927
7426219
7427079
7427752
7428644
7429684
7430220
7431522
7432670
7433235
7433479
7434040
7434079
7434145
7434707
7435355
7436389
7438268
7438931
7439953
7440112
7440628
7441370
7441446
7441798
7442311
7442333
7442694
7445136
7445447
7446382
7447929
7449298
7449597
7451816
7453050
7453066
7453352
7453966
7454059
7456051
7457082
7459526
7460326
7460365
7464442
7466637
7467790
7467816
7468042
7468226
7469156
7469782
7472201
7473375
7474630
7474939
7475201
7475865
7478197
7479305
7484071
7484967
7485120
7485662
7487338
7489255
7489331
7489567
7493343
7494347
7494449
7495171
7495414
7495963
7496167
7496175
7497209
7498729
7499461
7500209
7500566
7502003
7503173
7505552
7506389
7507788
7508260
7509539
7509917
7510803
7511624
7511837
7511883
7514556
7516096
7518122
7520342
7520367
7522218
7523551
7523940
7524108
7524973
7525695
7525977
7529848
7530097
7534911
7536011
7536974
7539134
7539875
7540754
7542993
7546156
7547482
7548550
7553182
7554937
7557964
7560649
7561559
7563196
7564155
7566508
7567956
7568100
7570580
7571355
7572255
7572765
7573059
7574015
7574774
7576065
7577053
7578595
7578940
7580112
7580359
7581575
7581606
7582758
7586060
7586751
7587355
7588367
7589080
7589611
7592382
7592513
7592753
7593274
7594463
7596283
7597595
7598490
7600196
7602015
7602371
7602955
7603247
7603605
7604452
7604601
7604632
7604797
7605543
7606214
7606384
7607071
7607553
7610362
7610555
7613273
7617473
7617703
7618663
7618860
7619148
7621530
7623076
7623509
7624367
7628008
7630652
7631272
7631321
7632632
7635181
7635495
7636375
7638872
7639650
7639941
7640510
7640949
7643300
7644788
7644993
7645010
7645376
7645639
7646803
7649986
7650693
7651305
7651643
7653445
7653515
7654179
7655446
7657987
7658044
7660204
7660443
7662220
7663969
7664028
7664068
7664118
7664157
7664295
7664654
7666216
7669630
7671500
7673029
7674985
7679945
7682068
7682196
7682676
7683611
7685075
7685734
7687975
7689466
7689941
7691069
7692546
7692937
7693807
7695051
7695161
7695868
7697224
7697275
7699178
7700560
7700591
7700630
7702408
7703560
7703666
7704235
7704447
7704800
7705502
7706407
7706654
7709310
7709400
7709463
7710100
7710878
7712604
7714226
7715240
7715878
7717974
7721204
7722750
7723319
7723748
7724517
7724770
7725232
7725465
7725757
7726715
7726914
7726920
7727708
7727719
7727771
7727828
7728484
7728874
7729674
7735302
7735368
7735681
7736161
7736523
7738935
7739986
7741065
7741673
7742739
7743821
7743977
7744282
7745212
7748235
7749577
7749716
7750011
7750093
7750883
7752531
7752586
7753078
7756747
7756779
7756982
7757281
7760390
7761228
7761900
7762191
7763408
7763912
7765945
7766249
7766595
7767553
7768761
7769976
7770093
7770526
7771011
7771074
7773205
7773294
7778408
7781119
7782885
7783022
7784554
7785150
7786014
7786863
7786945
7788060
7788724
7789337
7794472
7794821
7795215
7796294
7796939
7797859
7798505
7798514
7798575
7798703
7800956
7801262
7803920
7804121
7804270
7804663
7806002
7807822
7808189
7808360
7808510
7810180
7811248
7811424
7811690
7812530
7813213
7814623
7814750
7815330
7815449
7816516
7816556
7817861
7818943
7820913
7820972
7821648
7822691
7824074
7826740
7828421
7828538
7829702
7830772
7833291
7834783
7834871
7835434
7837389
7838389
7838453
7839059
7840423
7841399
7841796
7841889
7846601
7847330
7848737
7849608
7849632
7849986
7850078
7852227
7853762
7856699
7858232
7858269
7860248
7862320
7862902
7863350
7867342
7871676
7873162
7876604
7877316
7878262
7879216
7879790
7882952
7883174
7884942
7887182
7887451
7887743
7888335
7890490
7892861
7893307
7894474
7895939
7896896
7897042
7900314
7900670
7901688
7902503
7903502
7903807
7905071
7905376
7907341
7907812
7909613
7909937
7911934
7913473
7914023
7916313
7920473
7920554
7920895
7923184
7923570
7923583
7924308
7925953
7926799
7926842
7927096
7927809
7928897
7929143
7929456
7929573
7931630
7932778
7932992
7933101
7934556
7934978
7935362
7936326
7936744
7936806
7937414
7937777
7938377
7939286
7940836
7941271
7941505
7941789
7945078
7947508
7947663
7948899
7949402
7949723
7950176
7950747
7953796
7953840
7957997
7958093
7958115
7958657
7959575
7959998
7960682
7961414
7962513
7964284
7964448
7965805
7967410
7969525
7970740
7971206
7975027
7976629
7977628
7977818
7978501
7980377
7980854
7981429
7981811
7982546
7982800
7983252
7983665
7983886
7984591
7985282
7985309
7985824
7986411
7986863
7987377
7987838
7988259
7988571
7990212
7990622
7991159
7991546
7991589
7992395
7993012
7993073
7993417
7994854
7996761
7997514
8000184
8000398
8000427
8001754
8001801
8002543
8003154
8004438
8006221
8006568
8007705
8009585
8009889
8010319
8011551
8013780
8014069
8014427
8015211
8015455
8015863
8016112
8016460
8016785
8020594
8020598
8020670
8020952
8021030
8022175
8024426
8025653
8025752
8026534
8027152
8027627
8029348
8031867
8032477
8033529
8035159
8036844
8037639
8040079
8042720
8042967
8043069
8043166
8043259
8043283
8046217
8046314
8046844
8046856
8047950
8049097
8050085
8051474
8051537
8052472
8055951
8056238
8057639
8060312
8061498
8062660
8064786
8065007
8065085
8066283
8066913
8067898
8068822
8071118
8071260
8071624
8072033
8074696
8075159
8077284
8078565
8078855
8079834
8080995
8082627
8083448
8085034
8086273
8086884
8087159
8087628
8088891
8088953
8089218
8090010
8090260
8091631
8092429
8092568
8092675
8093361
8094557
8096754
8096781
8097918
8098367
8099474
8100627
8100873
8100910
8101546
8101567
8102736
8104263
8104638
8104988
8105764
8105957
8106226
8107404
8110157
8110465
8110845
8111642
8113222
8114968
8115270
8115609
8117705
8119940
8120183
8122854
8125656
8125983
8127679
8129218
8130446
8130810
8130907
8132874
8133185
8136106
8136762
8138326
8139200
8139235
8139333
8140059
8141813
8144202
8145010
8145625
8146497
8147777
8148222
8149814
8151168
8152156
8155029
8156953
8157297
8157476
8157533
8158213
8161726
8162116
8162131
8162508
8163094
8163129
8165762
8167425
8167647
8168136
8168957
8169079
8169842
8173331
8175313
8176400
8176507
8177158
8177186
8177717
8177764
8177966
8178098
8178250
8179239
8179385
8179725
8180248
8181123
8181993
8183823
8184554
8184713
8184822
8185910
8188844
8188910
8189993
8190213
8191299
8191825
8192072
8192215
8193004
8193438
8194828
8194979
8196573
8197118
8197306
8200294
8200359
8200887
8202644
8202672
8202817
8203833
8207157
8209378
8210061
8212092
8214593
8214894
8217018
8217403
8217493
8217835
8221002
8221369
8221802
8222620
8225203
8226557
8228385
8228874
8229715
8229820
8233250
8233317
8233369
8235217
8236690
8237310
8239362
8239570
8242699
8242958
8243302
8243656
8245095
8246517
8247644
8249006
8251191
8251277
8251869
8252382
8253041
8253856
8253924
8257043
8258908
8259355
8259555
8261281
8262996
8264676
8264998
8265133
8265944
8269053
8272241
8275372
8275574
8276121
8278617
8280004
8280911
8281103
8281302
8283134
8284291
8284664
8285176
8285440
8285578
8285618
8286551
8286764
8287274
8288948
8289055
8289405
8289650
8290728
8290787
8290998
8291433
8295864
8297073
8301250
8302539
8305189
8305422
8306600
8306708
8306892
8308406
8309117
8309512
8312495
8312568
8312580
8312759
8315892
8315985
8316430
8316562
8317193
8317863
8320713
8321302
8321839
8321926
8322937
8323623
8323725
8324465
8324838
8325696
8326268
8326481
8326642
8328116
8328916
8334341
8334501
8334869
8334883
8335432
8340226
8341025
8342305
8342472
8342492
8342632
8343158
8343395
8343652
8343809
8343988
8344120
8344995
8347675
8348500
8352459
8353668
8354055
8354123
8354779
8355648
8355841
8356586
8356615
8356660
8358423
8360031
8360232
8360341
8360487
8360849
8361899
8362081
8364624
8365432
8366491
8367899
8369003
8369358
8372654
8372942
8376298
8376997
8377808
8378641
8379036
8380447
8381517
8383409
8385142
8385311
8385854
8386333
8393268
8393311
8393722
8394721
8394860
8396074
8396648
8397000
8398715
8399194
8399545
8400426
8402138
8402803
8403774
8404011
8404393
8404796
8405243
8405755
8409715
8410566
8412277
8412574
8413486
8413513
8414635
8416479
8417033
8418378
8418842
8421236
8424249
8426568
8426773
8426985
8427892
8428627
8430199
8430274
8432907
8433584
8434963
8435038
8435188
8436186
8436394
8439483
8439546
8440278
8441061
8441643
8442682
8442862
8443373
8443575
8446302
8450304
8450505
8451499
8454240
8454619
8455798
8458432
8459148
8459350
8461806
8462829
8464699
8466092
8470470
8472750
8473614
8475776
8477584
8478585
8479656
8480732
8481180
8481329
8481446
8482550
8482799
8483904
8484216
8484283
8485742
8487212
8487593
8490243
8490427
8491497
8491581
8492458
8492917
8494178
8494319
8495541
8497007
8499353
8503040
8503325
8503819
8504008
8506895
8510507
8510570
8510981
8512099
8512613
8513177
8515307
8516282
8516383
8517107
8518626
8519695
8519915
8523896
8524662
8524790
8525022
8525805
8526140
8527900
8528319
8528750
8529814
8531793
8532420
8533596
8534640
8535715
8537612
8537969
8539891
8541506
8542664
8545370
8545664
8548578
8549687
8550918
8551431
8551651
8552012
8552346
8552700
8553439
8555455
8556588
8556704
8556895
8556912
8557258
8558419
8558513
8560482
8560778
8561067
8561666
8563254
8563447
8565837
8567390
8568216
8570239
8571176
8571712
8573796
8573990
8574151
8575898
8578054
8578570
8578660
8578866
8580195
8580451
8581078
8582591
8582780
8582957
8584737
8584791
8586602
8587210
8587438
8588544
8588756
8589680
8593009
8595430
8597195
8598480
8598673
8600512
8601189
8602256
8602759
8603181
8603412
8603731
8604946
8605350
8605602
8605606
8606817
8607275
8608094
8608366
8609783
8609968
8610042
8611605
8613009
8613378
8613908
8615118
8615637
8615819
8618768
8619655
8620691
8623867
8624345
8624678
8625470
8625805
8626823
8627011
8629580
8630017
8630585
8630850
8631819
8632396
8633428
8634025
8635066
8635284
8637436
8637802
8639701
8639922
8640789
8640790
8641663
8641709
8642405
8643331
8643681
8644171
8644997
8645257
8645933
8646313
8646892
8648852
8649735
8651729
8652023
8654288
8655337
8656358
8657444
8658537
8659812
8659858
8659921
8661176
8661335
8661445
8663375
8664346
8664721
8664782
8664853
8664904
8665057
8665833
8665958
8666234
8666897
8667181
8667339
8668101
8668386
8669535
8669941
8670114
8671956
8672831
8673081
8675004
8676211
8677728
8678529
8678645
8679808
8680129
8680643
8683402
8683805
8685343
8685914
8686111
8688177
8691094
8693009
8693179
8693824
8696934
8697611
8699150
8701031
8701558
8703118
8703143
8703661
8704180
8704954
8705109
8705671
8706115
8706164
8706485
8708351
8709843
8711315
8714750
8715292
8718209
8718268
8719970
8720786
8721015
8722431
8723526
8723767
8723997
8727720
8727876
8728228
8730829
8731115
8731514
8731570
8731697
8732159
8732387
8732687
8734789
8735810
8737057
8737314
8738207
8738714
8739158
8740145
8740993
8741618
8742321
8743566
8745184
8745995
8746414
8746511
8749030
8749698
8749702
8750435
8750458
8751571
8753684
8753822
8754005
8754446
8755639
8763809
8764484
8765152
8766525
8766924
8768046
8770971
8772853
8774188
8775374
8775614
8778491
8778718
8778932
8779037
8779264
8779654
8780770
8781178
8781831
8782191
8782843
8784095
8784412
8785865
8785871
8787121
8787937
8790500
8790579
8793244
8793383
8795690
8798748
8798768
8799257
8799655
8800234
8800725
8801249
8805924
8806590
8806842
8807162
8808901
8809190
8809220
8813064
8813167
8813398
8813923
8814048
8815685
8815905
8817928
8817988
8818152
8818315
8818938
8819770
8820397
8825344
8825491
8826300
8827214
8827383
8829953
8831416
8831730
8831740
8834120
8835631
8835677
8837880
8838443
8839109
8840200
8842830
8844916
8846056
8849201
8849243
8849326
8849514
8850655
8850815
8851653
8851983
8853667
8855261
8855970
8857509
8858574
8862179
8862907
8863570
8863634
8863652
8864978
8866323
8866529
8867849
8868022
8868665
8870068
8870268
8870480
8871116
8871674
8873029
8873320
8875319
8876208
8876746
8877664
8877809
8879235
8880002
8883472
8883540
8884377
8886437
8888885
8889994
8892014
8892036
8895462
8896256
8897955
8899205
8904879
8905117
8910279
8910431
8910923
8911008
8914712
8915178
8915625
8915928
8916032
8916141
8918048
8919118
8920033
8921374
8921887
8922542
8923410
8923454
8928937
8931678
8932076
8934843
8935796
8936074
8937372
8937880
8938660
8938722
8938768
8938997
8939093
8939281
8940200
8942662
8943589
8945193
8945742
8946095
8947318
8949013
8949986
8952923
8953212
8953598
8954599
8957033
8958755
8959067
8960709
8960894
8963066
8963798
8965558
8966099
8966855
8967470
8968371
8970860
8971164
8972249
8972258
8972849
8973358
8974193
8974515
8974841
8976300
8978977
8979627
8984562
8984675
8985963
8986427
8986614
8987033
8987301
8987424
8987733
8987942
8989234
8989646
8990382
8994525
8994710
8996673
8996865
8998740
8999366
9001486
9003003
9006587
9007403
9007783
9008559
9010532
9010633
9010683
9011188
9014273
9014596
9014806
9016536
9017516
9019953
9020126
9020587
9021394
9021510
9021965
9024567
9024969
9026345
9027234
9028767
9029578
9029907
9029990
9031520
9033628
9035530
9036959
9037621
9038421
9040607
9041498
9041739
9041970
9042027
9042460
9042809
9042951
9043064
9044041
9045558
9046649
9046978
9047979
9048670
9048954
9049895
9050640
9050649
9050875
9053632
9054559
9059086
9059231
9060827
9061064
9061259
9061961
9062418
9062865
9065482
9065995
9068120
9068303
9069425
9070658
9071599
9071869
9073960
9074894
9075387
9076178
9078261
9079556
9080320
9083691
9083997
9084267
9084751
9084960
9086384
9087383
9088076
9088327
9088793
9091934
9092471
9098549
9100106
9102125
9102167
9102317
9103082
9104103
9107812
9107955
9108627
9109293
9109352
9109443
9109944
9112780
9112990
9113847
9117217
9121552
9123117
9123900
9124732
9125364
9129104
9130757
9132832
9133045
9135397
9135471
9136057
9137348
9138890
9139520
9139639
9139922
9141335
9142560
9145945
9146514
9147594
9147723
9147887
9147929
9148928
9149422
9150418
9150451
9151132
9154385
9154686
9155489
9156585
9157983
9158019
9158069
9159935
9159999
9163450
9163577
9164768
9165340
9165731
9166075
9167259
9167430
9167499
9167577
9167755
9168055
9169787
9170348
9172288
9172364
9173399
9174525
9174539
9176236
9176417
9176638
9177193
9177735
9179712
9181832
9182805
9183263
9185898
9187211
9187541
9188292
9189227
9189845
9191188
9192712
9193341
9193406
9194021
9194577
9195525
9196943
9197838
9201806
9202128
9207519
9208654
9210073
9210382
9211859
9212579
9212896
9213023
9214006
9215049
9215273
9217093
9217414
9217853
9220581
9221609
9221617
9222058
9222816
9224061
9226207
9227294
9227447
9227786
9228057
9228198
9228725
9228933
9229494
9230236
9230684
9231690
9232381
9232485
9233536
9234867
9234979
9235253
9237666
9239254
9242492
9242642
9242948
9243143
9244990
9245479
9246413
9246498
9247011
9248006
9248492
9248525
9249976
9250241
9250508
9251531
9252045
9252920
9253821
9254818
9256175
9257072
9257118
9259474
9263559
9264900
9265940
9266400
9272376
9272746
9273778
9275080
9275474
9275982
9276793
9277266
9279535
9279569
9280016
9282202
9283363
9283729
9284760
9286451
9286811
9287325
9290291
9291294
9292015
9292080
9292175
9292390
9294750
9294916
9295371
9295443
9297275
9298043
9299890
9300195
9300782
9302160
9303590
9303654
9304739
9305117
9305479
9308767
9308855
9314074
9316139
9319730
9320586
9323314
9323808
9323822
9323952
9324312
9324957
9325318
9325398
9325705
9326941
9327666
9329141
9329256
9329736
9329851
9330767
9331273
9331621
9332075
9333247
9334098
9335828
9337198
9337233
9337530
9340424
9340524
9340752
9341507
9341895
9342880
9342914
9344560
9345165
9345724
9346066
9347082
9347388
9348359
9348612
9348778
9350728
9351366
9351788
9352575
9354148
9355057
9355269
9355286
9355730
9355871
9357554
9358186
9359433
9362126
9362277
9366572
9367124
9369677
9371476
9371577
9372318
9373347
9373958
9374257
9374695
9375807
9377344
9380813
9382428
9383812
9385116
9386409
9386572
9389218
9390031
9390162
9390994
9391000
9391520
9392611
9392655
9392847
9392946
9393875
9395295
9396329
9396673
9398167
9399506
9400174
9404645
9404650
9407027
9409717
9410462
9412242
9415283
9418042
9420833
9422175
9423118
9424559
9425799
9425865
9426195
9429371
9430267
9430315
9430928
9431015
9431405
9432698
9434708
9434823
9435540
9439619
9443375
9443983
9444210
9444589
9444869
9446196
9448092
9448212
9448433
9449518
9453346
9454165
9454664
9455216
9455498
9455655
9456148
9457507
9458607
9459946
9460176
9461024
9461930
9463156
9463447
9465748
9467474
9471259
9471309
9471847
9472449
9472570
9472738
9472763
9472959
9473179
9473280
9473281
9475395
9475494
9475620
9477095
9478639
9478699
9479381
9481342
9483715
9484437
9486274
9488387
9488548
9489135
9491685
9494624
9494860
9495877
9496734
9496836
9498268
9499317
9499954
9499982
9500039
9500205
9500368
9501114
9503567
9503871
9503972
9505794
9508017
9509082
9510145
9511550
9511942
9512056
9513033
9513356
9517165
9522617
9523339
9523912
9524510
9526113
9527181
9527524
9529073
9530031
9531590
9531703
9532290
9532340
9532357
9532506
9532635
9533766
9535193
9537195
9538086
9540923
9541131
9541770
9543326
9545827
9547223
9547865
9548815
9549063
9549221
9550295
9550801
9551465
9552012
9552103
9553720
9553995
9554920
9555483
9556997
9557635
9558474
9559888
9560987
9563018
9563559
9564752
9565228
9565475
9566404
9567733
9568132
9569428
9569999
9570150
9570671
9570706
9570739
9570903
9571998
9572336
9572409
9573662
9573916
9574039
9574467
9575239
9576408
9577215
9577546
9578022
9578080
9579232
9580085
9580337
9580566
9582520
9583868
9585277
9585767
9586292
9589456
9589470
9589484
9590394
9590436
9590984
9592402
9593941
9596094
9596799
9597746
9598487
9598745
9599151
9599713
9599839
9601261
9601717
9603845
9603987
9605799
9606453
9607170
9608650
9610539
9611899
9612824
9613169
9614069
9614371
9614500
9615502
9616974
9617248
9618174
9619555
9620089
9621078
9621955
9622051
9622289
9622544
9622890
9624025
9624131
9625449
9626011
9627355
9628236
9628408
9629425
9629489
9629766
9630787
9631288
9632270
9633779
9634829
9634898
9635342
9635568
9635905
9636398
9639454
9640262
9640734
9642313
9642399
9643720
9645239
9645283
9647702
9648372
9649019
9649179
9649498
9650509
9650535
9652000
9654349
9655670
9656623
9658172
9660817
9661854
9662256
9663523
9664819
9667420
9669699
9669743
9671873
9672639
9676428
9676821
9678753
9678779
9678887
9680117
9681906
9684265
9685858
9686003
9686287
9687700
9688186
9688228
9688397
9691026
9691809
9692012
9695840
9698111
9699766
9699895
9699960
9700228
9700835
9701485
9702764
9704052
9706553
9709073
9709621
9709879
9710556
9711194
9711410
9711473
9711733
9713511
9713521
9713861
9714588
9715116
9715376
9717896
9718263
9718383
9718627
9718966
9719038
9720768
9721776
9724587
9724771
9725831
9727987
9729332
9729585
9731625
9731917
9732289
9732667
9732747
9733503
9734229
9735823
9736012
9736034
9736545
9736963
9737558
9737610
9737718
9738539
9738741
9739895
9742867
9745363
9745543
9747183
9747651
9748548
9750205
9750342
9750651
9750732
9751780
9751788
9754049
9754196
9756116
9759337
9759455
9760424
9762991
9763317
9764421
9767152
9767889
9768453
9768686
9769194
9771542
9772424
9772960
9775069
9777086
9778430
9780652
9781072
9781822
9782151
9782600
9782776
9783912
9785801
9786100
9786874
9787555
9789418
9792277
9792407
9792873
9793138
9794130
9795179
9797510
9797555
9798198
9798788
9799726
9800111
9802566
9806523
9808110
9809626
9810580
9810603
9810722
9811447
9811557
9811715
9814964
9817087
9817204
9818648
9822626
9825272
9826334
9826954
9827261
9827410
9827742
9827950
9828349
9829012
9831254
9832966
9835637
9837020
9837501
9837879
9838103
9838682
9839425
9840947
9841086
9842323
9844182
9844351
9844712
9845388
9845564
9846143
9846960
9848190
9849394
9850229
9850523
9850825
9851068
9851660
9852224
9852525
9854027
9856091
9856259
9856754
9856901
9857540
9859305
9860861
9861442
9861951
9862696
9863068
9863541
9864162
9864227
9865548
9865725
9866022
9866113
9866800
9867995
9868340
9869562
9870008
9870964
9872238
9873335
9874634
9876854
9878467
9878921
9879291
9879528
9879605
9880498
9882177
9882887
9883618
9884875
9885413
9885678
9887807
9888073
9888241
9890762
9890940
9891453
9891850
9893026
9893548
9895733
9896906
9897740
9898838
9899027
9900845
9901262
9901644
9903690
9905772
9906789
9907833
9908184
9909861
9910929
9912420
9915113
9916686
9917513
9918418
9918569
9919131
9919150
9919448
9920022
9922428
9922620
9925298
9926054
9928150
9931822
9933173
9934125
9934614
9936131
9940234
9940301
9941051
9944100
9945237
9945842
9947740
9948156
9951039
9951415
9951525
9951583
9951864
9954283
9954817
9955355
9957323
9958590
9958599
9961240
9961370
9961659
9961834
9962327
9962957
9964047
9964711
9964855
9965343
9966112
9967044
9967565
9967798
9968438
9970264
9971056
9974284
9975620
9975647
9975980
9976516
9977449
9977610
9979167
9980438
9980581
9980740
9981846
9983787
9984761
9985547
9986216
9987119
9989050
9989816
9990008
9990479
9991467
9991893
9995293
9998215
9998311
9998753
9999135
9999621
