9
802
1141
4453
5901
6001
7221
7494
7694
8888
10976
11397
12024
12404
12444
13333
14629
15015
15797
16295
16300
17139
20151
21879
22157
22178
24182
24308
30159
31141
32683
33165
33230
34770
37968
40463
44404
46363
47586
49425
52088
54741
55493
55810
56298
57106
57483
57893
57950
58245
58795
59155
62689
63982
65097
67533
69216
69471
69564
69636
71141
72038
73330
73351
76210
76412
77536
77550
77551
78677
78975
82042
83491
84573
87063
87545
90053
93425
95159
95957
96381
99806
102202
103700
103815
104373
104515
104551
104857
106575
106720
108252
108366
109166
109868
110112
111424
111699
112735
112767
115896
115926
115982
117737
117793
118088
119135
119959
123712
123839
123986
124216
124694
126554
127576
128441
129684
131063
132788
133908
134413
134965
135214
135395
137242
138489
138592
139501
139513
143009
143088
143192
143787
143826
144512
146316
150587
152955
154761
154975
155039
155726
155732
158521
158757
158839
158982
159518
161904
163004
163313
164956
165540
165943
166586
167156
170571
171598
172778
173562
174522
175071
178021
179029
185982
185984
186764
187242
187363
188080
188172
188619
189309
189330
191955
195697
195880
197672
198282
198571
199383
201505
202264
203631
204701
206108
206597
206886
207145
207807
210715
211009
212306
213631
213809
216153
219698
222155
222554
224341
224371
224710
225694
226548
226660
227430
229601
231189
231747
231868
233110
234878
235895
237535
239099
239578
240760
243876
244389
246071
246573
247075
249392
250089
252838
252864
254126
254224
254495
255660
255718
257116
257454
257718
258771
259421
259646
261872
262058
262260
262665
264867
265636
265814
267850
267878
268688
269905
273633
274857
275377
276083
276954
278138
278301
279484
280181
281064
281300
282742
283707
284437
285354
286631
287127
287290
290126
290785
292130
292316
294569
295714
295792
297371
301776
302613
304123
305977
307883
308345
310541
310598
311434
315838
318910
319285
322026
322224
324955
326280
328204
329743
331371
331859
332768
333957
334587
335365
335458
336066
337677
337849
337908
338852
339002
339352
339941
340423
341247
342005
342743
343248
343366
344242
344379
344575
344710
345075
346578
347600
347761
349298
350106
350697
351344
352703
352900
353697
355079
355982
356154
356936
357588
357918
358601
359600
360084
361255
361268
363975
364979
365535
366027
366070
366403
369630
370510
371471
374750
376911
377621
378040
379255
381418
384539
385124
385986
387978
388302
388399
388508
389014
389616
389826
390071
391164
392930
394179
394180
394584
394665
394969
395007
396016
397607
402780
404649
405735
406013
406862
408085
409121
411811
412064
412352
412708
416143
417904
418225
420062
420691
420767
421088
422140
423479
423882
424300
424658
424803
427237
427957
430733
432458
432651
433132
435129
435382
438062
438500
440011
440103
440306
441217
442284
442902
443292
445112
445953
451842
452562
454363
454582
456662
456716
457355
458274
458508
459587
460107
460120
460448
461935
462482
467885
468718
471316
473026
474734
475358
475843
476381
476867
477351
478235
478663
478840
479003
479659
480450
482549
483202
483990
484166
484486
487020
487754
488019
488517
489455
489522
491076
492737
497062
497267
498607
498628
499028
499734
502070
502416
504854
505963
508034
508397
508745
509036
510600
510704
511047
511969
512050
512622
513043
513897
514413
515863
518022
521058
523649
524015
524129
525360
525658
526774
528103
528157
529271
529691
529812
530098
532579
533884
534556
537697
538983
540897
541072
543709
543808
544003
545440
545836
546402
546661
547763
548607
548808
549254
550315
550914
551052
552750
554445
554493
558706
559525
562177
563847
564893
565795
566044
567665
569643
570191
570810
571701
572142
572309
572801
572895
573578
574317
574626
574680
575343
579412
580457
580571
580635
581936
582805
583795
584737
585467
587178
588051
589443
592270
594334
595124
595425
596419
596657
598094
602174
604720
605070
606597
609119
610378
610505
610788
611421
613877
614819
616421
617001
618050
618233
618501
618510
619667
620615
621761
621813
622950
623098
624158
625611
625880
626199
626212
626719
627239
628251
628844
629307
629463
629762
629786
629881
630506
632174
632296
633322
633971
634155
636110
636669
637391
638432
638793
638834
641890
644281
644463
644954
646053
647320
647410
648417
649294
649542
649584
650374
650948
652683
653119
653130
657140
660229
660848
661187
661293
662816
663290
664918
665932
667276
668773
668961
670380
671148
671967
673905
674898
676494
677701
677781
678236
678615
679092
679706
681529
682673
684473
686278
686625
686653
686995
687390
687983
691795
692513
693229
693299
693849
693866
694003
694215
694462
694526
695361
695474
696388
696748
699237
699580
700674
703682
704082
707701
707851
708647
708811
710433
712808
714364
714655
715241
717977
718279
720042
723048
723267
723525
724352
724725
725245
725445
726377
726734
727666
732020
733248
733515
733606
734140
734173
734912
735288
735728
736163
740950
741163
741439
742108
742700
742828
743854
744021
747107
747344
749464
752772
754352
755141
755521
756529
757535
757809
761956
763276
765315
766424
766525
769400
771543
772673
773353
774902
774949
775959
776971
777421
780013
780651
781885
782796
783527
784046
784169
784860
785048
785151
785299
786648
787083
787135
787247
787899
789060
789543
791308
791561
792713
795058
795797
799219
800926
801035
802740
802807
803311
806760
807554
807890
809965
811403
811722
812142
812620
814906
816440
816628
817573
817764
818366
819623
819736
819913
819969
819977
821238
821818
821825
822268
822633
825523
828265
829668
830284
830716
832510
833091
833237
833436
834037
834547
835282
836112
836346
837927
838164
838443
838649
839426
840252
841567
843084
844499
845984
846004
848119
848317
849858
853959
853999
854085
854795
854960
857805
858655
859070
859074
859348
859582
860379
862255
863727
864109
864264
864988
864998
866066
867238
867540
868110
870295
872419
872639
874128
874970
875938
879018
879088
879344
879902
880383
881229
884989
887496
888264
888265
888670
888763
889799
890777
891001
891075
891463
891558
891784
895559
896344
896688
896930
898076
901307
901949
902083
902657
903715
904824
905482
906830
907609
907943
910080
910702
912150
912950
912961
913836
915014
915415
916377
916740
919716
921059
921488
921721
922436
922836
923033
924364
927165
928595
930469
931522
931778
933285
934222
935727
936948
937122
937615
937915
938600
938993
942416
945253
945709
946505
947332
948759
948909
949543
950112
951660
951776
952167
953038
953793
954423
955877
956703
957036
957435
958979
959907
960377
961451
962331
965079
965673
966684
967162
967310
967929
968576
968596
968905
970088
970376
971589
972267
975119
976004
977586
978271
978927
981306
981465
982061
982511
983820
984041
985305
989069
989532
990272
991321
991794
991961
992220
993188
993526
993702
995908
996223
998321
998479
1000504
1001042
1002628
1003276
1006378
1006675
1006787
1007266
1007683
1008278
1008456
1009935
1010224
1010436
1011659
1012721
1013962
1014322
1015872
1017456
1021976
1023081
1023620
1024068
1024420
1024558
1025331
1026524
1028048
1029682
1030731
1031458
1032251
1032760
1034116
1034642
1034945
1034973
1035477
1035966
1036703
1037821
1037966
1038300
1039305
1040353
1040775
1042598
1043141
1043584
1043638
1043827
1046245
1047742
1048220
1049630
1050004
1051701
1052475
1052516
1053908
1054268
1055008
1056419
1056586
1056608
1057700
1060096
1060246
1061055
1063864
1064984
1065624
1066839
1066888
1067164
1069776
1070183
1070317
1070830
1071759
1073694
1076041
1077186
1077906
1078024
1080492
1081205
1081231
1082114
1082621
1082915
1084952
1085340
1086596
1088853
1089422
1090466
1092158
1092230
1093860
1094259
1094488
1096038
1096749
1097435
1098111
1099383
1100051
1100510
1100592
1101265
1102171
1104679
1105494
1107399
1108728
1110260
1110957
1111339
1111510
1114921
1118695
1118769
1118804
1119515
1120800
1121744
1122658
1122728
1123447
1124084
1126358
1126985
1128746
1130606
1130731
1133825
1134636
1135332
1135814
1135867
1136298
1136627
1137998
1138317
1144504
1145137
1146260
1147258
1147313
1149928
1151656
1151817
1152659
1153899
1154127
1154365
1155555
1155651
1156776
1157099
1157482
1159778
1159896
1161861
1162673
1162678
1164123
1165758
1165811
1166236
1169548
1170324
1171406
1172853
1173692
1174706
1177426
1177557
1177854
1178221
1179103
1179597
1182812
1187198
1190725
1195062
1195569
1197010
1197081
1197528
1200429
1201387
1201621
1206101
1208556
1208632
1209692
1210449
1211909
1214284
1216306
1216615
1216825
1217292
1217613
1218543
1221081
1221551
1222519
1222565
1223547
1224604
1224736
1228908
1229144
1229462
1231039
1231964
1232356
1232605
1234790
1234821
1235059
1237177
1238790
1239565
1241192
1241798
1242930
1244404
1244985
1246894
1248057
1248296
1248559
1249001
1249638
1249693
1250493
1250681
1251339
1252169
1258205
1258594
1258866
1259484
1259569
1260209
1261956
1262296
1263500
1263718
1267698
1268325
1268374
1268398
1268405
1268731
1270382
1270976
1274563
1274571
1275467
1276535
1278442
1279425
1280466
1281340
1281351
1281552
1282580
1283053
1283919
1284076
1284428
1284479
1284869
1284958
1285920
1286005
1286412
1287024
1287262
1287652
1287672
1288348
1288383
1290487
1290994
1291342
1291956
1291965
1292545
1292765
1293711
1295211
1296154
1298846
1299562
1299667
1302415
1303157
1303573
1305321
1305334
1305343
1308442
1308949
1309665
1310415
1311931
1312977
1317156
1318990
1319362
1319416
1319512
1320798
1321843
1323165
1323186
1323649
1323938
1325290
1325786
1326728
1328369
1328893
1328934
1329036
1330157
1332920
1336321
1336366
1336873
1338312
1340247
1341214
1341815
1343659
1344206
1344424
1344601
1345181
1346048
1346294
1346517
1348402
1351981
1352846
1353217
1354827
1355362
1356053
1356106
1357337
1359051
1360124
1360555
1361677
1361920
1362397
1364030
1367282
1368235
1368624
1369240
1369389
1370582
1373779
1374574
1376300
1376517
1376636
1377272
1380214
1382316
1383046
1383053
1384660
1384818
1385212
1385389
1385829
1389515
1392477
1395258
1395307
1396042
1396404
1396456
1396693
1398626
1400747
1401360
1401790
1401911
1402539
1402624
1402962
1405054
1405272
1406963
1407408
1409843
1410182
1410233
1413931
1414610
1414726
1415613
1415891
1418211
1419275
1419831
1419870
1420189
1420262
1420393
1422581
1422752
1423518
1423620
1424387
1425259
1426540
1428469
1428627
1432842
1433465
1436196
1437772
1438728
1438912
1439030
1439214
1439270
1439591
1439660
1439673
1440740
1443496
1445056
1446993
1447315
1449077
1449183
1449305
1449693
1449731
1455320
1459022
1459076
1459156
1459340
1460878
1461371
1461397
1461622
1462635
1463738
1463783
1463831
1464709
1464901
1464969
1465992
1466855
1467435
1468586
1468763
1468808
1469287
1469656
1469848
1471734
1471824
1472438
1474101
1474138
1474218
1475669
1477166
1478738
1479260
1479976
1483001
1485417
1487279
1488588
1488915
1491820
1491911
1492531
1494920
1495239
1495868
1496468
1497902
1500010
1500550
1500561
1502116
1502448
1502464
1503758
1503797
1504058
1505440
1506614
1509149
1513479
1514321
1515508
1515817
1516140
1516164
1516264
1517369
1517490
1518189
1520829
1520849
1521007
1523108
1525120
1525499
1526739
1526990
1528530
1528685
1529589
1529600
1530252
1532988
1535594
1536871
1536956
1538221
1539581
1539988
1541207
1542058
1542963
1543331
1543917
1543948
1545001
1545316
1546658
1547350
1549046
1549177
1549360
1550989
1551871
1552107
1552570
1552697
1552803
1554330
1554821
1555144
1555222
1555226
1556029
1556516
1557522
1557740
1558301
1559689
1562064
1564482
1564598
1564775
1566829
1567377
1568224
1572735
1573330
1574370
1574647
1576214
1576261
1577869
1578200
1578468
1580011
1580617
1580766
1580963
1582407
1584251
1584914
1585943
1586462
1587867
1587937
1588132
1590422
1590773
1590869
1594592
1595826
1597087
1597820
1598913
1599872
1600093
1600666
1601837
1603871
1603923
1604408
1606930
1607301
1607624
1608350
1610268
1610794
1610926
1611453
1612799
1612808
1613683
1614489
1614672
1615759
1616130
1616962
1617978
1619307
1619767
1619888
1621479
1622868
1624086
1625223
1626817
1626857
1627174
1627551
1627961
1627992
1629376
1630043
1630314
1630534
1630555
1632868
1632981
1634052
1634186
1635216
1635420
1635564
1636597
1637428
1638026
1638762
1639005
1639568
1640174
1640909
1642138
1642779
1644592
1646859
1647944
1649665
1650295
1651685
1651853
1652055
1655441
1655804
1656511
1658096
1658665
1659064
1660219
1660243
1662641
1665236
1665741
1667887
1670147
1670453
1670577
1674730
1674994
1675657
1676160
1676385
1677367
1677368
1677544
1678470
1678775
1679498
1679742
1679793
1680873
1681111
1681868
1682650
1683144
1683389
1683736
1684029
1684640
1686047
1688343
1688576
1689421
1690174
1693637
1694136
1694896
1696197
1696437
1696712
1696986
1697945
1698111
1701081
1701635
1701771
1703114
1703531
1705368
1705654
1707010
1707799
1707940
1709190
1709446
1710969
1711232
1712370
1712506
1713055
1713187
1714075
1714315
1716497
1717976
1718448
1721164
1721301
1721799
1723230
1724383
1724426
1725047
1725595
1726712
1728191
1728516
1729871
1730137
1731355
1738092
1738286
1738954
1740655
1741391
1741579
1741608
1742265
1743384
1743648
1745445
1745789
1748396
1749450
1751081
1751287
1751415
1751682
1752354
1752749
1756788
1757927
1758557
1758948
1759079
1761922
1762796
1763033
1763151
1763453
1763786
1764663
1767144
1768305
1769209
1770110
1770972
1771633
1773588
1774576
1776086
1777058
1777490
1777875
1779906
1781177
1784174
1784647
1785295
1785423
1786045
1788966
1789499
1791366
1791485
1795307
1795714
1796072
1796891
1800227
1801079
1801566
1803376
1804096
1804609
1804711
1805118
1805790
1806484
1806820
1809227
1810283
1812039
1812053
1812457
1812740
1813611
1815015
1815109
1815261
1816807
1819253
1819968
1820167
1822564
1822615
1822718
1823816
1824084
1824592
1825766
1827033
1827666
1828199
1829198
1829412
1830422
1831175
1835466
1835485
1835489
1835668
1837476
1838667
1838908
1839972
1840081
1840370
1840878
1841874
1842350
1844366
1845379
1848277
1848297
1849124
1849834
1850410
1850633
1850703
1851092
1852120
1852176
1852675
1855098
1857108
1857649
1858142
1862889
1863688
1863777
1864907
1868026
1868832
1871787
1872017
1872347
1872823
1873102
1873935
1878875
1879073
1879757
1880299
1880453
1882189
1882827
1884379
1886058
1887316
1887500
1887631
1889076
1889328
1890137
1891648
1896154
1897325
1900685
1900748
1902594
1904886
1907108
1907592
1908147
1910681
1912518
1912938
1914014
1914179
1914638
1916316
1918037
1919365
1921796
1924177
1924467
1925751
1927122
1927141
1928446
1930829
1931095
1931331
1933336
1934295
1936421
1936591
1936802
1937222
1937840
1938386
1939530
1940296
1940366
1942141
1943349
1945326
1945343
1945349
1945807
1946290
1946958
1947650
1948027
1948512
1949040
1950609
1952567
1953205
1953411
1955395
1956376
1956977
1957829
1958928
1959871
1963901
1964437
1966952
1967366
1969291
1969397
1970019
1970524
1971010
1971125
1971317
1971775
1973743
1974266
1976680
1976728
1976758
1977039
1977267
1978180
1980673
1981104
1981462
1981973
1984403
1984606
1985369
1986094
1986432
1987658
1988042
1989125
1990873
1991669
1993859
1994055
1994633
1995268
1998786
1999607
2000071
2001312
2004066
2013153
2013165
2014853
2014905
2016266
2020396
2020948
2023066
2024556
2026054
2026276
2027315
2028815
2031082
2032784
2033540
2033583
2035431
2035842
2035872
2035980
2038227
2038618
2039501
2040150
2040272
2041257
2043974
2045636
2045777
2046058
2047293
2047479
2048721
2048742
2049056
2049417
2053068
2053972
2057591
2057612
2057619
2059437
2061402
2062711
2063502
2063733
2064763
2067114
2067952
2068814
2070984
2072567
2073311
2073837
2075633
2081361
2082312
2082789
2083861
2084423
2086886
2087160
2087337
2088071
2088496
2089025
2089194
2094070
2096191
2096681
2097216
2098669
2101027
2102178
2103330
2103544
2104856
2105354
2107074
2108833
2109821
2110819
2112712
2112752
2114693
2114898
2115045
2115350
2116126
2117061
2117710
2117795
2118351
2121728
2121883
2123131
2127053
2127882
2127892
2129402
2130959
2131604
2131792
2131858
2132583
2136469
2136996
2137227
2139786
2141872
2142561
2143956
2144886
2149867
2151695
2152271
2152565
2155759
2156500
2157740
2158831
2161699
2162190
2163446
2166341
2167026
2167731
2169016
2170050
2172077
2172744
2172839
2175227
2176483
2176673
2176877
2177411
2178225
2180216
2180866
2181412
2183936
2184663
2185132
2186950
2188807
2189905
2190788
2192637
2195067
2195246
2195329
2195917
2196844
2197449
2198224
2198275
2198470
2199266
2199489
2199996
2200120
2200130
2200725
2204828
2204913
2205025
2205353
2205472
2206139
2206501
2206816
2207392
2207577
2208029
2209281
2212469
2212641
2213228
2214629
2216065
2216621
2217450
2217606
2218208
2218345
2219578
2219768
2221630
2223989
2224844
2224988
2226360
2226432
2227638
2227734
2228527
2228723
2229284
2229373
2231614
2232163
2233060
2233563
2233595
2234834
2236708
2237232
2237919
2238888
2241854
2242400
2242467
2242746
2243684
2243978
2244626
2247958
2252079
2252551
2252708
2252813
2256758
2258666
2258738
2258739
2258869
2259413
2260431
2260995
2262700
2263966
2264725
2264897
2265809
2266933
2267036
2270067
2271265
2271647
2272207
2273820
2273958
2276208
2276577
2280043
2280312
2281123
2281914
2282028
2282382
2282480
2284397
2284686
2284758
2285747
2286414
2288219
2288868
2289215
2289928
2290163
2291922
2291991
2292643
2294878
2295078
2298014
2298725
2300415
2305372
2306692
2308194
2308500
2308515
2311165
2311239
2312141
2312760
2313629
2313702
2314293
2315682
2315789
2316941
2319001
2319823
2320718
2322093
2323714
2324531
2325278
2325305
2325649
2326002
2326109
2326603
2327264
2328201
2328439
2328791
2330184
2330763
2330915
2332045
2332569
2332619
2332787
2334483
2336158
2336217
2336430
2336547
2337616
2338512
2342734
2342799
2344884
2344964
2346063
2347345
2347714
2348157
2352396
2352634
2354763
2355394
2355844
2356024
2358449
2358976
2361480
2366784
2366842
2367270
2367520
2369654
2369876
2371736
2372854
2373861
2377704
2377835
2378259
2378845
2379077
2379311
2379412
2381280
2381290
2381463
2383210
2383513
2386857
2386957
2387028
2387980
2391354
2392440
2392501
2393426
2393439
2393761
2396111
2396305
2396965
2397161
2398334
2398579
2398584
2401221
2401305
2401345
2404553
2405300
2406321
2407563
2408022
2408575
2410966
2411278
2411694
2411734
2414143
2415253
2416025
2417580
2417586
2419343
2421531
2421915
2424270
2424375
2424569
2425971
2426635
2431180
2432257
2433988
2434396
2434462
2434871
2435907
2436645
2436972
2437133
2438933
2438938
2440351
2440901
2442596
2443835
2443875
2443966
2444104
2444558
2444683
2445449
2446204
2446259
2447032
2447567
2453134
2453318
2455776
2455883
2460184
2460312
2461651
2462494
2462968
2464903
2465836
2466418
2466544
2466731
2467591
2467973
2468260
2469418
2470893
2471894
2472658
2473071
2474046
2474073
2475655
2476988
2477356
2477551
2479196
2479711
2479925
2480717
2480908
2481803
2483532
2483628
2488563
2490795
2493021
2493693
2493733
2494220
2494634
2496854
2500242
2500944
2501347
2501793
2502327
2502640
2502696
2503599
2503853
2504348
2505266
2506138
2506186
2506587
2506820
2507070
2507553
2511306
2513498
2514480
2514506
2515554
2517576
2518956
2519787
2521319
2521762
2521765
2522076
2523457
2523862
2523888
2524256
2524694
2524884
2524922
2526283
2526392
2527018
2527184
2528104
2528251
2528282
2528495
2529017
2529286
2532455
2533069
2533690
2534461
2535560
2535847
2536738
2536975
2540346
2540670
2541430
2541735
2541782
2542026
2542171
2543837
2546190
2547192
2548088
2548100
2548641
2549686
2554139
2555469
2556865
2557043
2557697
2558670
2558737
2559008
2559016
2560668
2560788
2561516
2564413
2564643
2565021
2566395
2566433
2568417
2569252
2572886
2572894
2573781
2574380
2574977
2577090
2577271
2578237
2578599
2580841
2584044
2584756
2584805
2585568
2586055
2586072
2587632
2588109
2591902
2592013
2592758
2593190
2594221
2595524
2595992
2596537
2599078
2599939
2600254
2600473
2601503
2601859
2603463
2606740
2606910
2607503
2607597
2609527
2611543
2613652
2613916
2614618
2614885
2614983
2618389
2618494
2619015
2619769
2620483
2622632
2625590
2625769
2625954
2626205
2626965
2627218
2627888
2629169
2629692
2630087
2631887
2633669
2635784
2636423
2636497
2638524
2638591
2641968
2644914
2645269
2645895
2646343
2647154
2647682
2647983
2649202
2650827
2651732
2653367
2653807
2657200
2657883
2657892
2658712
2659708
2661198
2661312
2661804
2662352
2662746
2663418
2663605
2664597
2666185
2666495
2667051
2672203
2673186
2673203
2674684
2675668
2677375
2677992
2678863
2680472
2680681
2681132
2682022
2684469
2685899
2685917
2686669
2687344
2688060
2688832
2689145
2691863
2692186
2692833
2693568
2694484
2694595
2694958
2696674
2699009
2701271
2701355
2701809
2702121
2702137
2703086
2703318
2703893
2704326
2704361
2705269
2705788
2705852
2706208
2706716
2706788
2707427
2708440
2709814
2710069
2710234
2710462
2712104
2712695
2713381
2715779
2716295
2718567
2718581
2722038
2722197
2722886
2723861
2725607
2729270
2729592
2731091
2731341
2733325
2734905
2735663
2736459
2736595
2736938
2738012
2739337
2739449
2740549
2741708
2741731
2741976
2742257
2742876
2743757
2744825
2745343
2747790
2748108
2748557
2748723
2749402
2751325
2752056
2752663
2752801
2754743
2754872
2758077
2758365
2758458
2760992
2761491
2761771
2762289
2762718
2763916
2766101
2769344
2770501
2771803
2773175
2774507
2775730
2777072
2779557
2779990
2780466
2782748
2783117
2783611
2785584
2786519
2787475
2787574
2788044
2789501
2789808
2790672
2793381
2793941
2799048
2799411
2801083
2803935
2804177
2804536
2807011
2808018
2808210
2808806
2809506
2809643
2809654
2810537
2812556
2815578
2816108
2816233
2818585
2819616
2819926
2821311
2822232
2823254
2824582
2825707
2827221
2828032
2833746
2833850
2834922
2834997
2838206
2839758
2840078
2842618
2843531
2845406
2845407
2845940
2845943
2846021
2846713
2847810
2847816
2847833
2848444
2850648
2850852
2851286
2852002
2853187
2854199
2854474
2855440
2856583
2857769
2857930
2858198
2859305
2860005
2860164
2860175
2860244
2860448
2861238
2862596
2863062
2864016
2868857
2871247
2874130
2874833
2874975
2876788
2877382
2877705
2878276
2878933
2880790
2882038
2882478
2883278
2883698
2884026
2884044
2884900
2885620
2885726
2886067
2887023
2887072
2887122
2887561
2888437
2888696
2889296
2891058
2891716
2891902
2892040
2894643
2896364
2896744
2898910
2900248
2901012
2901805
2902833
2903389
2903463
2904502
2906962
2907277
2907546
2910389
2910938
2913704
2915081
2917081
2918159
2921488
2922914
2923181
2926031
2926714
2926791
2926983
2927638
2928080
2928429
2931411
2931428
2932278
2933169
2933360
2933718
2933765
2935202
2936980
2937384
2940986
2943216
2945763
2946241
2946446
2946592
2947059
2951821
2951835
2952506
2953078
2954492
2955030
2956280
2963463
2965060
2965983
2966767
2968099
2968456
2969357
2969673
2970391
2970484
2970711
2971078
2972043
2973737
2974952
2974966
2975461
2975712
2975863
2976658
2977371
2979083
2980721
2982682
2983121
2983183
2983246
2983816
2985199
2985728
2985741
2986785
2988036
2988162
2989544
2990627
2990810
2994712
2995032
2996323
2996383
2996546
2996988
2997232
2997883
2998522
3005064
3005849
3007011
3008292
3008773
3009232
3009631
3010166
3010285
3010434
3011125
3011281
3014211
3015216
3018511
3019229
3020754
3021180
3021302
3022489
3023393
3023783
3024071
3025345
3025987
3027486
3030688
3031000
3032496
3033022
3036898
3041543
3042891
3044585
3045488
3045795
3046251
3048729
3050063
3051317
3052194
3052674
3053321
3053774
3059743
3063311
3063655
3065198
3065947
3069118
3070708
3074241
3074525
3075571
3078327
3078546
3079438
3081510
3083552
3083771
3084274
3084442
3085607
3085772
3086165
3087328
3087601
3087817
3087881
3087918
3091568
3091766
3094571
3094806
3095529
3095817
3096899
3097046
3097089
3097775
3098834
3099648
3100488
3100608
3100825
3101059
3101795
3103272
3103324
3103857
3105260
3105924
3107995
3109049
3109233
3111039
3111661
3111843
3114678
3115911
3116620
3116953
3117128
3117212
3118368
3120334
3121346
3121448
3123198
3124470
3124684
3124896
3125422
3126028
3126341
3127256
3129148
3129612
3129925
3131610
3132280
3133512
3133635
3134117
3134201
3134252
3135212
3136900
3137133
3137566
3138619
3139670
3140229
3141129
3143341
3143643
3143672
3144739
3145280
3145440
3145892
3147311
3147413
3148728
3149587
3150133
3151681
3152618
3153298
3154894
3155237
3155306
3155548
3155549
3155633
3155636
3155693
3155739
3155973
3155978
3156267
3156839
3157488
3157506
3161489
3161860
3161992
3162955
3166345
3166779
3168849
3169405
3171891
3171950
3173519
3175389
3175910
3179260
3180512
3180517
3181571
3182141
3184188
3186176
3187149
3188269
3188293
3189438
3189958
3190210
3190422
3191298
3193143
3193771
3195325
3196462
3197563
3198321
3199555
3200320
3201324
3201514
3202038
3202293
3203670
3204545
3204577
3204589
3205365
3206872
3208351
3210682
3211804
3212011
3212702
3213129
3213895
3214977
3215386
3216650
3216867
3218970
3221693
3222047
3222116
3222649
3223004
3223884
3224019
3227100
3227729
3229475
3229951
3230039
3232239
3232946
3235319
3236077
3237296
3238435
3238600
3238669
3239129
3239920
3240076
3241163
3241251
3241760
3242873
3244347
3245053
3246216
3246520
3246885
3248799
3250146
3251087
3252185
3254093
3254195
3254339
3257677
3258112
3258338
3258367
3258939
3259704
3260342
3263782
3266545
3272319
3273308
3273605
3278033
3278908
3280940
3282144
3284206
3284496
3284704
3286235
3287453
3287682
3289766
3290329
3290937
3294056
3298689
3299226
3299627
3300061
3300542
3301099
3301120
3301747
3302389
3303547
3307811
3307939
3308553
3310186
3310857
3312161
3313584
3313913
3316526
3316902
3318385
3318751
3319506
3319733
3320161
3320325
3323582
3323924
3324051
3324548
3326533
3327709
3328284
3328842
3329471
3331478
3333361
3333671
3334809
3337157
3337690
3338859
3341234
3343125
3343648
3343780
3344910
3345049
3346727
3346813
3347448
3348128
3348611
3349474
3350134
3350519
3350961
3351146
3351274
3352464
3353389
3355309
3355943
3356715
3357259
3357811
3358017
3358315
3359305
3360853
3361465
3363865
3364344
3365234
3365990
3366388
3366592
3366610
3366938
3367641
3367673
3367829
3369819
3371127
3372403
3372663
3373334
3373597
3373756
3374391
3374935
3375246
3375967
3376393
3377217
3377762
3381185
3382058
3383324
3387147
3387877
3387965
3388514
3390735
3392018
3392501
3393204
3394708
3394969
3396069
3396998
3398792
3398854
3399038
3399587
3399797
3399857
3400640
3401382
3401515
3403868
3406909
3410240
3410304
3410610
3411301
3411642
3414232
3414730
3414769
3417446
3417900
3418066
3418254
3419130
3422087
3422426
3424060
3425461
3425550
3426215
3426348
3432120
3433396
3434594
3434998
3438300
3441707
3441883
3441907
3441912
3442433
3442880
3444217
3444300
3445384
3446563
3447364
3447852
3449187
3449669
3450097
3450344
3453910
3453974
3456728
3457469
3458036
3458244
3459491
3459645
3459966
3461316
3461366
3461984
3462175
3462379
3462582
3463180
3464150
3464471
3467287
3468222
3468778
3469224
3469784
3474206
3475422
3476428
3478016
3479155
3480891
3483720
3483824
3485308
3486568
3490270
3491918
3492894
3493293
3493619
3496177
3496815
3497782
3501662
3502355
3502633
3503654
3505262
3505819
3506762
3507243
3508327
3513070
3515004
3515742
3518631
3519659
3521125
3521599
3522197
3522382
3522393
3524114
3524443
3525798
3526111
3526433
3529876
3530454
3530490
3530955
3532694
3534086
3534971
3535051
3536102
3537168
3538077
3538396
3538861
3539023
3539798
3541188
3542014
3544510
3545615
3545656
3545878
3548961
3549002
3549456
3552016
3554419
3554465
3554471
3554893
3555385
3558173
3558781
3560416
3561153
3561341
3561557
3562421
3563336
3563510
3564666
3567194
3567855
3567858
3570874
3572982
3573486
3574136
3574709
3574826
3577545
3579217
3579258
3579557
3579742
3580912
3580982
3583484
3585337
3586759
3586917
3587666
3588863
3594030
3594149
3595270
3596086
3597703
3601637
3601971
3602243
3602248
3604380
3604873
3605008
3606469
3607142
3607699
3610489
3610698
3610966
3611596
3611927
3612629
3613058
3618193
3620782
3621143
3621506
3621510
3622124
3622907
3623030
3623928
3623951
3625025
3625617
3625620
3628706
3629085
3631137
3631813
3632033
3632117
3635080
3635711
3636439
3641202
3642448
3643741
3645163
3645348
3645406
3645492
3646454
3647904
3648419
3648883
3652743
3652812
3653156
3653998
3654119
3654242
3654916
3656447
3657114
3657951
3659401
3661381
3661490
3662772
3666713
3667329
3667652
3668468
3670427
3671377
3671775
3671926
3674228
3674631
3675278
3675688
3677554
3677619
3679307
3679421
3679768
3679997
3681000
3681400
3684413
3685344
3686344
3690283
3692626
3692915
3693328
3693549
3693552
3694874
3697994
3699127
3700941
3701522
3701928
3701981
3703768
3703982
3704237
3704893
3706253
3706721
3708241
3711631
3712493
3713441
3714215
3714298
3716292
3717038
3718484
3718600
3719200
3719292
3719453
3719776
3720314
3720813
3721484
3722652
3722780
3724331
3724801
3724882
3725017
3727448
3728198
3728825
3738707
3738938
3740209
3741252
3741278
3745589
3746286
3749538
3749584
3750043
3750594
3750728
3753738
3754484
3756088
3756945
3757767
3757791
3758760
3760027
3760499
3761277
3761471
3761796
3762504
3762950
3763718
3764197
3764371
3768172
3769190
3771297
3772945
3774055
3774154
3774925
3775349
3775650
3776085
3776591
3778399
3778528
3778933
3779114
3779807
3780276
3780739
3781441
3782005
3782640
3782747
3783243
3783328
3783573
3785094
3785641
3786294
3786714
3787279
3787392
3789860
3790171
3790309
3791756
3792648
3794319
3794583
3794929
3795326
3795709
3796398
3797996
3798358
3799021
3799044
3799323
3800123
3802565
3802621
3802736
3803186
3803655
3804095
3804753
3807685
3808549
3809481
3809681
3810184
3811117
3814778
3816305
3816378
3818505
3818769
3819172
3819880
3820062
3822139
3823695
3824157
3824702
3826439
3826594
3827645
3828034
3828486
3829711
3832486
3834070
3834401
3835909
3835934
3838187
3838557
3839035
3839384
3840008
3841233
3841742
3841952
3842010
3843966
3843981
3844828
3845081
3845599
3846007
3846085
3847579
3848813
3850675
3851093
3851290
3851480
3851629
3853704
3857102
3857114
3857163
3858537
3860010
3860187
3860462
3861429
3863046
3864105
3864838
3866108
3867620
3868712
3869726
3869946
3870244
3871017
3871497
3872896
3873377
3874417
3874872
3877571
3878078
3878283
3879353
3880647
3880981
3881047
3881998
3882691
3883217
3884289
3884439
3886772
3887344
3887567
3891425
3895206
3895508
3896435
3897226
3897361
3897748
3900638
3900802
3901410
3902334
3902988
3905263
3905446
3905527
3905643
3905926
3906516
3906859
3909219
3911617
3911653
3913646
3913694
3915926
3917333
3917597
3917640
3919358
3920797
3921082
3922741
3923404
3924376
3925097
3925680
3925802
3926161
3926401
3929080
3929539
3930380
3930517
3930944
3933567
3934797
3934892
3935555
3936940
3937552
3938488
3938739
3939111
3939339
3940018
3941295
3941449
3942774
3943626
3944435
3947179
3947460
3947629
3948465
3949842
3952471
3953660
3953844
3954470
3954881
3954972
3956053
3957230
3957532
3957655
3957990
3958675
3960397
3961086
3961717
3961836
3962337
3963993
3965573
3965707
3966016
3966191
3966916
3967346
3967520
3968293
3968392
3971351
3973368
3973853
3973988
3974109
3974910
3974939
3975622
3978487
3978584
3980778
3981267
3982433
3982932
3984779
3985317
3986049
3986750
3987141
3987516
3987928
3992200
3992635
3993122
3995085
3998107
3998778
4000630
4002620
4002672
4002687
4003375
4004556
4004758
4005017
4005862
4006912
4007436
4009825
4012015
4012087
4012389
4012547
4013973
4015848
4017511
4019791
4020103
4021794
4022104
4024106
4024305
4024558
4025815
4026281
4027306
4028566
4028714
4028774
4030133
4030708
4033538
4034864
4038700
4038845
4039177
4042354
4042833
4043075
4043541
4044998
4045052
4046508
4047144
4047305
4047512
4048066
4049865
4050184
4051883
4053125
4054389
4055669
4056728
4057631
4059063
4059456
4061882
4062649
4063994
4066824
4066874
4067248
4067946
4068149
4068548
4069617
4069930
4072447
4075144
4075369
4076318
4076739
4077506
4077918
4079490
4086200
4086822
4087448
4087518
4088980
4089955
4091713
4093049
4093920
4094373
4094538
4094780
4095719
4095791
4096012
4096399
4097898
4098923
4100535
4100776
4101063
4101781
4101888
4102004
4102396
4103769
4105074
4105667
4107018
4109321
4110404
4110631
4111708
4113323
4113607
4113867
4115905
4117330
4117581
4118928
4120506
4122461
4123045
4123435
4124178
4127258
4127384
4129322
4130001
4130399
4130613
4132826
4133208
4136224
4137402
4137531
4138211
4139476
4140572
4141030
4141201
4142556
4143394
4143485
4144381
4145414
4145831
4146028
4147265
4147272
4148771
4150387
4151569
4151794
4152710
4152725
4153050
4153189
4153236
4154501
4155065
4155259
4155851
4156746
4157390
4157445
4158033
4158190
4158907
4158983
4159464
4160041
4160469
4160799
4162927
4163077
4164451
4165475
4165484
4168356
4168683
4169629
4169760
4170044
4171216
4172520
4174582
4175159
4175165
4175530
4175692
4175946
4176539
4177336
4178418
4179054
4181028
4181393
4182197
4184228
4187750
4189365
4189986
4190769
4191714
4192671
4193308
4196097
4201466
4201590
4202394
4204211
4204285
4205544
4206565
4206813
4207103
4208072
4208697
4210343
4210609
4210675
4210976
4211765
4212919
4214624
4214627
4214762
4215062
4215377
4215677
4216248
4218804
4218876
4219042
4221454
4222225
4222922
4224428
4226682
4228199
4229424
4229451
4229984
4231278
4232282
4233530
4233551
4234355
4238328
4239007
4240070
4240668
4241777
4245819
4246617
4248155
4248194
4248383
4249880
4252845
4254864
4255398
4255787
4256843
4257693
4258592
4260176
4263495
4263758
4263833
4265099
4266756
4266930
4268775
4270052
4272325
4272452
4273555
4274216
4276128
4277159
4277178
4278570
4279647
4281862
4282476
4286188
4289142
4291290
4293681
4294437
4294819
4296082
4297682
4297968
4298449
4299652
4299712
4302628
4302679
4303251
4303688
4303790
4304486
4304732
4305214
4306801
4307228
4308764
4309236
4311031
4312373
4312448
4312616
4313345
4313568
4314498
4314842
4314845
4314856
4316166
4317703
4317900
4319559
4320669
4321203
4321500
4321881
4322906
4323239
4323672
4325502
4326186
4326300
4326896
4326983
4327794
4328946
4330163
4331164
4331787
4331965
4333209
4333553
4335196
4338240
4338462
4338683
4339596
4339728
4339903
4340037
4340894
4341120
4341668
4341887
4342620
4345309
4345753
4346790
4347577
4347644
4347676
4347789
4347898
4348424
4348556
4349411
4352297
4352881
4355774
4357632
4357652
4358484
4359711
4359779
4360103
4360355
4360623
4360849
4361618
4363599
4364112
4364607
4365314
4369983
4370416
4370755
4375062
4375211
4379273
4379704
4381176
4382234
4382325
4385121
4385380
4385710
4386130
4386264
4386758
4387535
4388360
4389257
4389608
4391396
4393257
4396900
4398840
4399389
4399841
4402076
4403003
4404584
4406148
4406831
4407497
4407501
4408764
4409836
4410579
4410642
4411152
4412367
4412503
4414742
4415126
4415732
4416286
4418781
4419176
4419763
4420824
4421932
4422686
4423971
4425495
4426581
4426948
4426978
4427417
4427908
4428026
4429459
4429535
4431324
4431555
4435091
4439708
4440232
4440280
4440441
4443558
4443880
4444054
4447550
4450496
4451064
4451071
4452039
4452552
4453238
4454356
4457747
4458527
4460135
4460943
4464165
4464560
4467726
4467836
4467843
4468203
4468357
4469395
4469467
4473260
4473439
4473821
4475045
4475391
4476183
4476844
4477689
4477891
4478566
4478583
4480013
4482215
4482899
4482932
4483316
4483958
4485678
4486376
4488400
4488426
4488626
4488942
4489266
4490031
4492874
4496784
4497514
4500856
4502375
4505275
4506148
4506299
4506987
4507143
4508710
4509180
4509667
4509960
4511961
4512235
4515578
4517467
4517844
4518562
4518821
4518941
4519455
4519946
4520274
4520522
4521202
4522526
4522997
4524223
4525020
4526311
4528264
4529156
4529284
4530266
4530997
4532292
4534488
4535286
4536185
4536578
4536611
4536912
4537057
4540129
4540482
4540843
4542145
4548181
4548276
4548489
4548717
4549613
4549747
4550139
4551369
4551954
4554473
4555156
4555646
4556256
4561782
4562529
4563018
4563212
4564201
4566835
4567974
4568071
4568305
4569763
4569920
4570984
4572460
4572738
4574308
4574431
4574653
4577027
4577497
4577621
4579111
4579890
4580288
4580541
4580878
4582875
4583264
4583888
4583927
4584131
4587933
4588905
4592053
4592580
4594846
4595243
4595378
4596803
4596926
4597434
4598038
4601186
4602249
4602425
4602445
4602982
4604721
4605712
4608412
4610717
4611922
4613465
4614119
4617953
4619712
4620328
4620860
4620966
4622979
4623079
4623497
4624539
4625455
4628549
4628867
4630004
4630109
4630768
4633723
4634180
4634207
4634267
4634814
4635396
4635927
4639102
4640610
4641274
4642167
4642209
4642639
4643273
4644443
4646346
4647702
4650345
4650360
4651087
4651452
4653340
4654055
4654502
4656353
4657172
4657749
4658127
4659863
4660854
4660962
4661298
4662614
4663033
4666327
4667828
4667900
4668898
4669691
4673147
4674101
4674666
4674898
4676323
4676491
4676604
4676903
4677144
4678939
4679701
4680367
4681760
4682183
4682660
4683197
4685984
4686242
4686629
4690359
4690663
4691224
4691466
4692293
4692644
4693361
4694319
4694754
4695817
4695904
4695955
4697792
4698981
4699347
4699506
4699853
4700505
4700913
4701502
4703812
4704998
4705211
4705831
4706539
4706837
4710701
4710712
4712598
4713092
4713587
4715605
4715774
4717210
4717820
4719489
4719642
4721233
4722752
4725229
4725539
4727715
4729094
4729283
4729319
4729379
4730066
4731471
4734262
4734520
4734577
4734761
4735762
4736155
4737483
4739430
4741943
4744697
4745111
4745399
4745904
4746144
4749168
4749804
4751172
4753789
4753848
4755636
4755652
4755758
4755911
4758249
4759003
4761524
4762239
4762301
4762725
4763233
4764020
4765918
4767133
4767830
4768233
4769565
4769677
4770016
4770532
4770554
4771284
4771295
4773282
4774161
4775336
4776359
4778094
4781489
4782465
4782533
4784577
4784766
4784787
4785594
4787648
4788513
4789206
4789685
4790051
4790458
4791143
4792552
4794592
4794738
4795751
4797748
4799783
4800119
4800965
4803334
4803727
4804267
4805598
4807265
4807869
4808832
4809064
4810285
4810894
4813212
4814218
4817237
4817635
4818363
4818470
4819388
4821085
4821125
4824096
4826951
4828818
4829028
4829172
4829995
4831704
4832039
4832272
4832326
4833791
4833894
4835781
4836715
4837175
4837695
4838329
4838467
4838684
4838728
4838840
4838906
4841571
4841757
4842252
4842257
4842758
4842904
4843158
4843403
4843586
4845168
4845503
4847334
4848765
4850001
4851456
4851680
4853709
4854386
4854609
4855939
4856048
4856582
4856600
4858257
4859295
4860098
4860753
4861354
4861740
4861772
4863089
4863476
4864010
4864279
4864955
4865876
4868742
4869676
4870225
4871166
4876061
4877331
4881882
4882076
4884574
4885173
4886024
4886401
4888732
4889597
4889898
4889966
4890383
4891280
4891398
4891763
4891845
4892182
4895403
4899021
4899681
4899994
4902383
4902754
4903421
4904762
4904806
4905297
4906474
4907978
4908067
4909469
4909602
4911072
4911883
4912158
4912229
4913444
4914022
4915111
4917211
4917270
4920376
4920400
4920961
4921145
4921607
4922834
4922984
4924846
4925276
4927509
4927563
4928747
4930155
4930334
4931591
4932819
4933920
4933943
4934233
4938193
4939368
4939560
4942150
4942456
4943976
4944968
4948015
4948996
4949710
4950418
4951847
4952373
4952861
4954381
4954979
4956034
4956350
4957197
4958059
4959107
4959980
4960232
4960353
4960596
4960865
4963585
4963777
4963817
4964601
4965091
4966966
4969721
4971871
4972075
4973143
4973571
4974118
4975463
4975499
4976336
4976381
4977758
4978547
4980510
4981418
4982338
4983581
4984681
4985449
4985752
4988309
4988529
4988848
4989677
4989900
4990089
4991890
4991936
4992113
4993257
4993627
4994806
4995722
4995918
4996227
4996291
4998609
4999148
5003791
5004810
5005551
5007624
5008113
5008255
5008860
5011047
5012548
5015352
5015551
5016701
5018857
5019027
5019501
5021625
5022352
5023312
5024006
5024014
5024470
5024688
5028578
5028967
5029095
5029862
5031232
5031314
5031366
5031539
5032634
5033396
5033804
5035074
5035589
5035852
5036918
5040876
5040880
5041007
5041387
5041609
5042020
5043748
5044972
5046343
5050476
5051366
5052416
5054136
5054518
5056801
5057239
5061328
5061330
5061885
5062053
5062288
5062328
5064236
5064339
5066506
5068613
5068970
5069001
5069467
5070393
5071119
5071124
5071578
5071580
5072583
5072650
5073320
5074445
5074521
5074619
5074921
5075448
5078052
5078292
5078631
5079113
5081571
5083133
5083346
5083406
5087163
5087559
5090208
5091073
5092096
5093205
5093273
5094022
5094591
5096256
5096361
5096644
5097289
5097329
5099429
5099834
5102109
5102669
5103630
5105426
5105702
5107748
5109043
5112280
5115109
5121901
5124322
5126624
5127257
5127444
5128499
5129776
5129920
5130676
5132554
5133444
5134967
5135283
5135806
5136548
5138422
5139155
5139309
5141151
5141772
5141804
5142551
5142649
5143294
5149041
5149410
5152959
5153967
5155810
5156461
5158745
5159142
5160222
5160731
5161210
5161565
5162740
5163163
5164461
5164682
5165625
5166717
5166957
5170629
5171021
5172573
5174358
5180211
5181416
5182619
5182746
5186357
5190192
5192477
5192482
5192757
5192955
5193859
5195178
5195389
5195760
5195826
5197309
5197606
5198037
5198256
5198940
5200450
5200966
5204699
5205049
5205208
5205362
5205738
5205853
5206245
5206449
5207058
5208707
5209231
5210539
5211271
5213555
5213868
5214104
5217239
5217604
5219122
5221214
5222616
5222902
5223595
5227000
5227686
5230802
5231455
5231479
5231533
5232294
5233436
5233627
5235429
5235446
5235855
5237228
5237736
5237796
5237865
5238762
5240178
5240883
5243754
5243841
5244854
5245504
5246843
5247380
5247681
5247890
5248041
5253538
5254274
5254641
5257926
5258615
5259090
5259330
5260295
5260895
5261271
5261380
5262522
5265174
5265402
5266161
5270137
5270422
5270667
5274455
5274979
5275150
5275231
5275323
5275372
5275484
5275999
5276945
5276962
5276987
5279458
5281023
5282694
5282913
5284310
5284595
5285075
5285411
5285540
5285621
5286326
5286368
5286824
5287167
5288704
5290145
5290853
5291995
5293730
5296085
5296714
5296721
5296745
5298085
5298140
5298251
5298256
5300182
5301619
5302139
5303906
5304251
5305612
5306704
5308136
5310226
5310458
5310623
5311485
5311926
5312205
5313003
5314481
5314764
5318079
5318900
5319036
5319432
5320665
5320666
5321798
5323045
5323185
5327649
5328422
5328846
5330879
5331052
5331388
5331494
5331737
5332270
5334647
5335290
5336570
5338652
5339401
5340435
5340877
5340895
5342425
5343346
5344599
5347074
5347843
5348595
5349308
5349967
5350842
5352038
5352726
5353741
5354064
5354238
5354477
5354699
5354987
5355066
5355425
5355793
5356930
5359424
5359535
5360915
5363081
5363399
5364855
5366194
5366568
5367151
5367674
5369190
5370098
5371775
5372539
5374274
5374535
5376092
5377999
5379012
5379267
5379423
5379738
5381143
5381461
5382588
5384539
5385553
5386599
5386837
5386951
5387061
5388121
5388843
5389003
5389602
5391823
5392502
5394760
5395593
5398821
5399487
5399744
5400862
5402332
5402371
5402440
5403373
5405176
5405402
5405656
5406583
5407004
5407057
5407202
5408192
5408274
5411381
5411796
5419148
5420953
5421076
5421157
5423503
5424877
5424967
5426424
5426547
5429143
5429259
5429452
5430239
5430448
5431273
5432837
5433150
5435484
5435511
5435840
5437230
5438618
5440465
5441469
5442100
5446421
5448436
5448571
5449260
5449346
5449700
5449823
5450437
5451084
5452697
5454234
5454538
5456067
5456086
5462927
5463386
5463674
5466248
5466971
5468648
5469064
5469557
5470111
5471077
5471621
5473743
5475269
5475475
5475647
5476227
5478540
5479323
5479568
5479723
5483243
5484569
5484583
5486302
5486558
5488485
5489312
5489598
5490151
5491389
5492116
5493967
5496156
5496233
5496487
5498491
5498686
5499040
5499608
5502152
5502576
5503391
5505578
5506668
5506853
5507064
5507263
5507687
5508546
5510215
5513889
5514368
5515376
5515837
5516297
5517780
5518512
5519806
5520193
5520946
5524072
5524357
5524951
5526081
5527048
5528938
5529572
5530093
5531123
5531918
5532053
5532446
5533231
5533386
5533738
5535221
5535941
5536544
5537844
5538200
5538592
5541111
5541242
5541452
5542121
5543702
5543783
5545625
5545982
5546485
5546919
5550240
5550345
5550605
5550633
5552428
5553779
5554993
5555303
5555825
5557233
5557243
5557975
5558111
5558628
5559242
5560055
5560132
5561608
5562581
5564936
5566504
5568223
5569564
5569642
5569785
5570573
5570583
5570708
5570728
5572736
5573291
5573557
5577234
5580070
5580180
5580240
5583827
5584777
5585996
5586899
5587288
5588815
5590148
5590734
5590934
5592812
5592890
5593116
5594094
5594694
5597101
5597139
5598238
5598928
5599021
5599661
5600350
5602125
5602315
5603318
5603631
5604017
5604164
5604673
5605736
5606201
5606494
5607035
5611294
5614313
5615101
5619501
5620980
5621568
5621862
5622220
5622279
5623407
5624024
5625942
5626209
5626761
5627768
5628322
5628785
5628891
5630695
5631511
5632156
5632487
5632892
5633307
5633605
5633958
5635938
5637140
5637343
5637388
5638929
5641410
5642097
5642624
5642854
5644403
5646603
5647032
5647707
5648067
5648158
5648329
5651544
5653029
5653767
5654656
5654667
5655226
5655352
5657773
5659135
5659697
5660131
5661053
5661704
5662578
5662676
5663520
5664641
5664854
5665269
5666571
5666619
5667355
5667833
5669841
5670880
5671495
5671538
5672086
5672512
5673357
5674770
5675060
5675708
5676034
5677247
5677564
5677678
5678869
5679409
5681631
5682737
5684224
5684655
5686875
5686990
5687127
5688314
5688709
5689469
5691108
5691204
5691750
5693940
5696265
5696914
5697318
5698301
5698886
5699768
5701013
5702891
5703059
5704789
5705129
5706255
5707390
5708308
5708714
5709019
5710857
5712110
5712245
5715200
5715254
5716324
5717399
5717664
5718099
5718663
5719231
5722467
5722765
5726479
5727294
5727702
5730387
5731051
5731234
5734059
5735290
5735953
5737456
5738019
5738631
5738929
5742502
5742643
5744549
5744555
5744849
5745394
5745512
5749458
5753200
5753573
5757041
5758698
5764004
5764218
5764500
5764717
5764963
5766878
5767372
5768301
5768368
5768581
5769525
5770818
5772158
5775356
5775456
5775701
5776718
5778352
5782368
5783283
5784793
5785400
5787570
5788336
5788529
5788868
5791332
5793025
5795212
5797993
5798416
5798748
5802121
5802502
5802570
5804567
5804582
5804763
5806233
5810223
5810265
5810740
5812378
5812688
5813176
5813487
5815028
5816659
5817045
5817842
5819511
5821212
5823273
5824036
5825314
5828343
5829455
5832949
5834915
5835821
5836359
5836660
5838051
5840378
5840548
5843880
5844975
5847307
5848593
5849395
5850683
5850985
5852492
5853299
5853781
5853836
5854736
5856750
5857450
5857856
5858291
5859117
5859692
5860407
5861391
5862644
5862684
5864720
5865500
5865639
5868476
5869138
5869139
5871203
5872874
5873744
5874261
5875668
5877060
5877634
5877715
5879365
5879589
5880306
5882189
5883571
5884035
5884060
5884616
5885556
5886864
5887132
5887280
5887463
5888899
5889363
5889712
5889806
5890425
5891069
5891631
5891982
5892208
5892724
5896373
5896490
5897045
5897606
5898831
5900000
5901800
5902605
5903237
5905055
5917015
5917978
5919113
5919551
5920182
5920832
5920917
5921400
5921988
5923488
5925739
5926936
5927139
5927372
5929219
5930580
5931112
5933678
5936477
5936573
5937148
5937355
5937394
5937568
5940795
5944815
5944901
5945046
5945485
5946209
5947229
5947947
5948708
5949002
5950201
5951572
5951964
5952367
5953025
5955078
5955791
5956614
5957394
5958530
5962505
5962568
5963058
5964776
5964977
5965018
5965818
5967096
5967155
5967424
5968373
5968642
5972378
5972494
5972690
5974532
5976544
5977134
5980493
5981048
5981660
5982844
5984812
5985535
5985883
5986497
5987221
5987321
5987657
5989215
5989386
5989812
5991390
5994413
5997681
5998552
5999789
6001027
6001319
6003840
6006458
6006498
6006883
6009426
6009657
6009898
6010200
6011094
6013827
6014748
6014767
6015885
6017262
6017326
6017560
6017582
6018113
6021077
6021641
6022558
6024609
6025945
6026380
6027136
6027687
6028090
6028481
6028990
6029699
6030125
6030299
6031337
6032037
6032475
6032883
6033525
6033675
6034492
6034854
6035009
6035733
6035765
6035777
6036306
6037977
6039519
6040975
6041031
6043108
6043136
6047229
6047962
6050151
6051332
6051501
6054041
6056099
6059696
6061530
6063624
6063776
6065004
6065571
6066012
6067476
6072227
6072265
6072629
6074106
6076349
6077225
6078180
6078562
6079875
6081231
6082090
6082388
6083153
6085860
6086329
6087149
6089238
6095810
6097227
6097573
6097590
6098100
6100595
6101370
6101426
6101946
6102283
6102479
6102918
6104068
6104369
6106077
6107780
6107823
6107964
6108213
6108650
6109155
6110221
6110240
6110273
6111101
6111401
6111770
6112213
6112615
6112917
6114604
6114878
6115756
6116695
6117380
6117571
6119269
6119499
6121085
6121165
6122354
6124184
6124593
6127394
6128224
6128571
6130589
6131506
6132263
6133486
6133964
6134229
6135030
6136605
6137356
6137498
6137608
6137727
6138321
6138928
6139973
6140322
6140714
6141928
6142062
6142363
6142574
6142601
6143441
6144440
6144463
6145236
6145386
6146461
6147752
6148106
6149563
6149800
6150365
6150589
6151821
6152790
6153712
6154113
6154842
6154896
6155399
6155588
6156267
6159384
6159839
6160602
6161381
6161908
6167147
6167617
6167652
6167738
6167825
6168014
6171217
6171565
6172002
6174005
6174598
6175397
6178901
6181113
6181882
6182486
6182520
6184036
6185009
6187248
6187705
6188058
6188336
6188952
6189978
6191153
6193521
6194152
6195186
6195831
6196407
6197722
6200082
6202183
6202394
6203718
6204479
6205567
6206070
6206492
6208528
6209006
6210214
6210843
6212573
6213296
6215852
6217413
6219509
6221278
6221298
6223000
6224124
6224504
6226549
6229203
6231001
6231291
6232274
6232964
6233026
6234179
6234400
6235924
6236292
6240812
6242203
6242523
6242539
6242895
6243938
6244192
6245080
6245430
6245818
6248026
6248083
6250780
6250862
6251016
6252481
6253131
6253767
6254070
6255076
6256870
6258123
6258132
6258550
6258874
6259138
6260715
6260893
6264627
6265911
6267181
6270310
6271239
6271447
6273727
6274842
6275910
6276390
6278742
6279421
6280749
6283630
6283727
6284411
6285614
6286219
6286585
6286643
6288670
6289888
6290410
6291529
6293283
6295919
6297702
6297939
6297954
6298056
6298129
6298265
6298363
6299046
6299836
6300923
6301696
6301719
6302001
6302201
6302725
6306341
6307843
6308402
6310199
6311123
6312057
6315667
6316809
6317236
6317663
6319719
6321007
6322248
6322770
6323026
6323476
6327030
6328418
6336005
6336643
6336717
6338688
6340139
6341479
6343425
6343549
6343825
6344350
6344851
6345250
6345922
6346908
6347987
6349418
6350950
6351881
6351943
6352057
6353088
6353393
6353443
6354176
6354603
6355179
6357491
6357615
6357752
6358319
6358639
6358999
6359404
6359955
6360191
6362628
6362797
6363007
6364383
6365122
6367467
6368130
6371357
6374177
6376120
6383569
6384132
6384136
6384864
6385640
6386052
6386535
6387076
6387271
6387757
6387868
6393238
6393632
6394693
6396371
6396919
6397184
6398554
6399402
6399628
6399748
6401104
6401263
6403316
6403352
6403914
6404795
6405578
6406076
6406262
6406775
6406999
6407349
6408800
6410286
6410675
6411377
6412798
6414854
6415418
6416778
6416836
6417203
6418084
6418145
6419145
6419212
6419382
6419445
6420439
6420525
6420791
6420990
6421408
6421718
6421981
6422343
6423745
6425645
6425655
6427453
6427995
6428490
6430869
6431643
6431907
6432824
6433475
6433545
6434149
6435209
6435917
6436369
6436766
6438447
6439049
6441571
6445129
6445370
6445685
6448803
6449429
6449793
6450195
6451987
6455109
6455210
6456625
6457537
6457789
6457944
6458167
6459777
6460176
6460568
6461536
6463406
6463531
6465301
6465324
6466339
6466648
6467219
6469513
6470097
6470905
6471817
6472411
6479988
6480548
6480881
6481350
6482683
6484113
6484119
6484256
6484987
6486093
6486221
6486529
6486847
6486923
6489711
6493432
6493683
6494834
6496186
6496303
6497698
6497766
6498110
6498778
6504602
6506193
6507726
6508264
6509184
6509775
6513120
6515538
6515726
6515837
6516464
6517560
6518772
6518789
6518895
6521693
6522528
6523021
6523474
6524826
6525518
6525568
6525954
6527320
6527444
6528027
6530827
6532255
6532426
6532942
6533178
6534287
6535556
6536352
6536494
6537804
6539535
6540502
6541153
6543264
6544533
6545715
6546410
6547206
6547803
6548778
6549652
6549990
6550325
6550699
6551689
6552079
6552231
6553950
6556071
6556639
6558321
6558433
6559339
6559507
6560509
6560754
6565254
6565398
6565980
6566280
6567776
6568379
6569283
6570254
6570271
6571016
6571223
6571346
6573112
6576595
6577657
6580091
6582741
6582753
6585329
6585615
6585705
6588379
6590911
6591431
6591774
6592109
6592124
6592788
6592901
6592932
6593162
6593438
6594746
6595147
6596221
6597134
6597146
6600185
6600574
6602529
6603331
6603692
6604513
6604980
6606010
6606136
6606453
6606784
6607083
6607474
6609825
6611505
6611805
6613537
6613849
6614513
6618760
6619432
6619942
6620260
6621255
6622413
6622614
6624724
6626204
6627882
6628447
6630588
6632044
6634142
6634689
6635895
6636620
6636848
6637966
6639123
6639589
6639612
6640781
6641540
6642657
6642709
6642939
6646270
6647818
6649412
6650199
6650540
6651394
6651493
6653026
6653954
6655129
6655914
6657552
6657960
6658831
6659204
6659264
6660765
6661436
6661987
6663493
6663512
6664492
6664706
6666626
6666921
6667454
6668609
6669402
6671752
6671942
6672673
6676722
6678543
6681075
6681411
6681433
6682590
6682812
6683748
6684061
6685577
6686306
6686615
6687378
6688821
6689490
6689970
6690789
6692035
6692811
6695478
6695650
6697498
6697504
6699155
6699984
6700426
6700605
6701091
6703358
6703791
6705145
6706105
6706187
6707085
6707997
6708385
6718914
6718968
6720836
6721845
6721903
6722579
6723598
6724589
6725271
6726234
6727516
6727860
6729404
6730973
6734031
6734281
6734448
6736685
6736801
6739080
6739201
6739871
6741345
6742964
6743661
6743999
6744119
6746038
6747311
6748543
6751232
6751408
6751421
6751794
6752806
6754308
6755708
6756191
6756917
6757845
6758991
6760410
6763239
6764222
6764404
6766950
6767817
6774100
6774867
6777868
6778240
6780147
6780782
6782438
6784219
6785689
6785754
6786073
6787991
6791996
6792489
6792920
6794165
6796490
6796705
6797008
6797057
6797356
6798212
6798944
6802488
6802493
6804061
6804191
6804491
6804993
6805669
6805818
6805997
6806963
6807107
6807735
6809025
6810064
6812916
6814766
6815128
6815465
6815513
6815649
6816371
6816899
6817611
6818230
6818269
6818489
6821187
6821272
6821559
6822525
6824613
6825416
6825798
6826115
6828045
6829063
6829308
6829320
6829675
6830311
6830356
6832170
6832536
6833666
6834810
6835055
6835351
6835903
6836298
6837773
6838025
6838166
6838358
6840005
6842055
6842697
6842795
6843956
6844098
6844820
6845400
6847851
6851314
6851356
6853031
6853611
6854566
6854843
6856005
6856113
6857591
6859611
6862549
6864145
6864493
6865085
6866914
6867117
6869258
6869481
6873655
6878097
6878847
6880168
6880788
6881315
6883046
6885137
6885534
6886966
6887201
6887702
6887895
6888948
6889331
6889907
6891814
6893173
6894123
6894254
6894275
6898871
6899238
6899833
6900402
6903295
6905142
6906417
6906482
6907990
6908535
6909599
6910267
6910744
6911515
6911654
6914515
6915443
6916463
6916657
6917410
6922383
6923104
6925874
6926593
6927803
6929218
6929267
6929641
6930114
6930729
6930784
6932774
6936214
6938588
6938937
6939041
6939937
6940128
6942111
6942203
6944941
6945747
6946878
6948622
6948802
6949393
6950671
6954599
6955659
6956299
6957634
6959191
6961037
6962411
6963942
6964761
6968504
6969484
6970180
6971346
6971485
6971946
6973137
6973294
6974610
6975458
6976954
6977068
6977339
6977674
6979045
6979286
6980907
6981711
6981770
6982098
6982344
6983997
6984010
6985319
6987513
6991574
6994985
6996020
6996614
6996682
6997032
6997727
6997830
6998234
6998438
6998595
7000730
7000809
7002362
7002823
7009137
7009976
7009993
7010563
7012796
7013675
7014281
7015346
7016740
7017004
7017979
7018262
7019971
7020469
7021682
7023036
7023669
7024167
7025553
7029652
7029787
7029938
7030530
7030868
7032316
7033590
7034449
7038926
7039537
7039787
7041761
7043231
7044680
7047393
7047636
7048691
7049077
7049251
7051229
7051278
7052955
7053707
7054574
7055224
7055460
7055702
7057007
7057365
7059265
7059724
7059898
7060059
7060313
7060956
7062143
7062354
7062974
7064221
7067230
7068075
7069397
7072068
7072621
7073268
7073494
7073858
7074397
7076227
7076230
7077428
7078025
7078316
7079855
7081627
7082581
7083684
7085501
7087559
7088108
7090511
7092470
7092799
7093111
7093650
7093758
7093814
7094660
7096788
7097281
7099039
7099731
7100857
7102953
7104015
7108337
7108436
7108959
7110589
7111834
7112430
7112606
7113997
7115705
7117004
7117557
7118386
7122225
7122510
7123017
7124926
7127739
7128135
7128316
7129545
7129995
7130043
7132487
7133038
7134109
7134826
7135834
7137155
7137300
7137835
7141302
7141563
7143809
7143868
7144472
7144501
7145205
7145793
7148022
7148184
7148384
7151609
7151963
7153025
7153798
7155501
7156140
7158241
7158310
7159766
7159784
7160094
7160264
7160940
7161906
7162163
7163029
7163757
7164877
7166146
7166748
7168474
7169515
7172389
7173984
7175733
7176306
7177307
7178241
7178332
7179030
7179770
7181293
7181494
7181669
7183564
7184551
7185576
7187169
7187503
7189873
7190688
7191906
7192009
7192216
7193310
7193397
7194323
7194738
7196050
7196383
7198760
7198959
7199654
7200183
7201930
7203409
7203914
7204321
7206718
7207913
7208032
7208832
7209004
7212425
7212986
7213416
7214851
7214884
7214965
7215335
7216136
7216558
7219048
7219194
7220461
7220891
7222074
7222715
7225121
7225297
7225640
7225709
7226475
7227060
7227286
7228022
7228058
7228819
7229371
7230951
7232053
7233190
7234659
7235433
7236480
7237686
7238702
7238978
7241470
7242124
7244150
7246930
7249344
7249812
7253795
7253927
7254288
7255120
7256237
7257881
7259164
7259381
7260725
7260775
7261491
7262447
7264377
7264610
7264750
7264989
7265205
7265726
7265766
7265776
7266887
7267174
7267721
7268051
7268188
7269196
7270462
7270902
7272180
7272518
7273902
7274537
7275519
7275713
7276557
7282323
7285950
7286059
7286602
7287480
7288104
7288404
7288871
7289635
7289696
7289798
7291018
7295845
7295895
7296090
7296906
7297114
7297859
7298498
7298654
7299490
7300997
7302706
7303287
7303288
7304198
7305202
7305297
7307687
7308766
7309190
7309427
7310650
7311391
7311941
7312847
7314145
7315022
7315846
7315883
7317943
7319856
7320110
7320301
7322195
7323187
7323849
7323904
7325402
7326420
7327450
7328178
7329175
7331112
7331284
7331564
7333807
7336110
7337155
7337948
7338047
7338567
7338570
7339219
7340330
7341549
7342339
7343932
7344533
7344769
7346078
7348261
7349210
7349983
7350028
7350066
7351564
7352276
7352994
7353193
7353967
7354242
7354343
7354492
7357143
7357968
7359150
7360141
7361185
7362343
7362382
7363385
7363587
7364320
7365081
7365308
7365623
7366682
7368436
7368786
7370199
7370464
7371212
7371436
7374927
7375936
7376326
7376384
7377538
7378063
7378625
7379791
7384464
7385170
7385884
7385975
7386052
7386061
7386551
7386694
7387611
7388851
7391652
7391782
7392137
7393292
7393784
7393896
7394222
7395534
7395800
7397049
7397052
7397622
7401756
7402558
7402778
7402920
7404504
7405521
7405913
7406018
7407548
7412298
7413602
7415249
7415263
7415627
7416280
7419391
7420186
7420958
7421249
7425658
7428178
7429640
7430246
7431378
7433805
7434674
7435148
7435190
7435997
7436057
7436105
7436998
7437275
7441783
7443431
7444103
7444249
7445341
7445470
7446726
7448151
7450622
7451396
7453621
7454490
7455273
7456091
7457515
7457692
7458616
7458875
7459458
7459557
7461013
7461037
7461484
7463256
7463560
7464107
7464686
7465617
7468655
7468853
7471359
7471454
7471944
7471949
7472137
7473753
7473779
7474164
7474596
7475441
7476102
7477466
7478563
7479564
7479894
7481160
7482439
7482661
7485552
7487454
7487597
7488922
7489759
7492361
7494454
7496571
7498157
7500165
7505150
7508625
7509547
7509780
7510838
7511217
7512157
7515162
7521610
7521631
7522313
7523669
7524831
7526305
7526393
7527452
7529361
7531647
7532454
7532795
7533103
7534017
7536856
7536924
7537156
7537561
7538312
7538444
7539917
7542180
7542322
7543091
7544910
7545317
7546588
7546900
7547574
7549129
7551365
7552464
7553087
7553317
7553677
7554549
7554993
7555049
7560003
7560374
7560454
7560722
7561587
7561778
7562984
7564468
7564766
7565030
7569990
7572569
7573103
7573808
7575171
7575925
7577150
7577878
7578100
7580508
7582571
7583328
7583782
7585317
7585320
7585397
7585599
7586658
7586746
7588492
7589013
7589717
7590523
7591608
7591864
7592509
7593255
7594643
7594662
7594744
7594946
7595749
7598212
7598853
7599039
7599666
7599833
7601019
7601210
7602483
7603219
7603557
7603871
7607144
7607498
7608065
7609381
7609718
7612573
7613375
7613790
7615101
7616697
7617260
7617615
7619033
7619099
7620457
7620549
7621794
7623898
7623981
7625228
7625590
7626358
7627125
7627395
7628404
7629167
7629306
7629858
7631951
7633020
7634935
7635326
7637825
7639256
7640005
7640547
7640564
7641482
7642029
7643515
7645023
7645067
7646281
7647174
7648366
7648458
7648907
7649130
7649718
7651795
7653741
7656566
7657656
7659568
7660209
7660763
7660843
7661542
7661752
7661995
7662454
7663377
7663874
7665615
7666420
7666986
7667256
7667444
7669403
7669867
7670220
7670317
7671576
7672759
7672791
7673269
7673767
7674706
7676036
7677205
7678295
7678297
7679507
7679805
7682471
7684699
7685141
7687449
7688407
7691696
7692140
7692765
7693425
7695062
7698495
7698499
7699793
7701072
7701901
7702500
7703920
7704081
7704684
7705501
7705884
7705949
7706139
7707756
7707820
7710128
7710433
7710573
7711515
7714445
7714562
7715631
7715696
7717385
7720239
7723026
7724941
7726212
7726526
7727177
7729328
7731652
7732884
7733066
7733222
7733652
7733918
7734291
7734829
7735608
7735875
7737235
7739376
7739467
7740471
7740545
7741483
7742548
7743572
7744700
7747243
7749691
7749752
7753030
7753307
7753655
7754267
7754319
7754712
7756715
7757026
7757303
7762195
7762451
7763027
7764118
7765502
7765614
7767860
7768046
7768080
7769065
7770575
7770845
7771599
7771931
7772405
7775445
7775723
7775810
7775873
7777264
7779070
7779530
7780642
7781030
7781288
7785918
7790285
7790887
7791762
7791989
7793446
7793564
7794086
7794264
7794934
7798583
7799287
7801386
7803435
7804312
7805085
7806400
7806406
7806409
7806573
7807092
7807186
7807914
7809633
7810168
7812537
7813372
7813849
7814618
7814967
7816112
7817961
7818202
7818302
7820958
7822114
7822790
7822877
7826141
7829872
7830004
7831039
7831233
7831322
7831453
7831562
7832266
7833034
7834926
7834941
7835043
7835114
7835270
7837038
7837050
7837165
7838959
7839523
7839564
7840464
7841112
7841289
7843204
7843515
7843863
7843992
7844735
7847045
7848818
7850535
7851014
7851405
7853175
7853705
7854437
7854593
7854833
7855180
7855450
7857591
7858736
7859890
7861100
7862113
7862547
7863226
7863329
7864520
7864528
7865013
7868435
7868508
7869310
7870518
7870788
7871306
7873301
7874144
7874197
7874459
7874669
7875897
7876776
7876796
7878673
7878898
7879460
7881812
7882330
7882523
7882653
7884968
7886158
7886636
7888089
7888858
7889227
7889892
7891764
7892714
7893692
7896720
7897613
7898068
7898710
7900107
7901515
7901849
7902492
7905771
7905945
7906229
7906916
7909242
7910295
7911853
7912614
7913035
7913148
7913468
7914106
7915469
7916664
7917091
7917299
7918412
7919505
7920046
7920118
7921448
7921647
7923143
7923885
7924456
7925015
7927046
7927233
7927307
7927717
7928627
7929190
7929402
7929486
7929717
7930362
7931208
7931299
7932389
7933965
7936354
7937153
7937276
7939137
7939708
7942409
7943971
7945047
7945872
7947396
7947678
7948373
7948687
7948772
7949776
7950932
7950938
7952560
7953000
7956980
7959220
7959949
7961902
7962335
7963401
7963885
7964103
7964199
7964902
7965467
7966050
7966269
7967483
7968636
7969609
7970206
7971563
7974262
7978074
7978232
7979971
7982076
7982476
7982671
7983744
7984184
7984653
7985999
7986159
7988597
7988770
7989515
7989519
7989763
7990070
7991514
7991556
7992897
7993867
7994390
7994674
7994700
7994720
7996129
7996133
7997851
8000076
8000859
8000993
8004376
8009859
8010117
8010123
8011099
8011864
8013028
8013882
8014840
8015358
8015894
8016402
8018347
8020094
8021787
8022731
8024744
8024874
8027068
8027283
8028191
8030227
8030560
8030960
8031086
8032493
8033552
8034319
8034917
8034939
8035853
8035970
8039743
8041293
8043517
8043537
8044354
8044656
8044679
8045509
8046335
8046774
8047702
8048096
8048209
8049110
8050726
8055074
8055129
8056305
8056522
8057012
8057569
8057868
8062987
8064558
8064871
8064929
8065098
8065633
8066591
8067374
8067585
8068330
8068646
8069126
8072383
8072706
8073124
8073505
8073611
8074699
8075254
8075634
8076077
8077130
8077466
8079157
8079878
8080656
8080934
8081040
8082608
8084140
8085654
8087711
8087716
8089640
8089700
8090246
8090464
8090701
8090815
8093520
8095387
8095883
8096412
8096624
8097506
8100469
8100798
8101278
8105252
8105489
8105937
8106364
8106470
8106498
8106559
8106735
8107466
8108719
8109904
8110487
8111191
8112769
8113868
8114479
8114780
8115995
8116031
8116052
8116389
8116718
8117565
8118006
8118695
8119664
8119699
8120644
8125133
8126158
8126490
8126718
8127046
8128586
8130709
8130793
8133009
8135656
8136030
8139075
8139083
8140149
8140164
8140601
8140707
8141308
8143305
8144835
8147062
8147728
8152248
8152526
8152837
8154041
8154377
8154438
8154936
8156499
8158270
8158384
8159001
8159690
8161603
8162785
8163465
8163488
8163588
8163851
8164028
8164742
8164878
8166563
8166907
8167266
8167698
8168023
8168896
8169865
8171000
8173180
8174726
8175969
8177912
8178025
8178090
8178283
8179544
8180000
8180570
8181110
8182640
8184800
8186165
8186748
8187047
8188162
8188190
8189381
8189514
8189747
8191263
8191394
8192903
8193305
8193955
8195733
8196803
8197086
8197705
8198070
8199802
8200529
8201373
8201764
8201991
8204720
8205196
8205990
8208045
8208175
8208525
8208782
8209216
8210797
8211987
8212143
8213328
8213476
8215300
8216670
8217156
8217877
8218556
8218694
8219748
8220161
8220914
8221169
8223367
8228054
8228077
8228847
8230145
8231739
8232309
8232341
8232661
8236699
8238720
8238754
8240365
8242537
8245402
8246764
8247421
8248271
8248991
8250595
8252094
8253517
8254311
8254376
8256126
8256165
8257586
8258112
8258487
8259188
8260128
8260829
8261623
8262228
8265068
8266917
8267894
8268529
8268975
8269176
8269404
8270546
8271201
8273988
8275159
8276142
8276212
8277717
8277719
8278133
8278142
8278626
8279758
8279935
8282032
8283344
8285071
8286051
8287285
8287540
8292211
8292983
8294966
8296116
8296966
8298653
8298725
8299499
8299755
8301294
8302434
8303297
8304239
8304739
8306066
8306091
8306100
8307137
8308168
8308462
8308745
8311143
8311786
8312564
8313097
8315896
8316661
8316796
8316876
8317786
8319554
8322309
8325775
8327807
8328879
8329085
8329418
8330298
8331677
8332289
8333287
8334681
8334726
8335477
8335680
8336941
8337829
8340152
8343217
8343987
8345158
8345806
8346438
8346930
8347350
8347540
8348538
8349079
8350963
8352222
8353500
8354592
8356838
8357240
8358881
8359874
8360354
8361539
8361628
8361882
8363141
8365345
8365359
8365563
8366475
8368833
8368937
8369747
8369770
8370374
8371307
8371768
8372342
8374474
8376158
8377149
8377383
8379810
8379918
8381358
8382978
8383730
8383893
8384921
8387425
8388331
8388777
8389656
8391066
8391542
8393062
8393187
8393202
8393354
8393685
8394299
8394526
8396325
8396355
8397370
8398613
8401215
8402359
8403949
8404913
8405485
8405769
8405891
8406843
8409146
8411321
8411483
8412495
8413018
8414561
8414888
8415617
8416355
8417351
8418097
8418134
8418911
8419861
8420544
8421277
8421422
8421487
8422038
8422271
8423887
8424062
8426473
8428725
8430352
8431573
8431892
8432112
8433186
8434619
8435527
8437920
8437948
8438142
8438966
8439695
8440116
8440829
8440911
8441967
8443116
8443531
8443560
8446986
8447410
8447691
8447953
8448640
8449194
8450645
8450929
8451659
8452725
8452737
8454512
8454962
8455905
8455914
8457295
8460695
8461223
8462172
8462757
8462798
8464669
8466106
8467019
8467437
8468633
8468725
8469142
8469149
8469287
8470509
8470915
8471070
8474375
8474741
8476043
8477898
8479344
8480268
8482433
8483194
8484622
8486845
8487443
8488241
8489495
8489590
8490288
8490505
8490750
8494665
8494753
8494875
8495401
8496053
8496067
8496194
8496718
8497378
8497713
8500410
8500976
8502825
8505409
8505657
8505860
8505998
8506330
8507050
8507579
8509269
8509468
8512278
8514774
8514998
8515008
8516610
8516775
8517321
8518766
8518878
8520815
8521103
8521193
8522595
8524755
8525555
8530728
8533125
8533635
8534249
8535055
8535944
8538853
8540207
8540604
8543928
8549910
8550401
8550960
8551286
8553149
8554778
8559753
8561621
8564750
8566923
8567805
8567907
8568441
8569051
8570149
8570489
8571172
8571488
8573813
8574658
8574712
8575598
8576382
8578921
8579045
8579714
8580004
8580070
8583101
8584209
8585845
8586210
8586372
8587682
8588600
8590918
8591089
8591226
8592222
8594190
8594320
8594539
8595122
8595360
8595557
8596639
8596951
8598055
8598354
8598419
8598862
8600781
8601857
8602172
8603669
8605205
8606196
8606679
8606882
8607133
8607470
8607741
8609217
8609635
8609655
8609705
8610584
8610801
8612309
8613119
8613145
8615930
8616832
8617615
8618375
8621224
8621417
8622341
8623478
8624633
8625565
8626670
8630087
8631403
8633654
8633711
8633918
8635700
8636978
8637840
8638334
8639280
8639490
8639850
8641176
8641850
8642205
8644131
8645378
8645923
8647156
8647414
8647746
8647822
8648192
8649744
8649756
8649941
8651743
8652189
8653491
8653605
8657303
8659627
8661311
8662156
8662418
8664977
8665040
8665789
8666143
8666251
8666489
8666815
8668655
8668798
8671226
8672702
8672769
8673297
8675813
8676075
8676290
8676671
8678726
8680836
8682161
8682468
8682754
8683536
8684543
8685077
8685399
8686019
8686533
8687517
8687913
8688210
8688292
8688382
8690384
8692174
8692440
8693061
8693315
8693446
8694026
8694657
8694751
8694780
8696157
8699226
8700506
8701482
8702246
8703998
8705400
8707710
8708922
8710063
8710746
8712161
8712584
8716066
8716681
8717980
8720460
8722070
8722760
8726476
8727453
8727715
8728065
8728518
8729005
8730810
8731231
8731672
8731744
8733173
8733419
8734173
8734691
8735098
8737560
8737633
8737693
8737799
8738525
8738979
8741538
8742530
8743513
8744453
8745053
8746749
8747236
8748287
8748610
8749888
8751192
8752339
8752406
8753085
8753761
8753907
8757014
8757964
8758936
8759813
8760329
8763063
8764584
8766366
8766584
8767104
8767825
8768125
8769753
8772098
8773981
8777278
8777543
8780992
8781898
8782245
8782492
8783024
8783389
8784732
8786131
8786513
8787064
8787517
8789051
8789226
8789352
8790156
8790771
8791926
8792425
8793445
8797482
8798604
8799284
8799577
8801595
8806406
8806451
8807093
8807223
8807672
8807952
8809760
8812421
8813910
8814329
8816471
8816866
8818264
8819382
8819542
8819957
8821333
8821724
8822699
8822915
8824266
8824586
8826083
8826659
8827174
8829615
8831362
8831771
8831895
8832069
8833129
8834237
8834524
8835314
8836205
8836461
8836896
8837046
8837771
8837960
8839065
8839906
8839987
8840167
8841092
8841315
8842170
8842911
8843361
8843396
8843523
8843613
8843803
8844163
8844843
8844928
8845669
8846466
8846856
8850139
8851599
8852437
8852721
8856091
8859163
8861575
8863214
8864566
8865125
8868263
8869887
8871419
8871673
8871798
8873459
8873808
8875994
8876101
8876781
8877207
8877957
8880065
8880869
8881696
8881848
8883317
8883401
8884039
8885796
8890763
8890986
8891020
8891049
8891854
8893832
8894293
8894642
8894806
8895299
8895940
8896128
8896537
8897267
8898734
8902161
8902378
8902698
8903385
8904793
8904871
8904874
8905188
8906155
8906701
8907559
8908077
8909358
8909495
8909997
8910680
8911202
8911351
8912131
8913304
8913459
8914194
8914864
8915010
8918500
8918619
8918978
8919525
8919908
8921774
8923897
8924138
8925979
8926450
8927159
8927577
8927837
8929936
8932269
8935206
8936065
8937119
8937752
8937781
8937783
8938191
8938522
8940289
8941079
8942455
8943074
8943377
8943639
8943751
8945675
8946636
8947466
8947751
8947861
8948184
8950447
8951099
8951388
8951606
8951730
8953422
8954352
8955524
8956718
8960814
8961288
8963043
8963714
8963883
8964728
8966604
8966705
8966996
8969342
8969350
8970084
8970539
8970855
8975848
8978076
8979548
8979644
8979834
8980347
8980351
8984540
8985319
8986489
8986630
8987170
8987795
8988013
8988496
8991209
8991866
8992117
8992888
8993112
8995738
8996387
8996431
8997270
8997854
8998892
8999150
9006373
9006657
9007655
9007694
9009088
9009289
9009325
9011170
9011295
9011334
9011451
9011622
9012311
9013614
9018143
9020052
9022007
9022415
9022435
9022884
9022957
9023116
9024217
9027252
9030288
9030743
9031341
9031684
9031856
9032234
9035116
9036406
9037479
9040652
9041635
9042900
9042949
9045377
9045610
9046676
9050333
9055150
9055944
9056281
9058482
9058955
9059817
9060872
9062600
9064177
9064493
9064649
9065163
9065872
9066826
9067383
9067840
9067984
9072017
9073648
9073956
9075715
9075748
9077192
9077310
9077742
9079197
9079518
9079997
9080467
9081951
9082073
9082196
9083698
9084236
9084481
9084709
9085179
9085508
9085932
9086739
9086752
9087588
9088407
9091408
9094540
9095055
9095075
9097366
9097576
9097696
9098347
9100670
9100983
9101908
9102955
9103848
9103900
9105634
9106302
9109046
9109371
9109408
9110347
9111684
9113214
9116287
9117348
9118508
9120064
9121314
9121650
9121993
9122098
9122527
9124715
9124934
9125195
9126932
9127508
9129509
9129849
9131180
9131291
9138946
9139917
9140140
9141856
9143325
9143661
9144394
9144473
9145014
9145385
9145443
9146356
9150036
9150500
9151631
9152132
9152583
9153954
9154681
9155578
9155697
9156887
9157937
9158618
9159111
9160192
9161860
9162508
9162970
9163138
9163317
9164240
9166410
9166604
9166769
9167807
9169082
9170359
9170508
9170961
9172206
9173612
9174405
9176132
9176531
9177659
9177967
9178405
9178786
9178926
9179534
9179945
9180188
9182661
9183348
9183383
9184175
9184681
9184699
9184766
9186986
9187897
9188254
9189020
9194459
9194533
9194763
9195409
9196385
9196742
9199337
9199687
9200192
9200351
9202795
9202971
9204778
9204858
9205030
9206492
9207169
9208128
9208777
9208882
9210240
9211089
9211668
9213119
9215547
9216160
9218982
9219335
9219649
9220516
9220733
9220897
9223392
9223984
9224963
9225149
9225411
9233702
9234483
9237801
9242152
9242154
9242943
9243204
9243590
9246523
9247710
9248342
9248656
9249085
9249090
9252069
9252282
9254116
9254924
9254958
9256109
9256234
9258616
9258631
9259231
9263668
9265153
9265186
9266378
9267584
9268246
9268664
9271677
9272595
9272672
9272903
9274067
9274705
9276431
9278488
9278509
9281405
9282041
9282043
9282457
9282731
9283594
9283602
9285338
9285380
9286123
9286648
9291348
9294096
9294963
9295927
9296655
9297185
9297695
9298655
9299758
9300113
9300610
9300886
9301301
9301626
9302486
9302670
9303734
9304266
9304289
9306439
9307448
9308642
9311091
9311401
9314305
9314964
9315732
9315924
9317267
9317611
9318604
9319757
9319809
9320131
9322606
9324633
9324865
9325720
9326495
9328127
9328756
9328811
9329064
9330594
9330881
9330937
9334301
9334438
9335459
9336643
9336811
9338038
9339881
9340310
9340807
9341015
9341754
9343879
9345953
9346337
9347486
9348081
9349349
9349732
9349781
9351275
9351841
9352601
9355039
9355617
9355985
9356144
9356305
9356851
9358527
9358788
9359216
9359343
9359970
9360837
9361655
9364970
9365471
9365804
9366558
9369094
9369324
9370069
9370166
9371445
9371511
9374280
9375066
9377067
9378959
9379907
9381241
9381567
9381576
9382325
9382842
9387099
9387428
9388021
9388589
9389201
9389280
9391307
9391759
9392753
9394005
9394104
9394484
9394833
9397438
9398660
9399436
9400668
9402454
9402485
9402523
9403361
9406643
9410533
9412223
9415194
9415933
9416307
9417131
9417560
9419749
9420097
9420367
9422222
9422323
9422549
9422971
9424137
9424831
9425162
9425782
9425907
9425993
9426706
9426916
9427428
9427974
9428013
9428790
9429459
9430288
9431130
9432552
9432611
9433439
9433812
9433884
9436005
9436568
9437332
9437447
9438090
9438321
9438361
9439106
9442512
9443546
9445889
9446441
9447470
9448014
9448033
9448571
9449234
9452704
9457059
9457653
9459944
9460015
9460302
9460329
9461030
9461654
9462114
9464834
9466064
9466118
9467142
9470337
9470623
9471601
9472500
9475710
9478212
9478262
9480071
9480112
9480587
9481008
9482800
9484061
9484176
9484214
9484520
9485820
9486596
9487252
9487284
9488051
9488424
9488987
9489390
9489524
9489625
9490753
9491694
9492924
9493442
9494521
9494868
9495002
9495074
9496198
9496293
9497474
9497653
9498473
9499350
9503275
9503306
9504955
9505902
9506226
9506538
9508091
9510601
9510618
9512195
9512284
9513174
9514075
9516468
9516650
9518873
9519750
9522374
9523038
9527694
9528861
9529185
9530250
9532559
9535247
9535865
9540073
9540076
9540138
9540491
9540709
9540766
9541631
9542718
9543791
9544016
9544032
9544111
9545540
9545741
9549045
9549055
9549216
9550223
9551472
9552115
9554387
9555544
9555613
9556150
9556741
9558418
9558491
9559131
9563851
9564036
9565586
9569157
9570121
9570611
9573960
9576222
9576233
9576354
9577333
9577744
9578231
9579033
9579905
9581470
9584874
9585061
9585550
9587566
9588230
9588493
9588568
9588646
9589579
9589730
9589997
9590338
9591948
9592929
9594894
9595045
9595656
9596908
9596939
9597733
9599577
9600083
9600409
9600501
9602361
9603696
9603920
9605070
9606527
9607355
9607446
9608050
9608126
9608958
9609385
9611057
9611836
9612300
9613862
9613984
9614034
9615403
9615410
9618125
9618376
9618982
9620013
9620723
9622684
9622965
9623196
9623398
9623688
9627902
9628200
9629982
9631604
9633907
9634564
9636803
9640468
9643911
9646219
9646700
9647374
9648155
9648809
9648971
9649788
9649816
9650415
9651599
9654333
9655264
9655399
9655689
9655700
9656473
9658926
9663247
9665942
9666806
9667096
9668368
9668879
9669010
9669017
9669656
9669790
9671181
9671818
9673048
9674228
9674730
9675106
9675208
9675680
9675937
9676104
9677612
9677928
9679342
9679891
9680391
9682738
9684141
9684472
9685843
9685864
9686293
9687702
9687939
9689069
9689098
9689269
9689379
9689708
9690492
9693491
9694273
9695258
9695875
9696338
9696432
9701487
9703055
9703445
9703835
9704944
9705839
9706491
9706928
9707384
9708949
9710527
9714472
9716425
9717197
9717642
9718124
9719794
9720290
9720416
9722318
9722369
9723606
9726020
9726178
9727567
9730054
9730062
9730343
9730549
9732878
9733183
9733556
9734388
9734430
9734578
9735103
9737791
9739049
9739086
9742111
9742503
9744016
9744159
9745705
9748233
9749652
9750120
9755281
9755342
9755734
9756533
9756681
9756719
9759514
9759837
9759841
9761780
9761844
9762107
9762470
9763673
9766111
9766443
9766455
9767965
9768562
9769959
9771028
9771756
9773890
9774075
9774880
9774908
9776342
9780239
9783187
9784105
9784497
9786007
9786577
9786805
9787025
9787163
9787983
9788331
9788886
9790365
9790831
9792910
9797430
9797824
9799109
9799249
9799464
9799991
9800525
9802494
9803623
9804156
9804461
9805889
9806153
9809092
9810685
9811038
9811472
9814058
9814484
9815085
9815513
9816836
9817033
9819073
9819367
9820172
9820180
9820287
9820742
9821316
9826368
9827002
9828404
9828606
9828916
9829269
9829422
9829622
9832106
9832220
9833369
9838442
9838771
9839591
9839921
9840201
9841330
9841462
9841715
9842589
9844485
9844491
9845270
9845598
9846239
9846633
9847138
9850471
9850556
9851582
9851970
9855239
9855530
9856150
9856849
9859201
9859767
9861581
9862684
9863130
9866320
9866873
9867889
9868024
9868851
9869590
9871731
9871992
9873159
9873849
9874433
9874848
9877671
9880015
9880186
9880545
9880915
9881798
9882230
9884654
9887155
9887297
9887584
9887959
9888034
9888632
9888729
9889140
9889859
9891013
9893128
9894769
9894958
9895354
9895658
9895833
9896787
9897250
9899794
9899977
9900116
9900233
9900768
9901734
9901904
9902272
9904731
9904740
9905194
9905318
9905538
9908831
9909270
9913306
9914051
9914289
9915613
9915767
9917651
9917781
9918183
9918401
9920073
9920570
9920927
9926022
9926405
9927611
9929138
9929227
9929951
9930782
9932537
9936094
9936398
9939826
9941688
9943807
9944808
9944986
9946472
9949434
9950467
9950565
9951834
9952962
9953302
9953821
9954883
9957445
9958331
9964260
9964435
9964865
9967678
9970552
9971280
9972040
9973087
9976091
9976191
9976339
9976638
9976822
9978004
9978267
9979525
9983580
9983634
9983887
9984273
9985300
9987075
9987990
9988461
9990015
9990828
9992075
9992501
9993384
9993580
9994324
9994360
9995604
9995667
9997998
