1720
2323
5819
6188
6246
6799
7648
10242
13308
13499
13924
14142
14442
14571
17582
19840
21309
23132
24186
24724
26030
26529
29110
29224
30033
30059
31616
32217
36161
36225
36539
39483
43343
43617
44989
45022
46773
48037
48537
50852
51690
52969
53636
53920
54820
54963
57162
60514
62078
63332
63498
63502
64579
64654
65128
65446
65757
66945
67777
68636
69226
70155
70322
71500
73012
74709
74871
75466
75766
76810
78733
79102
79672
80619
81467
82388
83805
87862
88384
89672
89794
90059
91698
93263
93554
94600
94947
97461
99037
101673
103171
104285
104370
104848
106242
106693
106778
106887
107008
107353
107917
108714
108820
108999
109736
112234
112954
113052
114767
114997
116196
116554
116861
117066
118003
120145
120325
120994
122407
122439
122895
126453
127529
128232
129337
129596
133909
134634
134919
137541
138147
138239
139054
140019
140354
141385
141544
142869
143537
143701
144391
147292
147681
148803
150666
153205
153253
156366
156765
157115
158354
159453
160358
164243
164516
165695
165713
165795
166652
167018
167259
168327
168423
168443
172018
172297
172601
173838
175337
175490
176605
177432
178604
179251
181111
181334
182367
182741
184086
184197
184343
185188
185251
185826
186407
186672
186736
187084
187951
190616
190638
194140
196333
197211
197328
198793
199763
200317
202106
202275
203053
203485
204555
204846
207907
209577
211549
211719
211968
213319
213705
214100
220271
221088
223505
224828
224940
225363
225398
226112
227275
228344
228914
230567
230588
231006
232254
232710
232981
234482
236496
236891
237058
238071
238125
238416
238537
238698
239253
240821
241297
241628
241790
242197
242831
243817
246216
247974
250712
254615
255134
255149
255268
255820
255847
256833
257158
258121
260547
261625
263660
263663
266051
266240
266338
266515
267012
268813
269066
269070
269980
270360
270364
271654
271917
272020
272189
274832
275190
275420
277408
278046
278530
281473
282644
283167
283278
283599
284981
288604
289003
291273
291963
292787
294026
294378
294536
295261
295959
296541
296779
296792
297244
298106
299840
307876
308212
308570
309321
311234
311358
311758
311780
315140
316303
318500
318885
320357
320885
324735
324908
325176
325740
329254
329737
330667
331139
332322
332518
335937
337172
337336
338369
338860
339869
340791
341306
341872
342383
345082
345516
346607
347615
349089
349295
350538
351526
351612
351994
354734
356409
356835
357837
358419
359967
360387
360455
361126
362291
364459
365206
367158
370515
370974
371687
373712
374434
375579
375915
376173
376880
377591
378207
379732
380742
381861
382764
382772
383737
384957
386370
387850
388026
388462
390067
390414
390780
392358
392433
392687
393145
393198
393944
394334
394569
395374
396501
396758
397380
397850
398416
398997
399052
400000
400134
400442
401798
403766
406961
407169
407523
408579
408670
408920
409859
410721
410916
411123
411494
412365
412458
413914
414498
414506
414929
416398
416693
416967
417247
417251
420070
420247
421302
422719
424546
425119
425556
425714
426385
429569
431466
431548
432843
433119
435212
435536
435682
437209
438491
439096
439968
441135
441452
442420
442971
443385
445255
445304
447072
447448
447928
448059
448899
450291
451157
451799
452448
452750
454074
456903
457836
458477
458680
460209
461910
462372
463273
463276
465388
465527
465534
465845
467495
468457
469213
469409
469824
470673
471494
472763
473345
474935
475339
475458
475674
475875
477012
478969
479417
480497
481825
482572
483070
483403
483898
484886
485146
487236
487278
488215
490256
490578
490627
490955
493073
494652
495201
499275
499549
500366
500440
501553
501675
501811
504146
504267
508246
508460
508988
509561
510850
511641
511958
512412
512681
514818
515151
516760
517570
518307
519147
519524
519975
520099
520365
520703
521054
522706
523728
523732
524025
524552
526038
526546
527945
531193
534920
536324
536577
539672
539841
540452
541516
541619
542569
542735
545839
547501
549042
549998
550501
552946
553155
553462
554089
555808
556208
556796
557418
557935
558590
558832
559022
559109
559931
560014
560275
560652
560737
561564
561584
561742
564612
564640
565427
566300
566643
567701
568264
568626
569106
570546
573432
574771
575479
576038
576105
577555
580123
581840
582887
583089
583500
583576
584853
585984
586158
586562
587517
589262
592057
592121
592647
594690
596651
597180
598054
599026
599116
599603
600466
601420
601465
601819
602905
603154
603391
603789
603856
604302
605406
606468
607133
608448
614139
614665
614713
615862
616100
618762
619261
623129
623484
623557
624434
625043
625659
625830
626016
626205
629590
629717
630724
631030
631573
633885
635089
635896
637495
637683
638699
639689
640448
642745
643452
643850
645140
645994
646044
646096
648137
649021
649238
649348
651619
652706
653383
654414
655978
656334
657062
657293
659802
661414
661513
663242
667209
670319
670603
672150
672786
674755
676027
676363
681329
683524
683555
683685
684343
685968
686578
687376
689264
690635
691493
692187
693049
693222
693966
695222
695286
695454
695744
696548
697705
698107
698882
699115
699288
699320
699571
699957
700815
701329
703738
704829
706212
707316
708406
708600
709039
709315
709803
712442
712782
712805
714284
717160
717287
718298
718620
718652
719525
719918
720483
724154
727204
730242
730330
732797
733020
733023
733435
733725
734172
734725
735628
736315
737203
737699
739042
739064
739219
739792
743441
743558
743964
746258
750539
751454
751569
751859
752333
752470
752495
753866
755124
755839
756526
758329
759221
761511
761698
762062
762645
762748
763841
764346
764404
766329
767197
768124
768928
771439
771743
772164
774112
774882
775242
775975
776473
779628
779653
780755
781092
781750
782396
783678
784310
785821
786887
786978
787478
789006
789214
790770
791032
791949
792070
792602
792688
793679
794821
794901
795561
795756
796089
798361
798601
799005
799082
801137
801334
801780
801860
805141
806747
807131
807929
810153
810778
815013
816658
818548
820749
821252
821808
825632
825950
826067
826350
826972
828361
828566
829259
829996
832388
834493
834640
835200
837214
838005
839754
840058
840059
842392
842481
844556
847559
847624
849303
856069
857972
858531
859202
859431
860875
861124
862124
862259
864434
865122
865250
866456
867790
868485
869246
870479
870792
871272
871483
874955
875377
875730
877532
877655
878468
879408
880712
881648
884122
884634
884768
886034
886566
886598
888470
889347
889424
889574
893604
893646
894153
895402
895408
895431
896161
897016
897778
900655
900776
901825
903483
903647
903969
904203
907533
908948
913481
913770
913898
914224
914655
915261
915391
916436
916838
916984
918922
918936
922128
923131
923981
924019
924050
924477
925676
926862
928528
929669
930100
930488
932528
933637
935295
936907
938737
939263
940016
941362
941524
942379
943136
943236
943382
944530
944594
945482
945804
946533
946740
949580
950441
950521
951751
953364
954565
955920
957475
959155
959642
960030
960572
961096
961139
961891
964548
964769
965419
966546
966579
967682
968013
969225
971448
972642
973356
973611
973912
974410
974468
975098
975278
975319
975375
977497
978010
979001
981921
983589
984282
984954
985881
986472
987871
988207
990435
992212
992428
992436
992702
993782
993927
994975
995010
995027
995644
995758
995893
997791
997800
998297
999022
1000288
1000466
1000590
1004148
1005347
1005491
1006343
1012741
1015113
1015115
1015673
1017176
1017911
1020663
1021632
1022830
1023270
1023641
1025424
1026890
1027024
1028069
1028474
1029068
1031887
1032527
1034561
1034587
1035698
1035739
1035751
1036291
1036830
1037315
1037397
1039241
1039859
1040682
1042402
1044366
1044670
1045618
1045647
1046290
1046527
1051803
1052188
1054001
1054107
1054307
1055178
1055347
1057575
1057814
1057938
1058268
1058290
1059452
1061838
1063753
1063869
1064338
1064781
1065199
1065287
1067554
1068176
1068347
1069378
1072059
1072662
1072682
1073905
1075563
1077064
1078552
1079804
1080841
1081041
1081401
1083365
1084451
1085008
1085824
1087433
1088089
1088541
1089000
1090278
1091488
1092028
1092245
1093064
1093663
1093685
1097655
1098248
1098871
1099050
1104259
1104682
1104844
1105326
1106224
1106361
1108895
1109458
1109803
1111368
1112513
1113254
1114350
1117975
1119044
1120254
1121303
1122268
1122352
1122511
1123130
1124894
1127238
1129110
1129786
1130492
1131581
1134386
1134627
1135096
1136061
1136072
1136384
1138045
1138470
1141419
1141582
1143284
1146663
1146869
1147214
1148660
1152106
1153502
1154053
1155331
1155642
1155783
1156444
1157063
1157265
1157874
1159185
1159887
1160920
1162080
1162211
1164538
1165183
1165204
1165347
1165424
1166499
1166767
1168326
1169806
1170261
1172310
1174045
1174062
1175426
1176615
1178222
1178528
1179847
1181073
1181167
1181481
1181941
1182629
1183658
1183738
1183746
1183847
1185170
1185388
1189367
1189903
1190195
1191914
1192436
1192461
1193490
1194130
1196562
1196887
1197550
1197875
1202679
1204368
1206077
1206629
1207237
1208304
1209185
1209776
1211258
1212260
1213561
1216121
1216522
1218971
1223069
1224019
1224204
1224940
1225510
1228207
1228525
1233940
1239388
1240729
1242297
1242331
1243405
1245006
1245037
1246790
1246796
1246810
1249565
1251694
1252628
1253583
1255499
1256964
1258619
1258642
1260247
1260945
1262261
1262857
1264134
1264429
1264692
1265763
1266398
1269997
1270865
1271967
1273151
1274173
1276212
1279580
1280450
1280648
1283592
1283735
1285430
1285772
1285886
1286519
1286528
1286978
1288104
1288914
1289639
1290549
1291260
1296075
1298176
1299155
1300029
1300700
1302139
1302145
1304476
1304599
1304631
1305707
1305869
1307074
1310099
1311853
1312864
1313481
1314226
1314259
1315633
1316136
1316668
1317525
1318494
1318523
1320683
1321933
1322600
1323421
1323837
1324127
1324779
1326744
1327278
1327409
1329994
1330235
1330316
1332291
1333599
1335725
1335795
1336555
1338568
1338828
1339674
1339684
1341487
1341717
1342163
1343159
1343721
1343923
1345938
1346730
1346975
1348868
1354459
1355298
1356304
1359835
1361111
1363304
1367188
1367479
1367692
1368230
1368933
1369705
1370675
1371900
1373669
1375400
1376398
1376529
1377238
1377980
1380275
1382078
1382329
1384649
1384821
1385431
1386211
1387234
1388010
1388627
1389659
1389942
1390511
1392170
1392176
1392488
1393190
1393811
1394141
1394326
1394432
1399224
1399489
1399612
1400082
1400241
1401116
1402950
1404608
1406400
1407134
1407796
1410097
1410979
1412978
1415007
1416070
1418217
1418873
1419954
1420081
1420286
1421208
1421638
1421815
1424855
1426211
1427111
1427565
1430057
1430958
1433749
1433951
1434049
1435358
1435388
1436599
1436814
1437113
1438813
1439574
1439609
1440663
1441355
1443674
1445520
1446079
1446590
1447261
1447322
1448135
1448430
1451679
1451688
1453103
1454595
1455512
1458722
1459116
1461116
1461216
1462339
1463538
1464521
1464923
1465511
1467465
1468264
1468426
1469145
1469729
1469893
1470471
1470673
1471415
1471949
1473876
1477174
1479735
1480001
1480251
1481570
1483350
1486183
1487737
1489488
1489528
1489768
1497565
1498808
1499254
1500324
1503876
1505326
1506123
1508198
1510366
1510935
1511099
1512314
1512729
1513242
1513263
1513282
1513800
1516100
1516174
1516522
1517660
1517716
1518545
1518980
1522153
1524426
1525818
1527343
1529787
1529974
1532480
1532777
1532822
1534546
1534547
1534656
1534760
1535655
1536292
1536754
1537123
1537584
1537985
1538304
1539458
1540700
1542113
1542118
1542131
1543158
1544083
1544621
1545134
1546680
1546836
1549002
1550465
1550581
1550844
1552812
1553351
1554805
1555241
1561722
1563122
1564158
1564633
1564868
1566503
1568560
1570003
1570322
1570598
1571534
1571720
1571799
1571821
1572005
1572283
1572539
1572839
1572851
1573610
1574548
1575884
1576045
1577863
1579311
1580844
1582986
1583276
1583384
1584384
1584970
1585164
1586154
1586492
1587553
1588785
1589516
1590294
1590607
1590762
1590996
1593577
1594243
1594871
1595106
1597346
1600005
1600286
1600304
1602085
1602093
1602769
1602934
1604483
1604752
1607510
1607881
1608555
1608913
1611441
1611688
1612687
1612718
1613224
1613606
1615303
1615482
1616044
1616892
1619476
1620391
1621502
1622810
1626089
1627911
1628733
1629912
1631054
1632502
1635411
1635865
1637575
1637997
1640032
1642565
1644219
1645003
1645078
1645107
1646022
1648157
1648165
1649537
1649996
1651696
1653708
1654584
1654912
1654965
1655344
1655520
1655643
1656810
1657404
1658305
1659656
1660399
1660496
1661388
1662961
1663358
1663565
1665463
1665714
1666661
1666935
1670268
1670474
1670781
1670949
1671719
1672823
1673487
1675678
1676462
1676528
1677276
1679108
1679470
1680881
1681068
1684124
1686149
1688294
1689122
1689212
1689474
1692190
1692515
1693055
1693341
1694186
1696793
1697455
1697919
1698253
1698487
1699474
1699625
1700024
1701191
1701685
1702292
1704015
1707083
1707433
1707440
1707791
1708161
1708994
1710292
1710502
1711338
1711431
1712585
1713005
1713153
1713596
1716876
1718660
1719178
1722865
1722893
1724442
1728342
1728584
1728647
1729353
1729557
1731721
1732245
1732804
1733217
1734500
1736827
1737323
1738880
1741739
1742083
1742875
1744804
1745775
1745838
1748769
1750290
1750617
1752817
1753856
1754627
1755339
1755666
1756182
1756487
1757100
1757353
1758935
1759427
1762883
1763663
1763865
1764302
1765546
1766848
1766873
1767155
1770033
1771515
1771572
1773591
1773593
1774453
1776798
1776898
1778211
1778959
1779136
1779816
1780035
1780652
1780690
1782896
1785238
1785712
1788817
1789468
1789722
1790152
1790386
1790450
1792759
1792994
1796530
1797701
1797702
1797931
1800267
1804585
1805139
1807315
1807997
1809705
1810649
1811153
1812708
1815306
1816990
1817512
1821105
1821304
1822107
1822850
1823368
1824409
1826067
1828182
1828886
1829024
1830429
1833111
1833607
1834608
1835032
1836037
1836355
1837664
1839502
1841755
1844597
1846067
1846282
1846629
1847387
1848143
1848559
1849755
1850126
1850419
1852413
1853207
1854727
1855948
1858281
1860694
1861497
1861994
1862195
1862958
1863146
1864107
1864503
1864640
1864950
1866375
1868431
1869733
1869901
1870485
1871606
1871631
1873033
1874026
1875830
1876861
1880362
1880468
1882592
1883596
1883655
1887256
1890054
1890564
1890697
1892471
1894857
1896443
1897174
1897179
1897405
1897535
1897831
1898016
1898816
1899721
1901108
1901891
1902210
1903398
1903729
1905516
1906964
1908421
1908902
1912010
1912191
1915476
1916007
1916726
1917764
1918847
1919099
1920486
1920854
1921789
1923271
1923383
1924273
1926497
1927977
1930243
1934775
1936349
1936382
1938295
1938728
1939661
1940523
1942392
1943322
1943633
1943732
1943884
1946286
1947711
1950569
1950737
1950846
1951065
1951114
1953364
1953757
1954777
1957543
1957840
1958802
1959854
1960058
1960667
1960692
1960980
1961071
1961508
1963132
1963361
1965103
1965534
1965807
1966109
1972281
1973833
1974949
1975141
1976010
1977328
1977819
1977869
1978771
1981426
1981850
1982269
1983640
1984169
1984884
1986630
1989078
1990126
1991884
1992578
1993088
1994416
1995407
1995501
1996017
2001773
2002257
2003012
2003720
2003916
2004904
2005533
2006633
2006757
2009967
2011603
2012692
2012980
2013522
2013980
2014445
2016202
2019438
2019602
2021051
2021194
2021206
2021843
2022130
2022321
2022753
2022754
2022998
2024439
2025087
2025993
2027755
2028485
2028546
2031263
2034195
2035047
2035113
2035665
2036056
2036094
2036411
2037782
2038126
2041023
2043528
2044217
2045726
2049501
2050513
2051681
2051825
2052825
2054553
2054678
2055942
2056396
2056436
2059470
2059717
2060598
2062160
2063313
2065462
2066804
2067896
2068276
2068743
2070532
2070938
2071653
2079169
2081957
2082014
2082102
2083669
2083723
2083863
2084018
2084090
2084099
2084264
2084685
2085611
2085776
2086537
2086689
2087159
2087973
2088660
2089912
2090112
2097081
2097329
2100149
2100586
2101007
2101890
2103053
2103074
2108221
2108857
2110758
2111686
2111892
2113058
2113538
2114206
2114299
2116974
2117156
2118394
2118969
2119347
2120066
2120360
2120408
2120595
2120983
2121008
2122034
2122423
2122570
2123020
2125408
2128579
2128907
2136238
2138500
2139963
2140541
2141247
2141955
2142927
2145565
2145706
2145768
2146040
2146065
2147009
2147379
2148641
2150237
2150413
2150893
2151682
2154609
2155485
2158195
2159480
2161595
2161998
2162005
2162118
2164472
2164765
2165433
2166509
2167073
2167580
2168596
2169916
2170231
2171714
2172055
2172834
2174941
2175029
2175609
2176102
2176799
2180087
2180966
2181481
2181984
2182604
2184079
2184374
2184546
2186544
2187022
2187689
2189263
2190334
2190810
2191452
2192511
2194211
2194704
2195219
2196019
2197283
2201168
2201176
2201460
2202106
2203796
2208429
2208981
2210229
2210401
2210828
2210894
2211983
2212493
2216422
2216587
2218017
2218750
2218842
2219726
2220607
2221204
2221553
2222232
2222468
2222583
2223048
2223313
2223921
2225822
2226171
2226708
2227656
2227961
2228039
2228557
2231274
2231328
2232226
2234320
2237282
2238230
2238979
2239412
2239787
2242898
2243094
2243238
2244716
2246981
2248921
2250401
2250602
2252453
2254540
2256483
2256846
2258135
2258548
2261722
2263955
2264207
2264491
2265887
2266082
2266354
2268302
2268524
2270098
2270675
2271618
2273214
2273478
2274021
2276007
2276558
2278327
2278492
2278987
2279337
2280210
2280541
2280905
2281874
2282234
2283492
2283701
2284415
2284745
2287220
2288209
2288486
2291916
2292089
2292903
2293521
2293535
2293753
2298408
2298686
2299530
2300206
2300426
2301018
2303177
2303356
2304181
2306347
2306621
2307863
2308461
2309566
2310502
2310652
2310890
2313931
2318387
2319155
2320075
2321599
2322016
2322065
2323236
2323624
2324238
2325330
2327993
2328112
2329680
2332842
2333407
2334917
2335420
2337358
2338077
2338783
2338896
2339853
2341057
2341710
2342174
2342642
2342709
2344543
2346038
2348774
2349112
2351249
2351969
2352941
2353331
2355274
2355286
2355453
2357491
2357601
2358163
2359034
2359216
2362277
2362668
2363491
2363542
2363846
2365218
2366192
2366868
2368466
2368530
2368832
2370130
2371057
2371465
2371557
2371676
2373049
2373105
2376605
2376989
2377220
2380024
2380297
2381538
2381727
2384487
2386073
2386175
2386788
2388600
2389390
2389511
2391184
2391880
2392239
2393977
2394541
2394748
2395111
2395282
2395296
2399062
2399245
2399384
2400044
2401084
2401157
2404234
2404318
2404391
2405109
2405196
2406233
2407524
2408243
2408318
2410098
2411284
2413154
2419553
2419672
2420083
2422591
2424226
2425374
2430240
2430400
2430726
2432404
2434185
2434313
2434413
2435998
2436387
2437425
2437760
2438755
2440427
2440657
2441708
2442061
2442987
2444149
2444320
2445347
2446432
2448539
2449366
2449492
2450639
2453591
2453648
2454648
2457965
2458084
2458494
2458747
2459975
2461193
2462015
2462405
2462702
2464080
2464357
2464565
2464974
2466347
2466456
2467680
2467712
2467940
2468029
2469165
2469621
2470866
2473162
2473441
2476196
2477085
2477880
2478275
2481139
2482129
2484172
2484509
2484618
2485286
2486170
2486404
2486638
2487001
2490639
2490973
2493175
2493412
2494653
2496279
2498510
2498956
2500248
2500335
2501122
2501593
2502724
2503138
2505037
2508007
2509307
2510486
2511439
2512526
2512865
2515091
2515597
2517228
2521043
2521273
2523991
2525891
2527289
2528868
2528976
2529247
2529386
2531561
2534243
2535999
2536856
2536884
2537318
2538498
2538948
2539312
2540548
2541314
2542290
2542492
2543461
2544583
2547119
2547337
2550819
2551190
2551247
2551513
2551674
2551952
2553336
2554644
2558401
2558610
2560143
2562199
2563582
2563717
2564512
2565161
2565197
2565792
2565875
2567153
2567541
2567963
2568864
2569543
2569972
2569994
2570266
2572130
2573593
2573761
2574072
2576249
2577964
2578103
2578244
2582116
2582291
2583366
2585101
2585855
2586711
2588805
2589172
2590042
2590407
2590829
2590853
2593244
2593496
2594679
2595167
2597866
2598522
2599679
2601917
2602121
2602926
2603023
2604557
2606717
2607216
2607426
2607479
2607928
2608026
2608046
2609065
2609184
2610166
2610250
2610251
2611235
2612061
2613344
2613756
2614070
2614241
2615152
2619972
2620633
2622372
2622388
2622745
2627651
2628348
2628786
2629244
2629503
2630241
2632062
2632810
2634139
2634786
2636499
2639779
2641524
2642582
2642614
2643620
2644070
2644195
2644435
2644658
2645295
2645768
2647561
2648013
2649671
2651292
2651439
2651443
2652679
2653062
2654585
2654912
2655181
2655555
2655735
2658139
2658483
2658513
2658735
2659904
2661133
2661398
2663384
2663613
2664727
2664770
2666380
2668593
2668684
2668939
2669209
2672298
2672421
2672729
2672745
2673497
2676576
2677447
2678081
2678422
2680340
2680793
2681717
2682245
2683252
2683672
2686733
2688382
2688654
2689756
2689768
2692124
2692239
2693893
2694645
2695120
2695154
2695780
2696498
2697171
2697183
2699708
2699961
2699993
2700220
2701240
2701358
2701780
2702202
2702713
2703020
2703447
2704517
2704717
2705472
2706990
2709602
2709830
2710827
2713157
2714541
2715403
2715949
2716599
2718229
2718354
2719329
2719567
2720827
2720894
2721766
2723664
2724565
2725233
2727448
2728293
2728312
2728656
2731186
2731441
2731646
2731866
2732330
2733294
2733528
2733970
2735507
2735728
2736717
2738430
2738865
2739590
2742476
2742805
2743114
2743161
2744189
2745055
2746436
2746598
2747394
2749549
2749648
2751147
2751338
2752039
2752259
2755042
2755402
2756343
2757121
2758957
2759429
2759471
2759854
2759906
2760351
2760427
2761873
2762612
2764481
2765427
2765555
2765916
2766041
2767478
2769263
2769470
2774353
2774652
2776014
2776161
2776886
2781686
2782190
2783957
2787050
2791274
2791375
2792493
2792993
2794079
2794440
2794915
2795415
2796272
2797435
2797559
2797585
2798932
2799187
2800318
2800411
2800575
2804924
2805744
2811369
2812698
2813211
2813645
2814531
2814568
2814618
2815628
2815714
2815743
2816915
2818596
2821015
2823050
2823616
2824865
2826815
2828158
2830019
2835706
2836829
2837308
2837518
2837707
2837718
2837892
2839918
2840764
2841540
2843780
2843992
2846188
2846512
2846817
2847913
2848274
2848514
2848813
2849688
2850697
2851867
2852107
2852698
2856007
2858043
2858554
2858969
2861494
2863244
2863403
2863550
2864428
2864881
2866250
2866589
2867253
2867485
2868623
2870324
2871376
2872424
2872485
2872847
2873982
2875043
2876559
2877628
2877709
2877999
2880086
2884738
2885055
2885229
2888567
2890944
2893190
2894181
2895027
2895851
2898465
2900038
2900075
2902310
2903415
2903786
2904571
2904867
2907022
2907347
2908450
2910737
2911262
2912495
2913921
2915606
2916411
2918200
2918382
2919152
2919648
2919651
2919990
2920065
2920950
2921695
2922951
2923526
2923875
2924270
2925450
2926430
2926613
2926725
2928640
2929668
2929762
2930107
2930181
2931204
2934038
2935030
2935404
2936554
2938020
2938070
2938749
2942086
2943549
2943788
2945450
2945503
2946003
2946382
2947327
2948428
2949895
2951472
2952138
2952554
2952672
2953578
2954514
2957482
2958898
2960548
2961290
2963213
2966234
2970102
2971088
2972274
2972547
2973151
2973814
2973836
2974051
2975218
2978388
2978946
2979313
2980181
2980447
2985012
2985084
2985557
2985906
2985961
2985988
2986032
2986537
2986884
2987277
2989099
2989789
2990077
2991534
2992880
2995331
2997246
2997712
3003268
3005107
3005998
3006952
3007905
3009645
3009679
3010348
3012713
3012855
3013792
3014298
3014496
3015663
3017744
3018447
3021024
3021103
3021622
3022470
3022534
3023281
3023794
3024255
3024952
3026353
3027729
3028358
3028718
3029778
3030903
3031425
3032395
3032400
3032442
3035140
3036633
3036726
3037071
3040694
3041378
3041427
3041901
3043552
3045457
3046750
3048188
3048659
3051714
3052422
3053008
3057398
3057641
3057679
3058589
3058773
3058987
3059883
3060096
3060545
3061113
3061972
3062530
3063236
3065923
3069679
3069802
3070884
3071025
3072013
3072701
3073024
3073993
3074291
3074841
3074936
3075492
3076318
3077406
3078907
3079073
3079416
3079993
3080121
3080296
3083423
3083985
3084018
3084639
3084680
3084897
3085994
3086251
3087808
3089098
3089773
3094587
3094811
3096309
3096398
3096941
3098903
3099090
3099150
3099429
3099512
3101139
3101363
3102788
3102810
3103111
3105562
3106764
3107104
3108363
3109300
3110961
3112519
3114427
3115227
3115913
3115957
3116414
3117505
3118841
3118952
3120965
3121983
3122703
3123017
3126070
3127777
3128128
3128935
3130192
3130971
3131480
3131901
3131968
3132044
3132050
3132759
3133849
3134912
3135681
3135698
3135936
3139140
3139375
3140277
3144515
3147371
3148204
3148494
3149726
3149963
3152519
3153589
3153642
3153871
3157191
3157239
3159340
3159767
3160051
3160159
3161729
3162624
3164426
3166252
3166772
3167582
3167966
3168099
3169431
3171582
3171728
3173032
3177693
3177742
3178112
3179747
3181208
3181439
3181960
3182692
3182705
3182710
3184509
3184870
3186061
3186088
3187263
3187751
3190342
3191689
3191851
3192262
3193286
3194073
3194839
3196583
3196633
3196876
3199029
3199239
3201020
3201302
3203628
3204344
3205242
3207081
3208579
3208968
3209558
3210093
3210118
3211397
3212764
3214587
3214592
3216089
3216214
3220627
3222878
3223032
3223739
3226667
3227476
3228504
3228711
3229485
3229531
3232384
3232448
3234707
3235120
3236392
3236431
3236466
3239580
3239652
3240802
3241762
3241971
3242497
3244018
3247375
3247408
3248476
3250414
3250918
3250989
3251262
3251513
3252535
3254343
3255021
3255605
3257395
3258585
3258845
3258986
3259623
3260236
3260578
3261027
3263508
3263700
3263879
3265160
3265338
3265980
3269774
3270271
3271421
3272423
3276408
3276562
3276672
3277932
3277962
3279111
3279319
3279728
3282226
3283401
3283794
3284086
3284353
3284460
3284607
3285049
3286222
3286695
3287257
3288890
3291784
3291934
3292163
3292193
3292621
3294298
3294479
3294647
3295259
3299016
3299033
3299611
3299992
3300620
3300929
3302555
3304996
3305226
3305866
3307010
3307033
3307963
3309101
3310501
3310831
3311092
3311114
3311171
3311808
3314024
3315258
3315960
3318048
3319237
3320549
3323118
3323146
3323606
3324928
3325881
3326050
3326755
3327237
3328560
3329616
3330477
3330528
3331220
3331434
3331630
3334714
3339424
3339806
3339915
3340503
3340507
3341199
3341576
3341862
3342584
3342588
3342707
3345265
3345308
3345551
3346541
3347929
3349250
3349498
3351720
3352350
3352500
3353851
3353925
3354543
3354850
3355671
3357647
3360573
3360915
3361659
3362157
3363835
3364169
3364738
3366557
3367570
3369155
3373541
3374443
3375210
3377607
3380218
3382501
3384039
3387014
3388277
3388313
3388748
3392572
3392859
3393556
3394566
3395758
3395929
3397189
3399403
3399428
3399779
3401371
3401759
3401919
3401980
3402961
3403247
3404495
3405083
3407519
3408815
3408932
3409374
3409489
3409883
3411497
3411753
3411882
3412279
3413061
3413210
3414099
3414621
3415697
3416414
3416766
3417057
3418398
3419163
3419421
3419506
3419667
3423191
3423638
3425198
3426549
3428085
3428169
3428850
3429462
3429655
3429944
3432715
3433568
3436013
3436594
3438189
3438309
3440265
3440429
3440697
3442827
3442847
3444658
3445458
3445830
3446462
3446848
3447191
3449372
3449426
3451050
3451812
3451919
3452352
3452837
3453909
3454922
3456096
3456169
3456624
3456890
3457292
3457688
3458486
3459757
3460748
3461847
3463020
3464185
3464197
3466190
3466542
3467261
3467428
3468571
3469850
3470086
3470307
3471425
3472855
3474253
3474276
3474798
3476044
3476452
3476510
3477285
3479167
3483498
3483630
3485986
3487526
3488544
3490716
3492698
3493143
3494520
3496133
3497562
3499200
3499695
3500153
3500385
3502969
3503080
3504055
3505664
3506222
3506274
3506963
3507515
3508186
3509946
3510859
3512180
3512517
3515122
3515494
3515535
3515732
3516050
3516221
3516443
3517709
3519780
3520999
3523366
3523651
3524446
3526097
3526204
3526769
3528771
3529390
3530056
3530433
3531500
3532397
3534792
3535284
3536039
3538680
3538928
3539172
3539702
3541870
3542504
3544336
3544455
3545054
3545690
3545695
3546225
3546809
3547082
3549385
3550222
3552838
3553860
3554307
3554340
3555465
3555860
3556374
3557246
3558158
3559115
3559517
3559653
3560173
3566683
3567050
3567521
3568161
3568280
3568531
3569849
3569943
3570217
3571783
3572491
3572495
3572946
3573199
3573400
3574086
3574744
3575612
3575760
3576290
3576518
3577800
3578886
3579596
3580276
3582123
3582358
3584791
3584862
3586694
3587544
3588600
3588767
3589055
3589189
3590830
3591762
3593353
3593975
3594362
3595752
3598250
3598475
3599221
3599459
3599563
3601090
3601632
3602232
3603217
3603754
3603875
3608127
3608833
3610956
3611650
3612169
3612181
3612312
3613561
3613837
3615281
3615550
3617398
3618298
3619318
3620054
3621676
3624028
3625977
3627418
3627995
3628439
3628788
3631337
3631609
3632816
3632848
3634018
3637191
3637795
3638783
3638797
3639529
3639574
3640421
3640519
3641022
3643292
3643864
3645303
3646298
3650211
3650701
3652636
3652862
3653123
3654052
3657477
3657819
3658297
3659629
3660029
3664368
3664654
3664974
3666384
3670355
3670440
3671001
3671454
3674681
3675412
3676971
3679947
3681309
3684944
3685408
3687398
3687857
3688824
3690826
3697715
3698076
3698081
3699436
3700377
3703055
3703478
3703488
3704166
3704447
3705310
3705314
3706038
3709398
3709609
3709866
3710540
3712683
3713044
3713102
3713633
3714366
3715890
3716312
3718083
3719375
3722302
3723347
3723397
3723963
3724855
3725688
3727511
3730170
3730605
3734120
3735049
3735262
3739202
3739852
3740462
3740508
3742710
3743083
3745324
3746959
3749006
3752286
3752331
3755386
3756275
3756526
3758591
3759503
3760119
3760567
3761848
3762221
3763222
3763349
3765629
3767483
3771980
3773157
3773490
3774197
3774264
3777323
3777599
3779335
3779982
3780931
3782155
3782397
3782506
3782509
3783983
3784267
3784688
3786386
3786770
3787742
3788211
3791237
3791361
3792008
3792236
3792517
3793123
3793522
3794480
3794549
3795936
3797283
3798948
3799814
3800377
3800599
3802361
3802833
3802876
3804043
3804192
3804488
3804724
3805899
3806060
3806158
3809031
3809792
3814013
3814587
3816431
3819550
3820009
3820083
3821112
3821531
3821716
3822475
3822803
3823026
3823712
3823717
3824243
3824474
3824965
3826476
3826587
3826923
3829862
3830070
3830280
3830844
3831960
3832378
3832513
3834385
3834759
3836663
3837078
3839887
3840419
3840638
3840673
3840812
3842035
3843438
3845348
3845589
3847385
3849062
3849450
3849529
3850973
3851177
3851991
3853000
3855249
3855767
3855844
3856132
3856426
3858230
3860088
3860186
3860445
3862398
3862568
3862943
3863242
3865984
3866680
3866915
3868774
3871331
3873617
3875955
3875991
3876767
3877779
3878326
3879101
3879985
3882735
3883317
3887025
3887193
3887377
3888590
3889110
3889420
3890172
3890930
3891284
3892132
3893028
3893440
3893499
3897276
3898213
3898806
3901477
3902422
3902662
3904102
3904229
3904292
3904559
3905148
3905418
3907067
3908667
3913426
3914036
3914810
3917702
3918149
3918785
3921726
3922279
3922597
3925561
3926226
3929495
3931242
3933788
3934975
3935063
3935700
3937511
3938044
3938269
3938660
3938889
3938924
3939473
3939820
3941268
3941603
3941857
3945064
3946754
3947093
3948099
3948776
3949164
3950177
3951106
3952739
3953610
3954070
3956960
3957069
3957451
3959684
3960124
3960296
3962077
3963125
3963383
3965235
3966604
3966783
3969846
3970153
3971569
3971701
3974288
3975613
3976010
3977607
3978612
3980750
3986130
3986263
3987074
3987123
3987532
3988300
3988793
3990800
3990805
3991476
3992626
3992682
3993152
3994266
3995176
3995471
3995597
3996549
3996642
3997752
3999147
4000243
4003494
4004622
4009851
4011398
4012707
4012766
4013254
4013431
4016620
4017296
4017499
4018851
4020486
4020773
4021395
4021929
4022176
4022651
4025617
4025964
4026386
4026458
4027437
4028038
4028646
4028898
4029717
4032252
4032591
4036234
4037106
4037268
4037670
4037745
4038849
4040692
4042132
4042817
4042839
4044591
4046146
4047507
4053181
4054938
4055307
4057672
4058122
4059602
4059976
4060130
4062072
4062561
4063334
4063937
4063997
4064768
4065410
4065438
4066300
4066662
4067362
4069083
4069376
4069929
4070322
4072789
4074047
4075006
4075173
4075439
4075479
4075572
4076181
4076323
4076396
4077595
4077854
4077960
4078346
4078606
4079130
4079656
4079875
4085499
4085526
4086718
4087897
4088217
4088803
4089175
4092069
4092634
4093606
4093714
4093802
4094506
4095118
4095696
4096646
4096862
4097314
4098725
4100198
4101395
4102035
4103562
4104545
4104650
4110041
4110455
4112979
4113646
4114931
4117063
4120972
4121034
4122156
4123103
4123848
4123905
4124591
4125368
4125390
4125908
4126778
4127237
4127855
4129754
4130207
4132156
4133901
4134539
4135313
4136103
4136349
4138368
4139463
4140727
4140742
4143845
4145869
4145943
4150163
4150326
4152723
4152937
4153045
4154652
4156460
4157482
4158440
4158707
4158764
4158905
4162670
4167313
4167961
4169706
4174440
4178918
4179389
4180829
4181427
4181720
4181813
4183416
4183702
4185777
4186331
4186625
4190786
4191816
4192355
4193409
4193938
4194857
4195048
4195699
4196659
4196988
4197853
4198961
4199353
4199713
4199835
4200641
4202373
4202908
4204019
4204962
4205127
4205735
4206320
4206456
4206834
4207047
4207200
4208858
4209990
4210370
4211120
4211223
4215197
4217906
4219592
4219747
4222037
4222061
4224831
4224953
4225383
4227115
4230583
4232557
4232661
4234069
4234640
4235628
4237680
4238190
4241312
4242124
4242765
4243448
4244083
4244619
4245076
4245271
4246409
4246446
4248591
4249134
4249286
4250839
4252838
4253284
4254273
4254671
4254938
4255861
4256050
4256442
4257364
4258614
4261928
4262040
4262500
4262870
4266031
4266614
4266659
4266676
4266898
4267360
4271628
4272989
4274841
4275018
4275918
4277217
4278501
4278685
4281099
4282905
4283031
4284700
4285405
4287207
4287670
4287735
4289745
4290099
4292353
4294774
4295194
4295338
4295926
4296794
4297914
4298835
4299623
4300005
4300363
4300553
4301494
4301715
4301931
4302021
4302119
4302124
4302126
4302699
4304311
4304620
4306447
4307054
4307859
4310168
4310658
4311387
4312628
4313353
4313666
4315009
4315170
4316511
4316710
4316869
4317268
4317626
4318280
4318564
4318577
4321044
4322472
4323723
4326343
4327246
4327622
4327687
4329103
4329314
4329663
4331285
4331388
4333089
4334741
4335194
4337489
4337503
4340509
4340543
4341094
4341176
4342734
4343154
4343708
4345177
4346957
4347985
4348606
4349846
4350332
4351771
4353383
4354698
4355498
4357015
4357062
4359253
4359373
4359757
4359823
4360871
4365242
4365316
4366174
4369697
4369779
4370040
4370204
4372039
4373407
4373983
4373987
4374341
4374879
4375914
4376737
4377731
4378070
4378420
4379630
4381410
4385359
4386409
4387403
4387814
4391477
4391763
4392255
4393610
4396142
4396794
4397012
4397734
4398334
4398888
4399576
4400303
4400431
4401679
4402006
4402238
4402333
4404102
4405281
4405302
4405783
4410245
4410725
4411747
4413069
4414708
4416154
4416907
4416918
4420955
4421125
4422884
4422912
4423585
4423905
4424495
4424678
4425533
4427479
4428436
4429377
4430914
4431614
4432117
4433136
4433425
4433464
4433793
4434075
4436442
4436592
4438054
4438243
4442454
4442912
4442971
4444590
4444885
4447106
4450162
4450612
4450614
4450731
4451909
4452787
4454687
4454714
4455223
4456243
4457652
4458824
4460187
4460424
4461044
4461415
4461708
4463398
4463602
4463871
4464015
4465777
4466286
4466535
4466770
4468103
4468856
4469385
4470125
4471051
4472664
4473701
4474160
4474291
4475725
4478810
4478872
4479243
4481318
4481653
4486923
4487262
4488519
4489107
4489874
4490693
4493443
4493681
4493785
4495004
4495518
4496905
4496940
4497475
4498245
4498572
4499665
4502005
4502028
4502287
4502672
4502905
4503224
4505348
4505965
4507280
4507338
4511241
4512263
4512785
4512984
4514281
4514924
4516548
4516966
4517497
4518460
4519089
4521513
4524557
4526428
4527080
4528608
4528738
4529035
4529073
4530491
4532383
4532461
4532702
4534005
4534213
4536163
4536164
4536988
4537625
4537953
4538697
4539275
4539622
4540639
4540787
4541500
4542247
4542615
4542813
4543902
4544293
4545605
4546632
4546867
4550926
4551302
4552425
4554511
4556572
4560485
4561001
4562474
4562519
4565329
4565730
4566092
4566474
4568980
4574389
4574767
4575886
4576807
4579009
4581160
4583135
4584378
4586891
4587239
4587328
4587703
4588448
4589167
4590396
4591645
4593097
4593522
4593803
4594020
4594129
4594525
4595340
4595703
4596024
4597078
4597400
4597756
4597857
4598097
4598412
4598656
4599768
4599971
4600384
4600982
4601527
4602392
4603254
4603380
4604091
4604822
4604959
4609653
4612352
4613307
4613664
4615574
4616173
4617251
4617489
4618179
4619499
4619719
4619795
4620314
4622608
4623213
4623292
4624368
4625513
4625546
4625630
4626107
4626295
4628779
4632719
4633111
4636674
4637373
4637510
4637539
4637667
4638044
4638321
4639380
4639697
4640901
4641406
4641617
4643446
4643857
4644687
4644907
4644979
4645016
4647972
4649822
4650611
4653989
4657328
4657339
4657395
4661000
4661946
4662815
4663667
4664160
4665631
4666919
4667500
4669001
4669170
4669644
4670123
4670327
4672335
4673583
4674160
4675831
4676639
4678372
4682806
4687199
4687497
4687658
4688359
4690585
4692699
4692849
4693838
4694010
4694230
4694878
4695020
4695128
4696214
4696384
4696969
4697882
4698243
4699245
4700134
4701276
4705739
4706305
4706878
4706930
4708733
4709636
4709690
4711162
4711622
4711800
4711849
4712031
4712196
4712407
4713368
4714156
4714906
4715196
4715406
4718241
4718622
4719289
4720736
4721448
4722000
4722382
4722900
4724484
4728297
4729053
4729302
4731583
4735820
4735858
4737071
4737883
4738149
4738913
4739313
4740813
4741799
4744020
4745525
4747077
4747873
4749528
4750138
4750297
4750695
4751474
4751808
4756013
4760460
4762384
4765031
4765853
4766154
4768977
4769043
4771872
4775876
4775954
4777926
4779330
4780422
4780953
4781365
4781450
4782372
4782374
4782921
4784638
4785041
4785184
4785239
4785935
4787666
4789340
4789930
4790944
4792599
4793420
4794071
4794298
4794806
4795583
4798048
4798081
4798796
4800609
4800657
4802019
4803116
4803513
4803561
4803637
4804174
4804242
4805103
4805277
4805562
4808298
4809179
4810537
4810538
4810780
4810821
4811875
4812410
4813382
4816851
4816857
4818231
4818774
4818782
4819490
4819568
4820231
4821245
4823915
4824458
4824774
4825735
4826165
4826216
4826255
4827436
4827492
4827702
4828234
4830343
4831643
4833782
4835415
4835626
4836294
4837550
4839161
4839773
4840187
4840684
4841016
4841236
4841610
4843418
4844276
4844409
4845306
4845761
4847033
4849141
4849435
4849715
4850297
4853867
4854582
4854661
4855294
4856044
4857456
4857512
4857892
4858892
4859078
4859420
4859726
4861321
4861691
4861754
4861930
4862063
4862153
4862462
4864291
4865864
4867163
4867427
4867513
4871698
4872258
4872636
4873147
4874656
4874791
4877402
4880963
4881017
4881953
4882069
4883145
4883216
4885152
4885938
4886268
4890499
4892669
4897457
4897876
4898024
4900618
4901429
4901708
4902298
4903212
4904843
4905390
4905679
4905850
4907403
4907714
4908052
4908872
4908884
4909040
4910662
4912065
4913424
4913999
4915145
4915485
4917294
4918014
4918656
4919707
4920387
4921587
4924848
4925465
4926594
4927019
4927998
4928801
4929562
4930114
4930411
4931390
4931601
4935520
4937499
4938345
4938653
4946211
4948904
4948981
4950420
4951375
4951951
4953187
4953874
4955118
4956316
4956782
4960176
4960951
4961986
4962517
4962575
4964790
4964821
4967633
4968582
4968703
4969131
4969334
4976071
4976088
4976923
4978393
4978785
4978842
4979082
4980556
4982957
4982961
4983194
4984111
4984545
4984892
4985103
4987548
4988054
4988862
4989150
4990685
4990709
4991588
4993296
4995802
4996422
4996922
4997543
4998388
4998753
4998924
5001466
5003698
5004080
5004161
5004400
5004727
5005851
5005992
5006682
5007245
5008852
5009141
5009304
5010119
5010386
5012808
5013546
5013593
5015096
5015717
5016648
5016857
5019371
5020196
5021144
5021548
5021572
5022855
5023289
5024126
5025739
5026145
5028570
5029156
5030104
5030366
5030751
5031115
5031897
5031941
5033566
5034762
5034907
5035191
5036932
5036997
5037593
5039594
5039820
5040445
5042522
5043086
5043511
5044524
5044917
5045374
5046841
5049094
5049429
5050869
5052087
5052164
5052176
5053220
5056380
5056844
5057051
5057174
5058448
5058610
5059994
5060243
5060536
5062393
5062501
5062741
5063579
5063953
5064007
5067210
5067651
5067934
5071837
5072311
5074311
5074731
5075064
5076297
5076433
5076824
5077437
5077439
5080234
5081338
5082271
5082936
5083655
5083958
5084593
5085259
5086189
5086641
5087420
5087830
5088609
5089279
5091652
5091694
5092894
5093360
5094168
5094335
5094505
5096527
5098311
5098616
5098682
5098704
5100508
5100515
5100720
5102850
5103042
5103579
5104361
5108078
5109356
5109590
5110027
5111243
5112352
5115122
5115441
5119449
5119534
5120809
5121106
5121452
5121551
5121707
5121767
5123095
5123583
5124377
5124571
5125284
5127259
5127373
5128618
5129102
5129310
5129386
5129905
5130723
5131058
5131121
5131511
5131699
5132556
5133843
5135153
5135648
5135689
5136580
5137568
5138128
5138495
5140705
5140720
5141669
5141849
5142289
5143336
5145173
5147120
5147144
5147604
5148869
5153412
5153475
5153884
5154681
5155478
5156962
5157522
5158375
5158457
5158883
5159978
5163329
5163529
5163833
5164727
5166394
5169191
5169727
5169854
5170273
5171008
5172590
5174017
5176215
5176730
5178489
5179868
5180350
5181524
5181834
5182140
5182492
5182890
5183080
5183593
5183621
5184472
5185309
5186553
5186887
5187188
5187623
5187750
5189328
5189369
5189427
5190826
5191207
5191429
5192748
5192945
5193144
5193578
5194277
5194904
5196114
5196787
5197096
5197969
5199325
5200258
5202132
5202928
5204426
5204842
5205238
5206489
5206950
5209134
5209740
5210199
5213349
5214182
5215185
5216814
5217637
5218468
5218497
5219233
5223571
5223758
5226785
5226932
5227546
5227703
5227765
5232225
5232480
5233903
5234570
5234975
5235577
5236126
5236455
5237719
5237884
5238255
5241175
5244581
5248668
5249320
5249673
5249718
5250130
5251663
5253696
5254048
5254054
5254401
5254979
5256041
5256202
5257065
5257604
5259249
5260272
5261111
5262465
5263802
5266031
5267025
5268383
5269051
5269238
5269609
5270902
5271036
5271304
5272342
5273730
5273966
5274026
5274075
5274569
5274926
5274956
5275203
5282218
5282665
5283796
5284647
5284742
5285045
5286261
5288592
5289509
5289798
5290273
5290411
5291580
5294186
5296141
5298311
5298615
5298830
5299067
5299276
5299282
5302369
5302527
5303065
5303601
5304074
5304108
5305444
5307463
5310394
5310488
5312482
5315349
5315586
5315689
5316514
5317078
5318243
5318436
5319386
5320939
5322317
5322890
5322891
5323408
5323704
5325371
5325550
5326393
5327479
5329572
5331688
5331712
5333136
5333193
5333655
5334046
5334978
5336300
5337196
5337923
5340641
5341127
5343010
5344867
5345830
5346704
5347838
5348210
5348792
5348925
5349970
5350136
5350360
5350667
5352236
5352320
5354491
5354769
5355017
5359544
5362221
5362266
5362711
5362844
5364000
5364277
5365184
5365999
5367859
5368407
5368756
5369871
5370408
5370924
5371800
5372783
5373879
5374472
5374970
5375086
5375916
5376519
5379075
5379193
5379409
5379419
5379592
5379968
5383128
5383459
5385511
5386520
5389685
5390279
5390281
5390820
5392632
5392905
5393094
5394296
5394948
5395402
5396791
5399452
5400202
5401122
5402963
5404754
5405598
5406239
5409408
5410069
5410106
5411755
5412910
5413018
5414197
5415925
5417767
5419215
5419438
5419545
5419652
5420568
5421105
5421214
5422181
5424459
5425603
5427163
5427757
5429969
5431482
5432855
5433477
5434094
5435543
5436509
5437221
5438113
5438363
5438582
5439682
5440401
5441306
5442705
5444304
5446296
5447388
5448893
5449040
5450805
5451629
5451959
5453086
5453273
5455631
5455925
5457773
5458168
5458257
5458870
5459079
5459229
5461241
5462962
5464151
5465363
5465635
5465657
5466355
5466684
5467586
5467802
5468758
5470640
5472720
5473263
5473993
5475397
5475624
5475832
5477082
5479647
5479726
5479912
5480210
5480555
5481767
5482079
5482318
5482997
5484427
5485088
5485360
5485722
5487728
5488803
5489182
5489913
5490173
5492898
5494111
5495371
5496012
5496401
5497018
5497717
5498383
5499172
5501209
5502052
5502096
5504122
5505185
5506581
5506924
5507325
5508047
5508065
5510170
5510237
5511718
5511782
5512085
5514668
5514884
5515261
5515502
5516861
5517279
5517315
5518410
5519245
5519769
5519999
5520273
5522077
5523807
5523873
5523931
5524123
5524589
5524722
5528187
5528229
5529641
5529950
5530075
5530697
5531874
5533487
5535457
5535614
5537809
5537828
5539424
5539453
5539519
5539674
5541602
5542064
5542434
5543207
5543255
5543539
5544866
5545089
5546410
5547163
5547537
5547888
5549092
5549623
5550299
5551490
5551888
5552097
5552622
5552691
5554378
5555199
5556277
5557138
5558805
5559803
5561675
5562615
5562919
5563917
5564861
5570715
5571849
5572567
5572926
5573258
5573503
5574514
5574976
5576722
5576888
5577255
5578839
5580807
5581733
5581772
5582040
5583340
5584419
5584433
5585172
5585289
5585920
5587022
5587290
5587885
5591441
5599352
5601839
5602731
5604384
5605789
5607092
5608654
5610826
5612090
5614262
5614453
5615005
5615541
5615760
5616515
5619535
5619796
5620282
5622124
5622728
5625072
5625142
5626071
5626618
5626680
5628008
5628338
5630148
5630587
5631057
5631078
5631941
5632081
5633280
5633560
5633764
5633819
5635228
5635338
5636015
5637547
5640179
5644224
5644943
5646638
5647139
5647613
5647659
5648883
5649804
5651716
5652003
5654643
5656585
5657863
5659320
5660535
5664848
5664932
5665039
5670994
5671762
5672042
5672430
5674330
5674655
5678226
5678342
5680880
5681985
5682013
5686147
5687385
5688840
5689951
5690955
5691312
5691864
5694229
5695838
5697116
5698768
5700103
5702343
5702895
5703422
5704071
5704231
5705447
5706825
5707899
5708831
5710241
5710699
5711020
5712273
5712761
5714656
5716495
5718755
5722275
5722667
5723862
5724152
5725551
5727866
5727965
5728002
5728705
5728811
5731630
5731666
5733006
5733265
5734380
5734401
5736949
5737190
5737280
5737434
5737694
5737736
5739623
5739822
5743280
5746248
5746455
5748602
5750441
5752754
5753008
5753016
5755177
5755352
5755641
5757435
5758263
5759914
5760425
5760982
5763576
5764870
5764927
5765470
5765746
5766743
5767159
5769323
5769386
5772744
5773421
5774681
5776768
5776846
5779996
5782482
5782828
5785430
5786280
5787097
5787195
5787861
5788062
5788116
5791923
5794313
5795356
5796103
5796230
5796918
5796954
5797731
5799641
5800167
5800338
5800923
5801738
5803302
5803431
5804073
5804077
5805105
5805796
5807370
5810017
5811887
5813833
5819331
5819451
5819939
5820044
5822370
5822871
5823752
5824168
5827709
5828387
5829786
5832140
5834174
5838010
5839933
5840218
5842193
5844710
5845611
5847064
5847108
5847352
5847676
5847994
5851465
5853014
5853674
5853707
5853849
5853950
5853957
5854380
5855038
5855273
5856065
5856116
5856277
5856745
5856873
5857178
5857244
5857335
5857912
5858863
5859369
5860234
5860638
5861733
5861747
5862845
5865165
5865791
5866253
5868697
5869122
5869834
5870079
5871784
5872579
5874961
5876134
5876498
5876785
5877930
5878025
5878324
5878961
5879608
5881926
5883658
5888809
5888824
5889503
5890847
5892546
5893698
5894551
5901162
5901487
5901711
5902222
5905517
5906821
5907632
5907822
5907965
5908280
5908717
5909459
5910395
5910956
5911265
5911819
5911978
5912283
5912395
5912584
5914302
5915354
5915877
5917269
5918137
5918522
5919722
5922182
5922611
5923593
5924439
5925600
5925606
5926573
5927150
5927804
5928500
5929148
5931377
5932452
5933763
5933869
5934009
5935356
5935695
5936685
5938922
5939206
5940330
5940434
5941011
5941889
5942449
5942462
5943192
5943409
5944134
5944191
5945250
5946127
5946722
5948265
5948460
5949161
5951221
5951715
5951863
5952172
5952631
5954966
5955617
5956819
5957742
5958380
5958605
5960614
5961093
5963157
5964695
5965328
5965492
5967238
5968207
5969046
5970400
5970703
5971243
5971954
5972009
5973811
5974456
5975091
5979410
5979461
5981116
5982989
5983204
5983991
5984805
5986614
5986977
5987048
5990208
5991597
5993611
5993646
5994371
5994379
5994461
5995978
5997418
5998276
5999249
5999778
6001667
6002209
6002513
6003297
6003946
6004624
6005091
6006196
6006798
6008943
6009417
6010493
6010820
6013661
6014501
6015910
6016077
6017110
6019097
6020045
6022361
6023704
6023716
6023948
6024893
6025042
6026642
6027508
6030230
6030355
6030917
6031551
6031995
6033441
6033490
6034079
6035213
6035783
6037353
6039317
6041769
6042995
6043612
6045790
6045861
6047961
6048837
6049619
6050277
6050851
6052279
6054450
6054606
6056204
6057797
6058527
6061860
6063934
6068559
6071476
6072047
6076473
6077201
6080043
6081102
6082850
6083119
6085097
6086894
6087754
6088520
6091599
6091678
6091743
6098560
6098878
6099976
6101058
6101400
6103113
6104075
6104653
6104672
6105744
6107031
6107516
6107938
6108840
6109126
6113551
6114953
6116911
6117658
6118044
6121673
6123640
6124074
6124725
6125209
6128025
6129005
6129041
6129279
6129855
6130406
6130671
6130871
6131100
6132217
6133339
6134666
6136911
6137569
6139081
6139500
6141049
6142102
6142918
6146539
6146544
6147359
6147601
6147617
6148911
6149360
6151353
6152598
6152707
6155277
6159604
6160213
6162232
6162276
6162945
6167524
6167823
6167949
6169019
6169408
6170533
6171257
6173040
6173650
6174703
6176940
6178594
6178730
6182080
6182140
6183336
6184504
6184538
6184975
6185005
6185087
6185191
6187438
6187576
6190762
6191597
6194492
6194878
6194942
6195115
6195924
6196830
6197347
6198325
6198776
6198804
6198943
6199605
6199838
6200058
6200257
6200889
6202503
6205807
6206325
6206335
6207149
6207287
6207556
6209752
6209917
6212061
6214370
6215271
6216498
6217499
6218025
6219700
6222229
6223498
6224765
6224907
6225003
6227666
6227793
6228552
6229119
6229260
6230884
6232066
6232398
6232437
6233031
6233289
6233296
6233374
6237081
6237869
6238008
6239522
6239623
6240234
6243803
6246893
6247879
6248298
6248722
6249760
6250601
6251038
6253228
6253440
6253716
6256684
6257048
6259941
6260075
6261301
6263074
6263319
6263661
6265884
6265970
6265983
6267129
6269220
6269305
6269909
6271162
6271780
6273077
6273732
6277977
6279671
6280745
6281040
6281674
6281958
6282547
6283003
6286639
6286786
6287215
6288197
6288542
6288768
6289354
6289724
6290172
6290296
6290321
6291972
6292748
6292910
6293756
6297315
6297330
6297593
6298061
6298209
6298677
6299328
6299400
6300605
6300664
6300878
6301297
6301308
6302382
6304710
6304878
6305975
6311315
6311581
6312176
6312912
6314378
6314589
6315703
6316423
6316559
6318135
6318190
6318666
6318724
6319676
6319974
6323118
6325574
6327438
6327592
6328680
6329586
6330019
6330587
6332033
6332051
6333060
6334053
6334149
6334194
6335473
6336358
6337243
6337779
6338140
6338330
6338596
6340999
6341032
6342562
6343661
6344751
6346976
6349069
6349392
6350303
6351226
6351347
6351982
6351998
6353569
6353570
6354602
6356506
6357275
6357878
6360074
6361507
6362007
6363468
6364284
6365277
6366643
6367590
6367850
6368166
6369002
6369656
6369944
6370858
6371421
6372746
6373221
6374440
6374656
6375619
6376358
6378210
6378783
6379053
6380210
6380268
6380547
6380808
6382407
6382851
6382852
6383904
6384456
6385620
6386098
6386336
6386690
6388096
6389939
6390892
6392053
6393092
6394533
6395041
6396608
6399082
6399718
6399815
6400181
6400405
6401256
6405054
6405855
6406307
6406439
6407895
6408227
6408896
6410074
6410499
6411575
6412312
6413133
6414001
6415209
6415680
6416619
6418609
6420763
6421751
6421822
6423295
6424599
6427906
6431725
6432271
6432712
6433454
6435053
6436025
6436073
6436610
6436834
6436905
6437513
6440986
6442122
6445125
6447761
6448275
6448780
6448876
6448983
6451000
6451431
6453596
6457449
6457567
6458489
6458619
6459713
6460999
6461193
6461751
6461908
6462118
6462265
6462376
6462589
6462771
6464131
6464135
6464416
6464875
6466191
6467148
6471276
6471867
6471910
6472839
6473212
6474598
6475286
6475857
6476275
6477872
6477959
6478242
6480065
6480937
6481064
6481443
6481566
6481674
6481752
6483625
6484125
6484242
6485430
6487658
6488160
6488584
6490141
6491663
6492151
6494045
6497126
6497629
6497850
6498175
6498407
6498793
6499714
6500373
6500991
6501052
6501324
6501427
6502196
6502655
6503342
6503360
6504069
6504100
6505608
6506358
6506602
6506693
6506735
6510075
6511213
6513106
6513201
6514065
6514403
6514458
6515098
6515701
6517421
6518098
6518724
6519420
6520377
6521724
6523359
6523805
6526723
6530397
6531906
6532425
6532463
6533047
6533816
6533817
6534312
6537872
6539029
6540683
6541402
6541722
6542783
6544780
6546205
6546310
6546592
6548414
6548462
6548652
6551037
6551388
6554228
6554408
6555102
6555705
6555901
6557794
6559008
6559427
6559960
6559996
6560937
6561106
6561419
6561789
6562459
6562953
6565130
6565665
6566463
6566464
6566940
6568200
6568985
6569289
6569907
6570352
6571580
6572116
6573499
6577482
6577641
6578844
6579475
6583601
6585938
6586215
6586900
6587723
6588211
6588406
6588542
6588949
6589757
6590166
6592755
6592888
6593359
6596873
6597141
6598257
6598424
6600611
6601555
6601818
6601844
6604356
6604756
6606528
6606919
6609255
6609283
6611009
6611598
6612138
6612424
6613068
6613341
6615902
6616292
6617240
6617699
6618526
6619244
6621354
6623832
6624253
6624878
6625122
6625194
6625279
6625436
6625753
6626688
6627455
6628014
6629579
6629692
6631601
6631685
6632007
6632110
6634224
6634544
6635132
6637686
6639025
6639503
6639708
6639897
6640028
6640044
6642318
6643197
6643734
6644694
6646164
6647599
6648908
6649032
6649559
6651391
6652375
6654377
6656854
6659048
6662334
6662698
6662870
6663045
6663100
6664961
6666927
6666985
6667127
6668011
6668907
6668975
6669250
6670618
6671487
6672577
6672711
6672727
6674215
6674277
6674567
6675954
6677082
6677518
6679299
6679432
6679773
6681341
6681893
6683585
6684404
6685988
6686036
6687777
6690598
6690812
6691075
6691973
6692281
6693288
6694175
6694841
6698616
6698999
6700035
6701443
6701731
6704727
6705999
6706248
6706673
6707480
6708041
6709809
6711260
6712498
6715437
6716339
6716472
6717098
6717485
6719235
6719237
6719645
6720581
6721527
6723175
6723904
6723970
6724487
6725722
6726468
6728179
6731716
6733961
6734294
6734463
6737957
6738325
6738545
6738803
6740630
6742886
6743521
6743994
6744406
6744752
6744761
6745354
6748501
6748687
6749242
6750720
6750980
6752268
6752434
6753251
6754346
6756519
6756659
6756931
6757217
6757249
6759565
6760255
6761280
6762071
6763761
6764258
6764828
6764832
6766058
6768781
6770423
6771264
6771848
6772810
6775826
6778175
6778326
6780034
6780451
6781173
6781743
6782012
6782162
6784289
6784325
6784788
6785616
6786113
6786177
6786515
6786569
6786592
6788548
6788589
6788761
6788991
6789332
6789601
6789914
6790267
6790846
6792788
6794875
6795166
6800125
6803336
6805948
6806157
6807342
6807707
6808572
6808919
6811167
6811638
6812785
6813338
6813441
6815390
6815894
6815934
6816083
6816621
6818815
6818867
6820322
6821263
6822052
6822057
6822094
6824292
6825071
6825930
6827637
6828618
6830570
6831460
6832312
6834908
6835471
6836262
6836301
6838192
6838574
6840672
6840837
6840879
6841740
6844064
6844178
6845040
6845992
6846041
6846606
6847473
6848499
6848594
6848768
6848861
6848981
6850292
6851773
6852850
6853217
6853683
6854002
6855899
6858207
6858543
6861842
6862177
6863417
6863681
6864258
6864989
6866352
6867609
6868049
6869614
6870561
6870865
6871596
6872554
6872725
6873201
6875175
6875730
6875969
6876480
6877744
6877778
6878037
6879271
6879350
6879748
6879922
6881073
6883305
6883584
6885145
6885836
6888324
6889899
6890264
6890491
6890518
6894039
6894643
6896456
6899023
6899742
6901469
6903467
6904965
6905064
6906585
6911919
6912853
6914861
6914995
6915349
6915592
6916044
6916710
6917010
6919933
6920377
6920747
6921409
6921965
6924453
6926288
6926372
6926404
6927807
6929441
6935690
6936364
6936488
6937051
6938760
6939971
6940014
6941481
6942305
6944437
6944577
6945153
6945191
6945247
6945510
6947460
6948177
6948881
6952310
6953660
6954416
6956334
6957319
6957964
6958512
6958735
6960056
6960206
6962860
6962878
6962930
6963390
6964160
6965405
6965582
6966455
6966677
6969468
6969507
6971110
6971782
6973369
6973801
6974678
6974710
6974904
6975199
6975944
6976335
6977428
6977461
6984299
6984374
6984600
6985523
6986390
6988077
6988419
6988723
6990960
6993371
6995577
6996043
6996684
6997171
6998385
6999928
7000745
7000844
7002575
7003789
7004195
7004968
7008137
7008455
7008511
7010211
7012309
7012618
7013054
7013233
7013455
7014225
7016155
7017662
7018334
7018829
7019432
7021430
7022518
7023052
7026955
7028550
7028566
7029028
7029764
7029927
7032944
7034464
7034556
7034830
7035089
7035258
7036375
7036901
7037310
7037879
7039755
7039862
7039884
7041658
7042615
7043532
7046750
7046969
7047292
7047420
7049462
7050346
7050347
7051348
7051937
7052076
7052852
7053474
7054399
7054996
7056849
7056983
7059443
7060036
7061115
7061164
7061171
7065409
7066168
7067008
7068973
7070459
7070647
7070899
7071731
7071943
7073453
7074753
7075362
7075439
7078338
7078496
7079165
7082653
7085803
7091349
7092648
7093683
7095552
7097283
7097642
7098182
7101154
7101844
7103419
7107055
7110756
7111947
7112166
7114966
7115704
7116582
7116687
7119795
7120322
7120685
7120886
7122159
7122242
7122602
7122672
7125685
7125858
7126254
7126697
7126713
7126900
7128460
7130744
7130757
7132475
7139370
7140845
7140939
7141012
7142076
7142970
7143634
7144422
7145310
7145448
7145696
7146015
7146747
7147770
7148518
7149638
7150292
7150585
7152116
7153522
7153597
7155004
7156155
7156410
7157047
7157682
7159266
7159995
7160981
7161641
7161805
7163074
7163439
7163506
7164021
7164511
7164552
7164713
7165868
7165930
7166402
7167187
7167439
7167578
7168677
7168943
7170246
7171259
7171342
7173608
7174447
7175240
7176124
7176166
7176641
7176743
7176911
7178070
7178373
7179046
7179357
7180966
7181954
7182679
7182936
7183517
7184072
7185422
7186935
7187945
7189450
7190211
7191168
7191239
7194267
7194743
7195670
7196175
7197083
7197085
7199229
7199645
7200206
7201070
7201596
7202395
7203485
7205445
7206791
7207368
7207377
7208121
7210384
7211050
7215511
7216612
7216983
7217697
7217953
7218511
7218688
7218846
7221493
7225013
7226484
7227092
7227214
7227553
7227893
7229946
7231652
7233004
7233309
7233904
7234811
7235845
7236257
7236899
7237648
7239264
7242500
7242799
7244796
7245186
7245978
7246761
7247127
7248510
7249940
7252566
7254693
7256293
7256623
7257149
7258524
7260084
7260232
7260576
7260881
7264029
7264176
7265750
7267414
7270323
7271369
7271772
7272000
7272090
7272632
7272979
7273418
7273906
7274127
7274686
7275477
7276350
7276998
7277768
7278239
7281149
7282277
7282399
7282740
7285017
7285646
7286515
7287538
7288681
7289789
7290195
7290637
7291247
7292131
7294400
7294440
7294473
7295187
7297696
7299676
7299808
7300103
7300981
7301040
7301672
7302210
7302917
7303514
7303853
7303953
7303955
7305503
7306974
7307267
7308014
7309140
7313162
7313435
7314869
7315819
7316188
7317990
7321202
7324310
7324497
7326806
7329572
7330470
7332420
7332484
7333931
7336748
7337772
7339731
7341775
7342626
7343302
7343883
7345402
7346401
7346837
7347841
7349254
7349381
7350304
7350463
7351991
7352002
7353647
7353721
7353748
7354510
7355903
7355984
7356841
7357066
7357227
7357279
7357992
7358776
7358892
7359297
7360409
7361269
7361676
7361845
7364107
7365267
7366118
7367931
7369347
7369361
7369515
7370072
7370763
7371353
7371840
7372877
7373366
7374217
7376175
7378142
7379803
7379849
7380210
7381865
7382118
7383629
7383720
7384943
7385271
7385315
7385903
7386313
7387609
7388711
7389519
7389931
7390828
7390975
7391660
7393728
7395228
7395615
7396782
7397158
7397952
7399071
7400978
7402432
7402618
7402650
7403311
7405593
7406779
7407338
7408465
7408502
7408971
7412137
7416381
7416953
7420340
7420383
7421921
7427307
7428591
7429126
7429299
7430855
7431084
7431441
7432704
7433170
7433232
7433653
7434658
7437416
7440317
7442239
7442930
7444298
7445744
7446976
7447527
7448192
7449072
7449783
7450023
7450033
7450553
7451623
7454216
7455368
7457422
7457444
7457717
7458705
7458973
7459183
7460040
7460787
7467496
7468029
7468558
7469349
7470300
7474267
7474462
7475230
7475765
7476937
7477164
7477659
7478104
7479946
7481263
7483754
7484452
7485597
7485938
7487371
7487455
7488307
7488369
7488880
7489728
7491406
7491407
7493803
7494400
7495006
7496033
7496778
7497323
7498308
7499230
7499549
7500159
7500700
7501427
7504618
7506027
7506701
7508587
7511522
7511831
7512782
7512857
7514114
7515260
7516081
7516099
7516760
7516964
7517740
7517785
7517841
7517890
7517960
7518285
7525274
7525975
7526495
7528316
7528721
7528723
7529049
7529541
7529552
7530291
7530640
7531712
7532028
7534363
7536948
7539256
7540939
7541063
7541570
7541938
7543930
7546540
7547080
7549624
7550029
7550622
7552119
7553578
7554339
7554365
7554535
7555321
7555383
7555747
7556989
7557180
7558271
7559487
7559839
7561298
7564133
7564645
7565870
7565921
7567467
7568736
7569129
7569934
7576123
7576693
7577105
7577606
7577979
7577997
7578388
7579658
7580348
7580483
7581367
7582490
7584558
7584765
7584965
7585494
7587477
7587884
7588774
7589161
7589565
7590611
7591575
7591593
7592188
7594157
7595196
7595357
7596049
7596628
7596647
7597635
7598480
7600233
7603751
7604450
7608997
7609202
7610812
7610919
7611052
7611243
7611269
7611389
7612633
7613461
7614426
7614601
7615629
7617910
7618167
7619590
7619920
7620423
7624570
7624947
7624964
7625154
7625284
7625448
7626966
7627517
7630019
7631400
7631747
7631907
7633401
7633524
7636497
7638947
7639418
7639909
7642484
7646886
7647400
7648349
7648977
7649652
7650907
7651165
7651322
7652595
7655043
7656376
7657854
7658260
7658748
7660138
7660503
7661114
7662000
7664998
7668282
7669530
7670211
7670536
7670827
7673786
7673789
7673994
7674820
7674849
7675181
7675191
7675471
7677012
7678989
7679085
7680867
7682595
7685601
7687694
7687705
7688868
7689887
7690048
7691105
7693448
7694568
7698507
7699896
7701248
7701383
7702134
7702213
7702236
7704727
7704850
7706594
7708480
7712725
7712951
7713112
7714081
7715833
7717832
7720002
7721952
7723036
7723532
7726257
7726826
7727125
7727760
7727953
7728382
7728678
7728681
7728893
7731436
7732642
7733079
7733482
7733775
7734213
7734645
7735209
7735823
7735913
7739016
7739162
7740721
7740769
7741046
7743236
7744111
7746808
7746823
7749940
7750415
7752501
7752621
7754271
7755254
7755742
7757593
7758266
7758749
7760628
7761269
7761462
7761822
7762141
7762939
7762947
7765242
7766967
7769025
7769192
7769583
7771525
7772231
7774302
7774330
7775009
7775036
7776902
7782635
7783773
7784091
7787413
7789688
7790228
7790565
7791316
7791719
7793349
7795993
7798741
7798976
7799980
7802770
7802810
7806576
7807396
7807653
7808795
7809255
7809621
7809762
7810297
7810949
7814680
7814700
7817435
7817752
7818606
7820312
7820744
7820839
7822157
7822276
7822551
7824032
7824646
7825465
7825824
7829538
7829911
7831087
7831298
7831416
7831637
7832435
7832748
7833161
7833167
7833451
7836303
7838419
7840660
7841499
7841671
7842340
7843476
7844968
7845786
7846938
7848175
7848812
7849815
7849857
7851716
7852338
7852518
7853185
7854707
7855427
7856141
7856362
7856897
7858587
7858965
7859558
7860082
7860540
7860747
7860971
7861168
7863293
7864982
7865297
7868837
7869352
7870607
7872749
7877850
7879680
7880081
7880553
7880862
7881134
7883198
7885082
7885143
7885431
7887907
7888653
7889673
7890153
7891470
7892367
7896890
7897219
7898267
7899909
7899933
7900462
7900565
7900847
7901115
7904957
7906663
7908965
7909123
7913298
7913316
7913356
7914114
7916002
7916223
7916310
7917623
7918506
7919228
7919453
7919783
7920026
7920280
7920905
7921718
7923349
7923367
7924340
7926891
7927568
7929038
7933092
7934196
7934215
7934436
7934648
7935159
7935307
7935669
7936848
7936923
7937791
7938416
7938866
7940190
7942133
7942465
7945163
7945336
7946984
7947122
7947262
7949763
7950107
7950244
7951470
7951615
7951972
7952678
7954871
7955399
7956711
7957476
7957690
7959254
7961087
7963345
7964369
7964503
7965289
7966118
7966480
7968793
7969976
7970248
7971515
7971701
7972051
7972773
7973225
7973358
7974037
7975328
7975845
7975874
7979207
7980031
7980107
7981100
7983286
7983385
7983813
7985406
7985407
7986819
7986950
7988043
7990034
7991854
7993778
7995159
7997504
7997731
7999220
7999867
8000048
8000312
8000934
8002064
8002327
8002494
8003462
8004185
8006663
8007689
8008418
8009581
8010609
8010711
8010767
8011145
8011323
8011874
8013011
8013141
8013686
8014433
8016046
8016627
8017541
8018889
8018929
8021903
8022478
8022642
8022696
8023030
8025023
8027600
8028076
8028596
8030482
8032754
8033228
8033399
8033412
8033777
8033952
8036008
8037961
8039631
8041526
8042070
8042784
8043008
8043557
8043892
8044535
8046439
8046966
8047270
8047722
8051246
8051339
8052372
8052417
8052875
8053694
8054743
8057384
8057580
8057974
8058020
8058263
8058426
8058712
8059691
8059729
8061158
8061530
8063937
8064231
8064774
8065479
8066400
8066634
8066641
8068062
8068174
8069130
8070146
8070229
8072423
8072778
8073122
8073757
8074132
8074970
8074992
8075218
8075269
8076780
8077628
8079774
8080871
8081106
8081647
8082046
8082910
8083060
8084248
8085672
8085792
8086356
8086527
8087371
8087896
8088929
8090709
8091258
8093498
8096341
8096871
8098594
8100072
8100914
8102104
8102575
8103148
8105799
8107307
8108282
8109255
8112646
8113402
8118589
8119785
8120306
8120826
8121561
8122394
8123857
8124444
8125183
8126327
8127546
8129545
8132318
8132870
8133413
8133503
8135992
8136469
8137053
8137202
8137660
8139171
8141167
8141532
8142040
8142677
8143793
8144029
8144113
8144241
8147760
8150960
8151028
8151484
8152902
8153823
8154008
8154042
8154362
8154478
8155054
8156752
8156914
8159896
8161908
8162383
8163838
8164044
8165812
8166326
8166353
8168476
8168644
8169900
8171820
8171916
8172463
8172819
8175254
8177123
8178367
8179005
8179042
8179087
8180003
8182411
8182901
8183998
8184221
8185161
8185396
8186350
8187414
8187788
8188650
8189880
8190272
8190637
8192889
8193981
8194225
8195837
8197974
8199991
8200044
8200386
8200959
8201402
8201433
8202054
8204167
8205508
8206163
8206228
8207407
8208346
8209134
8209957
8211056
8214598
8214917
8215006
8215637
8215736
8218088
8218807
8219178
8220156
8221885
8222799
8223184
8223354
8224261
8224830
8225889
8227380
8227771
8228036
8228779
8228932
8229739
8230118
8230216
8230242
8231156
8231213
8232480
8232808
8235702
8237411
8237571
8237735
8237758
8238608
8238692
8239133
8239277
8240480
8242509
8243273
8244201
8245576
8246387
8248249
8248401
8249532
8251442
8251670
8252196
8253923
8254896
8256681
8256811
8257315
8262078
8262250
8262472
8262537
8262795
8263054
8265321
8265916
8268748
8268793
8270152
8270581
8271410
8271412
8271769
8272168
8273004
8273862
8274140
8275716
8276890
8277411
8277694
8281198
8281614
8282407
8282417
8283057
8283142
8283598
8284984
8286798
8288445
8288655
8289362
8291331
8294354
8295070
8295597
8295987
8296900
8296951
8298389
8299982
8301954
8302030
8302812
8304160
8304361
8305292
8305668
8307192
8307843
8311083
8312853
8313762
8314469
8314701
8315377
8315388
8315765
8316136
8316190
8318260
8319940
8320284
8320410
8322030
8322446
8323392
8323599
8323657
8323746
8327108
8328549
8328968
8330020
8332585
8333812
8334318
8334393
8335872
8335908
8336147
8342527
8342816
8343145
8347305
8347322
8347462
8347551
8348967
8349688
8352090
8353293
8354062
8354174
8355065
8355074
8356641
8357185
8357670
8360828
8360843
8361454
8362336
8362727
8362789
8364901
8365770
8366548
8368772
8368805
8370039
8370138
8370234
8370403
8371658
8372795
8372946
8373446
8373990
8375043
8375497
8376631
8377596
8377952
8378480
8382041
8382205
8382323
8382499
8383756
8386695
8388535
8390316
8391825
8392584
8393728
8393934
8394496
8394572
8394664
8395436
8396121
8396410
8397701
8397868
8398006
8398928
8399120
8399866
8401116
8402655
8404596
8405445
8406212
8407081
8407236
8407846
8408949
8409251
8411584
8413776
8414427
8414768
8414803
8415509
8415689
8417133
8417185
8417688
8418878
8419591
8421062
8421155
8421244
8421367
8422956
8424349
8425938
8426836
8428069
8428143
8428789
8430814
8430959
8431328
8431605
8431711
8432773
8433270
8434486
8435412
8435727
8436229
8437339
8437453
8437743
8438004
8439562
8439948
8440624
8440904
8442067
8446393
8446730
8446998
8447471
8448015
8448565
8449248
8449366
8450230
8450420
8451192
8451598
8452357
8453335
8453428
8456449
8458386
8459380
8459994
8460492
8460669
8460791
8462813
8462903
8464589
8464700
8466293
8466704
8467205
8467383
8468048
8468528
8469938
8470097
8472431
8472532
8474495
8475606
8475921
8477494
8479156
8479296
8482808
8482887
8483334
8483409
8484126
8485028
8486890
8487242
8487303
8490494
8490732
8491386
8491390
8492157
8493322
8495893
8496980
8497579
8497654
8498323
8501015
8501380
8504460
8506367
8508829
8509594
8510034
8510165
8510368
8512364
8513590
8514382
8514524
8514948
8515898
8516459
8516795
8518033
8519603
8522100
8522491
8524031
8524640
8525052
8525085
8525517
8527189
8528113
8529644
8529782
8530181
8532030
8535937
8536514
8537453
8537546
8538514
8539255
8539402
8541669
8541999
8542943
8543387
8544086
8544159
8544576
8549273
8549947
8550223
8551146
8551376
8553455
8556236
8557226
8557269
8557883
8562606
8562648
8563102
8565437
8566299
8566326
8568324
8569433
8571703
8571951
8573009
8573640
8574468
8575857
8576613
8577149
8579739
8580082
8581564
8581973
8583140
8584457
8585608
8586426
8587666
8588243
8590474
8590801
8591287
8592659
8593367
8593963
8595580
8597574
8599109
8600066
8600138
8603656
8604431
8606818
8610736
8611133
8613980
8614665
8617737
8617804
8618029
8619087
8620978
8622310
8622962
8624614
8624724
8626975
8626988
8628347
8630102
8630130
8630171
8630180
8630429
8631439
8632549
8634053
8634435
8635714
8637296
8639658
8642919
8643979
8645003
8645562
8645686
8646053
8646640
8646750
8648376
8649187
8649829
8650307
8650970
8651738
8652181
8653156
8653810
8654805
8655476
8656130
8656409
8656790
8658384
8659839
8660040
8660103
8660634
8665258
8665384
8666105
8667306
8668792
8669532
8670159
8670931
8671317
8672071
8674901
8677140
8677280
8677305
8677671
8678267
8679406
8680300
8682276
8682943
8683872
8684246
8686222
8686819
8687621
8688163
8688384
8688390
8689188
8690611
8693146
8693247
8693449
8693564
8695443
8695776
8696720
8697644
8698768
8700097
8700169
8700636
8700737
8700973
8704815
8705893
8706787
8708106
8708602
8708852
8708859
8709810
8710055
8711530
8711912
8712059
8712116
8712406
8712726
8712796
8712999
8714314
8714544
8714594
8714687
8715037
8715469
8716825
8717432
8717460
8718523
8719518
8719710
8719861
8721061
8721648
8722667
8723347
8724621
8725100
8726708
8727109
8727544
8727603
8730476
8730983
8731084
8731500
8732268
8732746
8735525
8736124
8738610
8738652
8739350
8742266
8742943
8745210
8745503
8747276
8747895
8747964
8750614
8750853
8751104
8751734
8751744
8752333
8757138
8758617
8760440
8760471
8761338
8761755
8761859
8762279
8762938
8762939
8763860
8764783
8765485
8765504
8766079
8769467
8771019
8772712
8773310
8773781
8773930
8776055
8777148
8778523
8778619
8780268
8780834
8781619
8782531
8784684
8785206
8786164
8787149
8787395
8788400
8789578
8791255
8792561
8792917
8793043
8793190
8793981
8797844
8799350
8804852
8806064
8806857
8807219
8807506
8808873
8809511
8811384
8812365
8812969
8813292
8813555
8814310
8815107
8815582
8816417
8817481
8821072
8822932
8823528
8825235
8825455
8826737
8827911
8828205
8828407
8829054
8831460
8831783
8834051
8836570
8836603
8837080
8837128
8837178
8837939
8837982
8838402
8839183
8839561
8840615
8842223
8843751
8844683
8845341
8846550
8850562
8852155
8852400
8852699
8853061
8854185
8854801
8856887
8857645
8858561
8858939
8858990
8859639
8860244
8861448
8862098
8863084
8863854
8864065
8866156
8866489
8866905
8869030
8871257
8871391
8873738
8876057
8878557
8878607
8880702
8881243
8881246
8882620
8883275
8884162
8884598
8884730
8885378
8886665
8887414
8888863
8890843
8892484
8893050
8894999
8895188
8896349
8898004
8898146
8898241
8898383
8899825
8900693
8901329
8901662
8901810
8902312
8902531
8902818
8903157
8903330
8904887
8907813
8908946
8909476
8909933
8911389
8912701
8914045
8914148
8918120
8918432
8920143
8920308
8920523
8921076
8921431
8924609
8925714
8927144
8929915
8930331
8930884
8931010
8932373
8932956
8933835
8936245
8939775
8941225
8942032
8943035
8943468
8945266
8945785
8945791
8946319
8946600
8948591
8949729
8950576
8951300
8955989
8956537
8958075
8958896
8959470
8959894
8960590
8961058
8961345
8963040
8963269
8963706
8964067
8964921
8966533
8967089
8967619
8968177
8968654
8969040
8969213
8970449
8970832
8972517
8972997
8973827
8975462
8975739
8977168
8980090
8982403
8983161
8983209
8984081
8986084
8987257
8987974
8988179
8989305
8990324
8992437
8992520
8993498
8994456
8995112
8995550
8995959
8996126
9002229
9002635
9003037
9003354
9004337
9004635
9004745
9009440
9010033
9011368
9011493
9012018
9012866
9013699
9013741
9013923
9015701
9019160
9020974
9022507
9024413
9024878
9026726
9028318
9029090
9029439
9029934
9031604
9033135
9034387
9034710
9035159
9035766
9036294
9039155
9039238
9040218
9041644
9044557
9045399
9045810
9046181
9047130
9047418
9047724
9048600
9050525
9057694
9058221
9058668
9058727
9058822
9059420
9061196
9062370
9062548
9062696
9063291
9064340
9065158
9066431
9067343
9067355
9068343
9068489
9069499
9069560
9072797
9074164
9076265
9077930
9078212
9078633
9080822
9082120
9082322
9083669
9084627
9086563
9086619
9087113
9088381
9088470
9091849
9092023
9094046
9094315
9095336
9095607
9097299
9097875
9098679
9099412
9100761
9100981
9102438
9103385
9105829
9105929
9107175
9109024
9109598
9109607
9110376
9113015
9113485
9115626
9116064
9118160
9119197
9119698
9119918
9120640
9123264
9125136
9125162
9125367
9125553
9126715
9127204
9128302
9130183
9130495
9132419
9133039
9134153
9135298
9136866
9139971
9141875
9143701
9144430
9144760
9144953
9147481
9149759
9150994
9151822
9152292
9152396
9153602
9154701
9154746
9156241
9156877
9156917
9158723
9159399
9162198
9162675
9163112
9164613
9164632
9169846
9170331
9171993
9172511
9173327
9173684
9174173
9176053
9177123
9177352
9180099
9180636
9182000
9182406
9183035
9183559
9184561
9187462
9187808
9187883
9188351
9191658
9196000
9196540
9197243
9197775
9198642
9199212
9199236
9200161
9200183
9200501
9202285
9202525
9202617
9202931
9203373
9203946
9206550
9207199
9207767
9208838
9210388
9210936
9210975
9211051
9211187
9211242
9213577
9214806
9215569
9215695
9215713
9215970
9216487
9217119
9217908
9218184
9219636
9219921
9220858
9221441
9222812
9223235
9225437
9226014
9226711
9226814
9227118
9229012
9229710
9230864
9231281
9232570
9233424
9234124
9235323
9235608
9240622
9241591
9243102
9243935
9246118
9247780
9248628
9249107
9249373
9249934
9250444
9250655
9251606
9252299
9252616
9254169
9256813
9258215
9259653
9260211
9263767
9265412
9265587
9268032
9268253
9268257
9272936
9273912
9273995
9274254
9276114
9278134
9278817
9279595
9280713
9281973
9285530
9286239
9289392
9289444
9289552
9291363
9292271
9292288
9292302
9295635
9297410
9297472
9298713
9299306
9299309
9299625
9299712
9300041
9300089
9300597
9301366
9301442
9302535
9305541
9305728
9308909
9310207
9314482
9316072
9316656
9317350
9317716
9320431
9323535
9323854
9324468
9325823
9326663
9327783
9328842
9329501
9330272
9330739
9330842
9331033
9331048
9331544
9331653
9332304
9336332
9336794
9337671
9337782
9338097
9338114
9340417
9340506
9340800
9344473
9344497
9344803
9345251
9345874
9346583
9347236
9348387
9348895
9349411
9351094
9351098
9351337
9352730
9352988
9353502
9355837
9356196
9356837
9357413
9361025
9361568
9361982
9362023
9363209
9363389
9364411
9365533
9366173
9366232
9366573
9367787
9368976
9371365
9371636
9373190
9375310
9375987
9379814
9381724
9382724
9383935
9384058
9385574
9386651
9387562
9388661
9390043
9390377
9390797
9390887
9391542
9391681
9392573
9392605
9393755
9393962
9394029
9394317
9397097
9397820
9398488
9399430
9399790
9401437
9401962
9402202
9402416
9403134
9403147
9404514
9404595
9406101
9407260
9407955
9408871
9409748
9410030
9411226
9411541
9412178
9412506
9413329
9413948
9415085
9418918
9418961
9419476
9424220
9425392
9427365
9428275
9428625
9430963
9432298
9432841
9433096
9436272
9436870
9437736
9438020
9438915
9439598
9441391
9442288
9442500
9444412
9444482
9444608
9445951
9446228
9448766
9450691
9451837
9452599
9454867
9455165
9455229
9458322
9459592
9461838
9462279
9465282
9465908
9466550
9467685
9468984
9470040
9470349
9470562
9471102
9472156
9474049
9474698
9476579
9478160
9478970
9479871
9480576
9483193
9483944
9484764
9485044
9485391
9485560
9486955
9487647
9487760
9491029
9491930
9493670
9494697
9495517
9495676
9495734
9495972
9497736
9498600
9499309
9500686
9505910
9506303
9506396
9507560
9508178
9509393
9509539
9509713
9509955
9510525
9510608
9510983
9511089
9511112
9512842
9513317
9513468
9514037
9514459
9515000
9516378
9516873
9517069
9519187
9519394
9519652
9521723
9522109
9523580
9524097
9526093
9526652
9527859
9528921
9530518
9530606
9530647
9531250
9531301
9531376
9531770
9533623
9533810
9534103
9534334
9534433
9535149
9535722
9536652
9540670
9541269
9542203
9543527
9545073
9547297
9549825
9551204
9552134
9552581
9552812
9552939
9553073
9553369
9553584
9553887
9555086
9556564
9556730
9556769
9557257
9557561
9557757
9558096
9558891
9559220
9559502
9560310
9561267
9562196
9564283
9566688
9567104
9567361
9567847
9569788
9572074
9572867
9573561
9574418
9576387
9576836
9576896
9578431
9579007
9579358
9579756
9579845
9583360
9585676
9586111
9586543
9586662
9587008
9588035
9589045
9589274
9592012
9592846
9592999
9593738
9595690
9598044
9598298
9598872
9601344
9601484
9603497
9603853
9604394
9604402
9605451
9605751
9605760
9606798
9607409
9610543
9610644
9610948
9612323
9615436
9615597
9617592
9620694
9621011
9621875
9622599
9622706
9624813
9625000
9625299
9628743
9629606
9632091
9633201
9634026
9636719
9637616
9638619
9638641
9639038
9641500
9642271
9642586
9643324
9643499
9643788
9645377
9645739
9646159
9646633
9648082
9650863
9651814
9653358
9653413
9653852
9654567
9656196
9656955
9658160
9658394
9660238
9660766
9662206
9663621
9664951
9665401
9665552
9666022
9666192
9666479
9669357
9670491
9671665
9673879
9675228
9676637
9677125
9678075
9683208
9684725
9687207
9688908
9689102
9691536
9691568
9692567
9694170
9694833
9695800
9697740
9698792
9698968
9699621
9701673
9701880
9702011
9704443
9706034
9706974
9707874
9713250
9714013
9715507
9716063
9717517
9718176
9720131
9720510
9720833
9721806
9723080
9729331
9730076
9730947
9731970
9734663
9736158
9737699
9739567
9740624
9742009
9744987
9745414
9747735
9750979
9751973
9753387
9754903
9756436
9756580
9757846
9758410
9759784
9760908
9761611
9765877
9765997
9767291
9767925
9768784
9769147
9771571
9776617
9781653
9782852
9784405
9784407
9784760
9785041
9785356
9785406
9785876
9790886
9791718
9792078
9793992
9794652
9795010
9795543
9796933
9798057
9799573
9799981
9801225
9802813
9802892
9804579
9805523
9806135
9807742
9809688
9811139
9811522
9812931
9812949
9812959
9813572
9814317
9814927
9815619
9815684
9817627
9821915
9822768
9823238
9824249
9824810
9825804
9828034
9828151
9828907
9830256
9831083
9831751
9831958
9832230
9833771
9833995
9834218
9834555
9834583
9835227
9836466
9836891
9837950
9838375
9840090
9841067
9841238
9843884
9844367
9846486
9848101
9848352
9849055
9850135
9850295
9850740
9852576
9852594
9853836
9854794
9854972
9855111
9857770
9858258
9859675
9860006
9861571
9862551
9863217
9863342
9865832
9867529
9868910
9871159
9871229
9872450
9873093
9873757
9873933
9874820
9874902
9876472
9876523
9876689
9880066
9880128
9881169
9881717
9883174
9883207
9883567
9884101
9884659
9886415
9888197
9889085
9889794
9890585
9892315
9892420
9893198
9895812
9896191
9896420
9896557
9897261
9899614
9900557
9901677
9903033
9903363
9903565
9905073
9906035
9908875
9911516
9912383
9914020
9914335
9914800
9918430
9920086
9920098
9920557
9920955
9924848
9924873
9924937
9925467
9925826
9927072
9928588
9931410
9935990
9937318
9938109
9938465
9938723
9939473
9939862
9940109
9940294
9940375
9940385
9941027
9943972
9944156
9946155
9946175
9946268
9947137
9947778
9949346
9949887
9950408
9950442
9950457
9950959
9951244
9951441
9953169
9953747
9954990
9956194
9956763
9958160
9958638
9959378
9959762
9959919
9960849
9961820
9962036
9963712
9963824
9963913
9965303
9966516
9969204
9970515
9971605
9973369
9973379
9974947
9976132
9977038
9978024
9979623
9982172
9982288
9982471
9982568
9982613
9982708
9984303
9984606
9985790
9986184
9986589
9991306
9991636
9992439
9997471
9998153
9998251
9998691
