1862
2160
4820
6969
7870
8476
9233
9335
9520
9572
10039
10237
10344
12237
12426
13378
13424
13937
14959
18328
19936
20456
21788
22617
22857
23545
24940
28028
28400
33013
37673
38131
38238
38353
38972
39750
40325
40566
40613
40817
43161
43807
44289
44313
45537
45990
49009
49233
49717
51247
52013
52324
52733
53137
54021
57234
59244
59400
60288
60349
60728
64527
64771
64816
65469
66476
68017
68545
72075
72277
72421
72707
74862
76453
76564
79214
83700
84605
84754
84838
85723
86530
86980
87186
89160
90505
91642
92934
95141
95892
95972
96771
96918
97349
97708
102987
103624
105031
105444
106745
107339
107621
107736
108215
110259
110618
111571
112177
113060
114800
114850
115246
115396
115790
115942
116686
117085
119123
119636
120291
120928
122399
125429
126638
129022
129041
129266
129692
130921
131422
131665
131945
132101
133749
134568
134858
135159
135187
135329
136367
137086
138242
138478
138908
139201
141109
142671
143087
143455
143576
144316
145811
146684
147772
147827
148467
149258
149265
150408
150566
153522
155818
158842
159010
159381
161074
161173
161366
164376
165118
165712
167096
167777
167806
168891
169527
171485
172680
176184
176947
177708
177983
177990
178763
179787
181130
183967
183999
186301
187134
189851
190287
191164
193417
193665
194080
195998
196028
196429
197230
198281
200089
205304
205405
206804
207044
208107
209195
209811
213313
213368
213811
216242
218755
218900
219109
219337
219342
219655
219677
220063
220192
221709
222034
225313
226663
227677
228954
229946
230623
231061
232732
233749
233969
235035
235473
235759
237471
237801
238248
238559
243656
244808
247036
247517
248774
249681
250609
250645
251676
252256
252885
253216
253571
254585
256095
256531
257628
259559
260158
261097
261173
264420
265097
267462
268326
268746
269376
270777
271422
272561
274156
275034
275151
275275
275662
276168
276581
276846
278299
278346
278380
279851
281269
283959
286006
286534
287912
288794
288836
289062
290200
291657
291928
299010
299545
301706
302190
304382
304558
305465
307172
309365
309803
310828
314262
315077
316982
318000
318421
318794
320881
321487
322595
324893
325034
326319
326984
329012
331300
332079
333302
335295
335561
337655
338946
340074
340927
341500
341563
345698
347787
348813
350590
350681
352274
352659
352721
353139
353453
353815
353894
354624
355107
355224
356350
356411
356560
357402
358009
359032
360885
360924
364472
366159
366329
367142
372060
372245
372703
372744
372983
374073
377788
377938
379167
379451
379635
380615
382791
382839
383083
384297
384872
385420
385804
386181
386355
387914
389207
389741
389784
390961
390965
391253
391362
391789
392706
392860
393864
394476
400185
401297
404688
406005
406885
407961
409224
409529
410104
410132
411106
411994
412491
414923
417157
417214
417762
417979
419718
420465
421760
423569
426333
426549
428518
428937
428975
429251
429436
432642
434218
435566
437041
438974
439875
441926
443173
444314
445482
446106
446158
447401
447803
448215
449896
450626
451145
454232
455760
456357
456850
457619
458550
458745
460394
462210
462294
462709
464856
469713
469935
469968
471236
473016
476566
477347
477495
477505
479716
482800
484175
485465
487243
487957
488852
490736
492651
494530
495675
496868
498763
499085
499639
499726
499977
500074
500859
501145
501458
502534
502912
503550
505400
507910
509753
511592
511644
511807
511863
512258
516335
517231
517950
519036
519254
521016
521406
522391
522896
523075
523377
525195
526209
526340
528089
529026
530020
530534
532968
535374
535952
536542
537104
537913
541721
543043
544151
544250
545548
546534
546993
549184
551924
552784
552852
553318
553500
553725
555097
556936
557390
558660
559304
559606
560103
560580
560900
561389
563443
565045
565337
565782
566216
566236
566259
566407
567268
567716
571002
572269
574295
574803
576573
576913
578125
578694
581935
583740
585764
585846
586243
586544
587236
588172
589654
590521
591363
592022
592380
593188
593605
594818
594984
595360
595399
595496
596974
597571
600380
600670
601686
602229
607125
610313
611205
611280
611393
612307
616689
617399
617663
618974
619628
621368
621495
624488
624540
625175
625401
627270
629455
631522
631946
631969
632344
632536
632557
636363
636717
636728
636982
638017
639157
641413
641632
642853
643841
645726
645848
646048
646804
647991
649168
649947
650664
651958
654941
656591
657143
657446
658359
659442
659664
659839
660881
661029
661394
664599
665008
666190
667673
669930
670060
671334
671990
672051
674307
674591
674657
676453
676492
677742
678052
679267
679894
683345
683566
683595
683951
684270
686238
687112
687892
687960
688251
688671
688770
688906
689531
689729
691195
692882
695656
695801
696157
696219
697424
698608
698832
702412
704412
705161
708197
709067
709401
711110
712907
714298
714916
715012
715674
715846
716023
716222
716409
717594
717746
717991
718001
721046
721622
725203
726898
728408
729541
729621
729954
730393
730761
732505
732740
733649
734769
736347
736831
737422
738296
738758
739267
739555
740444
742953
743543
744201
747491
747638
748818
749047
749214
749495
749611
749825
752559
752967
753059
753105
754661
754973
759077
762705
763483
763498
764765
765042
768100
768697
768783
770264
770486
770701
771270
771643
771791
772216
772380
773294
774686
776129
776788
776894
777594
777762
777990
780363
780802
781290
781410
782618
782769
785157
785585
785988
786708
787935
787944
789043
789900
789913
790980
791402
792473
792650
792769
795521
796881
797955
798941
798951
799194
799724
800691
800988
801591
803388
803897
806204
807310
807920
808722
816517
817034
818047
819139
821693
822923
823204
824759
826003
826606
827583
828613
829459
829709
831610
832981
833394
834056
835441
836103
838680
839098
842398
843133
843162
849028
849056
849656
855539
856011
856512
858081
858807
858812
859080
859226
859610
861305
861353
861995
862239
863260
863264
863797
865104
867084
867494
867720
868418
868679
869026
869907
869917
870207
871675
872016
872812
873920
875005
876913
877075
877384
878890
879275
883191
885762
886050
886626
886715
886740
887611
888592
889136
889382
890840
892524
893333
893429
893846
896353
899174
899826
899837
901210
903572
904006
904024
904823
904841
904937
905404
905564
905572
907164
907403
910013
911597
912282
914011
914137
915510
915771
916327
916849
917561
919435
920402
921407
923041
923346
924636
925701
926571
927143
928015
928889
928920
931323
933020
934143
934233
934789
935645
936324
937037
937241
937284
938177
939013
939173
941398
942309
944689
945440
947324
947734
947915
948255
948406
948722
949038
949835
950368
950370
950522
951452
956576
956631
957026
957335
957528
961382
961395
961478
963247
963266
963365
963928
964611
964927
965071
967093
967120
968830
969653
969964
970209
970635
970994
971064
971082
974393
974471
974919
975970
977007
977229
977720
978672
978722
980276
981184
981283
982721
983845
984214
984298
984450
985684
986722
988975
989260
990991
993629
994262
995402
995472
997983
999943
1000023
1001637
1003698
1005524
1006859
1010095
1011124
1011921
1012823
1014072
1015145
1015719
1016395
1017687
1017723
1017732
1018369
1018610
1019964
1020307
1020657
1020827
1021798
1024388
1024927
1025026
1026172
1026223
1026309
1026626
1027052
1027252
1027937
1028207
1028695
1028809
1029189
1029782
1029913
1031043
1032801
1033496
1033891
1034092
1034385
1036857
1037542
1039755
1041394
1041545
1041631
1041713
1043765
1046406
1046409
1046652
1047181
1047580
1048010
1048989
1049740
1049782
1051882
1053067
1053866
1055634
1056593
1056751
1057377
1057407
1059785
1059966
1060447
1061480
1061742
1063216
1063508
1066028
1067217
1069966
1070774
1074022
1074324
1074607
1075775
1077579
1077583
1080203
1080845
1081376
1081616
1083108
1083746
1084248
1084983
1087372
1087604
1087847
1087927
1088674
1089468
1089654
1093121
1093743
1094787
1095797
1095825
1098228
1098431
1101982
1105278
1105496
1107576
1109447
1109480
1110241
1111241
1111855
1112917
1113538
1114212
1114316
1115518
1116420
1118065
1118247
1119269
1120147
1120173
1124350
1125368
1128607
1129004
1131983
1132343
1134836
1135800
1135986
1138269
1138680
1138912
1139227
1139828
1144764
1146533
1146780
1147750
1148422
1148944
1150477
1150478
1151371
1151372
1152216
1152884
1152919
1153377
1153614
1153730
1157288
1157659
1158762
1161461
1162003
1162688
1163495
1163879
1163909
1165416
1166536
1167395
1168227
1168851
1169365
1170007
1170015
1170226
1172607
1176285
1176403
1178607
1179975
1183086
1185139
1189224
1189910
1189922
1190218
1190330
1195888
1196835
1196879
1196958
1197386
1198116
1199574
1200103
1202662
1206585
1209522
1209856
1210341
1210655
1210767
1211440
1212711
1212917
1213308
1213521
1214093
1215712
1215763
1217074
1218002
1218134
1219640
1219865
1220762
1221867
1223612
1223777
1225503
1227203
1227792
1229304
1230553
1231177
1232269
1234309
1234369
1235585
1237455
1237693
1237730
1238207
1238552
1239084
1240427
1243289
1243368
1246622
1247002
1248586
1249127
1251874
1252606
1252720
1253267
1253885
1254206
1254611
1255032
1256351
1256736
1258402
1258832
1259231
1260452
1260721
1261472
1262893
1263068
1263722
1263785
1265405
1266831
1267592
1268163
1268277
1269778
1270321
1270498
1273658
1274056
1274246
1274465
1275184
1278668
1278737
1280902
1280905
1280942
1284702
1286066
1287682
1287908
1291093
1291145
1292924
1294357
1294991
1295821
1296082
1296344
1298145
1298403
1299904
1300346
1300449
1301792
1302899
1304444
1304869
1305055
1305297
1306641
1308013
1308886
1310190
1310547
1310645
1312297
1312686
1312757
1314809
1315699
1319614
1319657
1320023
1320617
1320757
1323149
1324279
1326029
1326702
1328442
1329379
1329471
1330580
1331847
1331859
1332294
1332414
1334573
1334639
1336357
1336415
1338020
1339628
1339904
1340837
1341260
1341996
1343773
1344459
1346215
1347459
1349244
1351393
1351919
1352154
1352829
1353482
1353553
1354391
1354927
1355268
1357361
1357637
1359769
1360803
1360885
1361105
1361134
1361284
1363180
1363911
1366627
1367075
1367402
1367873
1369488
1370246
1373159
1375564
1376033
1376212
1378176
1378879
1379399
1379762
1381553
1382446
1383188
1383557
1383643
1383972
1386008
1389573
1390546
1390876
1391026
1392916
1393926
1394299
1394840
1395776
1396535
1397114
1398548
1399107
1399287
1400008
1401703
1407400
1407952
1408179
1409164
1409209
1410632
1410826
1411013
1411906
1415366
1416352
1416490
1417828
1418575
1419027
1421309
1421921
1421948
1422065
1422295
1422498
1422657
1422735
1422855
1422954
1424840
1424901
1425804
1426418
1426452
1427011
1427666
1428486
1428529
1428682
1430032
1431678
1434396
1435271
1435378
1437703
1438055
1438284
1441147
1441436
1441530
1442736
1445397
1448977
1449299
1451364
1451497
1453624
1455984
1456833
1458011
1458447
1458488
1458858
1459683
1460487
1460519
1460799
1460823
1462512
1463072
1463602
1463690
1464476
1465017
1465409
1465577
1467035
1468102
1469179
1469294
1469778
1470829
1472205
1472516
1474083
1475095
1475540
1476539
1477072
1477325
1477718
1478753
1480674
1485631
1487579
1487817
1488063
1491392
1492500
1493071
1493133
1493516
1494242
1496378
1496408
1497482
1500159
1500388
1501379
1501650
1502118
1502166
1502426
1503878
1504025
1504332
1504510
1505334
1505562
1507585
1508832
1508880
1509035
1514112
1514623
1515483
1515546
1516596
1516602
1517530
1518428
1520645
1520774
1524152
1528594
1529329
1533037
1533161
1533532
1534113
1534852
1535229
1536401
1536759
1539758
1540438
1540930
1540957
1541313
1543777
1545125
1545753
1546849
1547093
1547311
1547629
1547953
1549743
1550545
1550700
1551330
1551565
1554129
1555641
1557490
1559502
1559795
1560555
1561911
1562204
1562298
1563544
1563886
1566255
1566823
1566826
1568869
1569172
1569454
1576018
1576850
1577049
1577066
1578712
1578991
1579302
1580075
1580154
1581588
1585740
1587700
1588587
1588847
1588894
1590776
1591876
1592700
1593914
1595437
1598330
1599012
1600159
1600621
1601510
1602275
1602330
1603260
1603405
1603548
1605839
1606017
1609087
1609606
1612152
1612156
1613894
1614119
1614151
1614403
1616542
1616815
1617041
1618618
1620522
1620770
1622680
1625096
1625547
1625775
1625980
1626603
1627704
1628163
1629158
1630733
1631453
1633539
1635161
1635177
1637172
1638786
1639957
1640143
1640465
1640674
1640962
1641183
1641321
1641428
1642206
1642389
1643124
1643252
1644436
1644824
1646189
1647382
1648015
1648341
1648425
1649505
1649919
1652444
1655362
1655562
1655787
1656012
1656383
1657280
1658904
1659464
1660392
1661237
1661746
1662385
1666779
1667764
1667795
1668000
1669448
1670554
1670579
1670666
1671071
1672644
1673005
1674003
1674308
1674603
1675472
1678207
1680461
1684422
1684801
1690215
1692151
1693180
1693401
1694665
1695030
1696376
1696752
1697125
1698354
1698955
1700244
1701530
1704361
1706630
1708073
1710213
1710700
1711646
1712129
1712349
1714518
1715244
1715322
1715970
1716312
1716904
1719619
1720460
1722337
1723634
1724193
1725086
1729479
1730485
1732049
1733664
1734206
1735109
1736504
1738116
1738403
1740038
1740401
1741307
1741639
1741727
1742211
1743158
1745368
1745565
1746183
1747344
1747386
1748372
1751229
1751489
1752343
1754768
1755056
1756643
1757199
1757920
1760469
1760849
1761504
1761611
1761760
1762184
1763211
1764167
1764974
1765704
1766587
1767250
1768304
1770178
1771046
1771209
1772913
1773161
1773648
1773932
1775547
1776142
1777302
1778690
1779177
1780227
1780368
1782661
1783115
1784991
1787134
1788520
1788911
1790946
1791040
1791447
1792572
1793111
1793349
1794430
1795594
1796805
1797752
1802187
1803416
1804016
1805337
1805459
1805764
1806535
1806742
1807191
1808163
1808293
1808769
1809400
1809468
1810016
1810316
1811297
1813006
1813220
1813756
1814253
1814306
1816043
1816837
1816872
1817068
1817437
1817443
1817981
1818191
1818680
1819613
1820435
1820472
1820596
1820614
1821315
1821456
1821678
1821704
1823582
1826596
1827099
1827653
1828019
1829339
1830900
1831856
1834439
1836056
1836524
1836777
1837713
1838871
1839392
1840059
1840162
1840866
1840950
1842198
1842490
1844186
1844587
1846102
1846538
1846738
1847330
1848824
1850680
1853260
1854001
1854331
1855203
1855951
1856334
1856632
1857548
1860346
1860501
1860756
1861907
1862508
1862874
1863039
1867133
1868212
1870878
1871636
1871718
1871984
1872660
1873110
1873424
1873706
1874638
1877808
1878337
1878848
1879004
1879228
1879289
1880413
1883419
1884151
1884197
1884208
1884938
1886420
1886760
1887651
1888207
1890059
1890100
1892219
1892641
1893117
1897712
1899272
1900633
1901483
1901943
1903130
1903384
1905793
1907888
1909639
1911546
1912546
1912644
1913024
1913173
1914324
1914806
1914943
1916819
1920627
1921520
1922541
1922754
1923730
1923785
1924089
1924164
1925036
1925760
1926058
1926258
1926513
1927863
1930450
1930459
1932189
1932995
1933319
1933696
1933768
1933826
1936836
1937496
1937882
1940593
1941689
1946327
1946462
1947219
1947832
1947948
1949155
1949266
1951718
1952099
1952588
1952621
1952746
1952789
1954853
1955446
1956186
1957048
1957376
1957681
1959003
1959226
1959493
1959611
1962462
1964673
1964736
1964806
1966382
1966901
1970255
1971687
1974294
1974661
1975258
1976059
1976385
1977375
1978479
1979347
1979461
1982730
1984036
1985930
1986664
1986710
1987312
1988404
1990785
1990922
1990990
1991795
1993473
1993792
1994189
1994770
1995076
1997361
1997465
1998754
2001300
2002657
2002769
2005507
2006708
2008404
2009009
2009122
2009236
2009449
2012146
2012528
2012875
2013201
2015600
2015759
2015947
2018881
2019877
2022562
2022937
2023098
2023559
2024810
2025590
2025655
2025897
2027481
2027787
2030309
2030590
2030710
2033129
2033781
2034551
2034946
2035000
2035811
2036909
2039051
2039842
2042485
2046499
2048533
2050052
2051907
2052545
2053300
2054987
2056191
2056435
2058895
2059093
2059130
2059384
2060232
2061919
2062369
2063171
2065608
2066150
2067322
2068310
2069142
2069286
2069753
2070320
2070685
2070768
2071315
2073738
2074150
2074775
2075418
2077203
2078229
2078615
2083536
2084308
2085799
2086744
2088348
2092469
2092963
2096961
2099110
2099227
2100966
2101592
2103558
2108169
2108394
2108435
2110219
2110273
2112214
2113971
2113974
2114682
2116180
2118989
2120975
2121587
2122177
2123485
2125250
2125574
2129294
2130617
2134151
2135230
2135491
2135953
2137061
2137326
2137420
2137491
2139989
2140246
2141730
2142284
2143055
2144222
2144881
2146171
2146189
2146321
2146623
2146846
2147346
2147413
2147839
2150661
2151697
2152314
2153683
2153956
2154984
2155665
2157856
2158517
2159116
2159662
2159738
2160686
2160941
2161196
2161342
2162313
2162674
2162846
2163118
2164651
2165538
2168693
2170177
2170585
2171799
2172116
2172526
2172758
2172797
2173487
2178315
2179632
2180509
2183511
2185692
2186024
2186369
2186575
2186778
2188877
2188898
2189036
2192184
2193479
2193956
2196664
2197028
2198268
2200366
2202671
2203563
2203834
2204258
2210798
2210895
2211909
2213140
2216978
2217076
2218161
2218331
2218387
2219433
2219815
2220618
2221478
2222025
2224051
2224314
2225085
2225122
2226185
2227873
2229268
2230876
2234032
2234938
2234986
2235339
2236019
2236279
2236664
2237608
2237940
2239756
2240493
2242127
2242656
2242852
2244363
2244887
2245543
2248956
2249806
2250460
2250801
2250836
2251537
2251986
2254284
2254311
2254485
2254596
2254895
2256098
2256352
2257098
2258478
2258872
2261151
2262686
2263138
2264357
2264666
2265026
2265102
2265301
2268964
2270282
2272018
2272731
2273891
2276550
2277860
2278225
2278279
2278629
2280217
2281382
2285468
2285478
2286828
2287521
2287771
2288709
2288960
2291594
2291932
2292670
2294412
2294534
2294992
2295917
2296186
2298769
2299353
2300831
2301357
2303892
2304445
2307155
2308117
2310297
2311219
2311274
2313362
2317236
2318311
2318680
2320895
2321369
2321603
2321633
2322674
2323431
2323694
2324903
2326416
2328337
2330524
2332757
2333299
2334304
2334378
2335126
2336200
2336743
2337692
2339664
2340513
2340666
2345615
2346103
2347098
2347188
2348780
2348853
2349140
2350334
2350566
2350863
2351933
2353831
2354099
2355271
2355837
2357301
2357779
2357906
2358035
2358161
2358247
2360462
2360978
2362152
2363188
2365424
2366813
2367458
2367545
2368256
2368971
2370704
2371698
2371700
2374610
2376642
2377041
2379871
2379980
2380081
2380344
2380347
2381199
2382665
2384600
2389794
2389961
2391228
2391266
2391433
2392428
2392812
2393519
2394349
2396938
2397471
2398556
2398929
2402204
2402567
2403404
2404493
2405401
2405734
2406136
2407187
2407932
2408726
2409590
2410303
2411831
2412301
2413446
2416333
2419843
2422062
2424515
2424834
2424838
2426194
2427282
2427343
2428638
2431367
2432170
2432743
2432929
2433652
2434030
2434571
2435285
2436066
2436539
2438355
2438806
2440185
2440401
2441837
2442773
2443072
2444059
2444389
2444998
2446718
2447347
2448388
2449198
2451765
2451806
2452845
2452849
2453007
2453282
2453475
2455225
2455267
2455994
2457027
2463065
2463556
2464201
2465597
2467041
2468051
2468977
2470679
2471648
2472044
2472807
2473555
2474387
2474449
2475534
2476052
2476746
2478196
2478579
2479895
2480761
2483762
2484143
2485036
2485849
2486061
2486375
2486475
2487254
2487601
2487983
2488687
2489156
2489753
2490239
2491210
2491858
2492186
2492570
2494480
2495771
2495984
2496093
2497308
2498297
2498683
2500058
2500827
2500970
2501000
2503675
2505579
2505670
2507376
2508067
2509195
2511626
2512149
2513452
2515162
2516751
2519620
2522471
2525790
2526627
2526977
2527588
2528339
2530694
2531704
2535789
2536926
2537581
2537646
2541171
2542076
2542081
2542656
2545584
2546117
2546378
2546757
2547177
2547382
2547475
2547807
2547948
2548599
2549612
2552879
2555098
2555656
2558324
2560733
2560767
2560895
2561241
2562166
2562431
2563922
2565315
2565370
2567894
2571336
2571651
2571853
2573458
2575279
2576415
2576851
2577507
2577995
2580555
2583310
2583738
2585805
2590299
2590596
2591146
2591160
2592224
2592968
2593414
2593898
2594302
2594494
2595426
2595646
2596644
2596704
2597537
2598379
2600388
2600714
2602512
2602797
2602820
2603915
2605377
2607745
2607886
2608071
2609300
2610285
2610951
2611767
2613610
2614416
2615530
2616920
2617048
2617357
2619261
2619927
2620035
2622411
2622603
2622686
2622748
2623490
2623834
2626282
2628235
2629513
2630622
2630875
2631357
2631371
2631933
2632484
2633405
2634428
2634947
2636196
2636801
2637211
2637979
2638356
2639569
2640705
2641499
2642575
2645344
2645802
2648228
2648770
2651106
2653614
2654580
2654674
2654959
2655260
2655442
2655463
2655480
2658456
2658916
2660151
2661431
2661668
2662750
2663013
2663695
2665797
2665960
2668157
2668507
2668735
2669264
2669276
2669690
2670303
2670883
2671214
2671560
2671561
2672369
2675045
2677870
2677999
2679042
2679771
2682867
2683709
2684952
2684976
2685818
2686426
2686683
2686849
2687695
2690615
2691356
2691717
2691940
2693623
2694413
2696482
2697733
2698625
2699580
2702824
2704460
2705807
2705870
2705965
2706490
2706851
2707272
2710028
2710346
2710381
2710409
2711055
2712995
2714309
2714666
2715635
2715706
2718143
2719704
2720608
2722393
2722404
2722576
2723654
2724444
2724502
2724887
2726122
2726310
2726624
2728527
2729178
2729279
2731256
2733809
2733962
2734417
2736906
2737061
2737184
2738376
2739462
2739578
2739878
2740041
2741310
2742234
2743876
2744230
2744799
2745298
2747995
2748850
2749029
2749336
2751466
2752484
2754041
2755275
2755654
2756216
2756546
2759168
2759200
2762967
2763675
2764029
2764467
2765883
2768746
2769157
2770100
2770141
2771024
2771532
2772162
2772325
2773394
2773774
2779354
2779370
2779645
2781745
2784227
2784655
2786244
2786461
2787525
2788380
2788619
2789055
2789856
2791596
2792368
2793337
2794038
2794746
2795626
2796144
2797390
2799058
2800563
2804278
2805383
2805908
2808216
2808232
2808532
2808811
2808956
2808977
2809744
2811109
2811616
2813987
2814399
2816629
2817294
2817442
2817511
2817990
2818813
2821841
2822849
2823727
2823768
2823960
2825975
2826116
2826524
2827613
2828345
2828629
2829155
2829851
2830191
2830485
2832620
2835274
2835293
2836038
2836676
2839232
2839405
2839449
2839831
2839993
2840209
2841716
2841824
2844712
2846430
2848445
2848509
2849031
2851607
2852539
2853164
2853411
2853582
2853811
2854282
2856306
2856927
2857766
2859198
2859296
2859324
2860090
2860741
2861031
2861102
2861880
2863634
2864575
2865214
2867385
2867420
2868251
2869824
2870904
2871740
2872228
2873735
2874824
2875386
2875433
2875434
2875955
2876394
2877829
2878530
2878814
2880651
2880738
2881195
2882369
2883356
2883556
2883696
2886639
2886700
2888755
2889043
2890383
2892102
2892221
2892295
2893817
2895529
2898557
2898933
2900635
2900826
2902703
2902761
2903915
2905081
2905458
2905705
2905717
2906663
2907152
2907387
2907955
2908215
2908257
2909088
2909654
2910076
2911509
2911843
2912911
2915933
2916686
2920357
2922874
2923770
2925060
2925126
2925717
2926574
2926771
2927648
2928283
2928295
2929556
2930790
2931269
2931950
2932799
2934201
2934380
2934385
2934842
2935901
2936684
2937008
2937058
2937084
2939281
2939720
2940473
2942064
2942115
2943217
2944590
2946527
2946668
2946990
2948636
2948772
2950349
2951235
2953444
2953774
2954397
2954744
2956960
2960287
2961815
2963568
2967956
2971970
2973026
2973954
2976711
2976951
2977141
2977597
2977681
2978167
2978444
2978806
2981176
2982158
2982538
2982848
2983856
2984381
2985509
2985737
2988128
2988180
2988663
2988928
2989054
2989729
2990722
2993287
2995640
2996016
2996864
2998876
2999457
3000171
3003047
3003381
3003662
3005273
3005809
3005935
3010747
3010852
3012992
3013725
3014346
3015512
3017153
3017302
3018287
3018941
3020315
3022841
3023559
3024125
3024590
3025726
3028148
3030087
3032300
3033376
3034145
3035099
3035620
3035628
3035984
3036429
3037073
3037412
3037783
3039799
3039914
3042048
3043375
3043403
3044454
3044697
3045471
3046854
3048786
3049290
3050761
3051905
3053592
3057097
3057853
3060060
3061261
3061325
3063025
3063197
3066805
3068707
3069520
3069981
3071451
3071734
3072757
3072775
3074195
3074675
3074987
3075543
3075867
3076538
3077140
3077560
3078402
3079574
3080037
3080651
3081004
3082028
3082524
3086581
3088465
3088875
3090721
3091191
3092492
3093927
3093961
3095300
3095832
3097678
3097760
3098933
3100811
3105272
3105578
3107385
3108053
3109473
3109949
3112235
3112280
3114101
3114381
3114897
3115371
3117228
3120426
3120890
3124043
3125324
3126627
3126666
3126789
3127610
3128495
3129084
3130342
3131807
3133740
3134243
3134415
3134472
3134712
3136149
3136526
3138023
3138483
3139080
3139458
3139535
3139656
3140495
3140535
3142814
3144548
3146184
3146357
3147563
3149495
3150428
3151391
3151541
3152808
3153603
3153944
3155525
3155726
3157154
3157303
3157569
3159967
3161569
3162044
3163585
3164368
3164822
3166009
3166551
3166596
3167807
3170287
3172471
3174237
3178384
3178431
3179062
3179078
3180087
3182027
3184054
3184554
3185807
3188080
3191728
3193529
3194221
3195473
3195984
3196635
3197216
3199805
3199922
3201675
3201964
3202941
3203302
3204449
3204502
3204550
3206241
3211532
3212295
3213874
3213899
3216418
3217830
3219078
3221142
3223299
3224105
3224181
3224731
3225505
3226252
3227330
3228675
3230572
3231085
3231417
3231448
3232912
3232962
3233244
3233781
3234125
3234417
3234663
3234677
3235598
3236535
3237189
3237388
3237557
3239102
3239156
3239946
3241445
3241647
3243616
3245359
3247091
3248206
3248750
3248782
3249666
3249780
3250768
3251037
3252235
3252754
3253152
3254723
3254832
3256651
3257801
3260388
3260800
3261183
3262095
3262159
3262299
3262408
3263089
3263372
3264475
3265404
3265655
3265728
3265932
3266299
3266871
3266976
3267046
3267235
3268483
3269537
3271035
3271212
3271335
3273527
3273598
3274488
3274650
3275067
3276635
3276694
3278205
3279280
3279583
3281684
3282783
3283626
3284680
3286225
3286232
3286827
3287881
3287922
3288415
3288566
3289382
3289547
3289615
3290845
3290869
3290925
3291142
3291581
3293698
3293781
3294404
3295014
3295766
3297304
3299472
3299889
3300409
3301938
3303835
3304044
3304442
3306836
3307056
3307829
3308365
3308750
3310321
3313380
3316604
3316675
3317241
3317773
3319746
3321128
3321350
3322965
3324514
3325205
3325297
3327268
3327493
3328054
3328237
3328544
3328619
3331528
3331680
3332028
3332316
3333029
3333182
3333287
3333732
3333875
3336341
3336910
3337206
3338433
3338492
3339233
3339702
3339867
3340200
3340430
3341115
3341324
3342006
3342301
3344137
3344145
3344504
3345539
3345861
3346481
3347409
3348068
3348657
3350062
3350706
3352377
3352599
3353491
3355020
3355376
3356361
3356988
3359965
3360104
3360218
3360598
3363512
3364613
3364861
3365676
3367506
3369290
3369364
3369426
3369637
3370320
3371135
3372217
3372492
3372982
3375765
3376695
3377439
3377633
3378016
3378626
3378927
3379311
3379353
3383804
3383850
3388150
3390307
3391309
3393727
3393832
3395981
3397136
3400053
3400851
3401113
3401584
3402981
3404182
3404262
3404390
3404394
3404716
3406597
3407810
3409626
3409923
3415186
3416120
3416275
3416476
3417296
3417910
3418131
3420473
3420724
3420845
3422184
3422285
3425713
3426328
3426358
3426576
3427161
3427783
3428057
3429797
3430328
3430517
3433109
3433359
3435366
3436580
3436757
3437321
3437739
3439705
3441464
3443842
3444863
3445632
3445751
3446003
3446289
3446481
3450187
3452516
3452563
3454542
3455072
3455236
3455653
3456037
3456510
3456892
3458046
3458546
3461329
3461482
3461553
3461978
3462152
3463071
3465046
3466519
3467825
3468286
3468511
3469182
3469462
3470986
3473233
3475872
3475875
3489768
3489849
3490101
3492295
3492858
3493269
3496308
3496619
3497368
3497729
3498813
3499174
3500136
3500517
3501175
3501490
3501845
3504164
3504181
3506151
3506376
3507864
3508151
3509838
3509884
3510172
3510388
3510496
3511754
3512167
3513738
3516265
3517319
3518494
3519703
3520201
3521308
3521844
3524375
3526898
3527925
3528283
3528319
3529445
3530028
3530579
3531945
3532791
3533413
3534489
3537463
3538072
3539261
3539370
3539516
3539631
3540301
3543581
3544200
3544207
3546193
3546600
3547635
3547877
3548171
3548292
3549208
3549457
3549866
3551354
3552873
3554052
3554998
3556521
3557888
3559161
3559392
3560076
3560267
3560314
3561790
3562529
3562637
3565391
3566534
3566615
3568738
3569811
3569923
3570381
3572003
3574385
3576408
3581762
3582065
3583483
3584283
3584465
3585931
3586616
3588361
3588822
3591334
3593307
3594960
3595067
3595367
3595450
3596504
3598895
3599193
3600760
3601178
3601226
3601892
3602680
3603583
3603591
3603938
3605143
3605930
3608800
3611396
3611835
3613615
3614020
3616909
3617015
3618501
3619971
3623281
3623647
3623832
3627012
3627347
3628466
3630569
3633315
3633506
3634182
3635087
3638677
3638745
3639862
3640169
3640263
3640628
3641408
3642360
3643311
3644540
3645692
3646082
3646162
3647863
3647903
3648202
3650857
3651299
3651455
3652309
3653169
3654922
3654951
3655461
3657286
3657327
3657785
3658631
3661461
3663112
3664956
3665564
3667491
3668059
3668425
3668799
3668936
3670515
3672404
3672943
3673779
3675449
3675993
3677790
3678502
3678741
3678776
3680560
3681227
3682593
3683458
3683850
3685707
3685846
3686091
3687046
3688028
3688869
3690182
3691420
3691497
3692196
3692911
3693500
3693813
3693924
3695463
3695964
3697869
3698169
3698226
3698533
3698568
3698672
3698916
3699034
3699117
3699824
3699847
3699861
3699961
3701068
3702535
3705130
3708348
3709629
3710359
3711402
3711472
3713317
3714543
3715415
3716200
3716444
3716920
3717331
3718019
3719073
3719595
3721123
3721428
3724576
3726673
3727040
3727802
3728300
3728566
3729362
3729374
3730471
3733504
3734541
3736217
3736705
3737013
3737392
3737602
3737834
3739718
3740046
3741566
3741893
3741964
3742580
3743427
3743698
3744001
3744441
3744970
3747525
3747784
3747996
3748216
3748853
3749662
3751343
3752276
3752960
3753271
3754315
3755163
3755256
3756649
3757621
3757809
3757908
3758021
3758555
3759507
3759808
3760531
3760760
3762222
3765328
3765832
3766118
3767286
3768346
3769996
3771468
3771895
3772291
3773090
3775016
3775445
3775605
3778005
3778347
3778813
3779780
3782037
3783391
3783668
3784265
3785059
3786996
3788107
3788819
3790445
3792154
3792415
3792537
3793309
3794374
3794487
3795021
3796072
3798968
3800012
3802106
3802604
3803115
3803333
3803382
3804487
3805111
3805121
3806094
3806361
3806728
3806797
3807018
3807228
3808275
3808877
3811098
3812083
3812351
3813786
3814196
3814278
3817038
3817718
3817743
3818199
3818242
3820166
3820939
3821762
3822391
3823797
3824187
3824490
3827415
3830318
3831177
3831512
3831844
3833532
3834031
3834568
3837317
3837959
3839426
3840751
3842524
3843834
3843996
3846405
3847029
3847977
3847982
3850180
3850192
3851198
3855465
3856656
3856815
3856829
3857364
3858549
3859032
3859807
3861580
3862233
3863272
3868700
3869394
3870111
3871745
3871941
3873133
3873260
3873666
3874629
3874898
3875332
3875373
3875635
3876024
3876050
3876426
3877175
3877950
3878097
3879859
3879892
3881610
3884538
3885539
3886612
3887328
3887671
3887718
3888720
3889833
3890217
3891663
3892540
3893737
3894099
3894736
3895789
3895934
3896966
3897055
3897489
3897725
3898580
3899237
3900736
3901539
3901651
3903752
3903757
3903915
3904395
3906308
3906775
3907801
3908914
3909417
3909803
3910172
3912136
3914167
3914655
3915622
3919332
3920474
3921155
3922123
3922854
3924199
3924288
3924979
3925241
3927767
3929499
3929634
3930184
3930588
3930889
3934042
3935013
3935288
3935318
3935856
3935950
3938997
3942237
3943761
3943845
3944580
3945228
3945535
3946545
3946884
3949909
3951297
3951481
3951779
3952734
3954582
3956563
3957537
3957740
3959163
3959236
3961007
3961032
3961501
3963420
3967946
3968375
3969102
3970283
3970344
3970635
3970652
3970820
3971198
3971535
3971835
3972104
3972475
3972658
3972882
3980675
3982213
3983292
3983499
3983922
3986824
3988902
3989551
3991259
3991288
3992918
3993071
3993948
3995278
3995947
3996617
3996881
3997881
3998246
3998302
3998377
3998897
4000627
4000887
4001572
4002391
4003882
4004829
4005618
4005647
4006161
4006681
4006791
4009240
4009338
4009447
4010683
4010975
4012528
4014824
4015564
4015712
4015941
4016578
4019501
4021372
4021715
4022573
4022627
4023186
4023327
4023458
4025009
4026175
4027097
4027623
4029219
4031068
4031894
4032137
4034162
4034758
4036482
4040391
4040751
4042001
4045494
4045781
4046095
4046302
4046845
4047451
4047898
4048340
4049280
4049641
4050858
4050965
4051270
4051816
4052966
4053323
4053343
4053975
4054384
4055295
4055820
4056812
4057807
4057909
4059175
4063959
4065373
4065777
4067987
4070781
4071331
4078728
4079085
4079122
4079562
4079641
4084018
4084235
4084860
4084948
4086145
4087607
4088632
4089378
4089730
4092119
4092229
4093324
4094196
4094682
4096112
4096258
4100121
4100566
4103356
4103964
4104563
4107722
4108715
4110717
4111492
4111976
4112640
4113132
4113755
4114166
4115630
4115956
4116389
4116926
4117264
4117347
4118299
4118652
4119234
4122596
4124639
4124663
4126798
4127249
4128041
4130050
4131504
4132430
4133411
4133977
4134034
4139729
4140231
4140236
4140593
4140632
4141458
4142538
4143685
4143717
4144420
4144615
4147071
4148288
4148486
4149367
4149512
4149686
4149889
4150528
4151540
4151877
4153007
4153798
4154940
4154947
4156431
4160995
4163208
4163443
4164871
4165999
4167200
4169217
4170435
4171391
4172955
4174100
4177776
4177778
4178218
4180127
4182642
4182898
4182909
4183122
4183173
4185343
4186429
4186541
4189703
4191129
4192582
4192720
4193647
4193810
4195029
4195938
4196374
4196567
4198492
4198530
4199995
4200246
4204735
4206222
4208000
4208372
4208873
4209218
4211705
4212779
4212817
4212932
4213257
4215022
4215455
4217536
4218076
4222559
4223301
4223880
4224295
4225081
4226808
4226864
4227767
4228842
4229997
4230634
4231042
4232024
4232060
4232198
4233090
4233434
4233909
4234051
4234219
4234845
4235475
4235914
4237168
4239714
4239817
4241659
4241925
4243522
4245546
4246167
4246198
4247592
4248611
4249729
4250780
4253589
4255076
4255623
4256443
4257111
4258969
4259474
4259850
4261747
4261869
4262926
4264293
4266415
4267046
4267099
4269928
4272546
4274464
4275186
4276022
4276033
4277174
4278302
4278927
4279108
4279734
4282020
4284027
4284385
4287467
4288029
4288155
4288791
4290765
4292908
4294827
4295569
4295799
4295844
4296125
4297321
4299450
4301618
4304180
4304895
4308618
4309339
4309950
4310778
4311365
4311408
4312406
4312543
4313191
4314082
4315304
4315456
4315583
4315680
4319480
4321366
4322784
4322933
4323495
4323957
4324668
4326064
4326839
4328629
4329538
4330481
4330494
4330968
4332385
4332680
4333579
4334832
4335752
4337008
4339391
4340646
4341107
4341692
4342740
4343656
4343917
4343964
4344794
4345271
4350211
4352339
4354503
4355217
4355302
4355676
4355956
4356284
4356553
4359350
4359390
4359748
4361271
4363609
4365227
4365682
4365751
4365768
4366920
4367010
4368542
4369285
4369792
4370545
4371149
4373017
4374001
4374725
4374771
4375366
4377387
4377466
4378574
4382013
4383675
4384429
4384811
4386421
4386636
4387688
4390882
4392359
4394245
4395162
4396952
4401561
4401771
4402493
4402714
4405241
4407171
4409701
4409736
4410411
4411886
4412735
4413225
4413281
4413924
4414417
4415121
4415835
4416602
4416929
4417806
4417845
4419728
4421520
4422004
4422215
4422812
4422860
4423188
4424127
4426929
4427714
4428743
4429298
4432753
4433430
4434203
4436249
4438806
4438951
4442355
4442944
4445395
4446889
4447250
4448199
4448550
4448607
4448859
4450702
4452384
4453248
4453699
4453752
4453805
4454501
4455813
4456173
4457886
4458471
4459340
4459762
4461076
4462364
4463710
4465872
4467440
4467655
4468157
4469135
4469168
4471379
4472272
4472339
4473538
4474157
4475138
4475549
4477867
4478586
4480064
4481205
4482346
4482367
4482605
4484770
4484883
4485680
4485832
4486301
4486541
4486643
4486706
4486920
4487390
4489387
4489533
4491324
4491576
4492128
4494497
4498961
4499113
4499380
4502659
4503480
4504026
4508666
4510250
4510804
4511702
4511830
4512751
4512761
4520103
4520115
4522697
4525206
4525791
4526340
4526698
4526894
4528583
4528778
4531263
4531282
4531385
4532435
4533556
4533577
4534370
4534667
4536095
4536758
4537499
4538133
4538141
4539918
4539934
4539971
4543090
4543865
4545826
4546082
4549622
4551045
4551643
4555295
4560474
4561452
4562351
4564392
4564798
4565054
4565118
4565449
4565958
4566298
4566585
4568201
4569291
4569369
4569425
4569667
4571377
4571675
4572056
4573164
4574558
4574816
4575573
4576068
4576838
4578935
4579937
4581719
4582263
4582625
4583433
4583747
4586253
4586284
4588224
4589197
4589972
4590237
4594768
4595569
4596308
4596397
4596734
4597044
4597280
4597490
4597684
4598215
4598345
4598384
4598483
4599026
4599398
4601224
4601516
4601961
4603642
4604974
4605806
4606039
4606377
4606497
4606841
4608790
4609004
4609145
4610365
4610650
4612511
4612767
4613819
4614340
4615722
4616643
4616754
4619429
4620181
4621475
4622195
4622599
4623924
4625209
4625421
4626229
4626322
4627048
4627315
4627754
4628155
4628553
4629074
4629714
4630077
4631895
4632217
4633959
4634239
4634249
4634313
4634606
4636206
4636393
4637570
4638129
4638506
4638580
4641758
4642587
4642789
4643735
4650158
4650400
4651042
4652838
4653573
4653644
4653691
4653870
4655496
4655731
4657299
4657467
4658171
4659232
4660606
4660874
4663812
4663904
4665082
4667100
4667967
4669224
4670145
4670251
4671150
4671299
4671751
4672466
4672979
4673378
4673731
4674172
4674491
4675475
4676981
4679033
4679790
4680317
4681796
4682050
4682127
4683426
4683563
4685073
4685494
4686086
4687984
4688672
4689428
4689438
4689891
4693755
4695896
4696476
4697584
4697684
4699360
4699809
4700529
4700902
4703091
4705411
4705724
4707068
4707180
4707776
4708371
4708543
4711927
4712186
4712336
4713191
4713608
4714445
4715719
4717967
4719404
4720155
4721394
4722021
4722419
4724140
4724997
4725024
4725125
4727084
4728966
4732306
4733499
4735183
4736861
4737012
4737083
4738457
4738673
4740055
4741935
4743297
4744473
4744903
4744921
4747285
4749145
4749198
4749986
4752542
4752913
4754880
4756046
4756146
4757484
4757840
4757889
4760516
4761048
4761523
4763413
4764177
4764793
4765265
4766123
4766404
4766727
4766808
4767301
4767530
4768131
4768244
4768563
4768572
4768747
4769019
4769611
4769832
4771436
4771594
4771603
4771982
4772878
4772992
4775279
4776664
4778557
4778744
4779045
4779404
4780898
4781332
4782288
4783523
4784388
4784893
4785550
4787464
4788827
4789007
4789862
4791934
4793872
4793988
4796220
4796446
4797052
4797057
4799659
4799844
4802254
4803476
4806299
4806623
4806650
4807991
4808456
4808555
4809531
4812682
4812748
4813201
4814247
4814314
4815306
4815594
4815752
4816843
4818668
4818753
4820280
4823599
4826114
4826342
4826883
4826964
4827583
4829012
4830067
4830616
4831550
4831561
4832370
4832906
4833980
4835266
4835859
4836189
4837444
4839311
4839944
4841021
4841200
4844395
4844447
4844627
4845102
4845340
4845453
4845907
4846642
4846733
4847192
4847552
4848985
4850223
4850347
4851689
4852218
4852620
4853089
4854074
4855026
4860419
4860582
4861498
4862133
4863784
4865384
4866675
4867249
4867820
4869921
4872278
4873359
4874057
4874176
4876196
4876274
4876717
4877503
4878626
4879435
4879588
4880402
4880720
4881333
4882401
4885765
4889632
4889710
4891774
4892152
4892755
4892921
4893909
4894715
4897084
4898286
4898790
4899158
4899245
4899506
4899743
4900023
4900276
4904492
4905315
4905654
4906278
4906295
4906472
4909029
4909291
4909878
4910410
4911080
4912540
4912787
4913900
4914077
4914609
4916142
4916655
4916667
4917978
4918218
4919540
4920096
4920560
4920931
4921017
4921534
4923062
4926184
4926673
4927067
4927175
4927284
4930535
4931409
4931644
4932581
4934405
4935969
4937651
4938264
4938425
4941443
4942352
4945113
4947527
4947733
4951993
4952064
4953608
4954023
4954115
4955219
4956136
4957409
4959684
4963140
4964975
4965311
4966744
4967311
4967688
4969967
4970230
4972328
4974440
4974943
4975847
4976613
4977564
4978054
4978463
4979381
4979385
4979666
4980278
4981749
4983438
4983567
4984138
4984760
4986406
4987183
4987332
4987682
4989790
4990303
4990401
4993736
4994946
4995009
4997110
4998959
5000887
5002308
5003120
5003360
5003818
5004461
5007879
5010906
5012961
5013255
5013486
5013908
5014205
5015046
5015138
5015372
5015665
5016674
5016736
5018430
5019537
5022954
5025764
5025867
5026699
5027868
5032001
5032118
5032569
5034021
5034354
5034528
5034999
5035147
5035214
5035911
5036478
5036555
5037826
5038165
5039723
5041489
5042581
5044560
5047342
5052577
5053040
5053171
5053276
5054367
5054932
5055312
5057628
5057999
5058828
5059829
5060202
5060897
5062093
5062589
5063718
5063727
5064618
5064655
5065385
5067723
5067824
5068025
5068469
5069273
5070626
5070950
5073050
5074137
5074320
5075495
5075721
5076737
5076789
5077953
5079822
5081380
5081442
5081811
5083479
5085052
5085198
5087109
5087183
5088580
5088794
5089446
5090412
5091183
5091524
5091743
5092543
5093247
5094787
5095013
5096024
5098031
5100095
5103493
5105973
5106461
5107342
5110221
5110233
5111580
5114838
5114971
5115020
5115187
5115300
5116885
5121101
5121268
5121786
5122115
5124628
5124671
5127301
5128356
5129426
5129912
5130418
5130577
5131873
5133324
5134637
5135882
5139298
5140368
5140608
5140735
5142131
5142759
5144923
5145477
5151768
5152520
5152782
5152994
5153757
5154338
5154997
5155995
5157158
5160896
5164172
5165634
5165944
5168419
5169306
5169692
5170700
5170780
5170925
5171090
5172172
5173424
5175696
5176390
5177325
5178534
5179095
5179582
5181601
5181903
5182046
5182082
5182281
5183964
5185706
5186219
5186309
5186930
5188245
5191356
5192654
5196618
5198849
5199487
5200208
5200754
5201389
5201780
5203670
5204133
5204903
5205930
5206377
5210862
5210916
5211184
5211657
5211690
5211976
5212125
5212292
5212683
5215130
5215269
5216118
5217275
5219117
5219380
5220633
5221673
5221947
5222103
5223113
5224176
5224266
5224559
5225019
5225251
5227815
5228072
5228127
5229058
5230261
5230968
5232609
5233897
5234005
5234372
5236685
5236714
5237456
5238898
5239092
5239673
5241481
5242396
5243034
5243227
5243364
5243778
5244058
5244171
5244768
5246299
5246670
5246888
5248181
5248257
5248313
5250090
5251887
5253061
5255624
5257094
5257473
5259391
5260101
5261127
5261871
5263145
5263495
5267405
5267804
5267877
5268426
5269947
5272626
5272738
5273206
5276547
5276643
5278094
5278222
5278346
5278764
5279114
5279152
5281458
5281831
5282175
5282412
5283510
5283920
5285016
5287564
5290131
5291722
5291815
5292565
5292836
5293661
5293874
5293965
5294173
5295741
5295770
5296835
5297663
5298180
5299186
5299517
5301095
5302050
5304228
5305269
5305298
5307934
5308272
5308529
5309892
5312351
5312766
5313286
5313454
5315312
5316829
5320301
5321701
5322618
5324298
5324964
5325677
5327282
5327546
5327750
5329374
5329448
5329562
5329762
5330647
5330737
5330819
5333736
5333800
5334751
5336395
5337011
5338541
5339070
5339166
5340595
5342842
5344953
5345142
5345982
5347286
5347505
5347613
5348745
5348847
5349657
5350433
5350487
5350516
5350888
5352321
5352826
5354205
5354377
5354424
5356617
5356626
5357026
5358818
5358978
5360040
5361636
5362180
5362730
5362909
5364254
5364587
5364998
5365554
5365803
5369263
5371200
5372314
5372332
5373599
5375932
5380106
5381853
5382423
5383941
5384177
5385169
5390489
5391724
5393802
5394451
5395007
5395203
5396170
5396628
5401100
5402411
5402490
5402710
5402745
5404171
5404400
5404748
5404837
5405005
5407989
5409711
5409775
5409822
5410057
5410749
5411312
5413193
5413534
5415581
5416116
5416279
5416978
5419722
5422265
5423389
5423826
5424922
5426131
5426739
5427607
5427934
5429464
5430138
5430575
5433122
5435000
5435099
5435240
5435361
5436289
5438703
5438881
5441656
5442565
5443345
5445436
5447104
5447586
5447863
5449706
5450206
5450537
5452660
5453521
5453686
5454262
5454570
5455226
5460719
5461405
5462456
5462900
5466307
5468280
5469299
5472751
5472837
5473200
5479681
5480987
5483056
5484029
5484075
5484205
5484757
5485994
5486698
5486714
5489268
5489275
5490217
5493715
5493939
5494733
5496729
5498189
5501478
5501914
5502704
5503136
5503788
5504011
5509608
5509877
5511919
5512696
5513674
5513852
5514682
5515291
5519782
5520207
5520883
5521062
5521924
5522205
5524150
5525458
5525767
5526811
5526930
5527305
5527801
5531225
5533086
5534178
5534997
5535515
5535835
5536251
5537806
5538312
5538602
5539304
5540820
5541373
5541767
5542973
5543535
5545212
5545661
5548385
5549979
5550764
5551808
5552184
5553850
5553986
5554095
5554642
5554934
5556332
5557684
5558310
5558968
5559072
5561632
5564369
5564490
5565777
5565795
5566392
5569016
5569085
5570687
5571327
5572671
5574359
5574824
5575553
5576312
5576781
5581822
5582270
5582509
5582593
5582927
5583674
5583777
5585657
5587677
5588217
5588664
5588690
5589603
5589632
5591536
5591623
5594327
5594918
5595622
5596017
5597294
5597614
5597999
5598139
5598558
5600016
5601036
5601188
5601276
5601375
5602300
5603528
5606924
5607094
5608067
5610091
5610258
5610836
5610990
5611743
5612428
5612900
5613175
5614427
5614563
5615067
5615118
5616524
5616974
5617594
5617760
5618695
5619138
5619363
5620348
5621155
5624342
5624412
5625278
5625384
5625732
5626146
5629961
5630379
5633149
5633231
5633520
5633687
5635197
5635212
5635217
5636294
5636728
5637424
5637728
5637766
5638741
5640140
5640400
5641101
5642059
5643496
5643950
5644172
5645753
5649498
5649735
5650131
5652375
5653034
5653209
5653997
5657808
5658100
5658482
5658765
5659200
5661420
5661651
5662624
5664125
5664991
5666315
5666694
5666820
5668100
5669354
5669679
5669884
5670708
5670858
5672335
5672624
5673322
5675442
5675894
5676400
5676493
5678343
5679997
5681728
5683432
5685382
5685782
5686607
5687698
5687860
5687861
5689414
5689883
5690071
5690200
5691530
5693513
5694088
5697174
5698335
5698540
5699442
5700521
5703443
5709592
5709702
5709708
5710192
5711213
5711358
5715687
5715719
5716531
5716964
5717703
5717752
5720004
5721035
5721729
5722047
5722721
5722892
5724304
5724378
5725560
5726243
5726715
5727279
5727397
5728570
5729323
5729683
5731087
5731098
5732044
5732169
5735987
5736045
5736212
5738748
5738898
5739226
5740031
5740357
5741459
5742554
5742682
5743411
5744201
5744436
5745970
5747350
5747431
5749015
5750059
5750213
5750340
5751435
5753133
5753239
5754861
5755048
5756068
5756963
5757773
5759256
5760258
5760565
5760818
5765235
5767627
5769102
5769435
5771787
5771852
5772393
5773922
5773969
5774538
5775595
5775888
5781912
5783245
5784350
5786194
5786267
5788684
5788922
5790478
5790960
5794713
5796961
5797881
5798171
5798586
5799766
5800486
5801445
5802176
5802425
5803195
5804199
5804338
5805531
5805664
5806766
5807047
5808525
5809564
5811134
5811529
5812664
5813297
5813976
5814135
5815858
5819222
5821111
5823254
5825190
5825919
5827371
5827940
5829113
5829742
5831250
5832047
5832853
5833907
5834025
5834734
5835351
5836918
5837007
5838332
5840813
5843461
5844110
5844233
5844262
5845595
5846346
5846465
5846705
5847822
5849740
5851912
5852681
5854280
5855214
5856658
5856735
5857025
5857706
5857905
5859639
5861218
5861997
5862891
5867276
5869049
5869055
5869263
5870359
5870969
5872678
5872769
5873231
5873271
5873621
5873777
5874068
5874080
5874506
5875517
5875994
5876272
5877816
5879861
5882232
5884293
5885311
5887140
5887591
5889262
5890809
5891685
5892953
5893498
5895078
5897451
5899171
5900212
5900814
5901075
5901795
5905051
5909401
5910638
5911704
5912484
5912755
5912983
5915421
5916326
5917005
5917437
5919537
5919877
5919976
5920143
5920575
5923527
5924846
5924972
5926631
5927085
5928056
5930156
5930520
5930617
5931465
5931739
5932804
5935483
5937757
5938735
5939372
5939748
5941599
5941678
5942249
5942627
5944528
5945357
5945369
5945760
5946991
5947461
5950270
5951359
5951842
5952667
5952759
5955284
5955291
5955604
5956158
5956593
5956619
5956908
5958434
5959899
5959901
5960238
5962198
5963881
5963959
5964345
5965494
5966153
5967815
5967979
5970320
5971981
5973088
5975003
5975067
5975526
5975797
5976063
5977232
5979467
5980037
5980568
5982267
5983756
5984343
5985423
5987675
5988986
5989224
5991901
5992137
5993573
5993698
5993928
5996688
5996826
5996865
5997565
6003322
6006699
6007036
6009604
6010604
6011267
6012999
6014566
6016379
6017330
6017534
6017959
6018347
6019341
6020035
6021036
6022659
6023922
6024412
6024558
6025385
6026487
6027349
6029161
6029502
6030244
6032251
6032517
6035165
6035288
6036808
6037107
6042638
6042986
6043024
6045305
6047044
6050637
6052190
6053053
6053682
6053778
6054697
6055374
6055583
6055743
6059161
6060108
6060367
6062693
6063448
6066479
6068764
6069567
6071527
6072455
6072830
6073066
6076646
6077369
6078490
6079225
6079984
6080001
6080580
6080603
6082524
6082736
6082991
6084856
6085188
6085248
6085897
6089328
6090546
6090831
6093483
6093955
6094747
6097360
6098666
6101033
6101119
6101717
6102320
6103852
6103943
6104218
6106274
6106629
6109062
6109238
6109537
6110073
6110711
6111317
6111493
6112242
6112931
6117816
6118309
6119943
6120015
6120093
6121168
6122257
6124460
6126425
6126889
6128015
6128272
6129269
6129647
6129975
6131469
6132479
6134148
6135982
6136318
6137965
6139665
6140719
6140834
6145011
6145480
6147814
6148175
6148528
6148693
6150114
6150566
6151676
6153817
6153895
6154199
6154592
6154818
6155769
6156592
6157875
6158424
6159157
6159747
6160734
6162044
6162388
6163331
6168989
6169950
6170864
6172516
6176106
6177536
6177903
6177988
6178403
6178876
6179829
6180417
6181172
6182499
6182686
6190298
6193787
6193828
6194343
6194740
6194842
6194866
6195447
6195551
6195907
6196888
6197203
6198157
6201260
6202635
6204290
6205389
6205476
6208041
6210300
6210305
6212240
6214712
6215537
6215612
6216723
6216986
6217191
6217346
6218370
6218557
6219681
6221760
6222276
6223653
6228072
6228431
6230578
6231224
6231912
6231954
6232874
6233577
6233843
6234759
6241561
6242297
6242625
6242760
6243251
6245346
6246561
6246952
6247129
6249286
6250614
6251267
6253958
6254105
6254654
6254756
6254768
6256241
6256324
6256749
6257178
6257324
6258090
6260922
6261126
6261248
6263484
6263531
6264221
6265631
6266844
6266937
6267592
6268959
6269466
6271572
6271683
6271954
6272393
6272590
6272623
6272760
6272805
6272832
6273442
6274075
6274940
6276138
6276275
6279413
6280867
6283535
6284191
6286543
6293360
6293736
6296417
6296743
6297370
6298270
6299420
6302439
6304265
6304399
6304770
6306481
6306984
6307174
6307561
6310350
6310478
6311386
6313652
6314063
6314593
6314909
6315234
6315723
6316652
6316718
6317223
6320613
6322470
6325624
6327245
6328238
6330089
6330908
6331865
6332369
6332403
6332547
6334200
6334399
6337872
6338416
6339384
6341758
6342813
6345072
6345366
6345668
6345689
6346417
6348801
6349480
6350741
6354233
6354272
6354896
6355518
6355520
6357293
6358431
6358454
6359807
6360452
6361344
6361459
6362939
6363063
6364784
6365506
6366257
6370139
6370651
6372349
6372457
6372651
6373111
6373539
6376994
6379803
6379976
6380896
6380980
6381772
6382445
6382785
6382817
6382992
6384047
6384566
6386146
6386634
6387225
6387299
6387696
6388943
6389739
6390515
6391195
6392375
6393874
6396846
6399159
6399298
6400493
6401060
6401527
6403176
6405561
6406523
6407677
6409591
6410267
6412959
6413263
6413684
6415481
6416182
6416790
6417905
6419235
6420129
6421617
6422933
6423739
6423990
6424704
6426448
6426799
6427471
6428273
6429007
6429726
6430160
6430646
6431366
6432645
6432662
6433282
6434466
6436695
6437202
6437478
6438036
6438581
6439043
6439346
6439784
6440256
6440303
6440542
6442032
6443104
6443129
6443514
6443678
6444496
6444916
6446948
6447371
6448812
6452306
6452474
6453108
6454527
6455984
6456253
6457866
6457938
6458486
6459076
6459516
6459869
6459999
6460423
6460726
6464098
6465332
6465776
6466480
6468259
6468381
6468594
6468706
6471146
6471340
6472355
6473781
6474309
6474513
6475782
6476151
6476489
6479329
6479375
6479881
6482311
6483531
6485305
6486867
6487983
6488474
6488798
6489349
6490489
6490854
6491864
6492902
6494576
6496704
6498013
6500940
6501941
6502280
6502281
6503849
6504736
6506101
6506151
6506758
6506817
6507537
6507624
6508073
6509723
6510343
6510730
6512414
6513597
6513824
6514168
6515030
6515373
6517011
6517208
6517351
6517623
6517748
6518652
6519211
6519780
6520069
6520883
6521234
6523653
6525070
6525421
6528233
6531280
6531301
6532594
6532774
6533203
6533237
6533320
6535059
6536236
6536759
6536851
6537117
6537826
6538110
6539823
6544900
6546485
6547901
6548820
6551531
6551957
6552233
6554200
6556295
6556394
6556966
6557487
6557572
6559779
6560171
6561502
6562188
6562864
6565058
6567575
6568526
6568855
6572265
6572678
6576680
6580374
6582400
6582764
6583545
6583680
6583758
6585427
6585475
6589501
6590755
6591343
6592678
6596420
6596439
6596687
6596916
6598833
6601418
6601475
6602205
6603253
6604188
6604810
6606460
6608402
6608967
6610555
6611088
6611175
6611265
6611406
6611898
6612089
6614460
6619615
6620040
6620884
6624329
6625429
6625970
6626894
6627197
6627341
6628773
6629251
6629468
6629512
6630383
6631107
6632715
6633279
6635363
6636804
6637042
6637103
6638534
6639023
6639453
6639664
6640824
6641522
6643247
6643554
6644280
6644636
6645827
6646377
6646499
6646638
6647387
6649104
6649131
6650890
6651810
6653654
6653821
6653905
6654776
6655822
6656274
6656743
6657333
6657521
6659734
6661588
6663254
6663898
6665067
6665536
6665690
6666578
6667879
6668807
6668875
6671909
6673869
6675828
6676752
6679769
6680464
6680643
6681123
6682038
6683244
6683693
6684541
6685737
6686413
6687287
6687776
6688818
6688910
6689388
6689901
6691667
6693109
6693344
6694463
6694625
6695182
6695555
6697218
6698114
6703518
6704003
6704196
6704495
6705185
6706867
6707782
6707981
6710648
6710856
6711190
6712361
6713276
6713701
6714814
6714836
6715326
6715722
6716620
6717861
6718252
6719105
6719218
6720865
6722619
6724936
6724949
6725253
6726157
6731042
6731778
6731944
6732256
6733473
6733843
6734838
6735259
6735263
6736951
6737173
6738165
6739175
6739404
6739458
6739725
6740228
6740560
6741935
6742471
6742736
6743931
6745241
6746006
6747315
6750959
6751519
6752403
6755647
6756272
6759097
6761849
6762051
6762377
6763024
6763230
6765217
6765801
6766519
6766579
6767210
6768174
6768357
6768531
6773658
6774145
6774177
6774978
6775093
6775240
6776111
6776759
6778027
6778305
6779442
6781088
6783415
6785377
6785848
6786303
6786488
6790464
6790842
6791138
6791695
6791696
6793007
6793069
6793265
6793602
6794072
6795826
6796234
6798671
6800736
6804352
6804881
6805144
6805596
6806465
6806735
6807319
6807868
6807970
6808349
6808449
6808671
6813084
6813324
6813994
6816430
6818044
6818302
6822272
6824917
6825008
6825992
6826735
6827270
6827578
6827744
6828123
6828462
6830630
6832294
6833887
6833952
6835650
6835909
6836573
6836689
6836988
6837324
6837669
6839137
6839900
6840155
6840570
6840851
6841660
6843655
6844743
6847407
6852779
6853670
6853987
6854071
6854232
6859336
6859817
6861419
6861781
6863256
6863460
6863995
6864187
6864262
6864891
6867789
6869782
6870690
6870931
6873261
6874364
6876322
6876936
6878066
6878358
6878776
6880829
6881090
6882430
6883035
6883043
6883530
6884250
6886412
6887189
6887856
6893138
6894945
6895738
6897923
6898653
6900270
6900492
6900840
6901864
6903428
6905939
6906608
6910378
6911473
6913002
6913558
6913793
6914521
6916632
6919150
6919159
6919203
6919455
6919753
6922684
6922785
6923281
6924290
6925004
6925275
6927616
6927780
6927799
6928487
6929650
6932004
6932108
6932965
6933149
6934487
6934826
6935659
6935871
6936547
6936673
6936732
6937211
6938073
6939087
6939507
6939780
6940200
6943174
6943406
6946257
6947273
6949029
6949129
6950431
6951720
6951873
6953346
6953579
6955130
6956130
6958444
6959301
6959943
6960883
6960914
6961342
6963770
6964073
6964699
6965630
6965972
6967392
6967656
6967691
6968456
6970281
6973866
6973893
6974016
6976417
6978988
6980535
6981598
6984115
6985249
6985340
6985922
6986970
6986983
6989820
6990532
6991856
6992709
6992902
6993613
6994976
6995081
6995160
6995637
6997598
6998860
6999122
6999491
6999918
7000851
7002227
7002459
7003301
7003541
7003736
7004112
7004536
7005247
7005695
7005860
7005928
7007826
7012378
7014275
7016255
7016361
7017076
7018228
7018510
7020066
7020153
7021738
7022973
7025366
7026444
7026826
7027130
7028110
7028260
7028925
7029348
7029798
7030027
7030664
7031444
7032215
7034106
7034938
7037511
7037603
7037797
7039756
7040829
7042523
7042676
7042733
7043887
7044899
7046431
7048288
7049373
7049787
7051681
7052856
7053174
7053452
7054941
7056185
7056791
7058046
7058704
7060687
7062183
7062427
7063600
7065317
7065748
7066138
7066483
7066619
7066956
7067247
7068758
7070933
7072917
7073215
7073358
7073661
7075259
7075418
7075699
7077155
7077630
7080356
7080624
7081768
7083769
7084523
7085528
7088295
7090927
7091034
7091203
7091381
7099482
7099993
7101182
7101183
7103095
7103296
7104896
7105739
7106598
7109243
7109541
7111014
7111491
7113515
7114239
7115919
7119518
7119621
7120448
7120644
7121715
7122555
7122598
7122964
7123096
7123882
7127321
7127474
7131242
7133798
7134415
7136531
7139714
7140936
7141849
7145609
7146277
7146437
7146549
7147148
7147611
7147804
7148770
7150242
7151369
7153005
7153089
7153339
7154037
7155047
7155724
7156207
7157987
7160880
7161369
7162579
7165408
7166870
7168114
7169424
7169669
7171704
7172628
7174120
7175263
7176966
7177212
7179408
7181544
7181847
7184840
7186004
7186664
7187114
7187276
7188290
7190391
7192296
7193811
7194339
7195846
7195993
7196755
7197603
7198429
7199010
7199253
7199486
7201358
7201759
7204393
7205171
7208210
7208259
7209406
7210140
7210498
7211934
7213594
7213889
7214766
7215987
7216321
7218197
7218482
7221407
7221587
7223630
7225672
7226593
7226870
7227945
7228318
7233812
7235260
7236853
7238506
7239601
7239687
7241457
7242311
7242699
7245768
7249122
7250663
7250795
7253362
7253588
7254706
7254985
7255952
7256008
7256934
7259983
7260414
7261476
7261825
7263136
7263640
7264961
7265181
7265905
7269615
7270762
7271796
7273226
7276753
7277638
7278790
7279601
7280222
7280997
7283051
7283887
7284123
7284836
7285455
7285849
7285925
7286653
7286930
7287167
7287420
7287728
7288813
7289123
7290404
7292493
7293485
7294080
7295659
7296646
7297911
7298061
7298547
7299425
7299752
7300551
7301891
7302589
7302756
7302807
7303432
7304493
7305885
7306875
7307028
7307141
7307376
7307805
7308907
7309289
7309964
7311740
7311748
7314636
7315229
7316510
7316657
7317193
7318732
7321160
7321334
7321445
7321554
7321975
7322806
7323290
7325838
7326742
7326902
7327434
7328275
7329428
7330686
7334362
7334886
7336093
7337717
7338165
7338175
7338506
7338827
7339923
7340073
7340114
7340376
7340906
7340920
7341607
7342755
7343794
7343857
7344204
7345308
7347249
7348912
7351249
7353633
7355024
7356765
7358535
7359598
7359855
7362868
7363178
7364115
7364524
7364643
7366290
7368992
7369483
7370862
7370872
7370910
7372175
7372681
7373169
7375463
7378999
7379106
7379262
7380089
7381806
7383967
7384597
7385926
7386541
7386935
7389934
7390235
7391867
7392908
7394732
7397787
7398353
7399153
7399810
7400480
7400538
7400682
7400692
7400784
7401917
7402379
7402877
7403847
7404254
7404600
7405104
7406970
7408004
7408950
7409816
7410000
7410324
7410616
7415146
7415690
7415863
7415955
7415980
7416851
7417096
7417874
7418017
7419348
7421259
7421787
7421863
7421870
7421877
7424068
7426173
7426392
7426952
7428940
7430815
7431406
7431837
7431894
7434334
7434535
7437539
7437937
7437994
7438957
7441682
7442190
7444813
7448585
7449903
7450107
7451137
7452585
7453190
7453414
7454907
7456259
7457984
7458266
7466643
7467610
7470058
7470167
7470630
7470809
7472282
7472965
7473011
7473475
7474365
7474735
7475207
7476071
7478992
7480657
7480734
7481441
7483165
7485954
7486468
7486594
7486740
7487100
7487369
7487584
7489572
7490298
7490555
7492226
7494714
7494901
7495478
7495806
7498911
7499117
7499570
7501908
7502360
7502495
7503713
7504189
7504530
7504581
7507003
7507698
7508222
7508249
7509210
7511497
7513268
7513722
7514373
7514587
7515191
7516724
7517074
7520080
7520740
7521287
7522588
7522677
7523108
7523291
7525732
7527447
7528254
7528884
7530875
7531602
7531631
7533368
7533708
7533947
7534202
7534214
7534239
7534253
7534472
7534872
7534914
7537301
7538963
7540574
7541077
7541333
7542581
7543198
7543344
7544146
7544714
7545313
7548248
7548712
7550041
7550841
7551535
7551579
7551896
7553090
7553995
7554105
7555056
7557891
7560017
7561081
7562690
7564151
7564166
7567941
7568103
7568242
7568628
7568812
7568855
7570204
7572564
7573280
7575747
7578463
7578573
7580515
7581350
7582213
7584139
7584369
7586917
7588879
7589582
7590289
7590326
7590895
7594525
7595302
7596622
7597280
7598299
7599843
7600507
7600528
7600531
7600867
7600875
7601220
7602142
7602434
7603257
7603305
7603591
7604993
7605109
7605492
7605821
7608915
7610023
7610942
7613840
7614201
7616936
7617397
7617919
7619086
7620809
7622009
7622224
7622692
7624312
7624614
7626211
7626670
7626736
7627404
7628353
7631128
7631665
7632045
7632534
7634326
7635115
7636099
7637853
7640109
7641224
7641328
7641609
7642342
7642480
7644330
7644510
7647661
7647685
7648294
7648393
7652203
7654578
7658999
7660890
7661485
7661818
7662078
7662730
7663137
7663793
7664186
7664358
7665302
7665576
7667615
7667787
7668105
7668456
7668669
7669163
7670315
7675537
7675750
7676106
7676348
7676511
7677809
7678402
7678908
7679708
7679955
7681231
7681293
7681684
7683033
7685207
7686189
7688123
7688590
7689514
7689894
7690395
7691698
7691871
7692136
7693354
7693389
7695382
7696573
7696703
7696820
7697897
7697901
7701918
7702922
7705197
7712880
7713108
7713694
7714204
7715408
7715526
7715539
7715640
7716413
7716473
7717784
7719172
7719368
7719693
7719750
7720018
7721245
7722508
7723424
7726513
7728043
7728363
7730898
7731734
7732378
7732571
7733248
7734926
7736039
7737682
7737920
7738376
7738463
7740526
7742342
7743242
7745181
7748509
7749289
7749941
7750719
7754645
7755856
7755938
7756319
7756658
7758277
7760558
7761113
7765294
7765318
7767216
7767373
7768500
7768538
7769264
7769363
7770311
7770533
7772185
7772397
7773571
7779658
7780139
7780980
7781848
7782044
7782371
7782964
7783596
7785298
7787293
7787352
7788101
7788327
7788975
7790692
7794825
7796475
7798275
7800062
7801149
7801528
7801882
7802617
7805150
7805789
7806999
7807682
7807757
7808205
7811212
7812216
7813934
7814381
7814906
7816523
7816912
7817197
7817380
7817451
7819199
7819814
7820439
7821602
7822389
7823700
7824524
7825945
7826145
7828355
7829949
7831427
7832006
7832547
7834229
7835046
7835857
7836527
7837399
7837794
7838120
7838529
7838680
7839206
7839503
7839566
7841215
7842695
7843206
7843334
7845759
7845791
7846714
7848235
7849840
7851250
7852149
7853168
7853870
7855080
7856566
7858138
7858337
7859881
7860313
7862834
7863673
7863777
7865734
7866417
7868437
7870076
7872678
7873058
7873219
7874360
7874384
7876009
7876019
7877305
7878569
7878980
7879205
7880160
7880649
7886119
7886333
7886407
7887069
7887334
7887794
7889008
7892690
7892971
7893019
7893552
7895658
7895679
7895891
7895924
7896867
7896874
7896882
7897306
7899980
7901179
7901913
7902321
7902999
7903762
7904372
7908436
7908778
7910635
7910719
7910776
7910864
7911818
7912093
7912385
7913215
7913672
7913974
7914588
7915126
7916033
7916681
7917607
7918274
7919613
7919685
7920647
7920968
7921764
7922187
7923535
7923565
7924371
7924753
7924986
7925813
7926322
7926452
7926843
7928124
7928481
7929449
7929989
7930488
7930558
7931156
7932432
7933945
7934112
7934146
7936235
7936247
7936528
7936889
7937528
7939445
7942977
7943783
7944292
7947158
7947238
7947725
7949301
7950373
7952704
7952873
7953683
7954097
7955370
7956545
7956689
7956960
7958251
7960658
7960871
7961856
7962627
7964145
7964184
7965922
7966327
7967597
7968243
7969783
7970699
7971022
7971577
7972082
7972695
7973709
7974026
7974059
7974257
7975528
7975644
7976264
7976310
7977761
7977836
7978687
7982719
7982831
7986427
7987977
7988766
7990351
7993523
7993614
7994783
7996176
7996450
7999604
8000240
8000570
8000699
8001508
8002694
8003502
8003712
8003896
8003969
8004322
8005199
8005596
8007106
8007363
8010169
8011503
8014250
8017984
8018094
8018274
8019764
8020675
8023934
8024199
8025356
8025939
8026073
8028588
8032295
8034919
8035659
8038074
8038166
8038620
8039347
8040367
8040529
8041089
8044027
8044450
8044796
8045830
8047255
8047701
8047797
8049694
8049695
8050076
8051096
8051604
8052543
8052893
8054090
8055083
8055585
8057028
8057732
8059848
8061001
8061297
8066903
8066991
8067169
8067670
8067874
8067960
8068755
8068813
8069018
8069628
8071128
8071271
8073678
8074768
8076360
8077608
8080566
8081047
8082663
8083195
8084590
8084871
8085226
8085460
8085971
8086782
8086965
8087034
8087298
8088260
8088956
8090652
8092106
8093210
8093560
8093681
8093704
8093755
8094177
8095331
8095515
8095601
8095661
8097039
8097263
8097760
8098241
8099316
8099958
8100475
8101630
8103565
8103925
8104827
8104856
8108590
8109953
8111856
8111873
8112564
8113870
8114188
8116376
8118100
8118305
8119849
8120088
8122309
8123024
8123337
8125058
8125629
8125767
8126061
8126527
8126735
8129549
8130583
8130901
8131261
8132911
8133943
8134406
8134609
8135506
8137424
8137569
8139093
8139462
8141326
8141946
8142497
8142533
8142542
8143335
8143940
8143988
8144509
8145334
8146887
8147646
8148495
8149493
8150481
8151531
8152725
8153229
8154489
8159796
8160152
8160394
8162178
8163080
8163136
8163834
8164567
8164953
8165307
8167010
8168583
8169086
8169165
8171888
8173195
8174862
8174901
8178482
8178493
8179251
8179516
8180305
8181824
8181903
8182387
8182960
8183680
8183732
8184110
8184257
8184665
8185108
8185269
8186900
8190480
8191585
8192956
8193297
8196716
8198029
8198934
8206208
8206935
8210799
8211335
8211555
8211875
8211962
8213352
8213423
8216897
8223809
8225095
8226770
8227267
8228026
8229038
8229352
8230274
8230540
8230692
8231609
8232647
8232876
8233149
8233558
8233989
8237293
8237433
8237809
8237951
8238015
8238482
8239125
8240530
8241093
8241968
8243462
8244728
8246567
8246844
8247477
8248031
8248447
8249260
8250334
8250773
8251458
8251938
8252223
8252615
8255356
8256863
8258989
8261955
8263147
8265586
8265774
8265948
8269830
8270378
8271384
8271422
8275326
8275371
8276053
8278687
8279488
8280787
8280882
8281123
8282735
8283196
8285189
8287395
8287423
8287940
8288249
8288458
8288777
8289285
8289886
8290269
8290351
8291106
8291208
8292034
8294396
8294421
8295200
8297698
8298502
8298697
8299243
8300667
8302389
8303366
8303981
8305240
8305665
8305928
8305965
8306577
8307876
8308354
8310105
8311533
8312916
8312929
8314006
8315951
8317531
8318050
8319083
8320936
8321024
8322296
8323953
8323997
8324422
8327338
8327775
8328997
8329358
8330707
8330727
8331788
8332168
8332750
8334176
8336200
8336926
8337461
8338970
8339350
8339423
8340597
8340756
8341266
8341361
8341894
8342904
8343166
8344457
8349788
8351040
8351063
8353660
8353998
8354963
8355255
8355275
8355972
8357419
8357805
8360979
8361107
8361363
8362361
8362372
8363005
8364501
8365387
8366333
8367559
8368168
8369017
8369670
8370860
8372163
8373099
8376676
8379935
8380805
8381892
8382062
8382424
8384133
8384797
8384824
8385407
8385447
8385710
8385913
8386646
8387750
8387815
8387840
8389451
8389795
8390044
8391344
8394635
8396772
8397474
8398289
8398541
8402839
8403166
8404004
8404063
8404519
8405955
8406174
8407450
8407959
8410056
8410503
8410623
8410681
8411736
8412805
8413044
8413796
8413815
8414519
8415281
8415639
8416581
8417668
8419063
8421126
8422277
8424011
8424140
8425952
8426591
8426653
8428635
8428679
8431138
8431870
8433032
8433251
8434708
8434853
8435883
8437651
8438453
8440298
8440585
8440807
8440833
8443225
8444252
8444744
8447431
8447579
8448717
8448750
8449684
8450601
8453203
8454673
8456239
8456331
8460272
8460859
8461812
8462562
8462969
8465397
8466471
8469371
8470202
8470290
8470356
8470900
8471611
8471896
8474214
8474597
8475861
8476606
8476731
8478835
8478841
8478935
8480589
8480720
8483527
8485163
8489287
8495728
8497071
8498012
8499631
8500064
8502613
8507173
8507308
8507471
8511080
8511914
8512582
8512869
8514592
8515634
8516158
8518483
8518779
8520639
8521139
8522824
8522853
8523644
8524598
8524689
8525839
8526635
8528358
8529395
8529836
8532582
8532806
8534038
8534515
8535574
8536091
8537449
8541241
8542778
8543861
8544240
8544537
8545918
8547253
8548026
8549951
8550157
8550443
8550613
8551977
8552302
8552422
8552430
8553431
8555373
8555388
8556079
8556615
8556761
8557903
8558361
8558559
8559361
8559698
8559760
8561151
8561393
8561654
8564805
8565256
8565678
8566180
8566537
8566979
8567961
8569651
8570580
8572188
8573459
8573538
8574261
8575968
8576530
8578495
8578715
8579288
8579954
8580628
8581983
8582090
8582236
8582339
8583151
8583344
8583442
8584797
8584911
8585133
8585925
8586868
8587020
8587352
8587835
8588166
8588455
8589015
8589970
8590982
8591424
8592319
8592571
8593228
8594864
8595058
8596226
8597020
8597036
8597406
8597565
8598986
8599201
8600701
8601611
8601668
8602869
8604538
8604690
8606671
8606948
8607167
8607606
8610114
8611027
8613157
8613419
8613688
8615586
8616662
8617675
8617686
8618456
8618662
8618946
8619256
8619262
8619746
8620249
8621641
8623184
8623731
8624176
8627946
8628447
8628943
8630929
8631855
8632241
8634818
8636100
8636773
8637000
8637563
8637631
8637854
8639597
8639616
8640007
8640250
8641388
8642111
8643772
8644166
8644554
8645658
8645829
8646175
8647887
8648877
8649268
8650294
8651044
8651726
8651855
8652190
8652192
8652645
8652661
8653087
8653473
8653600
8653680
8654742
8654918
8655810
8656422
8656662
8656946
8657774
8658146
8658325
8658760
8660757
8661426
8661918
8664935
8664972
8665448
8665449
8667678
8669511
8669553
8670606
8671084
8672411
8673118
8673334
8680015
8680103
8680341
8680779
8682677
8684349
8685435
8685491
8686660
8687523
8689895
8692604
8693116
8693539
8693736
8695874
8695879
8696639
8696868
8697508
8697620
8698977
8700289
8700469
8702450
8703313
8703418
8703700
8703811
8704307
8704347
8705016
8705310
8705515
8707114
8708693
8711491
8714918
8715250
8715570
8718885
8719030
8719576
8719894
8722626
8722956
8723086
8723365
8725652
8726366
8728196
8729375
8731974
8731978
8734122
8734972
8735788
8740118
8740448
8744307
8744507
8744810
8745121
8745877
8746810
8747119
8748046
8750208
8752329
8754145
8754200
8755367
8755370
8755677
8758353
8758507
8759927
8760211
8760219
8760950
8761479
8762562
8763221
8763344
8763648
8765402
8766167
8766813
8767206
8771405
8772221
8773922
8774236
8775309
8776552
8778259
8778326
8778699
8779647
8780089
8780187
8780861
8781801
8785352
8786888
8787068
8789784
8793872
8794133
8794434
8794655
8794862
8795412
8796451
8797949
8798762
8800702
8801370
8801807
8802323
8802781
8803089
8804051
8805397
8805495
8808176
8809552
8810163
8812555
8813342
8813445
8815358
8816483
8817416
8817687
8817794
8819053
8819141
8819479
8820324
8821204
8825078
8827611
8829530
8829559
8829609
8830459
8830959
8831231
8831726
8831727
8832192
8833709
8834748
8836781
8837360
8837746
8840643
8841523
8842118
8843762
8844350
8846141
8847828
8847950
8848156
8848235
8849116
8849261
8851728
8853912
8854731
8854743
8858370
8861999
8862016
8863817
8864073
8864234
8865539
8865977
8866764
8866784
8868036
8870525
8872572
8873423
8874531
8874652
8875384
8877949
8878218
8878303
8879727
8880713
8881750
8882044
8882666
8882982
8885421
8888052
8888190
8888602
8889408
8889652
8890261
8890449
8891687
8891794
8892087
8892335
8892585
8893805
8894134
8899082
8899119
8899456
8899854
8901208
8901415
8903738
8904609
8906043
8907383
8909481
8909811
8910014
8910388
8913615
8914603
8915778
8916415
8917211
8918426
8919046
8919995
8920362
8921881
8924982
8925241
8926049
8926096
8926376
8926585
8928578
8929028
8929192
8931275
8933101
8933307
8933790
8934188
8934946
8935418
8938327
8940872
8942248
8942515
8943591
8943989
8944467
8944953
8945074
8946392
8946882
8946983
8947284
8949276
8950190
8950742
8950757
8953561
8954522
8954912
8957446
8958995
8959771
8960077
8960583
8962592
8963384
8963585
8965296
8965597
8966436
8966512
8968388
8969637
8970799
8972316
8974194
8975467
8975690
8975817
8975873
8976256
8976343
8976622
8978772
8979959
8981689
8985269
8985726
8986745
8987566
8987776
8989024
8990408
8991260
8991354
8991585
8996000
8997316
8998225
8999924
9003896
9004102
9004689
9007879
9008785
9009279
9014162
9014700
9015299
9016051
9016463
9016571
9016637
9017778
9017856
9019344
9022886
9024528
9025063
9025987
9027003
9031052
9033308
9033626
9033639
9033754
9035141
9037554
9041241
9042281
9044779
9048047
9048094
9048357
9048729
9050176
9050200
9050672
9051833
9053887
9054566
9054932
9055796
9057623
9058548
9058558
9060589
9061054
9063962
9064129
9065613
9066599
9066770
9067633
9070047
9074083
9078389
9079416
9082494
9083478
9083949
9084340
9084738
9084979
9085902
9086203
9086897
9088987
9089624
9089882
9090413
9091745
9092335
9092408
9094325
9097450
9097471
9097622
9100011
9102444
9104495
9105003
9105573
9107372
9107528
9108358
9108718
9109038
9111675
9112531
9112856
9113976
9114071
9115145
9115223
9116109
9116226
9117151
9117728
9124125
9124211
9125972
9126507
9128335
9128813
9129393
9129848
9133678
9134111
9134396
9135064
9135097
9135630
9136188
9136285
9139205
9139843
9140507
9141208
9141376
9145134
9147099
9150738
9152716
9152949
9153675
9154076
9154497
9155547
9156026
9156328
9157013
9157048
9158205
9159255
9159703
9160653
9164478
9164842
9165305
9165747
9165798
9166494
9166727
9167475
9167861
9168100
9168336
9169735
9169841
9170494
9172311
9174896
9175235
9175673
9176687
9176915
9178517
9178581
9178957
9179732
9180173
9180441
9181310
9181906
9182055
9182117
9183560
9187197
9187601
9187997
9188171
9188729
9188957
9193826
9194559
9195288
9195291
9195552
9197317
9200083
9202125
9203059
9203275
9203593
9206117
9206464
9207116
9208995
9210806
9211035
9211091
9211174
9211728
9212131
9213304
9215286
9215802
9219454
9221004
9221608
9222569
9223512
9223924
9225123
9226586
9228863
9228869
9229304
9230466
9230652
9232654
9234424
9234546
9234602
9235019
9236785
9237056
9237070
9239259
9240122
9240494
9241525
9242290
9243353
9243541
9247186
9247871
9248241
9250435
9250683
9251408
9251721
9253444
9254138
9255453
9255531
9255611
9260269
9261341
9261780
9264652
9264808
9268603
9269102
9270325
9272204
9272342
9273491
9273653
9274079
9275327
9276147
9278155
9278235
9279504
9280702
9283001
9284418
9284488
9285342
9286153
9287150
9287317
9287440
9289215
9294179
9294517
9296552
9297653
9300157
9301681
9302411
9302516
9303552
9304124
9304144
9305425
9305753
9305811
9307350
9309405
9310874
9311566
9313343
9313734
9314016
9316564
9320542
9321712
9322212
9323766
9326205
9327682
9328378
9331313
9332562
9333229
9334364
9334382
9334621
9335209
9335693
9336938
9338823
9339782
9340069
9340498
9340588
9340892
9341276
9341447
9342888
9344029
9347226
9348399
9349539
9351904
9353161
9353219
9354569
9355061
9355148
9355945
9356271
9361093
9361306
9361626
9362606
9363338
9363372
9363713
9364446
9364758
9365743
9367504
9367771
9368006
9368111
9368115
9369051
9369643
9370422
9370609
9371402
9371913
9373518
9374150
9374255
9374566
9375441
9375731
9377722
9378338
9378824
9379328
9379409
9380398
9380579
9381600
9382474
9382554
9383330
9383936
9383982
9384229
9384644
9385364
9386474
9386646
9387286
9391971
9393274
9396186
9397867
9398433
9399593
9400648
9400935
9402326
9403713
9404116
9405831
9405930
9406540
9408228
9409982
9411104
9411855
9412075
9412077
9412442
9413366
9414577
9415330
9415645
9416180
9416265
9417740
9418577
9419103
9419177
9420572
9423887
9424330
9424592
9426219
9426526
9428249
9429253
9429478
9430350
9430573
9431573
9432879
9433331
9436477
9440398
9441122
9441922
9443680
9444288
9445116
9446122
9446466
9447219
9448502
9448774
9449783
9450140
9450457
9452580
9453657
9455410
9455558
9456742
9457741
9458507
9459172
9459356
9461241
9461479
9463281
9467402
9467527
9468093
9468545
9468973
9469469
9469868
9471066
9472105
9472871
9474554
9477904
9478346
9478696
9480748
9480911
9482799
9483067
9484251
9485929
9486133
9486202
9486426
9486797
9488213
9490470
9491569
9492259
9493664
9493688
9494003
9494515
9495437
9496459
9497191
9498405
9502141
9502999
9506127
9506167
9510225
9510630
9511995
9512108
9512562
9515449
9515646
9519135
9520876
9522233
9523449
9524075
9524900
9525571
9526092
9528818
9529846
9529890
9529911
9530744
9531167
9531484
9533081
9534552
9535271
9535346
9537185
9537353
9537596
9537952
9537977
9538526
9539408
9539833
9541470
9541488
9541638
9543333
9543765
9543806
9544028
9544914
9547970
9548939
9549592
9549994
9551257
9551258
9551797
9552389
9556503
9556981
9557511
9557720
9558053
9558146
9559110
9560117
9560293
9561730
9561988
9562142
9562949
9563074
9563729
9567316
9568155
9568568
9568587
9570540
9570627
9571274
9572641
9574187
9574924
9575742
9575869
9576652
9577257
9577380
9577936
9579018
9582305
9582342
9583467
9584697
9586535
9586551
9587548
9589123
9589672
9591282
9593438
9594674
9594723
9595142
9596182
9597057
9598395
9598922
9599657
9599908
9599937
9600677
9600883
9602110
9602659
9602738
9604546
9605254
9605888
9606375
9607008
9609712
9609861
9611795
9613657
9615445
9615648
9616672
9617074
9617094
9618509
9618749
9618968
9619791
9620628
9621447
9622807
9623939
9624782
9626207
9627935
9630106
9630797
9631135
9632739
9633304
9636606
9637235
9637601
9637618
9637691
9639158
9639186
9639249
9639668
9640321
9640594
9641558
9641954
9641974
9643102
9644461
9645333
9646062
9646183
9647558
9649026
9649374
9649589
9650970
9654235
9654825
9657565
9657576
9657651
9660741
9660804
9661957
9662183
9662428
9663102
9665059
9668763
9669059
9669216
9669317
9669707
9670472
9670995
9673878
9674693
9675418
9676030
9677163
9677249
9677711
9678104
9678744
9679059
9679883
9679975
9680215
9683534
9684003
9684504
9684979
9685179
9685480
9686820
9688351
9690531
9691263
9691462
9691917
9695079
9695615
9696563
9696803
9697609
9698054
9698979
9700767
9701380
9702647
9705206
9705510
9706811
9707484
9707850
9710005
9711006
9711873
9713522
9715804
9717537
9717616
9719884
9719888
9720315
9722602
9724196
9724215
9724619
9725042
9725213
9725892
9725905
9726570
9729052
9729302
9729750
9729773
9731979
9732171
9735410
9735513
9738980
9740002
9740827
9741750
9742820
9743264
9743598
9744345
9744395
9745310
9746048
9746638
9747747
9748239
9749228
9749271
9749803
9753111
9753378
9753700
9755826
9756574
9757427
9759840
9760435
9763094
9763265
9763790
9763879
9764510
9764769
9771137
9772797
9773148
9773594
9773742
9774422
9775172
9775464
9775699
9777893
9778344
9779001
9779237
9779978
9781584
9782765
9783396
9785151
9785770
9785900
9786040
9786438
9787401
9788153
9789247
9790338
9790532
9792287
9792731
9794874
9795426
9795631
9796823
9797506
9799434
9799955
9800021
9800164
9801605
9801782
9803561
9804003
9807958
9808156
9808278
9809411
9810300
9811083
9813399
9814498
9815642
9820878
9821509
9822317
9823418
9824567
9824987
9825058
9825377
9826303
9826339
9826620
9826828
9828185
9829553
9830001
9830215
9830380
9830521
9831412
9832626
9833407
9836554
9836831
9836909
9838256
9839782
9843453
9844896
9845758
9845928
9846246
9846528
9848431
9851176
9852394
9853082
9853519
9854317
9854451
9857812
9857941
9858850
9859225
9860025
9860484
9860983
9861255
9863874
9864523
9864590
9866252
9866464
9869451
9869773
9870631
9871317
9873569
9873838
9875014
9875344
9876337
9877025
9878616
9878836
9880320
9880618
9881967
9882246
9882685
9883710
9883713
9884092
9884499
9884733
9884901
9886713
9888115
9890313
9890737
9891648
9892684
9893829
9896195
9899316
9899585
9900927
9901701
9904494
9908086
9908099
9908407
9908413
9909232
9909259
9909302
9909306
9909420
9909463
9911306
9911695
9912311
9912513
9913100
9913663
9913748
9914038
9914888
9915847
9915888
9916252
9916312
9919496
9919888
9920625
9921514
9921587
9922961
9923444
9923514
9923541
9927096
9927401
9927513
9929388
9930959
9933963
9936583
9937612
9937615
9938879
9939996
9940495
9941069
9943263
9943834
9944220
9944422
9944767
9945098
9945888
9946410
9947144
9947389
9949258
9952007
9952791
9952909
9956803
9957344
9959498
9959992
9961009
9961308
9961715
9963447
9963583
9964407
9964665
9965398
9968199
9969939
9970186
9973044
9975476
9975875
9976965
9977095
9978345
9979599
9981343
9983491
9984651
9986408
9987535
9989241
9989619
9990625
9990632
9991393
9995323
9995364
9996827
9997911
