941
3012
5302
6312
6768
9508
9940
10054
11705
12511
12737
12805
14523
15144
17137
17569
20022
20366
21572
22321
23005
23264
23356
25341
25434
25740
25933
27483
27699
29812
30706
31763
31877
32800
34052
34344
35433
38265
38530
39719
41352
41573
41580
47362
48009
48174
48788
51804
52685
55381
56626
57526
57933
58482
59397
59767
60297
61970
62141
62400
62700
63003
64538
65969
65991
66316
66640
67545
67606
68226
68402
68709
69093
70552
71149
71505
71672
75799
77554
77658
79574
79805
79900
80155
81195
85604
86152
86756
86864
87607
87736
88253
88396
88505
88532
90030
90751
93392
93977
94053
96110
96831
97530
97546
100265
103269
104077
104183
104239
104504
106056
108371
109440
111647
111838
113383
113891
113926
114055
114461
114889
117909
118038
118975
120036
124293
124366
125358
125960
126630
127765
128583
128923
130198
131254
131647
133766
134902
137202
141964
142623
142750
143466
146887
147980
149597
150035
150868
152329
155404
155706
156483
157772
157902
158508
158878
159688
160551
160933
163082
163315
163895
167517
168927
168973
169053
169121
172847
173065
175268
175547
176182
177139
177488
178855
179555
179802
181020
184868
186142
186491
187509
187702
187818
188599
191298
191387
192202
192993
193009
193461
194487
195291
198722
198794
199293
200116
200285
201160
202510
202748
203134
203702
205051
205798
205997
206435
206641
207625
208114
209348
212571
212827
214217
214419
214754
216752
217328
217352
217973
218799
219719
219830
220795
221138
222072
223183
223495
223586
224096
224310
226450
227695
228242
228579
229754
230381
230687
232354
232507
233664
234456
235221
236677
237495
238468
239777
239837
241659
241814
241916
245754
248045
248621
249444
249520
251708
252609
252924
253211
254211
254228
257995
258533
261262
263724
264062
266192
266375
266885
268485
269397
270351
270629
272002
272551
273253
274324
274567
277187
278401
278605
279178
279423
279588
279681
279843
280982
281558
281853
282875
283248
287026
288326
290396
290802
291733
295147
298178
298216
299761
302963
303582
303976
304098
305172
306489
306595
307560
308085
308120
312505
312873
312931
314502
315301
315390
315478
316411
316502
317093
317581
317647
318688
319412
319432
319832
321097
322736
324263
325113
325316
326624
326819
327875
328224
328379
328487
329489
330426
330771
330873
330952
330968
331546
331889
335554
335675
335711
337296
338494
340039
340247
340497
340704
342872
347039
347552
348133
350386
351564
351751
353362
354343
354364
355207
357172
357269
357743
360255
360270
360635
360871
361720
361863
362983
363819
365858
366075
368373
368524
369938
374066
374444
374679
376109
376320
376529
377498
377692
378409
378899
378934
379265
379368
380134
380892
381839
382517
382658
383253
386574
387054
388904
389004
389640
390031
391205
394380
394697
396410
399086
399407
402632
402927
404625
404849
405160
405983
406661
407221
407730
409352
410171
410744
411199
416301
416656
419522
422556
422950
424071
424619
425015
426151
426705
427742
431171
432935
433326
433822
433930
436021
437254
437474
449306
449408
449660
449777
450182
450372
452405
453492
454132
454404
454426
455290
459401
460850
460921
461654
462300
462904
462917
463591
464304
464619
465000
468839
468973
469215
470709
471181
471733
472052
474386
475242
475284
476319
476435
476741
477605
479831
480469
481303
482192
482899
483795
484431
485073
486033
486190
487239
488970
489627
490311
490428
490690
491127
492387
492922
493077
493250
493897
494216
494374
495634
495760
496432
497041
497802
497839
498346
499819
500602
502156
502834
503355
503851
503878
504817
504994
505984
508331
510514
510824
512522
513368
513490
514517
515063
515248
515757
517683
517956
518034
518497
522014
527165
527715
527790
528122
530939
531614
531764
532334
533245
533810
535264
535343
535574
537366
538771
543789
544030
547725
548330
548400
548624
548629
549735
550147
550935
553912
555297
556666
558325
559993
560081
560200
560768
561552
565584
566964
567904
568375
568742
569449
569829
570092
570336
570401
570804
570877
571112
572051
573614
574119
576185
577789
578275
580587
580678
581917
581972
582541
582667
582921
585598
586789
589130
590402
591515
591804
592670
593631
593875
594107
595649
595881
597173
597706
598141
598218
599789
601781
601963
602337
603174
603605
603867
605023
606734
606918
607991
609116
609704
610632
611838
612402
612683
612865
614502
615127
615620
617109
620376
620993
621913
623091
627448
627992
628202
628422
630498
630783
634237
634382
634416
638319
638599
638752
638965
639682
640548
643863
644226
648602
652259
653401
653678
654823
655350
659318
660539
660556
663511
664759
665250
665975
666072
666304
667224
667977
671867
672133
672400
673525
674355
677412
677747
677748
680646
681794
683307
684484
685918
687570
689144
690370
691401
692475
693387
694187
694344
697088
697356
698103
699367
699634
699910
700791
703694
703794
704768
706794
707581
708410
709707
711019
711336
711776
715843
718576
720150
722462
723204
724347
726098
726570
726699
728084
728896
730384
734231
735481
736111
737774
738560
740992
741799
741852
742142
742526
742625
743035
744556
744829
746624
747114
747630
749303
750198
750408
750961
751644
753217
753375
756734
756975
758692
759052
759225
760292
760692
761213
762610
763175
764670
766398
767545
768209
770077
772581
775878
776620
777243
777639
778848
779794
780285
780397
782544
783716
784917
785031
785577
785737
786919
787313
790238
790396
792366
792570
793230
793579
793617
793896
794191
794712
795271
795975
797782
797980
801921
804357
805145
805642
805831
805876
806199
806457
807336
809549
810095
810779
811189
811408
813958
814903
814977
817005
819226
820524
821086
821240
821596
822669
823992
826079
826430
828768
828887
830216
830276
830315
830333
830465
831064
831356
831507
832645
833029
833348
836427
838817
839887
842290
842319
844447
846030
847144
848602
848728
849720
852542
852766
853091
854014
854275
854651
855755
855863
856271
856345
857880
859345
859864
860136
863898
864408
864703
866021
867256
867306
867435
869873
871976
872880
873376
873782
876595
880926
881650
883539
884866
885841
890749
892423
893672
896864
899257
900221
901429
903269
903546
905435
905735
906742
907244
907681
909884
910699
911796
912530
913940
914195
914720
916768
917530
917645
917768
917885
918035
918152
918224
921489
924560
925188
925828
926608
926837
927956
928993
929390
930572
931654
933033
933111
934744
935593
938544
939127
939271
939701
943190
944224
945047
946130
947571
948847
951555
953400
953565
953771
954495
955375
957588
957614
959113
960808
963011
963469
963510
963738
963899
965329
965700
967568
970667
970908
971636
971721
972266
972687
974381
975102
975856
976025
977272
977831
978066
978951
982412
982754
983220
984549
987410
988082
989272
992966
993243
994264
994950
995766
996866
997882
999082
999083
999375
999758
1000613
1002148
1003769
1006612
1007097
1007703
1008020
1009166
1009486
1010041
1010136
1012481
1014218
1014227
1014577
1014937
1016704
1016902
1021792
1021865
1021914
1024277
1025681
1025688
1028982
1029258
1029923
1030746
1032648
1033368
1033386
1033643
1034173
1035530
1035729
1035905
1038902
1039365
1040014
1040628
1047114
1048499
1050334
1051697
1051698
1052170
1052209
1052510
1052741
1053884
1054071
1055891
1059828
1060279
1061418
1061645
1061687
1062497
1067468
1067616
1067918
1068298
1070083
1071389
1073484
1073732
1076876
1077122
1078047
1079939
1082022
1082182
1082187
1085901
1088327
1093433
1094456
1095794
1097589
1098742
1098888
1100752
1102837
1104481
1105802
1107223
1107353
1107585
1107880
1107971
1108572
1110159
1110175
1111152
1111697
1112115
1115974
1116692
1117301
1118430
1120354
1120697
1121182
1123436
1124384
1124550
1125350
1125555
1126346
1127002
1127625
1128948
1130377
1130425
1131190
1131332
1131537
1132224
1132774
1133549
1134091
1135848
1135855
1136594
1137674
1137961
1138160
1138217
1138484
1142062
1142668
1142833
1143860
1144250
1144520
1145514
1145602
1146239
1146433
1148012
1149936
1150349
1150512
1151038
1151120
1152916
1155672
1156078
1157219
1157903
1158156
1159161
1159792
1161080
1162637
1165048
1166290
1167276
1167969
1170171
1171069
1171295
1171787
1172175
1172641
1172689
1173614
1173989
1174424
1174518
1176502
1176712
1177621
1178353
1181857
1182026
1183381
1184151
1188358
1188798
1189653
1190707
1191271
1192464
1192490
1192577
1193113
1193579
1195261
1195520
1199095
1199301
1201985
1202778
1203325
1203906
1205118
1205713
1206264
1206462
1206739
1207247
1209227
1212102
1212209
1212807
1216049
1216225
1222998
1223202
1223706
1223753
1223898
1224488
1226790
1227033
1227057
1227570
1228552
1228706
1230814
1231296
1232454
1234505
1234849
1238013
1238577
1238686
1239382
1241064
1241473
1242150
1242583
1243499
1243524
1243885
1244092
1244157
1244841
1245122
1245706
1246524
1246577
1246988
1248130
1250328
1251124
1252447
1253183
1254196
1255001
1255020
1256459
1260521
1261736
1267686
1268468
1268570
1269178
1271564
1271614
1272972
1273999
1274665
1274816
1276654
1277278
1279461
1279602
1280220
1280507
1281503
1281563
1282310
1283283
1283451
1283473
1283496
1284936
1286496
1288902
1291103
1291354
1291625
1292644
1293089
1293638
1293922
1295431
1295899
1295955
1296715
1297133
1297894
1300044
1300336
1301327
1302067
1302882
1305450
1306327
1306337
1306867
1307136
1308029
1308354
1309450
1309549
1310508
1310725
1310790
1315024
1316499
1317166
1318364
1318781
1318825
1321244
1322302
1322526
1324122
1324637
1325219
1326652
1330063
1331003
1333539
1333736
1336521
1337177
1337542
1337732
1338074
1339070
1339075
1339396
1340201
1341855
1342381
1342406
1342494
1344554
1345565
1346258
1346291
1350397
1350866
1351317
1354477
1354999
1356105
1356842
1357875
1358027
1359981
1361395
1361504
1361727
1363194
1363692
1363846
1366239
1367210
1367646
1368536
1368684
1369327
1369930
1371670
1373322
1373456
1373798
1375536
1375641
1376573
1379573
1380009
1380422
1381846
1386020
1386855
1387070
1387551
1388435
1390437
1390918
1392724
1393275
1393311
1393782
1394843
1395494
1395757
1395967
1397031
1397303
1399866
1401370
1401444
1401702
1402782
1403636
1403812
1404439
1407505
1409607
1410399
1411482
1411503
1411866
1411934
1412197
1412385
1412389
1413319
1415924
1416099
1416145
1416181
1419142
1419937
1420239
1421324
1422312
1422938
1423688
1424329
1424658
1426268
1426838
1426892
1427469
1428448
1432944
1433494
1433923
1435345
1437296
1437886
1438887
1445666
1446455
1447042
1450512
1451966
1453323
1453769
1454826
1455099
1456931
1456998
1457184
1457979
1458130
1458910
1460986
1461073
1461171
1461530
1461929
1463310
1463926
1463974
1464551
1465855
1467551
1469575
1470153
1471158
1473879
1474409
1475861
1476432
1481955
1485085
1486658
1486981
1487371
1487742
1488079
1490477
1490947
1492982
1493775
1494772
1495364
1495494
1496177
1496569
1497367
1497578
1499307
1499728
1501238
1501793
1502087
1502357
1504547
1504658
1504968
1504996
1505376
1505607
1505849
1506337
1506672
1507405
1508197
1508821
1508908
1508948
1510179
1510278
1510426
1510466
1511214
1511284
1512693
1513192
1513264
1515246
1516912
1517374
1518153
1518442
1518578
1518922
1519034
1520493
1523141
1524270
1524486
1526112
1526787
1527427
1527546
1527695
1528588
1536143
1536191
1537323
1537338
1538781
1539762
1539767
1539935
1540097
1540142
1540369
1541213
1541311
1541502
1542291
1543743
1545639
1546415
1547200
1548353
1548566
1548997
1549625
1549789
1549935
1551209
1555375
1555714
1556404
1557652
1557853
1557896
1559126
1559997
1561115
1562000
1562717
1563327
1564307
1565161
1565485
1566020
1569518
1571524
1571545
1572010
1572649
1574320
1577233
1577256
1577954
1579565
1580767
1580857
1582257
1582340
1582957
1586256
1586528
1588241
1589045
1589971
1590178
1590395
1590807
1591291
1591716
1592207
1593260
1594709
1594772
1596078
1596241
1598612
1598990
1599680
1600849
1603713
1604955
1605431
1605576
1607368
1611192
1611515
1611937
1611939
1612470
1614015
1615863
1621473
1622926
1623464
1625140
1625575
1629682
1629832
1630333
1632933
1633909
1637159
1637388
1638215
1639301
1640210
1642956
1644028
1646419
1649935
1650817
1651004
1651950
1652147
1653123
1653332
1653570
1654172
1654377
1657717
1658088
1659798
1660224
1660336
1660603
1660848
1660878
1662415
1662472
1663868
1665058
1665706
1666768
1668006
1668613
1669003
1669999
1671490
1672242
1674834
1674962
1675005
1675152
1675727
1676380
1677256
1677939
1678359
1679196
1680961
1685179
1685858
1687629
1688631
1688843
1690442
1690879
1691324
1691673
1695595
1696126
1696824
1698245
1698479
1699668
1701011
1702593
1703610
1704786
1708789
1709117
1710209
1710838
1712720
1715945
1716519
1716742
1717382
1717424
1717661
1718162
1718318
1719549
1720339
1720550
1723200
1727403
1729331
1730693
1731325
1731878
1732151
1732858
1735211
1738215
1739288
1739738
1739867
1740254
1741138
1743127
1743878
1744294
1749302
1749627
1750298
1750489
1751397
1751595
1752101
1753184
1758050
1758489
1758640
1759313
1761125
1762944
1764299
1765125
1765717
1767916
1768306
1770070
1770553
1771342
1772171
1772905
1774910
1776682
1776951
1778589
1778895
1779486
1779951
1780246
1781577
1785573
1786520
1786783
1787415
1788177
1788541
1788542
1789402
1789818
1791075
1791201
1793334
1795699
1796113
1796173
1797408
1797942
1798492
1798760
1802306
1803608
1804524
1805488
1807221
1807249
1809776
1810290
1810995
1812551
1813217
1813772
1815192
1815621
1816002
1816190
1817092
1817911
1818211
1819995
1821319
1821786
1822364
1822656
1824039
1824062
1824827
1825604
1825736
1825956
1827565
1828074
1828884
1829068
1832136
1832691
1834067
1834551
1834976
1836837
1837060
1837807
1838166
1838573
1841198
1841848
1842323
1843376
1843418
1843678
1844029
1844556
1844612
1847162
1847265
1847624
1849288
1849912
1851821
1853340
1854876
1855103
1855804
1856417
1856863
1856899
1857106
1857393
1857425
1857996
1858497
1861064
1861617
1864050
1864758
1866587
1868650
1869450
1869757
1869800
1870309
1870869
1871670
1872252
1872639
1874035
1874151
1875437
1876146
1878621
1879142
1880563
1880645
1880745
1881239
1885140
1888488
1890300
1890427
1892576
1892918
1893007
1893137
1893275
1894480
1895987
1896292
1897711
1898992
1899858
1900887
1900941
1901333
1903275
1903494
1904344
1905115
1905257
1905826
1905939
1906238
1906676
1907803
1907905
1908827
1909710
1909741
1910596
1910914
1911094
1912375
1913118
1914189
1914205
1915654
1916118
1916227
1917647
1918086
1918916
1919683
1919701
1920171
1922213
1923289
1923711
1923815
1925232
1928278
1929132
1929738
1930144
1930262
1930265
1930637
1931256
1932090
1932161
1932186
1933086
1933964
1935988
1937420
1938399
1939308
1940924
1941416
1942612
1945295
1945581
1946452
1947206
1947853
1949326
1949416
1950329
1950943
1950971
1953272
1953885
1958160
1958360
1958371
1959306
1961394
1961878
1962331
1962366
1965110
1966008
1966763
1969079
1969726
1969727
1970009
1971458
1972222
1973176
1975514
1978072
1978194
1980101
1980314
1980364
1980968
1982044
1984384
1984481
1985003
1985211
1985398
1986603
1986717
1986887
1987030
1987099
1987611
1987804
1990300
1991317
1991515
1992642
1993861
1994582
1995005
1995066
1996384
1996484
1997666
1999097
2000271
2002528
2004677
2005027
2005585
2007053
2008860
2009921
2010987
2011974
2012200
2012585
2012865
2018339
2019185
2020061
2021306
2021955
2023172
2026623
2026666
2027105
2029040
2029467
2029545
2032120
2032400
2033046
2034020
2034341
2034689
2034807
2035672
2035846
2036987
2037587
2037683
2038015
2038322
2039802
2042311
2042620
2042656
2043106
2043873
2043983
2045244
2045864
2046556
2049171
2049902
2050311
2051957
2052571
2052968
2054363
2056044
2056430
2056836
2058240
2059790
2060127
2063401
2064165
2064496
2066894
2067870
2069015
2069957
2070358
2070756
2071670
2071706
2072948
2073875
2073995
2075192
2075725
2077732
2079697
2079744
2081239
2081477
2083518
2083781
2085648
2086237
2088845
2089851
2092031
2092225
2092273
2094797
2094989
2095156
2095960
2096448
2099259
2101337
2101438
2101530
2101681
2102136
2103898
2104498
2108171
2108965
2109787
2110288
2111204
2111299
2111511
2111599
2112246
2112938
2114275
2115216
2115803
2116611
2117024
2118543
2119282
2120031
2120693
2120978
2121246
2122784
2123291
2126251
2127404
2127535
2128370
2129403
2134376
2134813
2136804
2136971
2137536
2138517
2141016
2141479
2141588
2141931
2142008
2142435
2143285
2146576
2147005
2147765
2148286
2148674
2151276
2151440
2151642
2153453
2154354
2154434
2157270
2157331
2158448
2160148
2160352
2160573
2160722
2162010
2162066
2162105
2162756
2163269
2164546
2167022
2167154
2167881
2168471
2168905
2170155
2170636
2171881
2173508
2173799
2174929
2175211
2176917
2178887
2180383
2180604
2180973
2181541
2182622
2182791
2185630
2187135
2191643
2192965
2193243
2193854
2193895
2194748
2195115
2195293
2195533
2195989
2197369
2198580
2199429
2200684
2201630
2202953
2203582
2204394
2204858
2205108
2209416
2209869
2211124
2211154
2211861
2212829
2214445
2215215
2216798
2222662
2222822
2223240
2224628
2229548
2233663
2233683
2234865
2237302
2239804
2240200
2241595
2241823
2242702
2247909
2248069
2250634
2252427
2252954
2252979
2255971
2256217
2257299
2257358
2261162
2261466
2261827
2262572
2263041
2264011
2265835
2266416
2269441
2270419
2273783
2278162
2280569
2280716
2281115
2282182
2283182
2283285
2284043
2284051
2284887
2284968
2285828
2286661
2286995
2287027
2287068
2291707
2291746
2292565
2293475
2293874
2294391
2294759
2295251
2295521
2295523
2297026
2298206
2299517
2300050
2300328
2300729
2300856
2301066
2303146
2303720
2303722
2303863
2304519
2305538
2307475
2307734
2308060
2311068
2312639
2313062
2314411
2315481
2315812
2316027
2316163
2316609
2316713
2316916
2317027
2317395
2317656
2319895
2320713
2320787
2321205
2324888
2329362
2330007
2330202
2330685
2330944
2331536
2332155
2333044
2333257
2333726
2333840
2334666
2335231
2336318
2338971
2339210
2339315
2340010
2342868
2343078
2343387
2345987
2347231
2347798
2347800
2348148
2348987
2349692
2350457
2351127
2354772
2357502
2357615
2357984
2359222
2360328
2360437
2360633
2360935
2362203
2362823
2366382
2368828
2368841
2368918
2372579
2372970
2376872
2377221
2377275
2377485
2378205
2378315
2378333
2379128
2379972
2380033
2381186
2381711
2382184
2382705
2383000
2383195
2385005
2386360
2386801
2387492
2388902
2389416
2389736
2394613
2395738
2396289
2396767
2398170
2399661
2400228
2400495
2402009
2402605
2404837
2406339
2406991
2407713
2408910
2409070
2411228
2411316
2411346
2412838
2413026
2414299
2415665
2417523
2417613
2417702
2417727
2417862
2418875
2419517
2420875
2421228
2421900
2421935
2424636
2424813
2425491
2427497
2429480
2431046
2431366
2433832
2434569
2436449
2436591
2436808
2437875
2439273
2439340
2442178
2442869
2444944
2445666
2445934
2447181
2447340
2449096
2449668
2449882
2450171
2450502
2452344
2454870
2462358
2462411
2462786
2463459
2465050
2466721
2466760
2466883
2467875
2468666
2468730
2468835
2472424
2473806
2473989
2474622
2474778
2475787
2477191
2478131
2480623
2481220
2482614
2483111
2485925
2486384
2486618
2486647
2487435
2487543
2487746
2488079
2488802
2490355
2490887
2491569
2491962
2492204
2492635
2493015
2493907
2494352
2494420
2495160
2496947
2498295
2499622
2499898
2500023
2500431
2501314
2503341
2503666
2503708
2503818
2504803
2504997
2507121
2507313
2508637
2510166
2510931
2514692
2515338
2515899
2517332
2517610
2519648
2519855
2519993
2523288
2525754
2526096
2527765
2528076
2528173
2529892
2530013
2530200
2531694
2531734
2534528
2535831
2539390
2539422
2540614
2543852
2544531
2544966
2546359
2547998
2548533
2548955
2549183
2550989
2551276
2551481
2551804
2554232
2554697
2558793
2559304
2559366
2560237
2561267
2562206
2562263
2562414
2562940
2564174
2564296
2566641
2568386
2569644
2570193
2571008
2572440
2572724
2573865
2573868
2574842
2575050
2576097
2576130
2576340
2576844
2578245
2580028
2580131
2580228
2580372
2581972
2582952
2584870
2584912
2586228
2587065
2587370
2589204
2593011
2593865
2596083
2597176
2598793
2599136
2600092
2600989
2603132
2603692
2604383
2604795
2604996
2605015
2605490
2606747
2606889
2607420
2607655
2608764
2609181
2609204
2612434
2612608
2613329
2613355
2614412
2614838
2615698
2616362
2618331
2619170
2619955
2620429
2620454
2621165
2621459
2622028
2622031
2624836
2624887
2625178
2625690
2626206
2627593
2628106
2628810
2629519
2630128
2631046
2632093
2632311
2632966
2633417
2634131
2636562
2639685
2639719
2640774
2641298
2641799
2642003
2642567
2642945
2644889
2644919
2645187
2646540
2652299
2652388
2652913
2656065
2656757
2657793
2659415
2660353
2661145
2661889
2662138
2663417
2663694
2664320
2665425
2665830
2666154
2666166
2666290
2667757
2667946
2668144
2668978
2669357
2670330
2670954
2672716
2674164
2676826
2676932
2677570
2678636
2679809
2681128
2681312
2681455
2683535
2684722
2685337
2686136
2686161
2686311
2687030
2687347
2687900
2687959
2689525
2690334
2691244
2691287
2691434
2692110
2693704
2694734
2695580
2697142
2697536
2697919
2697932
2699764
2700134
2700360
2700559
2700915
2701452
2702260
2706155
2707961
2708339
2708464
2709274
2709637
2714254
2715948
2716448
2716853
2717752
2720624
2721393
2722159
2722497
2722879
2723017
2723750
2723857
2723993
2724907
2726322
2726718
2732718
2732817
2734109
2734311
2736340
2736817
2738951
2738976
2739022
2739045
2740473
2740814
2743413
2743596
2746220
2746465
2748007
2749017
2749166
2750318
2751079
2751122
2752492
2754217
2755380
2755627
2757779
2758398
2758623
2759055
2760372
2761229
2761624
2762278
2762439
2765180
2765486
2765701
2766243
2766246
2768586
2769334
2770299
2772378
2773094
2773236
2774597
2776211
2776441
2777713
2778019
2778565
2779871
2780156
2783149
2783183
2784213
2784415
2788090
2789014
2789064
2789116
2790093
2792165
2792331
2793198
2794783
2795446
2795875
2798748
2798922
2799383
2800668
2800934
2801371
2803114
2803980
2804095
2807550
2808516
2808673
2809530
2810151
2810840
2810879
2811327
2811358
2814208
2814261
2815022
2817350
2817921
2818647
2819406
2821804
2822416
2824143
2824280
2824905
2826434
2826635
2826980
2827199
2827687
2828904
2829611
2830291
2831255
2831534
2832801
2837051
2837890
2838578
2840670
2841224
2842452
2843314
2843596
2844888
2845101
2845319
2847084
2848080
2849266
2852465
2855032
2857770
2859040
2859392
2859676
2861693
2863232
2863544
2864333
2864570
2866028
2867404
2874723
2875220
2875304
2875401
2875561
2876692
2878265
2880002
2880831
2881484
2881916
2883547
2883717
2885951
2886204
2886510
2887515
2888882
2889685
2889750
2890088
2890991
2893070
2897110
2898304
2899588
2899786
2900412
2900459
2902391
2902839
2904462
2904604
2905557
2905640
2906526
2906679
2907080
2907100
2907439
2909173
2911903
2913965
2915357
2915627
2916174
2918074
2918113
2918794
2919722
2919888
2922428
2922955
2926711
2928593
2931192
2931327
2931417
2931795
2932078
2932706
2935802
2935949
2936163
2936945
2940516
2942681
2942709
2943262
2944137
2944170
2945013
2945338
2946640
2947663
2949326
2950538
2951002
2951483
2951583
2951782
2952921
2953003
2954457
2955768
2955877
2956109
2957944
2958968
2960018
2960601
2961251
2961894
2965601
2966184
2966468
2967440
2969463
2970222
2971365
2971414
2972262
2973372
2974609
2975748
2976304
2977542
2977800
2981093
2981222
2983350
2983887
2984387
2985116
2986691
2992178
2992234
2992709
2993584
2993770
2993890
2996378
2997544
2998760
2999267
2999773
3002828
3004140
3005947
3006719
3007818
3008053
3009659
3010497
3011149
3011362
3014247
3016664
3017114
3017498
3017499
3018274
3018569
3018651
3024970
3025039
3025521
3026486
3026661
3027864
3029119
3031717
3031866
3032234
3033384
3034010
3036691
3037231
3038335
3038514
3039563
3040210
3041275
3041801
3042240
3042935
3043376
3044293
3045043
3047826
3048525
3049610
3051045
3052310
3053962
3054407
3054498
3054905
3054925
3054926
3054979
3056220
3057585
3058781
3059028
3059589
3060387
3060586
3061175
3062172
3062256
3063043
3063809
3067568
3070133
3073138
3073637
3075026
3076010
3076016
3076309
3076528
3077410
3078347
3078488
3079437
3079919
3082152
3084091
3084622
3084984
3085998
3086004
3089624
3090374
3091742
3091892
3092677
3093838
3094337
3097427
3097591
3098201
3098784
3099478
3099634
3099994
3100747
3101076
3102042
3102196
3104911
3105171
3105765
3106674
3106687
3107045
3107981
3108681
3108896
3109620
3110922
3110948
3111563
3113327
3113336
3114302
3115488
3116258
3117121
3117146
3119079
3119267
3122199
3122446
3122475
3124092
3124959
3125115
3125910
3126696
3127158
3127332
3129180
3130203
3131123
3132249
3132763
3132893
3133194
3133313
3133851
3135710
3138808
3140034
3140400
3140489
3140666
3140691
3140976
3141145
3142869
3143265
3143944
3144941
3146732
3147618
3149273
3150595
3151400
3151841
3151886
3153021
3153718
3154958
3155758
3156789
3157120
3162550
3162618
3163102
3163818
3164480
3164712
3166191
3166257
3166305
3167868
3168065
3168143
3168240
3168412
3168611
3169859
3170017
3170907
3170992
3171026
3171354
3174645
3174800
3175016
3175633
3176147
3177877
3179916
3179929
3180137
3181251
3182260
3182403
3184091
3184489
3184934
3185021
3186666
3186957
3190226
3191550
3193339
3193800
3194423
3196085
3196797
3197781
3198969
3199088
3199182
3200057
3201061
3202386
3203057
3203571
3204211
3204533
3205409
3206302
3206382
3207701
3209700
3210967
3211904
3212890
3213114
3213204
3214801
3216481
3216832
3217185
3217876
3219196
3219828
3220064
3220236
3220297
3222687
3222945
3223022
3223690
3224179
3224349
3225121
3225949
3225978
3226225
3226879
3228558
3228890
3229478
3230690
3232350
3232571
3234372
3235694
3237001
3237756
3237841
3238162
3238572
3239175
3240968
3241164
3241673
3243210
3243239
3243602
3243662
3244703
3245133
3247631
3249170
3252375
3253299
3254032
3254465
3254862
3255660
3255983
3256544
3256922
3257756
3257796
3258194
3259336
3259346
3260757
3260914
3261108
3261413
3261978
3262379
3264468
3265222
3268741
3270199
3273609
3274897
3277476
3277761
3277864
3278582
3279573
3280380
3280975
3281412
3282160
3282372
3290240
3292144
3292429
3294386
3295720
3298263
3298354
3299137
3299965
3301622
3303366
3303879
3304363
3304795
3305958
3306448
3306931
3307359
3307605
3307859
3308178
3308388
3308458
3309754
3310092
3310907
3311756
3313059
3314594
3316312
3317675
3320140
3321451
3328646
3332606
3332889
3334872
3335662
3335683
3337937
3338179
3338344
3338632
3339540
3340061
3341227
3343314
3343551
3346004
3347521
3347581
3347958
3348792
3349377
3349575
3352198
3353528
3353862
3356270
3356771
3357554
3358423
3358671
3358788
3358803
3359368
3361214
3362265
3364240
3365722
3365850
3366444
3367987
3368222
3368887
3369691
3371984
3373364
3374061
3375089
3375541
3376427
3377507
3378303
3379377
3380760
3380822
3381257
3381370
3381977
3382198
3382613
3382723
3383276
3383365
3383486
3384552
3386493
3390370
3390686
3391061
3392530
3393008
3393050
3394392
3395128
3395303
3395619
3396947
3397358
3397694
3398211
3400518
3401839
3404354
3405775
3406363
3406386
3407249
3407965
3409165
3409227
3412519
3413755
3415479
3415826
3416442
3417025
3418199
3418904
3421557
3422191
3422368
3423855
3424333
3424459
3426690
3427416
3430092
3430596
3430627
3431107
3431490
3434834
3435152
3435345
3435475
3435762
3435991
3436230
3436459
3436666
3437230
3439247
3439561
3443080
3445867
3446594
3449267
3449365
3451196
3452083
3452339
3453002
3453718
3454137
3454240
3455324
3455729
3459580
3460123
3461238
3461407
3461485
3461904
3462664
3462825
3464448
3466567
3467473
3467496
3469439
3469528
3471541
3472037
3473971
3474245
3475575
3476121
3476302
3476521
3479392
3483737
3484905
3485607
3487031
3487621
3490199
3490899
3491174
3491426
3492694
3492964
3493510
3494049
3494345
3494885
3496628
3496908
3499262
3499345
3501305
3501622
3502368
3503637
3505329
3505501
3506659
3509382
3509688
3511098
3511982
3512062
3512227
3512418
3512803
3513096
3516465
3518246
3520923
3522266
3523481
3524198
3524328
3524329
3524880
3526443
3528710
3528901
3530080
3530325
3530369
3530743
3530806
3532977
3533556
3534720
3535692
3538245
3538519
3538781
3540362
3540819
3541081
3541419
3542296
3542575
3542618
3543864
3547262
3547299
3550420
3550689
3552817
3554886
3554914
3555685
3556660
3559274
3560350
3560722
3561696
3562024
3562730
3562963
3563046
3563392
3564306
3564456
3565647
3566149
3566239
3567904
3568846
3569323
3569329
3569834
3573077
3573510
3576825
3577660
3579724
3580484
3581187
3581296
3581943
3581992
3582341
3585692
3586743
3588497
3589126
3591082
3591657
3592015
3592064
3592682
3593111
3593142
3595017
3595314
3595635
3595808
3595941
3596846
3597997
3599097
3599716
3600841
3601433
3602716
3604798
3605210
3606352
3606572
3607065
3608282
3609641
3610140
3610962
3611236
3611604
3612515
3614734
3615671
3616969
3617362
3617995
3619278
3619289
3619630
3620661
3620979
3622485
3623104
3625116
3626425
3626826
3628245
3630320
3631537
3631602
3631860
3633671
3634614
3634968
3635161
3636909
3638041
3640727
3641314
3643806
3644333
3645946
3646090
3647795
3647944
3648027
3649017
3650999
3651772
3652396
3652607
3652769
3652788
3654455
3655022
3655625
3655671
3657770
3658734
3658999
3662616
3665043
3665928
3665930
3666571
3666582
3666927
3667112
3667641
3667886
3669428
3669770
3669833
3671568
3671700
3673058
3673664
3674214
3676637
3676819
3678074
3680847
3682540
3682858
3684932
3685125
3686130
3686212
3686552
3686852
3686867
3690684
3692767
3692807
3693414
3696334
3696492
3696850
3697253
3697334
3699294
3702317
3702321
3702700
3704188
3704861
3707100
3707270
3708499
3708567
3709519
3709762
3710697
3711230
3711298
3712488
3716020
3718055
3719173
3719505
3720122
3722268
3724507
3724645
3724833
3725674
3726518
3729091
3729882
3732682
3732880
3734466
3734999
3736823
3736901
3737511
3737600
3738979
3742874
3745005
3745031
3751256
3752743
3758918
3759252
3759621
3762852
3763348
3764257
3764389
3764462
3764474
3765854
3766434
3768061
3768500
3769631
3771072
3771439
3771959
3772746
3773280
3777609
3778092
3780388
3781033
3782098
3782364
3784133
3784229
3785520
3786874
3791439
3794430
3795629
3796917
3796950
3797292
3799475
3800727
3801341
3801359
3802389
3802508
3803912
3805647
3805729
3805897
3806238
3806815
3807019
3807621
3808422
3810233
3810396
3811021
3811527
3812919
3815856
3816171
3816571
3817738
3818305
3818747
3819199
3819813
3825156
3825373
3826136
3826871
3829646
3830059
3830085
3830314
3830966
3831416
3832086
3833566
3833817
3834544
3835644
3838244
3839224
3840861
3841078
3841538
3841889
3843878
3843941
3844078
3844232
3845965
3846272
3846379
3846388
3847544
3848195
3848336
3850469
3851441
3851465
3852385
3853070
3853071
3853193
3854367
3855698
3856482
3858224
3858720
3859045
3859172
3859363
3859857
3860235
3861195
3862796
3862866
3863128
3864350
3864518
3867135
3867418
3869965
3870901
3871141
3871959
3872972
3874343
3875489
3875617
3876373
3876395
3877208
3879464
3879563
3880146
3881843
3881924
3886668
3888075
3888291
3889360
3890113
3890828
3890831
3890979
3891208
3892384
3897726
3897867
3898793
3899554
3900427
3900546
3901674
3902252
3906528
3906606
3909097
3909734
3910629
3911687
3913763
3913990
3918447
3919507
3922639
3924607
3924769
3927191
3927835
3929474
3930288
3930659
3930981
3931001
3931187
3931722
3931846
3931929
3933723
3934898
3936508
3938161
3939783
3940674
3941656
3942785
3945135
3947453
3951892
3952263
3952973
3953284
3953553
3953985
3954471
3956159
3958861
3959147
3959518
3960744
3962082
3964002
3965528
3967694
3967728
3968020
3970405
3970908
3971100
3973483
3974392
3975158
3977256
3978325
3981208
3982027
3983621
3983971
3990544
3992787
3994053
3995153
3995482
3996906
3997106
3997943
3999191
3999690
4000335
4001079
4001224
4002697
4003404
4005296
4005719
4007682
4007807
4010029
4012022
4013365
4013557
4018228
4019249
4019365
4019667
4019980
4020599
4022538
4026239
4029487
4030924
4031384
4032317
4034965
4037620
4041754
4043361
4043533
4044637
4044790
4045245
4046313
4047474
4047838
4053273
4056163
4059201
4059750
4062567
4063250
4063601
4065830
4066465
4067108
4070222
4071386
4073586
4073771
4075389
4076663
4077905
4078752
4078929
4079312
4080910
4081599
4081928
4082428
4082615
4082826
4083164
4084527
4085335
4085867
4086565
4088252
4088253
4089373
4089850
4095839
4096368
4100879
4105511
4105678
4106082
4106305
4107349
4107370
4108200
4109406
4109409
4109424
4110191
4111240
4112007
4114796
4114799
4115143
4115382
4115387
4115451
4116115
4116852
4119150
4119933
4120055
4120209
4120669
4125488
4126887
4130478
4131620
4133790
4136886
4137852
4138271
4138579
4139547
4139872
4141748
4141836
4143833
4144077
4144143
4145975
4148152
4149500
4149654
4150176
4151562
4151653
4151674
4154576
4154965
4155867
4155936
4157058
4157362
4160353
4160426
4161092
4163943
4165848
4166442
4166750
4167071
4167884
4168053
4170235
4171471
4172173
4174116
4174921
4176897
4177379
4177526
4181451
4181866
4183033
4183081
4183086
4183622
4184564
4185293
4186871
4187251
4187801
4188261
4188301
4190645
4191052
4191089
4193951
4194141
4194627
4194751
4195473
4195970
4196697
4197138
4199395
4200326
4201246
4201424
4205363
4207952
4209111
4209324
4209613
4209630
4211173
4212151
4213162
4213867
4216102
4216607
4216653
4217628
4217790
4217903
4219393
4219886
4222332
4224569
4226634
4228099
4230013
4230760
4231599
4233069
4234323
4234703
4234747
4235297
4235447
4236966
4237853
4238248
4239146
4239816
4239838
4240150
4240244
4240601
4240700
4241008
4243179
4243418
4246325
4247076
4248017
4248037
4248397
4249823
4249967
4250019
4251172
4251898
4251952
4252273
4252629
4253191
4254126
4257079
4257113
4257864
4259095
4259590
4259970
4260878
4261257
4261445
4262305
4262435
4263379
4264095
4264612
4267496
4268024
4269770
4269939
4270004
4270232
4270828
4271264
4271833
4273748
4274190
4274429
4277641
4282489
4282610
4282925
4283122
4283454
4285007
4285764
4286423
4288430
4289308
4289399
4289436
4289885
4290268
4290492
4291581
4291774
4291945
4292041
4295084
4295867
4296979
4298282
4300750
4302030
4302271
4304241
4306875
4306899
4308095
4308576
4308597
4309977
4313242
4314699
4315382
4315433
4316232
4318853
4322378
4322406
4322973
4323756
4326049
4329354
4331084
4331139
4331620
4334010
4335260
4335694
4335879
4335978
4336976
4337412
4338735
4339070
4339479
4339494
4339625
4339786
4339899
4340607
4341012
4342156
4342663
4343389
4345862
4346181
4347141
4347387
4347860
4348788
4348859
4349274
4350122
4350520
4352614
4354583
4355002
4355432
4356688
4362270
4362675
4363293
4364500
4365485
4366190
4368535
4369049
4369304
4369389
4369416
4370896
4371612
4372478
4373071
4373877
4374649
4375375
4377030
4377798
4378271
4378620
4379150
4380790
4381824
4382008
4384571
4384728
4385338
4387091
4387724
4387888
4387953
4388110
4388238
4388676
4388977
4389447
4389954
4390873
4391983
4392949
4393281
4395074
4395587
4397498
4398546
4398558
4398614
4399074
4399079
4399592
4400473
4401411
4401889
4404832
4404838
4406063
4407797
4408156
4409499
4409937
4410610
4410792
4412186
4412221
4412317
4414269
4414468
4414502
4416161
4417931
4419782
4420544
4422097
4423436
4423734
4424412
4426591
4428238
4428754
4429310
4429472
4429662
4429730
4429930
4430085
4431241
4432617
4432840
4433414
4433612
4433801
4434696
4434773
4434997
4435837
4437084
4437242
4438564
4438691
4439416
4439583
4439688
4441022
4442034
4443015
4443856
4444929
4446154
4447959
4447986
4448120
4449369
4450202
4450708
4451665
4451742
4453075
4453721
4454459
4457484
4459164
4459728
4461389
4461432
4461590
4462044
4462949
4464231
4467924
4469388
4471262
4471768
4472900
4473291
4473349
4475088
4477551
4477557
4477683
4479090
4479187
4479785
4479876
4480305
4481037
4484451
4487377
4487468
4488237
4488462
4490211
4494360
4498441
4499121
4499225
4501712
4501724
4501874
4502166
4502795
4503425
4504097
4504366
4504841
4505001
4505636
4506314
4507905
4508156
4508417
4509383
4510437
4512749
4513002
4513224
4513967
4514718
4514896
4515666
4517108
4518085
4519363
4519464
4520855
4522726
4523312
4523465
4523585
4523591
4523803
4523813
4525277
4526398
4527238
4527688
4527909
4529699
4529797
4530258
4530405
4530538
4530780
4531755
4531961
4533181
4534568
4535161
4535237
4535403
4535845
4537144
4537313
4538722
4539391
4539896
4540182
4541338
4542513
4543137
4543142
4544596
4545440
4545906
4546242
4548639
4548721
4549228
4552873
4554294
4555316
4557461
4558231
4558862
4559030
4559046
4559955
4562022
4562065
4565671
4565780
4566949
4567631
4567662
4568252
4568424
4569989
4571294
4572273
4572305
4572774
4573486
4575937
4576854
4578668
4578842
4579450
4579527
4580614
4580968
4581308
4582693
4583092
4583536
4586409
4587683
4588611
4589694
4590968
4591469
4591859
4592317
4597998
4598402
4600088
4603573
4603822
4606768
4607355
4608307
4609675
4611619
4612882
4614454
4614992
4615857
4616076
4617973
4618861
4619622
4621168
4624500
4624967
4625472
4626741
4629049
4629545
4630598
4631934
4632209
4633162
4633835
4634426
4634504
4635632
4635807
4637466
4638998
4641469
4642435
4644029
4645055
4645546
4645941
4647755
4649127
4650489
4654448
4654629
4654890
4655689
4656948
4657602
4659160
4660617
4661357
4661727
4662561
4662571
4662737
4663299
4664097
4666334
4667523
4669610
4670016
4670818
4672658
4675351
4675944
4678861
4679292
4681276
4681741
4682880
4683717
4683750
4683780
4684288
4686317
4689930
4690131
4691469
4691715
4691985
4692472
4692902
4696097
4696434
4700685
4702526
4702561
4702744
4704592
4705119
4705447
4705567
4710306
4710697
4711166
4711814
4712097
4714041
4714576
4715555
4718012
4718325
4719466
4722842
4723238
4724144
4724211
4724519
4727047
4727285
4727848
4732196
4733157
4734762
4736134
4736455
4737294
4737843
4738097
4738403
4738571
4738621
4738679
4739666
4741254
4744049
4744135
4744985
4745124
4746833
4747446
4749464
4749975
4750446
4750989
4751926
4752647
4753527
4753529
4753538
4754532
4754907
4754944
4755103
4755519
4756035
4756164
4756648
4756933
4757589
4758913
4759241
4760213
4760628
4760920
4762215
4764113
4764162
4764952
4767795
4768660
4772330
4773259
4774373
4774666
4774871
4776585
4777248
4777776
4779244
4780795
4781313
4781398
4782145
4783456
4783970
4788094
4788477
4788638
4789377
4790001
4793114
4799418
4799791
4800715
4801708
4801873
4802201
4802344
4802914
4803550
4803818
4805343
4805802
4805980
4806389
4808373
4808416
4811236
4812370
4812736
4812880
4815267
4815872
4816555
4817084
4817910
4818386
4821937
4823030
4823490
4824324
4825533
4825700
4826001
4828835
4829100
4829955
4830245
4830555
4831190
4831259
4831411
4831748
4832672
4834144
4834462
4838077
4838459
4838475
4838486
4838688
4839306
4840076
4841953
4842725
4846358
4847213
4848547
4848908
4849680
4851320
4851365
4852148
4852697
4853817
4854249
4854376
4856638
4856674
4857458
4858547
4860436
4860688
4863320
4865516
4865815
4866839
4867888
4868906
4869738
4870074
4871928
4872642
4882120
4882216
4882642
4883399
4885034
4885088
4886127
4886298
4886775
4887277
4888468
4888495
4888835
4889923
4890801
4890873
4892281
4892781
4892964
4894480
4896245
4896814
4898338
4900172
4902055
4904265
4904386
4905237
4905363
4908277
4909056
4909120
4910239
4910590
4910843
4912396
4912607
4913626
4914475
4914691
4915076
4915467
4916006
4916098
4916517
4916754
4917762
4918999
4919321
4919806
4920182
4920246
4920677
4922951
4923469
4925022
4926782
4929987
4930547
4931758
4932871
4933447
4933923
4938255
4938913
4940648
4942451
4942536
4943817
4945064
4945197
4945335
4945784
4946310
4947085
4947397
4948017
4948074
4949491
4950406
4951270
4952379
4957069
4957786
4957965
4958154
4960237
4960309
4961427
4962883
4964495
4964506
4964940
4965735
4966008
4966098
4966210
4967546
4968350
4969705
4970034
4970314
4972869
4973215
4973592
4975596
4977145
4977859
4978617
4979092
4979468
4981583
4981895
4982344
4983701
4984874
4985155
4986008
4986360
4988399
4988520
4990962
4992941
4995002
4996170
4997226
4998166
4999625
5000397
5001406
5001792
5002323
5002562
5003125
5004708
5004960
5005479
5006257
5007872
5008348
5009114
5009696
5009741
5009956
5010684
5011663
5011742
5011843
5012701
5013194
5013418
5017528
5017618
5018224
5018483
5020103
5020612
5021842
5023296
5024355
5025424
5025847
5026088
5026365
5029122
5030557
5032122
5033157
5033306
5034979
5035297
5035697
5040969
5041107
5041444
5042500
5042874
5044637
5044785
5045057
5045144
5045354
5045540
5047012
5048927
5051442
5052730
5053362
5056999
5057690
5062316
5064105
5064321
5065317
5066080
5066283
5068458
5069030
5069970
5074891
5075083
5075529
5077391
5077419
5077552
5079472
5079534
5080236
5080406
5081416
5081535
5082049
5082730
5086807
5089295
5090527
5090580
5090756
5090774
5090807
5091011
5091476
5091894
5092309
5095359
5096136
5096191
5098785
5099349
5100770
5101863
5101890
5102440
5104039
5105339
5105407
5106341
5106408
5107738
5107885
5108329
5109209
5111509
5111782
5112146
5112221
5112689
5113414
5115475
5115636
5115823
5117239
5117443
5118670
5121016
5121049
5122962
5125743
5125956
5127073
5127322
5127410
5128800
5128831
5129201
5129236
5130131
5130499
5130639
5131327
5131420
5131631
5132022
5135147
5136903
5138106
5138641
5139620
5139883
5140195
5140565
5140908
5142970
5143329
5143810
5144260
5145474
5145577
5145695
5146259
5146818
5150882
5152243
5152305
5152710
5152808
5153325
5155232
5158063
5159498
5159654
5159922
5160225
5160722
5161497
5161683
5161952
5162413
5164858
5165029
5165128
5165342
5166034
5166165
5167159
5167937
5167978
5168236
5168872
5169907
5173298
5174213
5178206
5179058
5179159
5180695
5180924
5181001
5184287
5184912
5186632
5190009
5190639
5190712
5192932
5193629
5193830
5195471
5195539
5196708
5197453
5198133
5198213
5198923
5199902
5200466
5202439
5202801
5203420
5204664
5205204
5205692
5205835
5207453
5207647
5208135
5210177
5210497
5210810
5211125
5211922
5212371
5213590
5213632
5213906
5213978
5214913
5216049
5216798
5218778
5219674
5219733
5221127
5222406
5224438
5224937
5225326
5225854
5227534
5227978
5232947
5233430
5235684
5238249
5238303
5238482
5240460
5240595
5240601
5240695
5240985
5241304
5242900
5243388
5244314
5244980
5245137
5245508
5246909
5247682
5249098
5249218
5249964
5250120
5250909
5251750
5251837
5252540
5253393
5253855
5254706
5254717
5255665
5258851
5259378
5259838
5260131
5260356
5261569
5261753
5262534
5263462
5264185
5264539
5265800
5266486
5266797
5269946
5270155
5271677
5272928
5273275
5274393
5274550
5274791
5277651
5278623
5278990
5279635
5280857
5280998
5281878
5282906
5283094
5283938
5284249
5286495
5286558
5287144
5288943
5289561
5290320
5290827
5292928
5293685
5297348
5297613
5298147
5299160
5299226
5299426
5299526
5299867
5300058
5300453
5301260
5302168
5302347
5302376
5303121
5303489
5304486
5304819
5306083
5306207
5308369
5310326
5310356
5310861
5311570
5312912
5313260
5315774
5317123
5317218
5317822
5318276
5318769
5319478
5320243
5322055
5323510
5326790
5330043
5330226
5330560
5330630
5332451
5333391
5333540
5334660
5334861
5336548
5336945
5337174
5337288
5338346
5338550
5339495
5339659
5340164
5341174
5342261
5342481
5344870
5345347
5346359
5346427
5346511
5346888
5347158
5347881
5349317
5350456
5351183
5351433
5352837
5354445
5356851
5356893
5357599
5357836
5358307
5358765
5359178
5359605
5360770
5361321
5361933
5362107
5362527
5362751
5363617
5364194
5369933
5371369
5372120
5374266
5374776
5375079
5376359
5376597
5379083
5379115
5379966
5380196
5382661
5382932
5384316
5385417
5386533
5388186
5388707
5388961
5389572
5390357
5391154
5393764
5396126
5399149
5399515
5401207
5401583
5402077
5405860
5406136
5407278
5412160
5415666
5415857
5416958
5417009
5421334
5424003
5425132
5425787
5426867
5427003
5429262
5430849
5431384
5433311
5433696
5434412
5434788
5436180
5437288
5438544
5438688
5440668
5441833
5442117
5442586
5444790
5444900
5445401
5446451
5447921
5449419
5449783
5449984
5450556
5452400
5453271
5453368
5453643
5454170
5454515
5454684
5456347
5456702
5457458
5458247
5459414
5461055
5463069
5463538
5463568
5469782
5470235
5471990
5473850
5474009
5476568
5480558
5483908
5484239
5485427
5485792
5487428
5487468
5488483
5488822
5489029
5489250
5489492
5491370
5491509
5492849
5493192
5494253
5494641
5495346
5495991
5496418
5496460
5496550
5496630
5497950
5498029
5501675
5503253
5504466
5504798
5504988
5506262
5507794
5508234
5509178
5510603
5513325
5515522
5516457
5517496
5519074
5521644
5521777
5522812
5522949
5523209
5523897
5524011
5525269
5527695
5527921
5528099
5529148
5529240
5529299
5531464
5531467
5531686
5531982
5533047
5533882
5534988
5536066
5538912
5539620
5543070
5543546
5544768
5545666
5548453
5548605
5549197
5549347
5549380
5550757
5550955
5552109
5552399
5552776
5553185
5554129
5554380
5556752
5558391
5558919
5560386
5562778
5563088
5563775
5566181
5566524
5567831
5568060
5569028
5569790
5571205
5574517
5575863
5576125
5580425
5580717
5581684
5583769
5584088
5586484
5586565
5587640
5588344
5588584
5588642
5590368
5591983
5592597
5592740
5593825
5595055
5595404
5598529
5599531
5600738
5601884
5602925
5603368
5606764
5608089
5609487
5611535
5612113
5612955
5612978
5616388
5616886
5618031
5619818
5619928
5620304
5620875
5622772
5623217
5624216
5625668
5626187
5626887
5627532
5628367
5629028
5629601
5630860
5630861
5631253
5632316
5632790
5633113
5634995
5636286
5637844
5638338
5638812
5638981
5639251
5641265
5642117
5643049
5643557
5643898
5644275
5645385
5645968
5647470
5648748
5650840
5652691
5653046
5654825
5655454
5655906
5656871
5656999
5657325
5658788
5659229
5660010
5660835
5660891
5663966
5664852
5665207
5666506
5666969
5667367
5668608
5669006
5670004
5670197
5670618
5672067
5672445
5674218
5675828
5678111
5678267
5678922
5679623
5680308
5681619
5681653
5683359
5683566
5686785
5687144
5688415
5688677
5689074
5689599
5692882
5693850
5695241
5696335
5697405
5698164
5698230
5698292
5698993
5699247
5700400
5702377
5702438
5702795
5702876
5703787
5705759
5705963
5707699
5708330
5709782
5709888
5710184
5710553
5710779
5712011
5712669
5715253
5720269
5720870
5722053
5722403
5722413
5724298
5724793
5725064
5725348
5726339
5726650
5726865
5731459
5731706
5733426
5733954
5734026
5734706
5740747
5742620
5743371
5743750
5744355
5744943
5745907
5746459
5749777
5750300
5751179
5752609
5755306
5755528
5755800
5755911
5756008
5757144
5757646
5758025
5758160
5759151
5759393
5760408
5761083
5762127
5763032
5763753
5763877
5765267
5765648
5767310
5768397
5770566
5771112
5771267
5771404
5771846
5773171
5773599
5773637
5774842
5775404
5775419
5775864
5779200
5782811
5783049
5784095
5787208
5787687
5788048
5789679
5790844
5791031
5793759
5794413
5794935
5795366
5795477
5795719
5796599
5797471
5797845
5798407
5798893
5799360
5800129
5800452
5803307
5804848
5804908
5807620
5807938
5809347
5812233
5813012
5813309
5815591
5816518
5821449
5823038
5823440
5824349
5824718
5824978
5825189
5825966
5826627
5827360
5827588
5828625
5829363
5831562
5831725
5832348
5832406
5832989
5834633
5835130
5835241
5835758
5836517
5838127
5839366
5840012
5841733
5843695
5844329
5847000
5850857
5852165
5852424
5852641
5853117
5853621
5855245
5855386
5856567
5856818
5860558
5862657
5864445
5866068
5866199
5867847
5867887
5868364
5868382
5868865
5869643
5869938
5870022
5870082
5870244
5870526
5872049
5872714
5874363
5874579
5876095
5876812
5877107
5877351
5877360
5877881
5879596
5880764
5883660
5883779
5886536
5886560
5888603
5893593
5893676
5894689
5897704
5897883
5897920
5899018
5899776
5900731
5901875
5902066
5903059
5906205
5907702
5908083
5908493
5908583
5908818
5909479
5911648
5912803
5913110
5913713
5916327
5917629
5917998
5918769
5920138
5920252
5920951
5922075
5922101
5922437
5923739
5926038
5928526
5930969
5935096
5939766
5940663
5941935
5942209
5942358
5943624
5943915
5944308
5944423
5944584
5944717
5945065
5948012
5949202
5950791
5950886
5952285
5954469
5956520
5958167
5958523
5958659
5959115
5959480
5959739
5959927
5960209
5960291
5961734
5964056
5964896
5965997
5966307
5966993
5968779
5968877
5971390
5972609
5974743
5975504
5977362
5979268
5980148
5981552
5981588
5981689
5982885
5982961
5983860
5986617
5992097
5992192
5992612
5992978
5993504
5993635
5995470
5996419
5996792
5997158
5997267
5997463
5997473
5997816
5998478
5998708
6000221
6000249
6000599
6003601
6003661
6005223
6006168
6007104
6009719
6010273
6011774
6012977
6013244
6015422
6018410
6018942
6018946
6021576
6021625
6021860
6023169
6023973
6024491
6025841
6026638
6026780
6028219
6028785
6030169
6030659
6031011
6032172
6032725
6032786
6035964
6037600
6039344
6039502
6039591
6039682
6041814
6042413
6043894
6044058
6044423
6045107
6045167
6047380
6047752
6047757
6047937
6048226
6051650
6052163
6052492
6052520
6053633
6058442
6059701
6060012
6061678
6063733
6063823
6064230
6064654
6065127
6065493
6065541
6066342
6068661
6071642
6071955
6072618
6072993
6075028
6076285
6078155
6078310
6078437
6079809
6080293
6081344
6081608
6082614
6085024
6085529
6086507
6088372
6090688
6095236
6096772
6097281
6097888
6098404
6099612
6099826
6101006
6104179
6108114
6108476
6109017
6109754
6110407
6112019
6114654
6114772
6115998
6116207
6118852
6119595
6119959
6120652
6120837
6122156
6122439
6124005
6124238
6124601
6125681
6125963
6126523
6128508
6128911
6129309
6130900
6130995
6132468
6132660
6133625
6135406
6135567
6136906
6137680
6138517
6138644
6140054
6140185
6141357
6142894
6143521
6144393
6146467
6146824
6146928
6147377
6148072
6148421
6149168
6149444
6152190
6152851
6153674
6153979
6155532
6156729
6159038
6159785
6160115
6160495
6161487
6161600
6161753
6163092
6165291
6166178
6166758
6167930
6170429
6171875
6172730
6173465
6173775
6174335
6175867
6175875
6177084
6178279
6178501
6179244
6180388
6181514
6181905
6183257
6187703
6187781
6188976
6189229
6190056
6190582
6191157
6192716
6195387
6195402
6196884
6197864
6198054
6198659
6199484
6199927
6201873
6204457
6204823
6205287
6205917
6209744
6209797
6209836
6209885
6210280
6211297
6212409
6212697
6213659
6214379
6216095
6217160
6218213
6218876
6220607
6220838
6221033
6221046
6222033
6222459
6223828
6224278
6224728
6225027
6225693
6226917
6227846
6228547
6230544
6230923
6231842
6232333
6234989
6235055
6235204
6237039
6237547
6238896
6239771
6240566
6241829
6242834
6242924
6242989
6244014
6246280
6248308
6250074
6251069
6251418
6252320
6253760
6255880
6256733
6256876
6257608
6258083
6259168
6259423
6259891
6260557
6262954
6265457
6266917
6269074
6269815
6270735
6271535
6271547
6273415
6274830
6276310
6276848
6279577
6280596
6280700
6281996
6282338
6283516
6284815
6285928
6286504
6288052
6289455
6289889
6290432
6291256
6291337
6291553
6293774
6294664
6295704
6296734
6297622
6298826
6299550
6300335
6300413
6301003
6301031
6301766
6302970
6304117
6307371
6307912
6308745
6309542
6310939
6310978
6311640
6312261
6314516
6315490
6316153
6317387
6318771
6319096
6320744
6320976
6321217
6322054
6322500
6322540
6324236
6325711
6327366
6328672
6328708
6329254
6333159
6333950
6335310
6336348
6337190
6337770
6338686
6339652
6341611
6342930
6343225
6343572
6346717
6347302
6347418
6348124
6350603
6350816
6351588
6352116
6352406
6352510
6352558
6353497
6354397
6355639
6356909
6358010
6361811
6362542
6364034
6364337
6365971
6366630
6366768
6367122
6367975
6369675
6371880
6371982
6373223
6374933
6376018
6378507
6378933
6379173
6380129
6383153
6383709
6386391
6386860
6386924
6389633
6389719
6389752
6390276
6391872
6394932
6395649
6396079
6397028
6398369
6398934
6399504
6400098
6400667
6400775
6402318
6403236
6403240
6403605
6403662
6405330
6407123
6407296
6407642
6408189
6408242
6411352
6412541
6413548
6414492
6414682
6415662
6418300
6420919
6421614
6422150
6423366
6425666
6426694
6427048
6428276
6429478
6429537
6430159
6430431
6432252
6433514
6434269
6434776
6437278
6439851
6440072
6440912
6441232
6441409
6442211
6442572
6444524
6446339
6446350
6446457
6446465
6446704
6447239
6447840
6447976
6448032
6449182
6451186
6451520
6451885
6454354
6456635
6456650
6459894
6461184
6462022
6463108
6465490
6466878
6467722
6468659
6469157
6469358
6469707
6470293
6471626
6471760
6471805
6472230
6472255
6472477
6480712
6482570
6483389
6483523
6483993
6486944
6490722
6491016
6491955
6492535
6493695
6494630
6495798
6496783
6497803
6499571
6499679
6500405
6500442
6501955
6504576
6504940
6506125
6506444
6506534
6506551
6508008
6509239
6510088
6510500
6510773
6511015
6511387
6511782
6514263
6514818
6517997
6520170
6520719
6522041
6522717
6522939
6526826
6528954
6529607
6529698
6531101
6531331
6532504
6533365
6533788
6535197
6535670
6535863
6536080
6537204
6537852
6537969
6540932
6540994
6541998
6542904
6542976
6543377
6544179
6544199
6544240
6545136
6545288
6547411
6547844
6548857
6550196
6550900
6551372
6552376
6553187
6554742
6556474
6556627
6558442
6559236
6562307
6563892
6567158
6569000
6569203
6570225
6570450
6571475
6573605
6573611
6574891
6575654
6575682
6579189
6579498
6579854
6580173
6584350
6585286
6587136
6588179
6589712
6589781
6593548
6594037
6594254
6595396
6598709
6600379
6601297
6601698
6602925
6602977
6603629
6604605
6607069
6607462
6607690
6609314
6612197
6612646
6616002
6616221
6617160
6618636
6619956
6621291
6621592
6622434
6623977
6624915
6626542
6626856
6627494
6627656
6627792
6628203
6630689
6631427
6631924
6632366
6633309
6636292
6636819
6637839
6638055
6638921
6641376
6641868
6642465
6643358
6645438
6645666
6646725
6648265
6648383
6649970
6650462
6653741
6655545
6656417
6656917
6657241
6658709
6659408
6660202
6660282
6661344
6661623
6661762
6661897
6662021
6663193
6664518
6668461
6669066
6669588
6671142
6671180
6672625
6676881
6677375
6679651
6679981
6681564
6684970
6685660
6686626
6686644
6687427
6688111
6688452
6688996
6689571
6689824
6689990
6690504
6690730
6691044
6692940
6693094
6693197
6693588
6697693
6699970
6702928
6703008
6703351
6704536
6705093
6706734
6707226
6708472
6709174
6709954
6710273
6712537
6712651
6712874
6714396
6715112
6716186
6717472
6717979
6719269
6719427
6720388
6720525
6720642
6722248
6722803
6723923
6724490
6725792
6726059
6728403
6729790
6730877
6730953
6734081
6735046
6740483
6742316
6748730
6749478
6750046
6750150
6751188
6751536
6753903
6754228
6757890
6758609
6761125
6761296
6763250
6766087
6766656
6766798
6767150
6769551
6770267
6771186
6771244
6774787
6775233
6775457
6776606
6777441
6779114
6780501
6781467
6782095
6782849
6783240
6783565
6783825
6784766
6786227
6787566
6790097
6791303
6792809
6795423
6796248
6797963
6799318
6800197
6801775
6802182
6803545
6803603
6804605
6804867
6809120
6809389
6810492
6811798
6812321
6812744
6814400
6814839
6814852
6814907
6815976
6817207
6818591
6819213
6819475
6820268
6821317
6821887
6822164
6822288
6823299
6824089
6826412
6826977
6830181
6831362
6832729
6833438
6834104
6835812
6836371
6837295
6837820
6838573
6840916
6841402
6842200
6843625
6844572
6845098
6846100
6846108
6846590
6846965
6848351
6848673
6848902
6850103
6850624
6851553
6852120
6853455
6855420
6855925
6858582
6858609
6859747
6860292
6860662
6862417
6864847
6865076
6865156
6865437
6865640
6866273
6867830
6868477
6869522
6869539
6870625
6870777
6870828
6871843
6871931
6872220
6872519
6873189
6873617
6873772
6874047
6874126
6874183
6874275
6874781
6879809
6879891
6879945
6880747
6882097
6882650
6883392
6883685
6883994
6885121
6885146
6885879
6886202
6886993
6887316
6888335
6888789
6889680
6890644
6890958
6891549
6895956
6897018
6898266
6898543
6899075
6899182
6900318
6900863
6901069
6901151
6901598
6903282
6903505
6904455
6904484
6904664
6904689
6907259
6907613
6907870
6913838
6914292
6918607
6918954
6919501
6919680
6920265
6920378
6921244
6921596
6922692
6923569
6924438
6925115
6925372
6925628
6925923
6927440
6930215
6930687
6931380
6931954
6932179
6932315
6932945
6934039
6935307
6935359
6938030
6938888
6938943
6939080
6939951
6943770
6944472
6945026
6945892
6947770
6950008
6951464
6951590
6956358
6957142
6957889
6958119
6958660
6958914
6959238
6959978
6960789
6961505
6963897
6964020
6965016
6965054
6965268
6968762
6971089
6972359
6972968
6973151
6974389
6976307
6977105
6978152
6978209
6978270
6979983
6980144
6982518
6982908
6983446
6984808
6985071
6985717
6986885
6987230
6988065
6988260
6988913
6990162
6990177
6990414
6991277
6994625
6994633
6994909
6996274
6996823
6997101
6997441
6999115
6999168
7001515
7001835
7003536
7003634
7004052
7004328
7008114
7008175
7009374
7010129
7010879
7012880
7014060
7015702
7015946
7016680
7017298
7018616
7018722
7019534
7020175
7022207
7023008
7023697
7024331
7025848
7027271
7029296
7029914
7030640
7031327
7032010
7033120
7034600
7035353
7036167
7036782
7037079
7038887
7039338
7040075
7042478
7042720
7043270
7043305
7047329
7047330
7048047
7048342
7048663
7050528
7052931
7054855
7055765
7056146
7056255
7057474
7057774
7058405
7058806
7059239
7060143
7060341
7061615
7064241
7064271
7064338
7066350
7068092
7068229
7069148
7070533
7070768
7072271
7074009
7074319
7074832
7074990
7076528
7076765
7077127
7077636
7080122
7080625
7080933
7082672
7082846
7083124
7084804
7088277
7088427
7088734
7089064
7091320
7091810
7092315
7094117
7095214
7096373
7096657
7099316
7099676
7099885
7100197
7100415
7101503
7101601
7101813
7102561
7108357
7108561
7108717
7112539
7112976
7113471
7113778
7115742
7118228
7119539
7120769
7120962
7122455
7122487
7123767
7124025
7129068
7129720
7131175
7134405
7134824
7135347
7137205
7137417
7137483
7138749
7142069
7143160
7143857
7144905
7145056
7146048
7146182
7147232
7147381
7148020
7148355
7149486
7150445
7152059
7153562
7153909
7155723
7156066
7156600
7157508
7157810
7159754
7159840
7160065
7161237
7161267
7161294
7161538
7162089
7166044
7166728
7170154
7172560
7172966
7173067
7173648
7177347
7180662
7180716
7181457
7181466
7183225
7184681
7185566
7185737
7185897
7186332
7186863
7187193
7187251
7188211
7188473
7189866
7190257
7190808
7191977
7192021
7193185
7193365
7193737
7194572
7195480
7195689
7195723
7197488
7198186
7198779
7199260
7199481
7199691
7203074
7203674
7203930
7205234
7206709
7206856
7207689
7207939
7208911
7209763
7211224
7214060
7214488
7215230
7216008
7216348
7216741
7217166
7217320
7217705
7218389
7218460
7219423
7220018
7220319
7222486
7223227
7223765
7224072
7229153
7229181
7229748
7232827
7233539
7233569
7234305
7234444
7235459
7236388
7236882
7239325
7241392
7242199
7247168
7251631
7258633
7258882
7260140
7261101
7261235
7262071
7264589
7264915
7265179
7267552
7268101
7271931
7276624
7276659
7277126
7278633
7279380
7279588
7279762
7281335
7282105
7283687
7285723
7287655
7291576
7295534
7295892
7296252
7296424
7297190
7299629
7299793
7300287
7300553
7301329
7305334
7306553
7307543
7307576
7307978
7308472
7308951
7310290
7310759
7311728
7312485
7312628
7313505
7313546
7317489
7318005
7318546
7321745
7322611
7322935
7322941
7323128
7323616
7323623
7324595
7325334
7325467
7325884
7328649
7328812
7329051
7333477
7333845
7333993
7334868
7335977
7336006
7336220
7337908
7338324
7338830
7339429
7340030
7342394
7343272
7343834
7343912
7345245
7346035
7347998
7348496
7349900
7350018
7350320
7351551
7352557
7353753
7356265
7357294
7357754
7358756
7360352
7360570
7360808
7361860
7363184
7363684
7365289
7365558
7365565
7366601
7366919
7369631
7370333
7370524
7372569
7372723
7373749
7374152
7375235
7376863
7377215
7378302
7380693
7380864
7381239
7382210
7383777
7385654
7386015
7386769
7387108
7388150
7388400
7389675
7389822
7392566
7392993
7394380
7395934
7396062
7397504
7397555
7398826
7400092
7400449
7400646
7401718
7403686
7403785
7403803
7404168
7404185
7404989
7409669
7410148
7414123
7414129
7414706
7415337
7415601
7416308
7417328
7417581
7418119
7418751
7419520
7422188
7422548
7423021
7423325
7424972
7429679
7431205
7434023
7435872
7438409
7439354
7439489
7441271
7442212
7442659
7443582
7444381
7445407
7449059
7450542
7452347
7452897
7455024
7455258
7455921
7456473
7457110
7460003
7461147
7461696
7465287
7465396
7465556
7465934
7466097
7467807
7467808
7467843
7468331
7468444
7468531
7468939
7469977
7470123
7470204
7471456
7472896
7473097
7473668
7474843
7475957
7476747
7476806
7477513
7477544
7477550
7478071
7479238
7481286
7482692
7484515
7486315
7486431
7486475
7486814
7488135
7488692
7488746
7488840
7489519
7492748
7493950
7494632
7494730
7496600
7496994
7497208
7497292
7497493
7498236
7498693
7500326
7501897
7502356
7503960
7508597
7508863
7511990
7518187
7518684
7521678
7523219
7523728
7524548
7524675
7525647
7527715
7529013
7529873
7530396
7533309
7535125
7535347
7535893
7538799
7539044
7540128
7540896
7543207
7545674
7545977
7548104
7548161
7549190
7549290
7549421
7550144
7551212
7551652
7553396
7554282
7554943
7556204
7557664
7561037
7561187
7562302
7563042
7563276
7563977
7565980
7566164
7566542
7566869
7567618
7567962
7568377
7570238
7570962
7571324
7571881
7574728
7575898
7576349
7576917
7579263
7579969
7581558
7582036
7582449
7582624
7583074
7584200
7586219
7586230
7586242
7588852
7589758
7590782
7591112
7593697
7594195
7594537
7596175
7597295
7597447
7599226
7601772
7602397
7602517
7603699
7603820
7605128
7606555
7609692
7610238
7610840
7611164
7612551
7613617
7614228
7614397
7615417
7616709
7616926
7618165
7618529
7619664
7621425
7621657
7621768
7622726
7626169
7626833
7626854
7626915
7627167
7628873
7633581
7634176
7635493
7635654
7638018
7638305
7638836
7639461
7640648
7641301
7642688
7644676
7647666
7654317
7654974
7658154
7660483
7661045
7661525
7662565
7665071
7667353
7667929
7667930
7669004
7670109
7672786
7673197
7674145
7674312
7675721
7675880
7676176
7679319
7679346
7679709
7681490
7682910
7683580
7684298
7684377
7686647
7687202
7687960
7688033
7689346
7689943
7690335
7690601
7690828
7691612
7693306
7693453
7694438
7696297
7697323
7698332
7700314
7701193
7702766
7702996
7703084
7703940
7706326
7706905
7711110
7711250
7711929
7713482
7714380
7714671
7716209
7716258
7716665
7718268
7718944
7719804
7723491
7723869
7723987
7724370
7724408
7724847
7726799
7727775
7727931
7729067
7729401
7729815
7731127
7732334
7732401
7734451
7737647
7739246
7739428
7741154
7741267
7741455
7742985
7743619
7744744
7745048
7745079
7746105
7746161
7746428
7746445
7746975
7749611
7749701
7752509
7752819
7753536
7757063
7758615
7759363
7760192
7760363
7760875
7761108
7762200
7762625
7763842
7764133
7765167
7765747
7765828
7768774
7769380
7769467
7770827
7771963
7772135
7773513
7773693
7774010
7774363
7774758
7777906
7779206
7779441
7779807
7781893
7781927
7786896
7787202
7787289
7787597
7789673
7790385
7791164
7791634
7794592
7796556
7796995
7798267
7798896
7800350
7800351
7802807
7805033
7806876
7808111
7809295
7809565
7810438
7812829
7814644
7817022
7820684
7822802
7823416
7825312
7825819
7829094
7830662
7832705
7834721
7834782
7835794
7837238
7838175
7838963
7839595
7841523
7841690
7842295
7843935
7845444
7847985
7849121
7852061
7852850
7852938
7854745
7855310
7855673
7855885
7857131
7859791
7860074
7863161
7863366
7863409
7864748
7864861
7865096
7866131
7866427
7866638
7866662
7867947
7869775
7870535
7871257
7872203
7875226
7876183
7876853
7876910
7878245
7878410
7878594
7881182
7882105
7882994
7884342
7886475
7887633
7889385
7889628
7889897
7891021
7892431
7894389
7895273
7895533
7895769
7896008
7897921
7898240
7898467
7899302
7899394
7902039
7902177
7903307
7905003
7906389
7908407
7909006
7909552
7911364
7911409
7912246
7912301
7912599
7914452
7915646
7915708
7916774
7916997
7917278
7918131
7920105
7921668
7921721
7924276
7924525
7924999
7927222
7927376
7927576
7928326
7928329
7935812
7936242
7937346
7937498
7938540
7938713
7939358
7940227
7940695
7941178
7946290
7947112
7949025
7951053
7951249
7952478
7954116
7955892
7956569
7956789
7957474
7957792
7958298
7959624
7959932
7960346
7960872
7961740
7963489
7964128
7966452
7967899
7970659
7970985
7971254
7971960
7972085
7972948
7974836
7975750
7979195
7981437
7981696
7982909
7983765
7984003
7984958
7985138
7986067
7986387
7989421
7992366
7993125
7993281
7995324
7999843
8001072
8001149
8002554
8004305
8006102
8006693
8007148
8008162
8008967
8009069
8009508
8009766
8011586
8011762
8012196
8012314
8012709
8015655
8015818
8018357
8021064
8021320
8021956
8022929
8025648
8026634
8028054
8029042
8029359
8029363
8030315
8030456
8031094
8032250
8032313
8033369
8035160
8035989
8036267
8036268
8037589
8037956
8038991
8039641
8040072
8040459
8040579
8040695
8041659
8041772
8043636
8044006
8044315
8044546
8048435
8048988
8049276
8049307
8049563
8049758
8054669
8055990
8057085
8060855
8061462
8063045
8063286
8063351
8064907
8066109
8066322
8066815
8066961
8067072
8068544
8068553
8071312
8071829
8075096
8076419
8076522
8076997
8077514
8079479
8079993
8082731
8082788
8083150
8083457
8084033
8084910
8085930
8087344
8087458
8088981
8090345
8090755
8091250
8091739
8092262
8092271
8092565
8092885
8093605
8094046
8095366
8095479
8097152
8099663
8100112
8102468
8102787
8103098
8105298
8106243
8106823
8106926
8107925
8108155
8108268
8109071
8111209
8111702
8111794
8112323
8113480
8114544
8115971
8117552
8119905
8121990
8123282
8124996
8125449
8125934
8126297
8129941
8132756
8132880
8134029
8134333
8135607
8135618
8136385
8137097
8137825
8139002
8140003
8143276
8143867
8144205
8145459
8145484
8148049
8149133
8149741
8149742
8151033
8152765
8153328
8154289
8154324
8155201
8156346
8158231
8158257
8159576
8160687
8162464
8163722
8164269
8164592
8164696
8164756
8164838
8165993
8166810
8168311
8168472
8169180
8171565
8171816
8172106
8172200
8173293
8175317
8175363
8175870
8177311
8179326
8179990
8181421
8182367
8182908
8185638
8187415
8189209
8190904
8190950
8191084
8192355
8193012
8195451
8197184
8197667
8201408
8202118
8205108
8207738
8210065
8210209
8210840
8211342
8211957
8212279
8214637
8215391
8215595
8216276
8217031
8218155
8218823
8219238
8220302
8220688
8220859
8221505
8222330
8222744
8223279
8225774
8226922
8227310
8228672
8230559
8231226
8231782
8234609
8237374
8240549
8241193
8242454
8242859
8243112
8244335
8244900
8246153
8247618
8248592
8248959
8250414
8251140
8251197
8251832
8252208
8253509
8255593
8255676
8256183
8257233
8257888
8258132
8258280
8258387
8258664
8258845
8260149
8260317
8262642
8263413
8263880
8264112
8264362
8264500
8265340
8265390
8265737
8268492
8269861
8270009
8277422
8277813
8278250
8278655
8278790
8278880
8280053
8280353
8281260
8281926
8283821
8284031
8285359
8287084
8288131
8290169
8292294
8292442
8292588
8293011
8295069
8295542
8298454
8300124
8300433
8300656
8301441
8301736
8303707
8304035
8305015
8305497
8306014
8307413
8309404
8310122
8310402
8311192
8312303
8312882
8312901
8315379
8315924
8316278
8316983
8318815
8320085
8320755
8321243
8322406
8325608
8325871
8327449
8327900
8328666
8329955
8330030
8330514
8331469
8334672
8335096
8335286
8335434
8336924
8338343
8341248
8343880
8344488
8345104
8345867
8346192
8346797
8347104
8347787
8348361
8348552
8353790
8354887
8354997
8356169
8357352
8358254
8360353
8361641
8361825
8363304
8363598
8366323
8366603
8366904
8367276
8368360
8368574
8368907
8368981
8370346
8370619
8371275
8372053
8374770
8374774
8375618
8375788
8375918
8377814
8379196
8379451
8380386
8380568
8380577
8380891
8381874
8382175
8384248
8384674
8386463
8386640
8387235
8387448
8387855
8389159
8389313
8389875
8390410
8390793
8392049
8393075
8393447
8394152
8394316
8395622
8398510
8399467
8400446
8401190
8401211
8401775
8402180
8402675
8402932
8403002
8406087
8407501
8409589
8410069
8412113
8412639
8413568
8414400
8418738
8422101
8422115
8423192
8423244
8424720
8425714
8430909
8432517
8433496
8434663
8435784
8436206
8436736
8437150
8441100
8442661
8443162
8443685
8443759
8444101
8445626
8446653
8449909
8450087
8450192
8450577
8451243
8451834
8452694
8454595
8455274
8456238
8457033
8457604
8458118
8458421
8461003
8461273
8463206
8463585
8463702
8467171
8470141
8470469
8470642
8473309
8474312
8475915
8476382
8476959
8478443
8478681
8479000
8479188
8480635
8482453
8482814
8485932
8485973
8486492
8487170
8487296
8490729
8490924
8491387
8491920
8494913
8495899
8496350
8496439
8496737
8496750
8496760
8498817
8499051
8499971
8500526
8504235
8504444
8504791
8505336
8505695
8506384
8506840
8506898
8507574
8507673
8507876
8509461
8509853
8511911
8514976
8515645
8518328
8519284
8519628
8521704
8522940
8524073
8525495
8525971
8526732
8526736
8528293
8528646
8530616
8530905
8531571
8532492
8534476
8535370
8535389
8537299
8537671
8537812
8537956
8539527
8543403
8544051
8545268
8546498
8546872
8547625
8548839
8550911
8551119
8552569
8556050
8556164
8556181
8556282
8556400
8556451
8557408
8558083
8558378
8559006
8561320
8563076
8564388
8565416
8565511
8567249
8568110
8568927
8569124
8570324
8571899
8572780
8576038
8576313
8577014
8577213
8578202
8578893
8579715
8580498
8581115
8581790
8583156
8583181
8583586
8584568
8585086
8585535
8585677
8586721
8587056
8587199
8589460
8589586
8589669
8589830
8589857
8592565
8592964
8593455
8597445
8598240
8599451
8601343
8601657
8602226
8602912
8604620
8606247
8608690
8608742
8609072
8609838
8610427
8613058
8613094
8613431
8613966
8614886
8617211
8619027
8619180
8620047
8620237
8620911
8621012
8621102
8624193
8625559
8625634
8626194
8628695
8630126
8630432
8630635
8632872
8633320
8635026
8636551
8636626
8637045
8637213
8638250
8638397
8638659
8638889
8638977
8640839
8642328
8642371
8642905
8645147
8646168
8646930
8647786
8647985
8649691
8650747
8650836
8653531
8654151
8654175
8655853
8656234
8657883
8659877
8662972
8663529
8663974
8664210
8665522
8666134
8666514
8666932
8667167
8667328
8667592
8669435
8670266
8671346
8676569
8677971
8679003
8680311
8681439
8681623
8681638
8682174
8682646
8684833
8684957
8686913
8687428
8687553
8687660
8688084
8689681
8692129
8694559
8694794
8694922
8695177
8695615
8695912
8696199
8697202
8700705
8703754
8704429
8705363
8707931
8708939
8709562
8710353
8711209
8711227
8711476
8713693
8713916
8714003
8715877
8716095
8717768
8719935
8719989
8720675
8721198
8722572
8722710
8722761
8723594
8723649
8724051
8724719
8727628
8728741
8730660
8731212
8731593
8732986
8733573
8734148
8735361
8735389
8735422
8736136
8736700
8737926
8739628
8740417
8742232
8744355
8744977
8745336
8746056
8746485
8746968
8748174
8748870
8749774
8749775
8749932
8750009
8750755
8751466
8753312
8753733
8753901
8754429
8755304
8756884
8756980
8757251
8757599
8759705
8761543
8762421
8762461
8763434
8766110
8766605
8769834
8772152
8773654
8777659
8777677
8778542
8779075
8781877
8782513
8783771
8785890
8787579
8788013
8789538
8790403
8790964
8791133
8791463
8791466
8791537
8792055
8792069
8794192
8794986
8795667
8795853
8795994
8798816
8799728
8800357
8802531
8803508
8803641
8803902
8803960
8805035
8806650
8807974
8809063
8812165
8813793
8814320
8815370
8816261
8816762
8816987
8818314
8818921
8819747
8821535
8822836
8826323
8826451
8826916
8827033
8827056
8827512
8827634
8828177
8830089
8835936
8836051
8836709
8837692
8839337
8841527
8842730
8843177
8843908
8847503
8848087
8848433
8855387
8856209
8856313
8857433
8857541
8858872
8859144
8860146
8860814
8861942
8864067
8864700
8866222
8867288
8868018
8868988
8869115
8869828
8870414
8870755
8872274
8872908
8874171
8874292
8878907
8879863
8881575
8881828
8882273
8882622
8882967
8883577
8883925
8884188
8886315
8888589
8889125
8889976
8890705
8891777
8892551
8894212
8894544
8895539
8895700
8896626
8898981
8899105
8901478
8902347
8902696
8907374
8907992
8910629
8910662
8913446
8915104
8915987
8916359
8916666
8919514
8919874
8919975
8920612
8922586
8923400
8925245
8925457
8925931
8926562
8926676
8926945
8929837
8931453
8932127
8933344
8933957
8934447
8935625
8936052
8937442
8937561
8939993
8940737
8941227
8942066
8942711
8943503
8945034
8945784
8946044
8947814
8948574
8949655
8950066
8952174
8954345
8954412
8956060
8958040
8958346
8958717
8958772
8960732
8961729
8961782
8962969
8963574
8964624
8965164
8965689
8967364
8967444
8967448
8967592
8967617
8967657
8968432
8969225
8969300
8971664
8973012
8973315
8974684
8976070
8976106
8977277
8979200
8980269
8980419
8981485
8981921
8982798
8983171
8983542
8983935
8984158
8984462
8984556
8985215
8986296
8987145
8987346
8987500
8988637
8990218
8991281
8991646
8993497
8993958
8994358
8994889
8996909
8999749
9001858
9002380
9006133
9007165
9009632
9012894
9013350
9015403
9015664
9018269
9019039
9019113
9020657
9021281
9021629
9022033
9023304
9023632
9024906
9025783
9026734
9027473
9028761
9032099
9032295
9032678
9033199
9033470
9033951
9035998
9036544
9036558
9036780
9037431
9037463
9037899
9039232
9040183
9040771
9041097
9041730
9043747
9045604
9047017
9048967
9049161
9049309
9050052
9051260
9052992
9054428
9054877
9056318
9060051
9060387
9062940
9063206
9063695
9067963
9071514
9075260
9076602
9078201
9078272
9078628
9079795
9079849
9080395
9083383
9084905
9086286
9086425
9086650
9091105
9092409
9092610
9094604
9094882
9095129
9095587
9096048
9096451
9098944
9100832
9101186
9102612
9103220
9103619
9105229
9106918
9111079
9111859
9111968
9117017
9118270
9118474
9118554
9119514
9119988
9122094
9122287
9122684
9123245
9123248
9125175
9128078
9128641
9128842
9129690
9131838
9132201
9133227
9133738
9135639
9135650
9136756
9136799
9137149
9137197
9137474
9137961
9138566
9140169
9140419
9140498
9143949
9144210
9146420
9150611
9150716
9150826
9152426
9152519
9153178
9153252
9153643
9155744
9156161
9156488
9156556
9156639
9157163
9160315
9161864
9162592
9163616
9165329
9167021
9167646
9168173
9169168
9169446
9169516
9170518
9174422
9175659
9176768
9178196
9178739
9179930
9180026
9180372
9181805
9182216
9183443
9184523
9185809
9188086
9188569
9189103
9190047
9194630
9199099
9200570
9201122
9201589
9202269
9203152
9203635
9204479
9205919
9206483
9207651
9207855
9208398
9209906
9213086
9213806
9214649
9214991
9215884
9217071
9217373
9217586
9219704
9220671
9223227
9227525
9227740
9227902
9228580
9229088
9230885
9231900
9233422
9235043
9235621
9236876
9237534
9238686
9239138
9239351
9240400
9242299
9242809
9243853
9246619
9247046
9247138
9247785
9249975
9250553
9251054
9254154
9254981
9255497
9257635
9257955
9258949
9259575
9259596
9260627
9260771
9263728
9263868
9265259
9266193
9267577
9269022
9270612
9275158
9276197
9276574
9276672
9277677
9278197
9278938
9279231
9279782
9281033
9281169
9281468
9282654
9283032
9283071
9284341
9284636
9285148
9285311
9285438
9285849
9288803
9291371
9291488
9291490
9292541
9295651
9297904
9299814
9300016
9300667
9301419
9302277
9302836
9303260
9304413
9304530
9304872
9305145
9307320
9307765
9307904
9308015
9308175
9309061
9310609
9310965
9311280
9312505
9312527
9314936
9315208
9315296
9316252
9316712
9317191
9317807
9320281
9320581
9321045
9322814
9323144
9323478
9324236
9326535
9328357
9330823
9332170
9334239
9334711
9335975
9336100
9337188
9337383
9340387
9340515
9341714
9342242
9342746
9343146
9344363
9345061
9345124
9348567
9350720
9351224
9354341
9354358
9355268
9356684
9356894
9357414
9359080
9360186
9362114
9363028
9363909
9366214
9369558
9369664
9370830
9372070
9373299
9375380
9377245
9380587
9381714
9382286
9383127
9383134
9384674
9387160
9387308
9388135
9389564
9390738
9391074
9391268
9391986
9392911
9393382
9394053
9394918
9398883
9399553
9399556
9401165
9403233
9405318
9405383
9406367
9407168
9407818
9410268
9412476
9412498
9412529
9412659
9413176
9413377
9413579
9413587
9414201
9414323
9417191
9417351
9419878
9421172
9424977
9427458
9427533
9427790
9427963
9428015
9431378
9431872
9437996
9439320
9440582
9441926
9442063
9442354
9442934
9445120
9445443
9447601
9449032
9450414
9450550
9452586
9453158
9453180
9454774
9455409
9456254
9457562
9457946
9458557
9460535
9460971
9461576
9461806
9462423
9462481
9464080
9465291
9465304
9465853
9466312
9466561
9466858
9468438
9468784
9469861
9475564
9477381
9477685
9478625
9478833
9480161
9480209
9481177
9481399
9481591
9481890
9481905
9483109
9484259
9485787
9486553
9487182
9488865
9490481
9491036
9491381
9492979
9493626
9494733
9495141
9495555
9496101
9496522
9497570
9498216
9499983
9500361
9502317
9503106
9503609
9504197
9505222
9505475
9507331
9508177
9509344
9511566
9515724
9516465
9519427
9521197
9521907
9522024
9522456
9522717
9523268
9523489
9524177
9524768
9525022
9525580
9527759
9528270
9528758
9530424
9531793
9533644
9534100
9538401
9543425
9544799
9545079
9545276
9546857
9548119
9549468
9550272
9550323
9551667
9552910
9554643
9556029
9556399
9557533
9557730
9559679
9560106
9560149
9560274
9561919
9563993
9564219
9564465
9564866
9565625
9565869
9567257
9568309
9568480
9568648
9569149
9569879
9572348
9573591
9574471
9575017
9575365
9575594
9577324
9578130
9578136
9578646
9578873
9581635
9584149
9586102
9586598
9587663
9587852
9588527
9588929
9589125
9589485
9589890
9590333
9591025
9591604
9592232
9594657
9595327
9595838
9597205
9597933
9598814
9599138
9601656
9601712
9602813
9602868
9603185
9603975
9604985
9605171
9607143
9607939
9608543
9608998
9610325
9610596
9612036
9613464
9614295
9615302
9615307
9615741
9615959
9616147
9617646
9618039
9619755
9619976
9620928
9621394
9623492
9624363
9625088
9625166
9625372
9625896
9627294
9628139
9629071
9629232
9629530
9629850
9630347
9631498
9632013
9633761
9634848
9635922
9637145
9638963
9639449
9640389
9644152
9644447
9644474
9646451
9646498
9647179
9648478
9649291
9649685
9651342
9651478
9652033
9652786
9653371
9653409
9653522
9653640
9653940
9654153
9658305
9659235
9659813
9660246
9660304
9660536
9662840
9663421
9666453
9667225
9669509
9669958
9670479
9671173
9672017
9673132
9673410
9678748
9680333
9686622
9687741
9689667
9691787
9692693
9693044
9693624
9694067
9695705
9696968
9697466
9697518
9699013
9699037
9699083
9708119
9709036
9709301
9710044
9710210
9710325
9710428
9711415
9712114
9712847
9714572
9714828
9715029
9715744
9718877
9720015
9720393
9721201
9721643
9723009
9723037
9723568
9723705
9724169
9726021
9727159
9727455
9727772
9728331
9729020
9729471
9730012
9731388
9731424
9731934
9732513
9732762
9733037
9736357
9737118
9738965
9740280
9741245
9741330
9742233
9743580
9744288
9746006
9746713
9747119
9747208
9747530
9749151
9749842
9750505
9751498
9751601
9751812
9752103
9752331
9752959
9753839
9753886
9754206
9759223
9759236
9760209
9760507
9761498
9761908
9762133
9762687
9763023
9764034
9764106
9764894
9765574
9765735
9766934
9767141
9767234
9769433
9769838
9770016
9770899
9772631
9773316
9773349
9773430
9775001
9775250
9776704
9777307
9777772
9781897
9782487
9785510
9786789
9789444
9790775
9792632
9794156
9795494
9797370
9797808
9797879
9798035
9798727
9799024
9799579
9801456
9802012
9802635
9803201
9803391
9805770
9806047
9806516
9806652
9806739
9806790
9807861
9808929
9809328
9809431
9809823
9812326
9813075
9813554
9813641
9822042
9822095
9822596
9823391
9824400
9824845
9825764
9827639
9829145
9831030
9831636
9833709
9833884
9834821
9834946
9835798
9836636
9837277
9838542
9838548
9838685
9838693
9839683
9840484
9841688
9842007
9842764
9843307
9843704
9844674
9845461
9846933
9847532
9847590
9847719
9850456
9850535
9851356
9853470
9854327
9854591
9855764
9857305
9858267
9861420
9862109
9862241
9864112
9865356
9865492
9865620
9866604
9866977
9868104
9869091
9870590
9870971
9871044
9873162
9874191
9874704
9875679
9876279
9877013
9877510
9878188
9878501
9880003
9880040
9880368
9880548
9881580
9883880
9884135
9885746
9885809
9887696
9888028
9888922
9890206
9890214
9892870
9894320
9895488
9896319
9896461
9897038
9897269
9897585
9897910
9897977
9898679
9901642
9902650
9904534
9904693
9904775
9905242
9906815
9907096
9907589
9908344
9910841
9911061
9912998
9913767
9914088
9915779
9916042
9916070
9917035
9917300
9918151
9919380
9922442
9923150
9924645
9927951
9928602
9930544
9930954
9931817
9932238
9934583
9936737
9937240
9938099
9940304
9940587
9940901
9941710
9941883
9943121
9943144
9943875
9945561
9947158
9949501
9949675
9950072
9951586
9953218
9953711
9954005
9954146
9954584
9959332
9960501
9961086
9961752
9962726
9963514
9965113
9966052
9967516
9967805
9968017
9969874
9970384
9970921
9971042
9971123
9971197
9971248
9971273
9971604
9972228
9972889
9974058
9974247
9974898
9975095
9976515
9977430
9979445
9981360
9981898
9982772
9982812
9984390
9988325
9990506
9991067
9991074
9991447
9992278
9993692
9993995
9996305
9997430
9997445
9997827
9998091
9999762
9999856
