3
415
844
1172
1440
1716
1807
2034
3910
4102
4213
5818
8791
9993
11888
12002
12360
14547
14554
16869
18170
20060
22931
23904
24786
24913
27765
28529
29264
30935
31076
31714
32908
33281
34263
35179
36020
37269
38951
39822
40229
40287
40940
41641
42379
42396
44677
45692
47952
48799
48810
50021
50581
51159
51238
51694
55270
55940
56450
56860
58747
58878
59858
60031
61272
61726
63992
64075
64243
64468
66899
68209
68558
69174
70226
71783
71917
74526
76007
76414
77858
78409
78606
79855
80898
81290
82985
85344
86439
87279
87500
87632
89798
92783
94822
95281
95388
95478
95739
96774
97040
97327
100211
101528
102390
102578
103372
105243
105751
106192
108693
109160
109593
112194
113241
114143
115565
116943
117550
117779
118323
119720
122754
123830
125677
128650
129934
130133
131397
134699
135848
138035
138822
139118
139704
141835
141876
142595
143906
145011
146204
146501
146589
146702
147863
148456
148750
149191
150494
152077
153025
156792
157766
159342
159690
160222
160385
160837
161823
162564
163458
164615
164746
165253
165463
165602
165785
166011
166658
166798
167727
168804
169276
170134
173276
173580
174643
177087
178116
181126
181153
181592
181990
182819
183197
187228
188807
188886
189157
189218
190736
191297
192575
192781
193459
193618
193684
193835
194219
195246
196161
196267
198177
199375
199715
199741
199830
200185
200626
201323
201735
204048
204666
204779
204960
205100
206139
208258
208414
208635
209641
209707
210969
211071
211500
212270
212450
212650
215181
215389
215894
216642
218640
220010
220960
224010
224575
224603
224743
226310
226383
226715
227997
228887
229962
230976
234644
235793
236955
239605
239696
239793
244382
246029
247729
248672
251084
251255
251449
254237
254670
259419
260258
260642
261087
261550
263221
267576
267693
267866
268002
268536
269061
270791
271653
272920
274669
275318
276635
277608
280995
281433
281965
282555
283542
285718
287236
287643
288402
288962
290505
291921
292014
295654
297219
297606
297768
298185
298713
302124
302435
304690
305143
306105
307031
307694
307757
308707
308741
310499
312314
313610
314021
314341
315121
315557
315632
316340
317156
317884
319746
321405
321887
321910
323059
323102
324685
324739
325498
325947
326558
326816
327364
327681
328223
335328
336491
336852
338142
338814
341006
341050
341435
343054
343852
346807
348615
349052
349222
351473
352444
352872
352880
355969
357263
357858
361275
362231
364098
366792
370095
372313
372661
372705
372948
373128
374245
375433
375486
378121
378197
379580
381577
381988
382063
382184
382416
382626
382913
383894
384562
384913
385351
385657
386328
388035
388365
388658
391008
391985
392115
392346
392574
392910
393385
394344
394963
395627
396239
397551
397589
397668
398409
398790
399712
400036
400858
401734
402273
402290
402393
403676
404594
406503
407828
410166
410270
410682
411209
411621
412602
413491
414597
415473
416229
418322
419665
421320
421503
422248
424617
425062
425231
426825
426904
427669
430044
432156
432225
435165
436403
436859
437783
437892
437927
438968
438972
439799
442224
442772
444061
445414
446537
447141
448632
449067
450161
450751
451381
453373
454614
455053
455218
455838
455936
456271
458085
459186
459639
460454
460457
462331
462874
464845
465563
466628
467385
469636
471748
473684
473940
474642
476197
478290
479552
481158
481390
483698
484161
484850
487049
489772
490348
490851
491241
492169
495011
495963
496032
498160
498890
500257
500277
501409
502881
505307
506880
508379
509353
509727
510900
511508
511527
511782
512399
512966
513208
514873
515062
517478
518348
518672
519996
521188
521228
522243
522824
525090
525557
526218
526664
526925
527833
527902
528209
528866
529122
529600
529627
529772
532149
532517
532768
533085
533156
536020
536568
538999
539012
539357
539428
540846
542748
545903
547679
548462
548464
549363
549528
550412
550938
551179
551532
551776
551838
553370
556610
559058
560937
560966
561135
561802
563514
566575
566654
568828
569949
570345
572095
575489
575745
575969
576270
577252
578507
578635
580495
581719
582080
582316
583308
583433
584348
585540
585567
585903
586358
586497
587329
591730
592538
593468
594188
595858
596176
596607
596723
598229
599102
599489
600897
601115
602607
602777
604009
604196
604226
604415
605006
605349
605704
605929
607364
607864
608521
609183
610406
610814
611559
611579
613842
613995
616205
616332
617167
617622
617801
617874
618450
618605
621306
623139
623140
623850
623870
624094
624343
626200
627056
629889
630057
630960
631449
632340
632560
632584
632694
632812
633168
633443
633936
634942
635061
635111
635718
636021
639483
639742
639817
640520
640815
641966
642979
644803
645850
646455
647397
648551
649694
649765
651459
651847
653358
654351
655043
657092
657212
661314
661834
661971
662468
663569
663656
663905
664062
664300
666394
667097
668195
670768
670790
671958
672989
673216
673223
673587
674020
676626
677852
678400
678498
678840
679009
679354
679682
680503
682826
683124
683568
684580
685233
685473
686113
686794
687058
688301
689592
689934
690671
690803
691835
696372
699995
700082
700305
700860
700975
701427
701508
702477
704897
705928
708687
709056
709274
709313
709612
709892
710745
711188
711889
712402
712445
714084
715063
716140
716150
718617
719049
719123
722300
722326
724598
728217
730547
731791
732766
735950
736642
736822
737963
738215
738632
738714
739126
739802
739900
740550
743210
743731
745774
747857
748362
748823
749708
752027
752960
753723
753767
756588
756884
758606
758802
760336
760509
761960
762970
763363
763771
764165
764391
765882
766508
767581
768315
770204
770354
771123
772361
773447
775787
776842
777679
777927
778261
779492
780661
780686
781578
781710
781804
783744
784392
785242
787009
788278
788291
788851
789949
790585
790882
791598
792035
792347
793191
793600
794278
794507
795247
795876
796033
797777
798291
798545
798978
799720
799918
800723
801435
801622
803126
804505
805850
807056
807147
810110
810938
811534
811735
813359
814020
815497
815816
817339
821294
821365
821797
822014
822322
822685
824116
824289
824298
825911
826288
826491
826887
828730
829071
829437
830358
830873
831573
834544
836186
838995
839353
839919
840228
840324
844599
844694
844776
845265
847225
848174
848946
849222
849488
849540
849683
849953
852246
852658
852982
853231
853842
855338
857085
860064
860092
861520
863540
863960
864906
866499
867129
868654
869863
869985
870170
871830
872221
872457
872860
873351
873948
875851
876551
876859
878434
878824
879578
880650
880793
880919
884139
884325
885780
887150
889046
889146
889740
889872
890814
890846
893382
894836
896708
898461
898532
899670
901672
901758
901841
904176
904383
906117
906387
908223
908682
909054
909123
909478
909658
910487
911364
913107
915909
917161
919278
921688
923550
924000
926371
926910
927314
929450
930868
932245
932561
933956
935981
936242
936978
938555
940205
940839
940905
941057
942395
943682
945453
946174
946449
946471
951208
952016
953925
955866
956042
957849
958402
959188
959511
959999
964022
964441
966829
966988
967573
968422
969168
969240
970636
973007
974254
975524
975526
976274
979586
980214
982461
984682
984755
985801
986418
986619
987373
989302
989993
989997
991192
993620
994907
994910
994912
995525
999234
999539
999874
1000201
1003113
1003208
1003553
1003719
1003943
1003984
1004296
1004662
1005919
1006914
1007168
1008216
1010407
1010932
1012076
1014755
1015156
1017064
1017075
1019510
1020611
1022304
1022837
1023648
1024391
1025355
1025890
1025918
1026526
1028409
1028821
1028972
1029951
1031390
1032980
1033325
1034065
1036530
1037509
1038173
1038356
1038451
1039024
1039451
1039637
1041454
1043763
1044886
1046031
1047338
1047489
1048320
1048464
1049088
1049964
1050085
1050773
1051252
1051320
1052337
1055765
1056049
1056871
1056965
1057608
1057883
1059419
1059571
1059948
1060418
1060496
1061475
1061919
1063064
1064388
1064732
1066272
1067777
1068189
1072743
1073665
1073837
1075105
1076550
1077027
1077047
1080831
1083305
1084167
1084872
1085270
1086167
1086359
1086697
1086930
1087056
1088450
1088892
1089697
1090004
1090400
1090956
1093174
1093298
1095395
1096414
1097526
1098003
1098884
1100025
1101300
1101932
1102371
1103166
1103344
1103531
1104834
1105132
1105265
1105516
1105606
1106256
1108150
1108736
1109737
1110614
1113704
1115001
1115787
1116114
1117105
1117342
1117524
1118307
1120049
1120312
1121251
1124305
1125437
1125927
1126755
1127716
1128160
1131619
1133284
1133591
1134831
1135114
1135162
1138915
1138981
1140953
1142222
1142928
1143780
1143889
1148612
1148814
1151334
1152294
1153230
1153792
1153793
1155027
1155387
1155506
1156940
1157813
1158379
1160257
1160637
1161394
1162045
1163308
1163314
1163582
1164214
1165046
1165270
1167399
1168450
1169261
1170304
1170853
1170932
1170996
1171242
1172006
1173526
1175381
1177370
1179360
1180359
1183425
1185788
1187725
1188039
1188455
1188892
1189225
1189746
1190632
1190770
1192164
1192839
1193385
1193824
1194499
1195293
1197113
1198481
1199011
1199278
1204094
1204482
1205280
1205456
1206030
1206221
1207695
1209047
1209256
1209509
1212284
1212943
1213873
1215016
1217064
1219577
1219985
1220865
1224417
1224431
1224514
1225158
1226056
1226318
1229774
1231090
1232911
1233197
1234134
1236962
1238709
1245680
1245839
1246687
1247139
1248091
1248520
1248797
1249949
1250208
1250229
1250820
1251174
1252719
1253614
1254199
1254796
1255464
1256336
1257066
1257499
1257986
1258039
1258188
1259855
1259868
1262036
1264538
1265115
1265336
1266011
1266558
1266688
1267150
1268740
1269872
1273696
1275886
1276315
1276869
1277199
1277267
1277417
1279477
1279913
1279952
1280576
1280624
1283295
1284108
1284643
1288127
1291946
1292198
1292246
1293884
1297408
1297838
1297895
1298235
1299670
1301169
1301389
1302027
1302785
1303084
1303130
1303338
1304939
1305992
1308388
1310214
1311379
1312207
1315106
1315573
1317861
1320161
1322958
1323036
1324994
1325982
1327184
1330106
1330805
1333530
1333939
1334275
1334319
1336156
1336720
1336782
1338269
1339086
1339377
1341285
1341736
1342393
1343029
1343848
1343977
1344066
1346508
1347117
1348298
1350247
1351125
1352278
1352875
1353317
1353556
1353588
1355264
1356437
1357672
1357878
1358266
1359982
1360012
1360049
1360498
1361329
1361572
1363662
1363805
1367089
1367427
1368480
1368987
1369267
1369784
1371053
1372665
1373918
1373949
1374446
1378459
1379187
1380345
1381021
1382283
1383144
1383355
1383596
1383927
1385937
1386467
1386493
1387324
1387388
1388080
1388437
1388889
1389606
1390582
1390824
1390862
1391595
1391861
1392207
1393027
1393186
1394557
1400023
1400089
1401010
1410195
1410555
1412906
1412911
1413202
1414199
1414468
1415375
1415470
1415525
1416802
1416985
1419420
1421111
1421511
1423802
1423881
1425151
1426241
1426533
1427299
1428638
1428736
1433101
1433580
1434400
1438130
1441446
1442020
1442603
1442737
1443180
1443237
1443873
1444270
1444331
1445020
1445265
1445864
1446607
1449525
1450760
1451138
1452060
1455908
1455987
1456008
1457404
1457707
1457742
1458790
1459820
1460834
1461882
1461996
1463640
1463836
1463854
1464096
1465615
1466806
1466833
1467060
1467505
1467929
1468005
1468145
1469947
1471281
1474360
1474884
1475874
1477134
1477938
1479727
1479815
1480364
1480635
1481046
1481174
1481207
1481898
1482249
1484390
1484648
1485770
1486267
1487499
1489155
1489779
1489937
1490690
1492021
1492103
1494709
1494786
1497037
1499295
1501128
1501683
1502742
1504704
1511015
1511869
1512185
1512970
1513520
1514061
1514173
1514602
1517752
1518435
1518831
1520636
1521024
1521946
1522232
1522557
1522628
1522717
1522973
1522984
1523414
1523626
1523929
1524759
1525551
1527788
1528081
1528273
1528319
1528666
1530105
1530857
1532291
1533468
1535723
1538160
1538848
1540783
1541862
1544486
1545187
1547019
1547740
1547898
1548793
1549204
1549353
1549646
1550033
1551420
1554631
1554697
1556098
1556389
1559072
1559452
1559934
1561141
1561331
1561589
1562719
1563521
1563818
1564211
1564325
1565775
1567327
1570027
1570442
1571167
1572462
1572542
1575055
1577528
1578067
1578588
1578974
1579394
1584160
1585418
1586634
1587492
1587634
1590929
1590977
1591095
1593104
1595007
1596900
1596939
1600413
1601002
1603666
1603889
1604689
1605288
1606488
1607155
1607744
1610999
1611172
1611882
1616684
1616948
1616984
1617244
1619332
1621641
1622071
1622701
1624072
1625042
1625404
1626967
1627530
1629683
1630472
1631388
1633522
1634933
1636278
1636550
1638196
1639024
1640383
1643256
1644441
1645328
1646184
1646468
1646708
1647945
1648003
1649169
1649536
1650543
1651542
1653326
1653349
1654415
1658107
1660193
1661055
1662783
1663370
1664651
1666249
1666782
1667133
1667386
1667575
1667973
1668629
1671621
1672012
1673321
1674562
1678763
1678811
1679222
1679396
1682656
1683646
1683954
1684201
1684465
1684556
1685083
1685267
1686788
1687150
1688931
1689197
1689675
1690026
1692001
1692107
1693610
1693874
1695235
1695788
1695916
1696907
1698689
1703995
1704040
1705360
1706444
1710760
1711000
1711464
1712031
1712448
1712751
1712892
1713514
1715697
1716009
1716365
1717253
1718791
1721909
1723784
1724413
1725343
1726158
1727872
1727886
1729210
1730371
1730813
1730817
1731899
1733314
1735011
1736911
1737306
1737573
1738570
1740711
1740969
1741617
1741956
1742843
1743627
1746949
1747185
1747729
1748128
1748564
1749992
1751429
1752859
1753011
1754135
1754437
1755204
1755896
1756059
1760075
1760325
1760441
1761805
1761949
1761995
1762799
1762808
1763172
1765948
1768230
1768830
1769436
1770505
1770799
1772830
1773830
1774389
1775871
1776723
1777572
1778447
1778835
1779560
1779663
1780858
1781066
1781399
1781565
1782105
1783416
1784809
1785033
1785885
1788081
1788874
1789395
1790861
1791832
1792395
1792791
1793267
1793583
1794922
1794950
1795686
1795785
1796078
1796612
1797189
1797206
1798510
1799825
1803572
1804423
1805406
1806111
1807811
1808097
1808992
1814084
1814298
1816651
1816714
1817495
1817845
1818182
1820820
1822006
1823074
1823234
1823629
1823992
1825278
1825295
1825447
1829769
1832539
1833018
1833471
1833933
1835406
1835687
1836246
1836382
1836900
1837524
1839104
1840406
1840543
1840935
1843363
1843519
1844293
1846472
1846653
1847131
1847238
1847381
1847974
1848165
1849170
1850777
1852137
1854165
1855242
1855438
1855664
1857244
1858874
1858923
1859133
1860119
1860298
1860421
1861647
1862710
1863911
1866725
1866860
1867690
1867834
1868079
1870593
1871360
1879021
1879183
1879675
1881492
1883019
1883454
1883979
1884581
1884948
1885387
1885847
1886486
1886717
1886895
1888379
1888496
1888765
1889611
1890811
1896099
1896692
1897055
1899677
1901318
1901844
1902070
1902421
1902935
1903116
1905653
1906464
1908251
1909822
1911170
1912746
1913246
1916427
1917730
1919660
1919858
1920807
1921487
1921980
1925360
1925888
1926928
1931906
1932497
1933284
1934817
1936693
1939096
1939461
1940424
1940483
1943282
1943776
1944096
1944602
1944824
1945912
1950164
1951275
1951480
1952542
1952893
1952990
1954447
1954976
1956881
1957219
1958496
1958656
1961448
1964609
1967952
1968044
1968143
1968570
1968660
1969497
1969684
1969716
1969867
1972304
1972966
1974950
1974958
1976324
1977461
1984350
1984730
1985344
1985451
1986788
1989801
1989926
1990091
1990093
1990380
1990648
1992258
1993890
1996609
1997070
1997284
2000620
2001367
2002566
2005827
2005973
2006578
2006599
2011377
2013087
2013286
2014830
2017078
2018981
2019063
2021694
2021795
2023897
2024182
2024845
2026197
2026341
2029705
2030200
2031732
2033481
2034601
2034672
2034928
2036966
2038255
2039790
2040522
2040886
2041032
2042070
2042419
2043322
2043511
2047121
2047770
2049682
2051136
2052349
2052408
2052633
2054016
2054193
2054751
2055097
2056356
2056509
2056737
2056767
2057320
2057402
2058394
2058945
2059917
2060229
2061025
2062537
2063162
2065345
2066333
2066528
2068782
2069164
2069297
2069872
2071292
2071605
2075420
2075496
2075790
2076236
2077053
2079073
2079462
2080038
2080661
2081597
2081760
2082796
2085064
2085371
2087542
2087810
2090622
2091045
2091276
2092024
2094079
2096297
2097620
2098508
2098584
2100358
2100451
2102350
2102508
2103478
2103812
2104047
2105030
2106823
2106915
2108819
2109729
2109818
2110116
2112167
2112293
2113636
2114284
2114815
2114962
2115346
2118277
2119640
2121066
2121345
2121536
2126118
2126386
2128633
2129309
2129759
2129904
2129921
2130138
2130306
2130606
2130767
2130874
2130910
2132972
2136319
2138584
2138831
2139057
2139581
2141414
2142613
2143203
2147378
2149382
2150687
2153504
2153577
2157280
2159915
2161785
2162668
2162886
2165221
2168343
2169196
2173446
2173498
2174331
2176761
2177318
2178414
2180898
2181896
2182518
2183505
2185743
2185837
2187694
2188216
2191066
2191300
2193186
2193570
2193887
2197199
2198047
2198493
2200231
2200952
2201859
2202555
2202943
2202973
2205315
2207905
2207961
2208171
2208435
2209013
2210378
2214132
2214355
2216617
2218265
2218884
2219113
2219125
2220304
2220405
2220705
2221373
2222134
2222649
2223008
2223020
2223117
2223451
2225184
2226204
2227060
2229398
2230079
2230985
2231134
2231913
2232318
2232790
2234270
2238126
2238277
2238369
2240396
2242070
2243501
2243687
2244802
2245016
2245471
2245969
2246865
2250667
2253589
2256766
2256956
2257809
2259301
2259330
2260159
2261400
2261560
2264177
2264737
2268176
2268463
2268958
2269679
2270216
2271027
2271344
2271651
2274425
2275185
2277634
2279025
2279635
2280481
2282942
2283590
2283729
2284622
2285827
2286565
2287993
2288851
2290787
2291650
2291845
2292403
2295997
2296756
2296837
2297113
2299757
2299778
2300144
2300760
2301178
2302709
2304275
2304606
2304660
2305858
2306579
2306933
2306996
2307766
2309776
2311589
2311590
2312370
2312374
2312688
2312979
2314029
2314043
2316079
2316501
2318695
2319211
2319556
2319657
2319923
2322586
2323418
2324937
2325720
2327815
2328767
2329729
2330042
2330439
2331426
2331725
2332001
2332852
2332935
2334274
2334660
2335378
2335669
2336319
2338121
2338613
2339243
2339311
2340215
2340300
2340413
2340480
2342527
2343152
2343612
2343620
2347018
2347599
2349123
2349397
2351581
2351856
2352422
2353024
2353949
2355793
2355804
2356799
2358685
2359158
2359790
2359824
2361559
2363508
2365412
2366100
2366144
2366982
2369014
2369156
2369276
2369970
2370437
2371322
2378743
2379106
2379484
2379547
2380643
2381598
2384120
2384734
2385839
2387093
2387630
2388959
2388993
2390043
2390185
2390664
2390718
2390746
2391182
2392056
2392084
2393060
2395119
2395654
2396926
2396951
2397009
2398263
2398568
2398731
2398739
2399822
2400066
2400205
2400823
2401568
2403621
2405569
2407390
2409510
2409930
2410842
2412527
2412993
2413397
2414352
2415295
2415339
2418873
2420588
2421372
2421544
2421996
2422174
2422940
2424338
2424604
2426534
2429793
2429999
2430117
2431099
2431533
2432093
2438375
2441121
2442154
2443712
2443722
2445825
2447648
2451001
2451238
2451983
2452786
2453122
2453930
2454477
2454762
2455059
2456155
2456240
2457497
2459184
2461259
2461306
2462013
2463523
2464856
2465174
2467358
2469477
2469683
2472106
2473047
2474254
2475249
2475269
2475531
2478543
2479194
2479635
2481725
2482715
2482965
2484726
2485250
2486229
2486332
2486940
2493129
2493456
2494234
2494470
2495532
2496774
2496901
2497867
2498941
2499170
2499689
2501181
2501282
2501762
2501979
2503545
2506210
2506268
2508988
2511002
2511242
2513308
2514697
2517157
2518085
2518248
2518448
2518831
2521316
2521615
2522181
2522349
2524038
2524865
2526305
2526916
2529371
2529848
2530271
2530716
2532001
2532810
2536993
2538515
2541239
2541530
2544169
2545579
2546607
2546710
2546738
2546935
2547263
2547892
2551880
2552087
2555613
2556191
2558580
2558586
2558804
2559479
2561923
2563030
2563767
2563867
2563872
2564694
2566712
2570690
2571452
2572441
2572809
2574614
2576345
2576954
2577812
2578717
2579976
2582810
2584468
2587126
2587842
2589283
2591783
2592297
2592760
2594054
2595091
2595390
2595685
2595761
2596277
2601071
2603773
2604068
2604090
2605345
2605833
2608572
2609783
2610837
2611415
2611952
2612285
2613031
2613208
2615941
2616765
2618591
2618876
2619998
2620155
2620279
2620527
2620964
2621217
2625155
2625653
2626932
2628063
2628944
2629703
2630831
2631195
2633530
2636677
2637249
2639789
2639901
2640773
2641430
2643250
2644831
2645183
2646609
2647335
2647379
2648219
2648596
2648707
2648778
2649040
2656204
2656248
2659715
2660962
2661538
2661816
2662747
2662859
2669740
2669947
2672059
2672256
2674108
2674535
2676098
2677548
2678348
2678480
2678732
2678814
2680639
2680851
2680863
2681442
2681496
2683096
2683673
2683924
2684109
2686221
2686272
2687047
2689072
2689423
2690782
2692604
2693147
2694172
2695726
2695863
2695953
2696155
2698193
2700606
2708007
2711864
2711907
2712361
2713108
2713786
2713860
2714329
2715084
2716007
2716235
2716594
2717735
2718710
2719947
2721907
2722499
2724116
2724995
2727408
2728512
2730437
2731356
2731901
2733019
2733051
2733438
2733732
2735597
2736295
2736308
2736424
2736973
2739039
2739290
2739912
2740853
2741271
2742601
2742721
2742981
2744998
2745204
2748047
2750813
2751350
2751612
2753100
2754401
2755057
2758520
2758680
2761053
2761058
2763108
2766326
2768847
2769978
2770556
2771321
2771840
2771974
2772218
2773066
2773317
2774684
2777712
2778676
2778801
2778921
2780987
2781720
2782336
2783469
2783530
2784671
2784874
2786889
2790006
2790186
2793177
2794453
2798157
2798236
2803021
2803491
2803961
2804188
2804762
2805116
2805439
2805757
2806889
2808936
2809346
2809805
2810062
2810814
2811287
2811646
2813396
2813807
2814362
2814851
2816032
2816374
2816794
2817145
2817320
2819489
2821539
2821722
2824731
2824738
2826560
2826686
2826840
2827453
2827596
2829612
2832277
2832613
2833156
2837633
2839963
2840236
2840408
2840795
2840981
2841549
2841673
2842318
2842936
2844081
2844372
2846370
2848732
2854420
2855068
2855812
2857070
2858097
2858913
2860228
2860628
2861291
2861309
2861714
2865378
2866243
2871133
2871821
2872547
2872918
2879151
2879894
2883069
2884068
2884510
2885719
2887419
2887684
2889761
2890985
2892395
2893605
2894084
2894360
2894988
2895217
2896698
2897809
2898959
2900593
2900958
2901710
2902261
2902591
2903366
2903746
2903839
2904370
2905771
2905824
2906353
2906440
2906450
2906575
2908520
2909547
2909678
2909849
2910478
2912258
2912381
2913188
2913297
2913684
2915294
2917430
2920877
2923208
2923482
2923600
2923828
2924114
2924920
2925106
2927006
2927082
2927557
2929017
2929769
2930166
2931309
2931322
2931453
2932347
2932926
2933738
2934435
2937220
2937429
2937510
2937985
2938130
2938284
2939761
2940920
2941835
2942469
2943163
2943646
2944494
2945009
2945263
2946089
2947948
2949130
2949455
2950915
2951858
2952061
2954797
2955028
2956814
2958185
2958656
2959774
2960829
2961300
2961309
2963023
2964955
2965558
2966153
2967108
2967564
2967871
2969748
2970223
2970973
2972068
2972468
2973646
2975600
2976070
2976841
2977344
2978982
2980971
2981691
2982426
2982647
2983956
2984305
2985389
2985726
2987574
2989143
2989493
2989909
2991828
2993981
2994115
2994193
2995469
2996271
3001277
3001510
3001606
3003431
3004651
3005516
3006425
3007703
3007787
3008256
3008265
3009466
3009894
3010121
3011200
3014670
3017427
3018637
3020782
3020887
3021334
3021672
3023367
3025201
3027752
3028198
3031004
3031413
3034317
3034523
3035988
3038345
3039748
3041807
3043394
3045063
3046919
3049684
3051467
3051859
3051909
3052643
3053361
3053699
3053731
3055574
3055764
3056619
3056632
3057922
3062096
3063428
3063575
3066617
3067449
3067589
3068790
3071870
3072442
3073587
3075533
3076404
3076587
3076882
3076988
3078453
3079622
3080895
3085760
3086107
3087152
3087588
3087654
3087872
3088529
3093065
3095621
3096024
3096705
3098175
3104320
3105277
3105286
3106770
3107371
3107890
3109166
3109658
3110327
3111428
3111707
3112244
3112331
3112539
3114989
3115994
3117284
3117298
3117756
3118156
3118416
3118601
3122013
3124141
3124214
3127885
3128527
3129392
3129604
3130271
3131369
3131703
3132686
3133725
3134202
3134793
3134973
3135891
3137280
3138117
3138182
3139225
3139274
3140182
3142554
3143118
3143363
3143853
3148314
3148628
3150759
3150981
3152149
3153030
3153244
3154781
3155972
3156315
3156426
3157129
3157252
3158098
3158474
3160042
3160420
3162850
3163058
3163245
3163397
3164846
3166557
3167758
3168622
3168798
3170614
3171838
3172129
3175391
3175485
3175510
3175735
3175888
3176066
3176213
3176954
3180048
3183498
3184124
3186764
3189907
3190943
3191806
3192814
3193543
3193703
3193774
3193898
3194078
3194913
3195671
3195747
3196243
3199604
3199692
3200390
3200873
3200892
3201146
3201901
3204403
3204754
3204992
3205420
3205567
3207600
3208253
3208867
3209394
3209826
3210424
3211794
3216415
3216640
3218308
3219014
3220030
3220077
3220386
3221945
3222298
3223876
3223984
3224219
3225404
3225699
3225954
3226217
3228178
3228249
3228456
3228932
3229453
3229928
3233612
3233769
3234154
3234302
3234708
3234817
3235663
3236478
3236658
3237032
3243550
3243614
3246531
3247598
3249252
3250166
3250515
3251754
3251858
3252664
3254551
3255599
3256177
3256225
3256640
3256933
3258334
3259652
3259836
3260990
3261363
3262325
3263019
3263707
3265166
3267654
3268030
3268535
3269444
3269852
3269949
3270596
3271871
3272545
3272687
3272704
3273038
3273253
3273636
3274352
3275032
3275268
3275744
3277588
3279308
3279370
3280935
3281834
3282387
3283434
3284632
3284976
3285812
3286547
3287487
3287948
3288403
3289149
3290710
3291936
3292056
3294437
3296168
3296452
3296712
3300275
3301401
3304401
3304710
3307546
3307630
3308294
3309632
3309785
3310062
3312198
3314177
3314733
3315641
3315823
3317501
3317627
3318878
3319935
3320723
3321915
3321951
3322515
3322808
3324787
3325895
3325960
3326146
3326804
3327450
3327542
3328879
3329530
3330268
3334639
3336046
3336219
3336730
3337357
3337780
3338407
3339754
3339873
3340428
3344310
3345524
3345855
3346359
3346517
3349352
3351683
3351803
3353939
3353947
3355078
3357681
3358203
3359198
3360115
3361229
3362489
3362519
3362651
3363016
3364839
3366591
3367060
3367186
3367660
3367825
3367964
3368712
3370062
3373044
3373365
3374957
3376574
3377895
3379421
3379987
3380226
3380656
3381876
3382396
3382857
3383560
3385299
3385544
3386115
3387540
3388647
3390375
3391294
3391507
3392422
3393470
3393815
3396777
3396858
3398039
3398545
3399804
3401748
3401871
3401976
3402139
3405006
3405272
3406936
3407746
3408878
3409685
3410868
3413661
3413744
3415220
3415377
3416481
3416819
3416921
3417666
3417951
3418384
3418762
3419518
3420568
3421176
3422079
3422858
3423541
3423783
3424551
3425569
3425849
3428427
3428455
3428779
3432462
3433314
3433637
3437358
3439896
3440908
3441275
3441676
3442529
3443752
3445020
3445815
3452140
3452948
3453152
3453648
3454194
3454638
3458506
3459318
3460649
3460668
3460825
3463636
3464715
3465088
3466932
3467764
3468638
3469209
3469914
3471194
3471230
3471297
3471866
3472196
3472399
3472788
3473483
3474912
3475973
3477043
3477423
3479580
3479987
3480087
3480499
3483545
3485134
3486652
3486831
3487446
3488525
3488609
3489227
3489778
3489914
3490669
3491133
3491299
3492749
3493085
3493732
3494114
3494963
3495035
3495582
3498314
3499976
3501588
3502055
3502541
3504377
3504507
3505067
3505107
3506497
3507297
3508536
3509945
3510170
3512872
3512888
3516664
3518109
3518128
3518499
3519225
3519988
3521288
3521332
3521443
3521466
3522411
3522571
3523515
3523858
3523962
3524008
3526318
3526701
3527418
3533616
3534295
3534847
3535462
3535662
3537228
3537441
3537457
3538633
3540377
3540664
3540669
3543032
3544177
3544322
3544871
3546942
3547113
3549366
3550311
3551460
3552605
3553464
3553856
3557907
3558120
3562563
3563107
3563350
3563851
3566932
3568664
3569436
3569781
3571582
3572991
3574264
3574770
3579162
3579277
3579608
3579933
3579949
3580193
3580940
3581255
3581322
3582290
3583363
3584356
3584725
3584828
3587403
3587494
3589018
3589787
3590779
3590966
3592184
3592288
3592578
3593847
3594390
3596742
3597956
3598104
3598291
3598920
3598957
3599293
3600159
3600454
3600870
3601235
3601766
3601798
3603360
3603728
3604370
3605438
3606656
3606702
3607689
3609116
3611613
3612098
3613718
3614346
3615488
3616412
3616609
3617513
3617814
3618415
3618618
3619135
3623286
3623685
3623803
3624595
3625927
3626129
3626782
3626864
3627407
3628402
3628867
3629201
3629409
3630446
3631708
3632837
3633273
3634180
3634255
3634257
3636544
3637336
3638615
3638801
3639779
3640644
3640998
3641669
3641957
3642966
3643376
3643722
3646808
3647545
3649697
3651064
3651125
3654056
3654099
3656706
3657551
3657865
3658450
3659312
3659716
3659757
3661758
3662557
3663116
3663530
3664191
3665019
3668088
3668886
3669743
3670495
3671146
3671209
3672317
3672406
3672768
3676239
3676700
3677665
3678436
3680027
3683235
3683678
3686978
3687133
3687376
3690735
3690965
3691079
3693553
3693793
3697150
3697407
3698577
3698778
3699077
3699776
3701720
3702016
3702080
3703010
3703575
3704146
3704751
3705075
3705245
3706291
3707141
3708681
3709622
3710443
3711092
3712680
3712992
3713486
3714519
3715896
3716457
3716597
3717139
3720624
3721056
3721109
3721152
3722132
3722359
3724484
3724904
3725100
3726182
3726768
3728787
3729045
3729474
3730177
3730492
3730768
3731015
3732397
3732987
3733982
3734440
3735835
3738920
3739984
3740267
3740284
3741193
3742309
3742402
3746304
3746935
3747019
3747254
3747289
3747871
3749632
3750421
3750530
3751759
3752170
3752220
3752784
3754149
3754372
3755380
3755672
3755698
3755885
3758133
3758663
3759209
3760973
3761129
3761132
3761704
3762639
3762997
3763800
3763859
3764558
3764850
3765578
3766115
3766148
3767167
3768604
3771808
3774509
3774863
3775378
3778232
3778435
3780320
3780580
3780651
3781313
3783009
3784250
3784906
3785718
3786268
3787535
3787907
3787954
3788122
3788853
3789536
3791393
3793729
3795812
3795911
3797960
3798708
3798994
3802111
3802803
3803080
3805190
3806081
3806131
3806370
3806998
3807252
3808790
3808961
3809024
3809171
3809729
3818328
3818838
3819001
3819094
3819689
3821003
3821233
3822162
3822249
3822981
3823101
3824484
3825020
3825063
3825525
3827336
3829349
3829387
3830055
3830300
3831201
3832627
3833108
3834574
3835567
3835924
3837893
3838205
3838423
3841398
3842293
3842675
3842951
3844905
3846328
3846759
3847694
3848209
3848552
3848931
3849060
3849194
3849923
3850514
3852598
3853354
3854355
3855476
3858993
3859137
3861769
3862670
3862931
3865349
3866702
3866916
3868083
3869573
3871269
3871376
3872150
3874301
3874933
3877989
3878050
3878513
3878901
3880117
3880701
3881179
3883403
3885673
3886478
3886828
3887982
3888876
3889273
3890565
3892351
3892389
3892737
3894341
3894880
3894967
3896431
3896604
3896740
3898594
3898707
3899289
3899596
3900604
3902797
3902930
3903742
3904493
3904908
3905651
3906055
3907023
3907241
3908046
3908489
3908980
3909096
3909617
3909635
3909956
3910868
3910910
3911423
3912954
3913548
3916359
3917350
3918390
3920290
3920955
3921243
3921642
3922738
3923200
3924539
3925667
3926399
3930935
3930949
3933858
3933953
3934626
3935414
3935642
3936435
3937785
3938373
3938591
3938896
3940445
3943711
3943930
3944119
3945150
3945665
3946301
3946738
3947905
3948290
3948785
3949856
3950800
3953321
3954363
3954758
3955978
3958498
3958765
3960836
3960990
3962238
3962630
3962967
3963209
3963216
3963844
3964434
3967354
3967801
3968307
3969493
3971928
3975232
3975806
3976156
3976602
3977058
3978507
3978671
3979626
3979830
3980053
3980361
3981167
3981841
3982968
3983200
3983397
3984406
3986428
3987109
3987284
3988198
3991504
3993196
3993953
3993966
3994503
3994575
3995029
3995454
3995833
3996305
3996594
3996891
4000637
4001957
4002157
4002923
4003525
4003949
4004369
4006110
4006376
4006744
4007829
4007952
4008195
4008398
4008649
4011575
4012683
4013643
4014780
4014944
4015556
4016530
4016867
4016920
4021303
4022597
4022694
4024143
4026990
4028636
4029708
4030935
4031706
4033717
4034345
4036800
4037483
4039348
4040619
4043307
4043853
4044216
4044409
4044421
4046498
4051663
4052237
4052553
4054168
4054912
4055404
4057306
4057884
4058908
4060268
4060450
4060934
4062184
4063236
4064554
4064659
4065091
4065305
4066506
4067593
4067851
4069276
4069767
4069957
4072141
4073567
4077753
4078152
4078750
4079328
4080702
4083701
4085178
4086000
4089002
4091053
4091157
4092694
4093539
4093590
4095179
4096064
4097947
4098022
4099807
4100226
4101617
4102497
4105911
4106480
4107754
4108368
4108687
4110101
4110683
4111304
4111929
4112884
4114345
4114698
4114747
4115679
4116470
4118460
4119195
4119343
4119369
4119820
4119892
4120524
4120720
4121403
4121924
4122132
4122472
4123094
4124373
4124740
4126752
4128072
4130982
4132928
4134210
4134850
4135677
4135948
4136449
4137660
4140724
4140785
4141616
4142633
4143567
4146023
4146282
4148257
4148881
4149821
4150476
4151506
4152877
4153274
4153578
4154543
4157285
4159331
4161087
4162587
4162883
4163172
4163826
4166161
4167104
4167622
4168486
4169317
4169472
4170407
4172500
4173220
4175408
4176643
4176946
4177960
4178429
4178557
4178662
4180285
4180426
4180510
4181627
4182578
4184239
4184632
4185231
4186052
4186745
4187131
4187483
4189681
4190125
4190735
4193045
4193477
4193545
4193991
4195284
4196665
4196785
4198015
4198120
4198763
4200112
4200821
4201315
4201580
4201782
4201845
4201990
4202756
4203466
4204121
4204369
4206186
4208602
4209383
4212195
4212960
4213036
4214277
4214402
4214516
4218056
4218723
4220151
4223854
4224050
4224451
4225050
4225330
4227383
4227472
4227531
4228540
4228620
4229057
4229722
4231410
4232136
4233500
4234537
4236056
4236118
4239262
4240361
4240615
4240920
4241562
4241689
4241908
4243288
4243729
4243940
4244166
4245398
4248306
4250498
4251098
4251463
4252120
4252398
4253329
4253437
4253809
4255304
4256840
4256946
4257133
4257390
4258837
4258872
4259906
4260338
4263229
4264704
4266438
4269608
4271160
4271657
4272165
4276232
4277610
4278077
4278597
4279987
4280538
4280819
4281406
4281715
4283006
4284925
4284969
4285470
4285592
4286679
4290922
4292425
4293692
4294272
4294320
4295019
4295788
4297962
4298352
4298362
4299046
4300583
4301889
4302093
4302397
4302526
4303379
4305241
4307136
4308868
4310514
4312360
4312630
4315136
4315672
4316497
4316539
4318771
4319249
4319510
4321837
4322385
4323328
4327689
4332920
4333016
4334062
4335170
4336716
4337740
4339109
4340357
4340718
4341798
4343503
4344772
4344959
4346640
4348111
4349369
4349947
4350704
4351862
4351970
4352206
4352335
4354679
4354795
4356757
4356977
4357540
4363348
4364036
4365464
4365642
4366551
4367420
4367508
4370001
4372148
4372213
4373112
4374946
4377260
4378978
4379068
4379089
4379330
4379451
4382699
4384399
4385639
4387578
4389098
4389351
4390132
4393100
4393495
4393746
4394157
4394468
4395239
4395902
4396049
4396608
4397634
4397772
4397956
4400248
4401665
4402338
4405168
4405924
4406325
4406528
4406588
4406799
4407913
4408204
4408534
4409716
4410566
4410775
4410948
4411552
4411686
4411711
4412174
4412791
4412898
4413179
4414067
4416275
4416927
4417129
4418354
4420062
4420670
4421406
4423762
4423948
4424156
4426242
4427500
4429247
4431288
4431854
4434321
4434818
4435217
4435461
4436692
4437170
4437391
4437477
4437693
4437721
4438683
4439013
4440664
4444996
4445317
4448667
4448773
4450321
4450776
4453747
4454843
4455619
4458484
4459965
4460214
4462818
4463711
4466274
4469532
4471065
4471662
4472470
4473124
4473591
4474095
4474497
4475621
4475792
4476658
4477417
4479110
4479648
4479805
4481106
4481311
4481912
4483632
4483666
4483688
4484337
4485428
4486674
4487819
4488291
4488735
4488899
4489718
4490737
4491231
4493152
4493303
4494016
4494196
4494585
4495006
4499098
4499773
4502426
4504806
4506388
4506725
4506771
4508034
4509666
4510282
4515872
4516470
4516505
4517099
4521040
4522550
4523993
4524072
4524240
4525378
4525450
4526259
4526410
4527851
4527905
4528214
4529722
4529881
4531485
4531911
4533194
4533350
4533747
4534085
4534110
4535257
4535320
4535323
4536277
4538875
4539200
4539310
4540310
4540870
4542120
4542302
4542403
4542515
4545725
4546768
4547169
4547228
4547771
4548223
4549052
4550022
4550409
4551164
4551262
4552199
4553395
4553529
4553587
4554804
4558370
4558662
4558993
4559897
4560243
4561391
4562369
4563715
4565587
4566328
4567677
4568302
4569279
4569567
4569632
4569697
4570478
4573090
4574822
4578786
4579780
4581882
4587699
4588587
4589288
4589374
4590003
4590550
4590816
4593271
4597520
4597963
4598862
4599210
4599755
4602210
4603342
4603350
4604682
4606325
4607357
4610235
4612903
4613718
4614130
4614989
4615292
4617222
4619761
4620605
4621814
4622537
4625307
4626545
4629135
4630135
4630192
4630328
4634140
4635394
4635710
4636589
4637682
4641246
4642224
4642601
4643301
4649672
4649960
4653064
4653196
4653722
4653845
4653882
4654023
4654227
4655865
4656929
4658254
4658553
4658619
4659121
4660102
4660589
4660625
4664650
4664829
4665808
4667006
4667032
4667073
4667223
4667331
4668243
4668622
4671329
4672226
4672860
4672889
4672951
4674360
4674513
4676647
4678034
4678525
4679477
4680494
4682686
4684382
4685516
4685531
4685828
4686345
4686620
4686783
4687566
4687746
4689336
4691958
4693100
4695989
4697189
4698694
4699210
4699418
4700271
4700708
4701568
4702938
4703351
4703613
4704303
4704375
4704433
4706462
4709609
4711071
4711653
4712343
4713316
4713647
4715319
4717828
4718424
4719206
4719367
4719443
4720150
4720574
4722387
4722560
4722750
4723376
4723451
4725057
4726748
4726984
4727603
4729224
4730207
4730316
4732868
4734270
4734603
4734736
4734943
4735033
4735981
4736164
4736391
4737469
4737674
4738026
4738523
4738533
4738831
4740286
4741520
4741731
4742067
4744854
4745442
4745509
4745793
4746174
4746501
4746504
4747021
4747644
4748709
4752013
4753954
4754422
4755189
4757307
4757478
4758271
4758352
4758618
4760892
4762012
4762491
4763198
4763415
4763551
4764412
4764495
4764496
4765254
4766548
4768071
4770729
4772072
4773032
4773476
4774046
4774569
4774809
4775424
4776298
4777011
4777919
4780737
4783156
4783490
4784191
4784489
4784855
4785895
4786301
4787043
4788461
4789717
4790088
4790214
4790477
4791361
4792353
4793040
4794898
4795852
4797399
4798477
4802267
4803225
4803664
4804204
4804503
4804795
4806067
4807524
4808699
4808994
4809955
4812252
4812584
4812960
4813161
4813471
4813871
4814139
4818272
4823331
4823569
4823667
4824128
4824196
4824407
4824539
4826311
4826449
4826742
4826812
4827013
4828828
4829065
4830017
4832189
4832728
4833234
4833730
4834363
4834404
4837327
4837483
4838388
4840978
4842810
4843310
4845482
4848626
4848720
4848808
4849910
4850132
4850501
4850611
4850649
4851616
4852798
4853859
4853996
4855129
4855599
4855685
4856102
4856429
4858435
4860670
4862151
4862649
4863160
4863262
4863512
4863591
4864143
4864614
4865098
4865753
4865817
4866376
4866689
4866825
4867971
4868448
4869572
4870820
4872612
4874687
4875277
4875608
4875617
4876406
4876632
4878333
4879250
4880289
4881209
4881440
4881948
4882353
4883201
4883406
4884297
4884772
4886259
4887349
4888456
4889131
4891965
4892893
4894430
4894821
4896396
4897249
4898593
4900401
4900419
4903187
4904757
4905865
4906138
4908574
4909461
4909463
4909742
4910741
4911209
4913448
4913518
4914524
4914612
4915664
4916154
4916206
4918711
4919495
4919604
4920413
4921400
4925838
4926329
4927228
4927392
4927699
4928785
4933133
4934826
4934921
4935879
4936149
4937089
4937594
4937733
4938373
4940395
4942655
4943289
4944452
4947544
4949724
4949735
4950088
4951658
4952206
4952291
4952932
4953330
4955313
4955352
4955490
4957157
4962212
4963448
4964575
4965858
4967411
4968368
4968974
4970306
4970447
4970565
4971488
4972079
4972435
4972698
4972726
4974280
4975644
4976715
4977068
4978383
4979067
4980034
4982276
4983059
4984268
4986336
4988686
4990335
4993494
4993536
4993677
4996920
4997625
4998826
4999284
4999732
4999823
5000494
5002546
5002846
5003275
5006426
5007321
5007909
5007957
5009008
5009370
5009957
5010686
5010809
5011496
5012303
5013797
5014087
5014779
5015631
5016175
5016295
5016574
5017331
5017570
5018432
5018598
5019289
5020216
5021870
5022726
5023153
5023447
5023825
5026743
5027219
5027797
5027830
5029444
5030295
5030334
5030696
5031555
5031591
5031823
5032847
5033365
5033369
5033976
5035212
5036231
5037680
5037918
5038539
5039023
5039402
5043474
5044018
5045647
5046241
5046907
5046961
5047313
5047540
5048040
5048177
5048555
5049577
5051113
5051693
5053039
5053928
5054685
5056432
5056693
5058062
5058164
5059293
5059897
5062277
5062308
5063279
5064020
5065750
5065966
5067759
5068155
5069827
5071559
5072603
5072788
5075131
5075941
5076945
5077662
5077675
5077945
5078004
5079180
5079349
5080289
5080644
5082068
5082310
5083782
5084503
5086382
5086863
5088639
5089354
5089612
5090096
5091019
5091294
5091442
5091540
5094147
5094708
5095030
5095176
5096031
5096617
5097522
5099159
5099395
5100071
5100985
5102504
5103386
5104723
5105258
5105700
5106038
5106358
5109670
5110839
5110995
5111277
5111688
5113585
5114104
5114422
5117211
5117303
5117681
5117969
5118888
5120053
5120685
5122256
5122361
5125153
5126042
5126316
5127127
5128117
5128936
5129986
5130252
5131746
5132651
5134404
5134852
5135518
5137014
5138356
5138438
5139031
5140481
5141493
5143483
5144345
5145093
5146302
5146522
5148624
5149567
5150992
5151218
5151406
5153663
5155324
5156569
5157742
5159289
5159608
5160700
5161517
5162587
5162730
5163891
5164153
5167354
5167546
5170329
5171235
5171858
5173169
5173343
5173879
5174428
5176719
5177493
5178216
5178826
5179365
5179870
5179953
5180509
5180632
5181303
5183683
5186284
5188049
5192279
5192349
5193219
5193320
5194462
5194588
5194640
5194680
5195479
5196211
5196290
5196669
5199699
5200001
5201541
5201870
5205998
5207178
5209839
5210409
5211869
5212042
5212056
5213928
5214225
5215444
5215509
5216208
5216900
5218032
5218202
5219506
5219713
5223114
5224206
5225341
5226045
5227390
5228207
5228380
5229767
5231091
5232992
5234181
5236841
5238108
5239046
5239719
5240801
5244927
5246745
5247185
5247255
5248406
5249061
5249407
5249479
5249641
5253232
5254249
5257612
5258021
5258752
5259137
5259395
5259732
5260200
5260500
5261043
5262298
5262891
5263943
5264986
5267291
5267819
5268492
5268615
5269070
5270124
5271876
5276737
5276787
5276892
5278601
5279078
5279600
5280329
5281369
5282201
5283048
5284320
5284373
5286913
5286956
5288649
5290667
5291791
5294033
5294155
5294641
5297993
5298567
5298946
5301100
5301192
5301736
5302154
5303303
5303888
5305133
5305773
5305902
5306240
5306983
5307045
5308971
5309286
5309838
5312463
5313382
5314638
5315322
5317320
5317732
5318013
5318055
5318396
5320046
5320365
5322082
5322556
5322649
5324148
5324381
5325205
5326123
5326331
5331229
5333047
5337539
5338255
5338634
5339210
5339986
5340576
5341588
5343311
5344357
5345162
5350286
5350491
5350766
5351710
5352209
5354245
5355280
5355289
5355325
5355807
5357894
5358168
5358798
5359415
5359418
5360643
5362666
5362964
5363740
5363949
5368625
5369677
5371314
5372305
5372433
5372810
5373838
5376689
5379735
5382035
5382279
5382864
5385015
5385191
5386560
5386659
5387048
5387559
5387862
5388162
5388734
5390940
5390979
5394534
5396964
5397158
5397634
5398193
5399052
5400079
5401801
5402830
5404840
5404988
5405038
5407245
5408907
5409946
5413896
5414189
5414239
5416044
5416712
5416845
5419350
5419793
5420263
5421179
5422289
5424220
5424653
5426977
5427242
5427423
5427759
5427857
5430811
5430979
5431731
5435194
5435242
5435514
5435688
5435961
5436446
5437196
5437682
5439442
5439568
5441557
5441959
5444117
5444300
5446689
5446810
5447870
5448022
5448028
5450013
5450387
5453941
5456735
5457288
5458229
5458494
5459612
5460271
5461295
5461468
5461605
5461681
5462506
5462789
5463149
5463184
5465035
5465423
5466564
5469331
5471925
5472580
5474521
5474792
5476307
5478575
5480828
5481588
5481687
5481837
5483703
5483749
5484006
5484685
5485195
5485777
5486083
5486676
5486870
5487103
5487908
5488350
5489602
5491714
5493746
5493782
5494779
5495808
5496865
5497295
5497673
5499185
5499957
5500125
5500242
5501576
5504500
5504807
5507001
5510310
5510394
5510694
5510992
5511061
5512757
5513004
5513514
5514333
5516187
5516630
5517807
5521909
5523166
5525058
5525113
5526495
5526985
5528418
5528993
5530484
5531392
5532732
5534537
5534827
5535486
5535859
5537545
5537879
5541428
5542108
5542226
5542576
5543582
5543825
5544111
5546010
5546477
5546904
5546931
5547322
5547766
5549639
5551386
5551621
5552434
5552499
5553124
5553483
5554619
5555290
5555796
5556402
5557759
5557856
5558690
5558723
5558895
5562098
5562752
5563561
5563627
5564043
5564260
5564925
5565210
5565370
5567474
5569714
5570235
5570397
5571726
5571770
5571979
5572071
5573299
5574394
5574876
5575225
5578453
5580082
5580948
5582883
5583949
5584133
5584937
5587962
5589242
5589597
5589925
5591833
5592910
5598015
5598063
5599455
5603424
5605078
5605141
5607825
5608666
5610508
5611135
5611277
5611748
5612506
5614654
5614747
5615022
5615183
5615329
5616817
5617989
5618098
5619119
5621985
5622317
5622948
5623206
5626669
5627169
5629359
5631370
5633226
5633865
5634262
5634536
5635706
5636495
5637107
5638090
5639339
5639459
5640012
5640956
5641313
5642191
5644524
5644665
5644896
5646990
5647575
5648983
5650714
5651783
5652131
5652559
5655257
5658946
5659029
5659305
5659307
5660585
5660882
5661271
5662339
5664646
5666772
5667689
5667797
5669616
5669777
5670070
5670413
5670765
5674009
5674852
5675920
5679855
5680783
5682174
5682304
5682330
5683407
5686226
5687207
5689101
5693160
5693342
5695619
5697487
5700211
5700316
5700486
5700601
5702441
5703371
5704359
5705090
5706223
5706547
5709039
5709979
5710592
5713336
5714337
5716100
5716492
5717158
5717859
5717879
5718380
5719381
5721537
5724940
5725910
5725934
5726388
5727416
5727827
5728640
5728938
5728975
5729052
5729823
5730169
5732390
5733136
5734272
5739615
5740226
5740844
5741196
5742692
5743572
5744120
5744588
5748312
5749643
5750280
5751497
5752201
5752498
5752626
5753462
5754243
5755515
5757063
5757187
5757615
5760327
5760599
5761388
5762116
5763004
5763298
5763394
5763780
5763949
5764100
5764312
5764317
5764907
5765973
5766600
5766813
5769770
5772111
5773885
5774493
5775253
5775558
5776004
5776737
5780997
5782730
5783248
5787291
5787994
5788840
5792090
5792262
5792333
5793510
5794108
5796989
5797461
5801583
5806464
5809226
5809415
5809653
5810641
5812222
5812453
5812813
5813336
5814674
5815102
5816075
5817089
5819490
5820316
5820915
5823773
5825008
5825289
5825602
5825797
5826306
5826675
5827143
5828165
5830206
5830453
5830702
5830800
5830945
5831214
5831894
5833536
5838608
5840778
5841058
5843865
5845240
5846702
5847305
5847594
5847940
5849090
5850847
5853055
5853121
5853935
5856083
5856871
5857572
5860605
5860683
5861874
5862147
5862933
5864645
5865041
5865434
5866486
5868269
5868976
5869190
5869450
5870168
5870822
5871894
5872144
5872392
5873575
5874367
5875167
5875201
5875363
5876022
5877697
5878531
5879443
5879497
5885009
5885767
5887091
5887128
5887581
5889903
5890810
5893010
5893813
5894325
5896814
5899424
5899885
5900385
5900474
5902249
5903374
5905147
5906882
5907740
5908035
5909181
5910755
5912784
5914041
5914057
5919325
5920683
5920889
5921112
5921386
5921804
5923294
5925042
5925407
5927567
5929844
5932500
5934870
5937223
5937259
5939495
5940769
5942155
5942994
5943937
5945637
5945676
5948889
5950930
5952015
5952360
5952991
5955401
5955489
5955722
5956037
5956081
5957531
5957819
5958176
5958836
5958930
5959442
5959904
5960392
5961610
5961978
5962703
5962765
5963082
5964577
5965048
5965231
5965262
5965576
5965869
5966086
5966905
5967287
5969013
5969283
5969422
5969686
5969964
5971488
5972274
5973224
5975326
5977110
5978594
5980132
5980516
5981141
5983443
5984964
5985709
5986449
5986816
5987347
5990567
5990988
5991242
5991821
5992622
5993122
5993838
5993880
5995780
5995988
5996122
5996727
5998020
5998540
5999834
6000165
6000593
6001070
6001785
6002253
6002298
6002662
6002790
6004120
6004735
6005461
6005999
6006135
6006534
6006706
6006863
6007028
6009135
6010300
6010934
6010980
6012661
6013396
6013669
6016487
6017177
6017331
6019561
6020185
6022827
6024304
6024792
6026700
6026730
6028643
6029630
6030109
6030876
6034484
6034560
6035040
6035141
6036644
6040417
6042162
6042261
6044085
6044165
6046474
6047052
6048083
6050231
6050759
6052872
6055615
6055911
6056233
6058611
6062031
6064170
6064562
6065438
6066263
6067043
6067636
6067815
6067903
6069104
6069289
6069392
6069515
6069601
6070001
6070271
6071164
6072158
6073842
6075023
6075754
6076093
6076331
6077397
6078263
6081667
6083052
6083850
6084120
6084405
6085793
6087082
6088017
6089461
6090890
6092101
6092695
6093539
6093985
6096000
6096146
6096735
6097076
6097410
6097624
6098214
6098761
6099699
6100040
6100181
6101514
6103655
6104155
6104452
6104526
6104656
6104847
6105137
6105138
6106164
6106724
6106825
6107927
6108175
6109818
6115337
6115927
6116950
6117278
6118391
6119410
6120072
6120827
6121990
6122787
6123622
6128049
6130973
6132737
6132924
6134421
6135173
6136067
6136241
6136327
6137666
6140866
6141261
6141968
6142612
6142831
6143424
6144835
6146071
6149063
6149195
6149879
6151598
6153028
6153046
6154835
6156112
6157364
6159003
6159927
6160397
6160894
6161595
6162029
6163111
6163545
6163821
6163889
6165515
6167002
6167337
6167953
6169087
6169686
6170600
6170895
6171088
6171108
6173649
6177056
6179049
6181606
6181976
6182881
6183174
6185515
6186034
6186608
6187909
6188486
6188800
6189958
6189982
6190038
6190081
6191244
6191841
6191867
6193788
6194313
6196612
6196646
6198459
6199324
6204379
6204591
6206794
6208811
6209992
6211827
6211876
6211958
6212310
6215377
6216550
6218731
6219746
6220190
6220584
6221015
6222544
6223616
6224128
6224363
6224836
6225915
6227170
6227909
6229540
6230214
6231456
6232792
6233303
6235153
6235285
6235726
6240584
6241166
6242501
6242694
6244874
6245326
6245917
6247689
6248390
6248586
6249923
6250208
6250666
6253030
6253431
6253742
6254244
6254724
6255071
6255246
6257032
6257125
6257544
6258135
6258147
6258310
6259205
6260070
6260158
6261527
6263186
6263572
6263866
6263928
6264264
6265154
6265185
6266918
6266978
6268869
6269537
6269770
6270797
6270851
6271374
6271664
6274257
6275097
6275560
6276540
6276548
6276927
6277007
6277353
6277647
6278094
6278428
6278522
6278787
6279766
6281181
6281820
6283494
6284988
6287191
6287490
6287800
6288453
6288799
6289427
6290383
6291112
6292667
6292933
6292999
6293311
6299192
6302190
6303407
6305012
6305305
6305934
6306048
6306675
6308044
6308549
6309965
6312914
6312952
6312963
6314103
6314758
6315370
6315403
6315674
6316737
6318035
6318420
6318631
6319854
6320509
6321397
6321726
6322377
6324981
6326080
6327669
6328105
6329157
6329368
6329819
6331880
6332372
6334817
6335560
6338008
6338681
6339354
6343643
6345868
6346020
6346075
6346443
6346572
6346724
6350624
6353144
6355087
6355583
6356200
6356658
6357117
6357370
6357657
6358083
6358442
6361010
6361648
6362049
6362088
6362787
6362907
6363664
6365844
6366629
6367129
6369355
6371182
6371396
6372330
6373454
6375655
6376057
6376271
6376523
6376961
6378039
6378306
6378518
6379600
6381369
6384557
6385002
6385180
6387403
6387825
6389235
6392590
6392931
6393176
6393221
6393378
6397491
6398650
6398913
6400134
6400292
6400299
6402041
6402092
6405357
6408691
6410755
6411721
6412721
6413303
6413727
6414801
6414919
6415243
6418651
6418995
6419015
6419261
6420390
6420756
6422328
6423857
6424144
6424783
6425736
6427374
6429183
6429224
6429687
6430865
6432739
6432834
6433099
6434468
6436043
6436318
6437324
6437714
6437716
6438555
6438771
6439956
6441883
6442241
6444267
6445188
6445190
6448795
6448943
6449758
6450098
6450283
6450666
6451084
6456001
6457159
6457180
6458095
6458117
6459192
6461684
6463316
6464057
6464579
6465106
6465958
6466030
6466036
6466644
6469299
6469323
6470786
6471047
6471267
6472117
6472291
6472912
6476244
6476462
6478556
6480024
6483431
6487026
6489170
6492226
6492523
6492961
6493112
6495480
6496678
6497444
6498050
6498142
6500268
6503266
6504363
6505631
6506122
6506768
6507109
6507764
6507978
6509974
6510806
6510849
6511669
6511798
6512312
6513510
6513785
6515243
6515620
6515715
6517583
6518729
6519362
6519471
6519766
6521749
6522232
6522572
6524357
6526656
6526933
6527953
6529230
6530128
6530150
6530584
6530665
6531093
6531158
6531818
6533381
6534754
6536656
6537147
6538698
6538702
6539106
6539321
6539930
6541569
6541997
6542873
6543461
6545204
6546034
6547932
6547941
6548532
6548845
6550372
6550540
6551955
6552299
6553024
6553180
6553853
6554428
6554902
6555041
6557670
6558318
6558753
6559584
6560598
6560817
6561660
6561809
6562488
6562500
6563540
6563968
6566279
6566557
6567711
6568260
6570975
6573067
6573072
6573486
6574936
6575175
6575927
6576184
6576719
6576920
6577591
6578620
6578793
6579067
6579105
6579562
6580435
6582248
6582366
6582538
6584457
6587195
6588349
6589532
6590355
6592930
6593933
6593955
6594396
6596151
6596554
6598506
6598694
6599924
6601830
6603104
6605166
6605753
6605925
6606078
6606227
6607561
6608188
6609810
6610922
6611733
6613282
6614344
6615099
6616247
6617523
6619776
6620575
6620758
6621142
6621949
6623214
6625409
6625498
6626139
6626268
6626306
6626350
6626409
6626905
6626979
6628119
6628422
6628575
6632155
6632691
6633227
6635499
6638314
6639465
6641806
6643194
6644153
6645372
6646719
6649180
6649523
6650064
6650304
6652334
6652579
6652755
6652781
6653963
6654263
6655024
6656634
6656724
6657464
6658490
6658689
6658784
6660170
6661989
6663258
6663841
6664135
6669019
6669272
6669516
6669530
6669637
6673533
6675022
6675805
6677722
6679558
6679602
6680190
6680925
6681936
6682809
6682830
6683756
6686697
6687554
6688498
6688546
6689882
6694021
6696800
6696940
6700043
6700054
6701915
6703235
6704289
6704369
6704522
6705367
6706533
6707511
6709488
6710432
6710999
6711331
6712951
6713300
6714060
6714757
6714766
6715250
6716499
6718130
6720345
6721703
6722111
6722197
6725777
6726875
6726954
6728802
6730039
6730164
6730222
6731344
6732571
6733497
6733998
6734060
6734256
6734866
6736606
6737139
6739732
6739831
6740562
6741726
6743715
6746412
6746976
6748059
6749360
6751226
6754045
6755026
6755134
6755543
6755949
6756620
6758384
6758666
6760867
6760873
6764524
6765786
6768413
6771073
6771340
6771504
6773071
6774570
6774820
6776016
6776509
6776685
6778827
6779558
6780288
6780539
6781071
6781961
6783782
6784291
6784698
6788405
6788673
6788831
6789376
6790316
6790992
6791684
6793964
6793977
6794881
6795626
6797362
6797402
6797530
6798698
6801485
6802331
6803523
6803908
6804817
6805304
6806537
6808032
6808196
6809402
6812203
6812596
6814318
6814880
6816005
6816620
6817245
6817322
6817710
6818765
6819356
6820090
6820593
6821001
6821777
6822848
6823693
6824704
6826029
6826261
6826845
6826898
6827926
6828645
6830777
6831033
6831414
6831939
6832190
6833955
6834997
6835531
6835738
6835846
6844671
6845613
6847275
6847292
6847430
6847539
6847560
6847989
6850137
6850954
6851582
6853749
6854637
6854729
6855597
6856199
6856491
6857390
6859741
6860617
6860729
6860927
6862040
6862292
6863757
6864523
6867992
6869921
6871891
6873128
6873537
6873842
6873853
6875654
6875718
6875823
6877604
6879141
6879339
6880515
6881717
6882080
6882992
6884612
6886490
6886506
6887034
6887717
6891052
6891127
6891367
6892190
6892222
6895019
6896351
6896384
6897623
6902268
6903375
6903484
6904427
6904615
6907074
6908354
6910518
6911402
6912280
6913138
6914671
6916493
6920456
6920515
6920516
6920781
6922510
6922783
6922838
6923583
6924113
6926085
6927841
6929121
6929340
6930445
6930835
6931730
6933949
6935037
6938803
6938875
6941480
6941654
6944280
6945002
6945380
6945441
6946413
6946757
6947428
6948242
6949500
6949533
6951592
6952370
6953025
6953473
6953548
6954148
6954205
6954741
6954882
6955329
6958703
6959345
6962086
6962625
6965146
6967947
6968982
6969011
6970137
6970584
6971049
6971969
6972384
6973622
6975784
6975877
6977833
6977910
6978744
6979602
6981565
6983439
6983770
6985528
6985854
6986237
6987615
6988054
6988877
6989309
6989913
6990669
6990710
6991508
6991687
6992591
6993733
6995157
6995278
6996035
6997022
6997107
6999688
6999962
7000161
7002057
7002480
7005303
7006178
7006257
7006579
7008257
7008904
7010182
7010579
7011075
7011580
7011676
7012057
7012727
7013032
7014773
7015645
7017547
7017894
7019378
7020322
7021155
7023210
7023721
7023722
7024497
7026591
7027518
7028793
7029040
7030034
7030275
7030887
7031140
7034332
7034784
7035443
7036128
7036216
7036467
7036530
7036955
7037001
7037637
7038437
7038960
7039783
7043569
7044433
7046108
7046461
7046514
7047040
7047656
7048812
7050027
7051018
7052980
7054524
7056466
7057261
7059718
7060661
7060796
7061105
7061254
7062878
7062908
7063060
7065277
7066972
7068720
7068775
7069340
7070186
7070358
7070453
7071322
7073595
7073615
7074272
7074399
7075772
7077399
7077562
7077739
7080403
7081286
7081909
7082258
7082900
7085479
7085593
7087411
7089431
7090328
7090382
7090720
7091777
7095508
7096808
7096867
7097295
7097352
7099462
7099552
7099670
7101689
7102946
7104460
7104921
7106612
7107380
7108168
7109296
7109861
7111823
7111918
7112625
7112826
7113820
7113876
7114418
7115150
7115417
7115863
7116006
7117792
7119714
7119769
7122190
7124074
7125247
7125712
7126890
7129764
7130019
7131676
7132260
7134552
7134885
7137815
7139121
7139197
7142017
7142766
7143116
7143723
7145441
7145668
7147682
7148244
7149751
7150009
7153402
7154718
7156540
7158223
7159636
7160309
7160614
7161602
7163375
7164227
7165299
7166403
7167010
7167816
7168212
7169412
7171604
7172056
7172151
7172427
7174303
7176444
7176485
7177367
7177495
7177781
7178213
7179504
7179838
7180615
7180724
7180849
7180993
7182367
7182949
7184460
7185460
7185516
7188304
7188616
7189533
7189620
7189976
7191163
7192745
7193703
7194474
7195216
7195730
7196268
7199915
7200940
7201973
7202495
7203347
7203441
7205489
7205874
7205967
7207112
7208088
7208989
7209153
7213513
7213582
7215972
7216877
7217187
7217262
7218012
7219583
7220689
7221261
7221685
7222617
7223386
7226911
7227719
7227917
7228845
7229107
7230547
7230768
7230777
7231623
7231761
7232309
7233056
7234725
7235945
7236246
7239299
7239326
7239993
7241159
7242405
7242604
7242722
7242729
7242786
7243097
7244907
7246082
7248227
7252726
7253390
7253742
7254784
7255414
7255650
7256105
7257771
7258602
7259626
7259778
7260639
7261141
7262649
7263207
7263538
7266779
7267308
7268232
7269494
7271437
7272623
7272799
7274811
7274976
7275058
7275376
7277893
7279673
7279694
7279931
7281390
7281713
7282929
7283226
7284724
7287612
7288928
7293568
7295026
7295393
7297855
7300212
7300778
7301320
7301834
7301944
7302947
7303422
7303512
7303827
7304017
7304101
7305212
7305227
7307258
7307903
7308558
7308921
7311291
7311972
7314791
7315367
7316979
7317010
7317051
7317968
7318298
7319929
7321768
7322922
7323173
7324255
7324349
7325826
7326906
7327277
7327421
7329164
7329401
7329462
7330771
7331590
7333753
7334662
7336474
7337835
7338793
7340013
7340092
7341027
7341311
7342688
7342913
7343244
7345807
7345883
7346182
7347743
7348445
7351343
7351367
7351440
7352769
7353428
7353674
7355855
7358978
7361413
7363249
7363596
7364537
7365485
7366706
7367095
7367248
7367696
7368054
7368138
7369207
7371214
7371640
7372392
7373786
7373811
7375431
7379219
7379807
7379915
7380618
7380857
7381102
7383224
7383800
7385373
7385637
7387087
7389423
7390550
7391984
7392048
7392604
7392870
7393005
7395092
7397133
7400192
7400320
7400570
7400747
7401852
7402501
7402832
7403595
7404224
7405309
7407546
7407924
7410670
7411191
7412658
7413516
7414001
7414765
7415360
7416126
7416646
7417287
7418126
7418256
7419264
7420103
7421035
7422199
7424677
7424793
7427000
7427130
7427767
7428201
7429732
7430931
7434462
7434534
7437798
7437899
7437970
7438327
7440280
7440617
7441927
7442201
7444012
7444680
7445089
7445369
7445552
7446447
7446562
7446894
7447067
7448904
7451439
7451448
7451784
7451995
7452245
7455358
7455557
7456987
7458501
7461502
7462490
7463353
7463430
7463983
7464507
7465481
7466141
7468898
7469227
7469567
7470401
7471211
7472661
7475295
7476360
7477614
7477983
7482230
7482897
7483929
7486060
7486787
7487517
7487632
7487968
7487978
7491574
7491960
7492935
7493077
7493584
7498302
7498374
7498596
7498858
7501950
7502432
7502589
7507444
7507502
7507840
7509526
7511621
7511833
7512303
7516063
7517611
7517784
7520170
7520526
7521950
7523051
7525020
7525481
7525692
7526436
7526899
7527176
7527930
7534106
7537533
7539020
7539136
7540506
7543168
7543870
7544887
7545435
7546841
7547187
7547534
7548340
7550806
7552613
7552797
7553961
7555958
7556665
7556828
7557992
7559468
7560682
7561866
7561886
7562237
7562402
7562449
7562459
7563221
7564160
7564830
7569563
7569592
7569703
7569873
7570332
7571720
7571948
7571959
7572281
7572685
7575175
7576809
7577523
7579049
7580214
7582833
7582934
7583123
7584741
7585973
7586616
7586778
7587771
7589452
7592241
7593098
7594564
7594835
7599615
7599837
7600738
7602902
7605435
7606778
7607193
7608977
7610324
7612915
7614261
7615187
7615965
7616275
7617618
7617722
7618397
7619046
7619318
7620029
7620691
7621208
7623310
7623806
7624157
7625592
7625637
7626993
7628842
7632457
7632754
7633092
7633861
7636101
7636966
7637116
7638145
7640483
7640492
7640793
7641518
7641622
7643107
7643125
7643465
7644612
7644626
7646892
7647313
7648952
7651437
7654018
7655857
7656058
7656878
7657141
7657569
7657693
7658346
7660295
7660602
7660976
7661514
7662336
7663578
7665120
7667456
7667729
7667751
7668017
7668706
7671447
7672463
7673095
7673289
7673795
7674210
7675851
7676448
7676808
7676824
7677751
7678375
7678392
7685654
7686265
7686470
7686738
7687278
7687891
7687937
7688694
7689666
7691234
7691341
7691601
7692608
7693480
7693691
7694011
7694704
7694776
7696583
7696908
7699327
7699740
7700135
7702194
7702992
7703039
7704265
7705218
7706490
7707471
7707789
7707942
7709038
7710627
7711698
7711737
7713358
7714566
7716387
7716676
7719116
7719442
7719843
7722273
7724832
7726166
7726772
7726996
7728199
7728445
7730003
7730902
7732799
7733794
7734102
7734593
7734865
7735245
7738826
7739930
7740411
7741982
7742116
7742710
7743742
7744586
7745338
7746184
7746485
7747871
7748417
7749172
7749482
7749523
7751588
7753726
7755765
7756357
7757316
7759000
7759714
7760792
7761707
7761856
7763300
7763316
7765778
7766774
7767989
7769311
7770486
7771801
7772469
7772613
7776126
7776224
7776570
7776674
7778340
7778911
7779112
7779681
7780013
7780931
7781909
7782854
7782864
7784313
7784697
7784724
7787201
7788148
7790220
7790357
7791023
7793531
7794080
7795990
7797177
7799069
7799646
7801514
7803255
7808118
7809075
7810989
7812369
7817312
7818119
7818833
7820457
7822820
7823852
7823897
7824107
7824301
7825467
7825502
7826662
7826887
7829560
7832553
7833512
7834970
7835447
7835510
7836621
7836658
7836805
7837072
7837847
7838075
7838282
7841717
7842216
7842566
7842718
7844267
7845750
7846289
7846872
7847419
7847679
7848272
7848291
7849037
7849258
7850190
7850198
7852785
7852842
7853368
7854717
7854774
7855378
7856030
7859397
7860300
7861073
7863443
7864126
7864737
7865369
7865531
7866046
7867920
7868999
7869435
7869535
7869938
7870718
7871527
7872587
7872873
7873599
7875290
7876380
7877612
7879226
7879421
7879705
7880616
7881881
7883225
7886741
7887190
7887439
7887657
7888323
7890447
7896581
7898296
7900279
7900373
7903624
7904777
7905408
7906354
7908541
7908828
7910511
7910971
7911130
7912508
7912691
7915812
7915961
7920933
7921157
7921396
7922508
7922674
7922967
7923499
7925776
7926216
7927856
7928047
7928052
7928554
7931973
7932988
7933321
7934507
7934662
7934755
7934774
7934788
7935710
7935905
7938023
7939105
7939281
7939427
7940050
7941561
7941618
7942944
7944699
7946488
7946758
7947183
7948826
7949237
7949570
7949572
7952059
7952773
7953636
7953645
7954991
7955985
7956197
7956719
7960312
7960564
7961137
7961224
7961456
7961504
7961641
7962190
7963323
7963604
7964105
7964556
7965596
7966129
7967578
7968393
7973817
7974565
7975381
7975571
7976679
7976960
7978328
7978792
7982914
7983287
7983313
7983383
7984343
7986122
7986213
7986743
7987713
7989807
7992202
7992285
7993547
7994773
7996659
7996914
7997116
7997315
7998048
8000518
8000887
8000963
8001063
8001391
8001502
8003752
8004286
8005850
8007462
8008519
8010504
8011656
8012297
8016096
8016925
8017768
8017926
8018406
8018533
8019297
8019461
8019842
8021487
8024814
8024920
8026734
8027115
8027896
8028614
8029506
8031092
8031425
8032072
8032484
8032877
8033067
8034502
8039374
8040473
8040721
8042909
8043045
8043228
8043233
8043325
8044094
8044723
8045689
8046117
8046140
8048021
8049651
8050349
8051077
8053281
8053835
8056485
8057115
8059000
8059163
8059189
8059491
8059502
8060128
8060912
8061081
8061486
8062121
8063332
8063757
8065616
8067926
8068683
8069938
8070916
8071319
8071554
8072252
8073293
8073837
8074172
8075903
8077646
8079044
8079847
8080594
8081387
8081743
8082197
8082629
8084263
8086077
8087030
8087603
8088309
8088921
8089131
8090459
8091044
8091609
8093816
8093885
8095335
8100954
8103116
8103698
8106198
8106647
8108093
8110018
8110796
8110887
8110964
8112028
8113042
8113127
8113397
8113736
8115951
8115960
8116149
8117420
8117447
8118482
8118667
8119218
8124472
8127833
8127997
8128296
8128365
8128530
8129417
8131362
8131721
8132214
8132898
8134713
8136091
8136119
8136618
8137885
8139326
8139540
8139649
8139941
8140066
8141099
8141633
8145538
8146035
8146390
8148617
8148670
8149430
8149711
8150029
8150051
8150782
8151587
8153898
8156306
8156410
8156793
8157365
8158600
8159532
8160858
8161505
8162414
8163678
8164466
8169564
8169944
8170264
8171055
8171358
8171710
8172050
8172095
8172636
8172655
8173158
8174254
8176164
8180174
8181206
8182590
8183460
8183978
8184493
8184914
8185713
8187663
8189858
8190502
8193340
8193503
8193852
8195127
8197996
8201821
8203382
8204751
8206134
8206784
8207177
8207927
8210578
8210795
8211940
8211970
8212421
8214152
8216104
8216335
8216440
8216461
8220823
8220948
8222136
8222190
8223010
8225456
8225940
8228011
8229452
8229498
8230013
8231931
8232373
8232519
8232843
8234262
8236317
8237170
8237949
8238585
8239374
8239403
8239446
8240248
8240280
8241057
8241921
8242668
8243755
8243864
8247437
8247883
8248014
8249312
8249517
8250964
8251898
8252969
8253652
8253725
8254355
8255190
8255565
8255853
8256455
8258354
8259510
8260540
8260808
8260838
8261585
8261695
8261863
8262554
8262844
8263340
8263498
8266044
8268429
8268599
8270656
8270753
8271283
8271390
8276119
8276204
8276218
8276598
8276901
8276985
8278123
8278632
8278800
8279224
8279270
8279726
8279981
8282422
8283228
8283442
8283679
8283685
8285597
8287226
8287493
8288226
8288647
8289493
8290036
8290059
8291503
8292713
8294712
8296085
8296549
8296643
8297174
8298940
8299151
8300268
8300541
8301334
8302409
8304293
8304435
8305080
8305234
8306334
8311212
8311269
8311678
8311930
8313681
8315589
8315656
8317547
8317749
8317992
8319283
8320069
8320585
8320829
8321346
8324285
8325331
8327331
8327685
8327853
8328750
8329135
8329470
8330049
8330261
8331105
8331442
8332100
8333173
8334847
8335818
8336438
8336645
8336728
8339426
8339595
8340650
8341610
8342035
8342137
8343227
8343259
8343357
8346111
8346824
8347478
8348037
8348968
8350927
8352447
8352863
8354631
8355723
8357429
8359669
8360365
8360570
8361872
8363009
8363855
8364563
8364571
8365237
8365551
8366331
8369221
8370111
8373870
8373889
8375713
8376211
8376493
8376910
8378751
8378999
8379425
8379654
8380612
8381624
8383152
8384474
8385314
8385550
8389567
8390048
8391324
8391941
8392068
8392993
8393854
8393968
8394250
8395811
8397201
8398566
8401000
8403292
8405999
8406352
8409679
8410774
8410974
8412426
8412521
8417505
8418139
8421167
8423200
8424669
8425122
8427057
8431188
8431782
8432505
8434222
8434243
8435649
8435917
8436241
8436727
8436911
8437383
8437979
8438383
8438798
8439273
8439514
8440027
8442766
8443507
8443918
8444161
8446593
8446975
8448283
8448971
8449082
8449433
8451330
8451625
8452794
8453072
8454923
8455166
8455524
8455643
8456054
8457672
8459000
8460993
8461501
8461701
8462679
8463061
8464008
8465148
8466330
8466820
8467321
8468239
8468445
8468946
8471493
8471988
8472928
8473363
8475273
8476210
8477106
8477391
8477950
8479101
8479320
8480212
8480608
8481079
8481564
8483508
8483509
8484859
8485049
8487525
8487933
8490056
8490110
8493981
8495644
8496198
8497411
8499185
8499350
8500131
8501291
8501751
8502082
8502995
8504616
8504956
8506238
8506443
8507451
8508395
8510285
8510303
8510946
8512947
8513888
8515335
8516111
8521786
8522068
8522611
8522713
8522750
8525215
8525383
8528236
8529063
8530373
8530733
8531087
8531456
8532120
8532370
8536425
8537578
8539068
8539830
8540937
8541557
8541911
8543334
8545277
8545432
8547454
8548478
8548830
8549792
8551132
8554355
8554982
8556502
8558526
8560884
8561726
8562101
8562775
8563282
8564202
8565370
8566792
8567027
8567660
8567758
8568507
8570796
8572043
8572424
8574188
8574532
8575047
8575527
8575621
8576422
8577118
8578386
8578811
8579517
8580398
8581233
8582165
8583526
8583858
8585578
8589354
8591580
8593573
8594418
8595380
8597831
8598330
8599105
8599284
8599524
8602568
8602802
8603341
8604398
8606557
8609379
8610287
8612966
8613808
8615105
8615202
8615495
8615836
8618667
8618817
8619565
8620923
8623081
8624422
8626088
8626498
8627614
8629127
8629667
8634411
8634755
8637286
8637755
8637899
8637908
8640660
8641491
8641707
8642487
8644203
8645779
8645914
8647086
8647340
8648593
8648614
8649188
8649862
8650450
8651136
8651161
8651839
8652251
8653230
8653703
8653849
8654089
8654485
8654678
8656055
8656499
8656915
8657806
8657964
8659574
8661017
8661735
8662333
8662665
8662783
8663335
8663556
8664162
8664863
8665428
8667259
8668757
8669209
8669499
8670154
8670653
8672438
8673099
8676503
8676513
8676871
8676893
8678175
8678252
8678690
8678810
8678920
8681080
8681265
8684089
8684567
8684639
8685543
8685626
8686436
8688935
8690484
8690664
8690832
8692916
8693208
8693936
8694943
8695206
8697116
8701175
8703112
8704896
8705625
8705666
8707537
8707976
8708000
8709137
8709218
8710302
8711052
8711753
8711857
8712025
8712370
8713986
8714333
8715218
8715623
8716734
8717207
8718025
8718402
8720467
8720737
8724676
8725504
8726591
8727013
8727974
8728582
8728642
8728728
8729842
8730027
8730155
8730189
8730650
8734521
8735699
8736742
8737682
8740444
8741626
8743279
8746145
8749032
8749090
8750305
8751301
8753803
8754422
8755797
8756297
8756383
8756498
8758944
8759782
8760395
8763639
8765638
8766485
8768003
8768992
8770158
8770228
8771236
8772616
8773082
8773477
8773997
8775252
8775380
8778107
8779221
8779355
8781039
8785922
8786235
8786571
8786645
8786649
8786742
8787450
8787610
8789289
8789600
8790957
8793343
8795128
8795311
8795473
8798311
8799700
8799798
8800225
8800817
8804603
8805424
8809251
8812087
8812859
8812971
8813038
8813332
8813424
8814734
8814956
8817888
8818768
8819749
8819926
8820352
8821347
8821665
8823715
8824673
8828134
8828906
8830013
8831729
8834963
8835588
8835741
8837698
8838375
8839485
8840216
8840782
8841002
8841722
8841877
8844729
8845792
8845964
8852616
8853347
8854151
8857606
8857701
8861937
8862142
8862994
8864745
8864756
8866945
8868443
8871611
8872402
8872599
8875439
8876758
8879105
8879746
8880516
8881059
8882110
8883218
8883617
8884981
8885170
8885797
8887857
8888841
8891525
8891586
8892433
8892736
8892871
8893121
8893787
8894165
8895106
8897219
8897355
8897938
8898038
8898171
8898588
8899607
8899793
8904115
8905791
8908313
8908556
8910502
8910704
8910803
8912460
8914039
8914637
8918330
8919363
8922064
8924403
8927905
8929105
8930203
8930276
8930565
8934159
8935174
8935530
8936332
8936778
8939829
8941135
8942785
8943520
8943696
8944157
8944289
8944562
8944937
8946885
8954043
8954219
8955219
8956419
8957176
8958044
8960625
8960747
8962266
8962429
8962995
8963223
8963420
8965776
8966164
8966611
8966885
8967075
8967380
8967423
8967753
8968449
8968988
8972431
8972449
8973850
8974047
8974122
8974559
8975057
8976183
8977723
8978126
8978136
8978272
8980572
8981295
8982182
8982289
8982468
8983048
8983821
8987310
8987770
8988735
8990374
8991241
8992487
8992767
8994093
8995248
8996395
8996708
8997208
8997338
8997766
8997912
8998032
8998266
8999647
9000002
9001701
9002956
9003288
9003350
9005061
9005981
9006504
9007547
9007689
9010627
9012322
9012791
9012909
9014948
9015032
9015183
9017115
9018008
9018025
9018471
9018874
9019023
9021544
9022070
9022631
9022813
9023093
9023291
9023762
9024178
9025117
9025394
9026477
9026528
9027150
9029948
9030015
9030600
9031602
9031922
9032152
9032166
9033350
9034701
9035316
9036143
9036825
9037218
9038997
9039479
9039952
9041177
9041383
9046383
9047347
9048570
9051396
9051512
9052243
9054948
9055209
9056315
9056405
9057567
9059192
9063371
9064433
9066518
9067277
9067885
9067919
9072264
9072978
9073847
9075806
9076779
9077353
9078316
9079041
9079240
9081116
9082890
9083880
9084196
9084713
9084722
9086531
9086873
9086904
9089084
9089358
9091604
9091717
9092567
9093662
9093768
9095514
9097344
9098172
9099910
9101639
9104142
9105020
9105915
9109696
9109913
9111278
9111851
9113247
9114609
9114951
9115422
9115441
9116648
9117176
9118926
9119891
9120237
9121135
9121181
9121845
9122847
9123072
9124090
9124113
9124801
9125549
9126007
9126222
9128322
9129000
9129711
9131421
9132849
9133436
9134105
9134273
9135035
9135627
9139825
9140367
9140731
9143882
9143927
9145046
9146665
9148022
9148299
9148795
9149283
9150289
9150538
9151214
9151379
9151474
9152014
9153606
9154444
9154508
9155454
9156375
9156563
9158086
9160121
9161359
9161442
9163969
9164930
9165476
9165858
9166731
9166980
9167017
9167744
9168996
9170216
9170430
9170738
9170979
9172145
9173628
9174347
9175039
9178475
9179696
9181065
9183199
9185226
9185416
9185424
9186425
9188179
9188480
9189211
9189636
9189675
9191866
9195471
9195638
9196506
9198012
9198806
9199196
9199843
9200134
9200384
9201353
9201355
9203875
9203965
9204237
9204540
9205076
9205321
9206662
9207949
9210005
9210858
9211646
9212099
9213118
9213812
9214019
9216108
9218259
9219653
9219907
9220370
9223158
9224553
9225386
9226130
9226242
9226591
9228224
9228409
9228914
9229286
9229368
9230204
9232692
9233785
9233971
9234779
9235295
9237844
9237917
9238041
9239154
9239210
9243659
9244419
9245254
9246702
9247097
9247126
9247255
9249189
9250025
9250662
9254217
9255978
9256691
9258167
9258383
9260633
9261577
9261647
9261734
9262297
9264233
9267860
9268589
9273312
9273667
9276213
9278745
9280006
9280647
9280864
9281017
9281519
9282208
9284429
9284712
9287863
9288095
9288545
9288958
9289227
9289346
9292108
9292115
9292703
9296399
9297196
9298901
9299690
9299910
9302124
9302724
9303009
9303325
9303801
9303833
9304228
9305601
9310064
9310326
9310683
9311550
9313179
9315018
9315166
9316354
9319420
9320089
9322585
9323988
9326591
9327188
9327697
9328122
9328608
9329559
9330355
9330893
9331077
9332677
9333101
9333406
9333927
9334709
9338882
9339432
9339806
9340271
9340294
9340404
9341471
9342490
9343877
9344710
9346008
9346027
9347056
9347307
9349302
9349483
9350672
9350942
9351819
9352026
9353648
9354491
9355368
9355916
9356109
9356382
9358918
9359255
9359857
9361116
9361287
9361577
9361915
9365612
9366089
9366453
9368267
9368444
9369665
9370129
9370456
9371553
9371648
9372020
9373012
9374605
9374609
9374915
9375683
9376149
9376746
9377982
9378014
9378900
9381574
9384587
9385031
9385347
9385569
9385758
9396896
9397085
9400985
9401291
9401587
9402349
9403169
9404010
9406192
9408502
9409561
9411720
9411723
9412007
9412345
9412397
9412786
9413362
9413644
9415855
9416464
9417039
9417414
9418430
9419358
9419559
9421215
9421549
9421634
9421741
9422374
9422915
9423927
9425674
9427357
9428741
9429585
9432309
9433540
9433886
9434177
9434936
9435372
9436528
9437880
9437941
9438135
9439318
9439588
9440239
9442759
9444602
9445233
9445368
9446054
9447978
9448560
9448647
9449651
9450031
9452900
9455131
9455508
9456221
9456320
9458907
9459153
9459244
9459462
9459784
9460123
9462437
9463819
9464036
9464711
9467017
9467349
9469933
9470219
9472588
9473219
9473470
9474226
9474498
9474652
9475479
9476107
9476709
9476919
9479796
9480189
9480219
9480854
9483190
9484616
9484639
9484659
9485132
9486908
9487354
9487616
9487656
9488567
9489403
9489678
9490125
9491145
9494091
9495032
9495982
9496028
9499571
9502387
9503210
9503784
9503880
9506236
9507440
9510424
9510614
9511594
9513133
9514404
9514596
9515750
9516829
9517936
9520668
9520744
9521102
9521574
9523756
9524238
9526472
9526614
9528856
9529627
9530458
9530620
9531125
9531190
9532413
9533679
9533962
9534117
9534283
9534961
9536186
9538671
9539737
9539946
9540069
9540270
9542189
9543881
9545701
9548085
9549463
9549528
9550821
9551862
9551999
9552855
9555494
9556932
9559648
9561305
9561613
9561733
9562768
9564184
9564419
9564438
9565613
9566430
9567323
9569127
9569745
9571345
9571783
9572024
9573178
9576038
9576396
9577143
9578251
9579183
9579602
9582123
9582366
9585296
9585485
9588985
9589834
9590524
9591108
9591121
9592997
9596113
9597981
9598538
9602854
9602951
9602971
9606166
9606279
9606840
9610488
9610767
9610919
9610924
9611252
9611455
9611485
9613030
9614311
9614607
9614608
9614733
9619427
9621910
9622057
9622390
9623486
9623513
9625496
9626039
9627589
9628729
9630712
9630915
9633605
9633620
9636931
9637987
9639063
9640686
9641167
9645271
9645415
9645643
9648292
9648772
9650041
9650944
9651792
9652752
9654598
9655324
9655650
9657898
9658098
9659546
9661118
9662469
9663679
9664119
9664883
9668158
9668531
9671026
9672025
9672577
9672767
9672877
9673285
9674143
9674570
9676686
9676825
9676945
9676966
9677247
9677321
9678687
9679535
9679613
9681525
9681618
9682592
9684794
9685348
9688572
9688759
9688964
9693596
9693750
9694999
9695904
9697894
9698472
9698655
9699055
9699393
9700274
9700713
9701165
9704560
9705313
9707064
9709015
9710715
9711652
9713269
9713671
9714062
9717276
9717287
9717775
9719603
9720523
9721634
9722499
9724118
9725185
9726027
9726091
9726174
9727233
9727283
9728122
9735128
9735974
9735981
9736716
9736719
9737828
9739384
9740293
9741931
9746686
9749813
9751568
9752132
9753530
9753716
9755098
9760348
9760536
9760689
9761041
9762718
9763562
9764088
9764528
9764701
9765488
9765607
9765707
9766471
9766509
9766900
9771772
9772855
9776249
9776446
9776866
9776895
9777450
9777489
9779560
9781441
9781784
9782066
9782450
9783426
9784064
9784515
9786565
9786720
9789409
9790180
9790429
9794387
9794477
9794481
9794490
9796668
9797199
9799723
9799986
9800618
9800822
9801408
9801868
9802039
9803136
9804673
9804970
9805764
9806116
9808575
9809038
9809695
9810523
9811070
9812142
9812900
9813121
9815891
9816669
9817093
9817281
9817984
9821129
9821866
9823949
9832193
9833142
9833571
9834689
9835427
9835981
9836402
9837579
9838339
9838852
9840741
9840750
9841304
9841811
9842695
9844599
9844858
9845759
9846558
9846636
9847894
9848056
9848725
9849028
9849137
9849589
9849941
9851837
9853338
9853860
9854349
9854580
9855944
9857490
9859081
9859971
9860269
9861619
9862073
9862613
9864245
9864454
9865006
9865770
9866323
9870658
9870663
9871425
9871659
9872776
9873828
9874126
9874156
9874907
9875124
9876856
9877224
9878236
9879844
9880029
9880393
9881065
9881498
9881679
9883036
9887428
9888429
9889078
9890649
9891051
9892076
9892118
9893563
9894003
9894448
9895579
9898469
9899169
9900663
9902430
9903200
9903278
9904280
9904856
9907503
9907779
9907949
9910099
9910601
9911483
9913702
9915810
9916817
9917752
9917831
9917960
9919018
9920397
9921887
9922143
9924703
9927175
9929459
9929740
9931039
9931587
9932340
9933455
9933733
9934013
9934160
9934332
9936818
9938512
9938898
9939207
9940016
9942627
9942673
9944084
9944204
9944397
9944514
9944683
9944757
9944784
9945544
9945718
9946483
9947089
9947232
9947912
9948397
9948605
9948869
9950257
9951114
9952202
9953355
9953984
9954075
9955777
9956469
9959300
9959989
9960454
9961497
9962067
9963380
9964360
9964956
9967688
9969411
9971690
9972437
9972863
9973535
9973637
9974667
9975340
9975634
9976116
9978249
9978253
9978287
9978637
9979096
9979215
9979349
9979526
9980100
9982250
9985475
9986268
9986424
9988135
9989800
9990813
9991995
9993193
9996192
9999264
