363
2684
3069
3229
3483
3923
4327
5342
9188
10125
11822
13162
13462
15592
16243
18143
19818
21063
22115
22952
23803
25333
29912
30981
32279
33200
34246
34805
35115
36011
36696
36710
38514
38904
39113
40938
41337
41816
43938
43996
44504
44850
44959
45257
46792
48303
49094
49921
51222
51317
52095
52581
52674
52905
53419
53709
55539
56458
57543
63960
64406
65550
66117
66805
67849
68428
69583
69938
70667
70857
71040
71193
71701
71965
72279
73634
76266
78331
79884
81105
82298
84880
86259
86377
87065
88497
89122
90730
92819
94000
94040
95864
96331
97960
99564
101991
102264
102845
103108
103309
103876
105166
105356
106127
107144
107358
107541
112256
115042
115484
117143
118764
118954
120436
121215
121631
122017
122392
123463
125924
125963
128136
128596
129628
130156
130165
130286
132418
134707
135331
137781
138202
138541
139754
141265
141476
141667
141772
142871
143474
143940
144503
145310
146271
147931
148360
148713
149193
150203
151109
151803
152736
155739
155799
158998
160699
160751
162465
162895
163438
164207
164955
165465
166111
168831
171312
171944
172273
173481
174180
175639
176268
177844
178367
178906
180123
180154
180823
181144
182522
183466
185667
186732
188421
190068
193129
193474
193727
194476
198650
198781
200504
201477
201523
202459
203078
203250
203892
205852
207036
208384
208640
208875
209150
209801
211217
211301
211527
211954
212453
216216
216411
216941
218340
221149
222832
222851
223016
223150
223419
223982
224735
224766
225497
225775
226669
227749
228380
228530
228935
230795
233209
233347
233603
234490
235640
236070
236746
236830
236896
239879
241264
241570
243494
244070
245445
248317
248361
248572
248679
248828
248891
249859
249938
251118
252966
254340
255938
257636
257855
260032
260164
260171
262369
262460
262498
262610
264816
265683
265758
266081
266403
268052
268234
268660
269181
269642
269833
269858
269958
271105
271534
272610
274817
276377
278242
278523
280932
281262
281881
283582
283911
284362
285817
286618
288130
290739
290842
293721
294453
295095
299386
299401
299786
300749
303216
304527
305145
305323
305799
305806
306552
308670
309138
312189
312940
313029
313068
313069
314790
316552
316698
317252
317479
317983
318521
318951
320134
320701
321465
323444
324092
324197
326737
327294
327762
327905
328778
330089
335226
335692
337979
339001
339587
341012
341759
342054
342723
343005
343564
343849
344567
347442
348136
349443
349490
349596
351656
352141
352469
352948
354689
355091
355098
355390
355728
355765
356128
356436
357072
358663
358990
359019
359920
360154
360612
360936
360951
361411
362548
362847
365766
366870
367560
367773
368843
369058
369566
370005
370006
370651
376333
376694
376820
377150
379345
380993
381413
381551
381750
381830
383072
384411
384639
384691
385298
386428
386741
387337
388385
388607
389063
389251
391182
391682
393684
393728
395778
396744
398025
398032
398163
398179
399810
400121
402085
402607
403424
404312
404466
406659
407516
407722
407906
409556
410667
414201
414264
415377
416092
418652
418801
419379
419461
419775
419977
420063
420187
422491
422541
423243
424460
425529
425653
427239
427427
429779
429826
430131
430832
431585
432681
432841
433026
433161
434084
434328
439997
440239
440937
442491
443436
445541
445845
446582
447514
448686
450855
451758
453674
454638
455473
455998
456241
460192
460292
460473
461464
461992
462161
463109
465315
465437
465583
466067
468970
469007
469243
469750
470493
470499
470710
472138
472345
473686
474137
474151
476328
477627
477767
477889
477916
479219
479625
482819
482853
483168
487421
488300
488488
488614
489770
490218
490416
491847
492789
493837
497244
497444
497911
497938
499400
499405
499638
503197
504279
504445
506096
508033
510451
514218
514774
515307
517180
518356
518576
519916
520986
521368
523758
525036
527083
527129
529003
529825
530515
533365
536682
539400
540384
540928
542393
542576
542831
543367
545813
547285
547334
547345
547418
548024
548246
551414
552199
553448
553692
554448
557216
558055
558553
560944
562523
563046
564084
566890
566911
567551
568052
568282
569541
569649
570707
570772
570826
571452
572372
576441
576773
577209
577449
577618
577640
578781
582446
582985
582998
583581
584572
584678
584952
585419
586479
587110
590073
591483
592488
594558
595347
595371
596708
596758
599627
600127
600960
601898
602140
603781
604956
609325
609791
610218
610789
611613
611847
612165
612460
612489
612948
614071
614684
614712
619848
620109
621070
625405
625561
625891
629059
630115
632922
633053
634067
635108
638489
639049
642039
643533
643669
645675
645870
646428
647584
647820
649565
650086
652125
653080
654640
657408
657411
657909
658276
658751
658782
660455
661208
663136
663558
664205
666158
667471
669706
669825
670117
670281
672246
672268
673677
673911
674748
676478
678451
679779
684425
686135
686714
687225
688187
688699
690358
690390
690446
690462
691957
693373
694296
694561
694616
694710
695163
696001
697534
698253
698351
698486
699340
700930
701021
701191
701663
702374
702649
702910
703932
706527
707382
709314
716886
717189
717343
717353
720740
720866
721297
721573
723097
723566
725715
726288
726563
727025
728314
728349
728886
729884
730332
731385
732072
734690
735597
735934
736419
738785
740580
740581
744710
745876
747909
748018
748342
749338
750371
750478
750804
751357
751414
754166
754746
754913
755820
760044
760429
760749
762798
763527
764663
764793
765616
765729
767288
768262
769774
769809
770106
770617
770759
772573
773345
778905
779574
780773
783565
785216
785700
785921
786628
787067
788252
788894
789418
789991
793864
795178
799335
801053
801633
802304
802559
802908
803149
806441
806833
809334
809980
810375
811515
812542
812723
814807
814828
816541
819289
819448
819586
820206
820442
821353
821956
823548
825267
829042
829307
829599
830274
830431
831734
833272
833334
835487
837440
837917
838012
839610
840694
842217
843853
844778
845101
846735
847177
847908
848025
848403
851041
853012
853136
853272
853317
853429
855039
856038
856106
856424
856776
859069
862518
863287
863658
863985
864058
864505
865039
865148
868012
868762
869847
870887
871702
871935
872926
873040
877617
880459
880821
880916
884414
884563
887947
888233
888686
891506
894078
894334
895499
897841
898331
898869
899505
901364
902020
905357
905991
908624
909019
909409
909640
912686
912953
913718
914018
915726
916217
917148
919436
919669
921222
923650
925725
928245
928272
928924
930602
932810
933524
933739
934536
934743
934859
936857
940309
940697
942637
944726
945776
946062
946145
947149
947379
948305
948449
948761
949289
949370
950975
953901
954385
956116
957473
957592
958762
959436
961720
963289
963847
964651
964747
964788
965655
966004
966461
966712
968100
974807
974893
975389
975543
976559
977054
977097
978371
979501
981916
984481
985175
985335
985840
985931
986455
986678
987715
988068
988624
995153
998352
999978
1000321
1000606
1002285
1002671
1003490
1004237
1006896
1009102
1011069
1011684
1011910
1012082
1012127
1016350
1016495
1016662
1018782
1020750
1021293
1023989
1025357
1025852
1027494
1028281
1029291
1033687
1033729
1036364
1037228
1039914
1040088
1040957
1041257
1041417
1041848
1043010
1044343
1044453
1045397
1046957
1047157
1047485
1048437
1049226
1051396
1051854
1053773
1053999
1054472
1055377
1056437
1056480
1056791
1057994
1060414
1063701
1063817
1064622
1065740
1065921
1066160
1066420
1066537
1068323
1068570
1070065
1070685
1072447
1073482
1073516
1074090
1074357
1076679
1079333
1081521
1081566
1082230
1082554
1084072
1084598
1085485
1086025
1088645
1089880
1090227
1090602
1091472
1092146
1092482
1092513
1092529
1092890
1093300
1093995
1094530
1096679
1096884
1101609
1102219
1103305
1104289
1106133
1106836
1107337
1111156
1111233
1112355
1113749
1113924
1115148
1116052
1117583
1119783
1123527
1124310
1125141
1125433
1126459
1127668
1130048
1132150
1133363
1133935
1135620
1137109
1137661
1138731
1140098
1141695
1142442
1142676
1142885
1143905
1144685
1146330
1147683
1147700
1149675
1151895
1153324
1154386
1154596
1154710
1155355
1155676
1156380
1156775
1158638
1159264
1159295
1159485
1159711
1160686
1161237
1163056
1164489
1165213
1166089
1167997
1168994
1169377
1170116
1172616
1173026
1173128
1173591
1178866
1179933
1183072
1187960
1189134
1189229
1189974
1190733
1191619
1191785
1192131
1193035
1194204
1196407
1197612
1198569
1199392
1199510
1199985
1200385
1200721
1201442
1202834
1204767
1206775
1207399
1207996
1209739
1210015
1210746
1210908
1210977
1211059
1211480
1212509
1213050
1215463
1216077
1216133
1216593
1217196
1217893
1218408
1219416
1220568
1221571
1222290
1224406
1226657
1226772
1231374
1235082
1236471
1236971
1237392
1237556
1239739
1241086
1241292
1244454
1245451
1246397
1246530
1247505
1247512
1247534
1247787
1247996
1248634
1248898
1249388
1249967
1251985
1252687
1255066
1255494
1257650
1258954
1259230
1259462
1261286
1262598
1265851
1266140
1266596
1269242
1270098
1270478
1272184
1273224
1276476
1276931
1277523
1277552
1278109
1280349
1281929
1283199
1284649
1284902
1285553
1286112
1286254
1288278
1288327
1288992
1289682
1289837
1290984
1291742
1292573
1294139
1295258
1295642
1296426
1296829
1297663
1298469
1301278
1302490
1302503
1302697
1303623
1303802
1304156
1305040
1305892
1309025
1312469
1312952
1313905
1314217
1314330
1314654
1315091
1316858
1317004
1317312
1318441
1318726
1320258
1320410
1321196
1321735
1324908
1325147
1325710
1330234
1330518
1331422
1331852
1332622
1335649
1335734
1337346
1337934
1338417
1339673
1343304
1343895
1344488
1344728
1344894
1348421
1349710
1352311
1354356
1355926
1356600
1358220
1358375
1358998
1359453
1359532
1359956
1361053
1361348
1361674
1362590
1364127
1365905
1367229
1368122
1370479
1370835
1371345
1371824
1372098
1374164
1374911
1376272
1376688
1378033
1378881
1380364
1381434
1381982
1382280
1383850
1385658
1386458
1386985
1389406
1389412
1389579
1392957
1394863
1394878
1395420
1398101
1399342
1400075
1400227
1402286
1403406
1404135
1404714
1408102
1408657
1409569
1410471
1410803
1412235
1412375
1413289
1414766
1415868
1418505
1422381
1422635
1422799
1423005
1423311
1423598
1425803
1426523
1428455
1429375
1432300
1432432
1432861
1436225
1437454
1438680
1439963
1441717
1442153
1442792
1443123
1443179
1443252
1444528
1445222
1445450
1445966
1449419
1450915
1451106
1451898
1452947
1454232
1454545
1456690
1457419
1457890
1458437
1459510
1460892
1461222
1461283
1462588
1462830
1463466
1463539
1464773
1465866
1466042
1466931
1470102
1471232
1471989
1475966
1476660
1477231
1478569
1478911
1480291
1480414
1480891
1481950
1482601
1483672
1483997
1484242
1484270
1485149
1486399
1486969
1487970
1489312
1490301
1490785
1493568
1493678
1494188
1495574
1496208
1496688
1496700
1497002
1497017
1499120
1500890
1501790
1502368
1502463
1503405
1506011
1506970
1508826
1509045
1509413
1511038
1511187
1511637
1514406
1514621
1515390
1517703
1517923
1519000
1519361
1519724
1522959
1523847
1524055
1524121
1524408
1524423
1524432
1526507
1526828
1527449
1527919
1531098
1531705
1532529
1534158
1534488
1534913
1534974
1535062
1536098
1536290
1538126
1539127
1540048
1542984
1543742
1543843
1544357
1544884
1545707
1546102
1546351
1546949
1548685
1548966
1549136
1550895
1551773
1554128
1555617
1556717
1557261
1557484
1558161
1559040
1559694
1559835
1560318
1560660
1561314
1561672
1562475
1564811
1565206
1566023
1566268
1568274
1570621
1572141
1572716
1574565
1575476
1575630
1576335
1579279
1580215
1580760
1584424
1585409
1586691
1587623
1588376
1588379
1588802
1589590
1590332
1594590
1596233
1598948
1599886
1600070
1603369
1604912
1605588
1606734
1608157
1608303
1608810
1610930
1611574
1613126
1613641
1615351
1615720
1616931
1618726
1618755
1620473
1621419
1621777
1627606
1628363
1628510
1629022
1630217
1631833
1632040
1634264
1635933
1636547
1636647
1637862
1638545
1639278
1639281
1639442
1640870
1641983
1642365
1646823
1646910
1651111
1651488
1651639
1652234
1652553
1655533
1655684
1658232
1659481
1660511
1661506
1662069
1662608
1663036
1663240
1664065
1666926
1668589
1669219
1669993
1671215
1671255
1672101
1672435
1673796
1674535
1674558
1675718
1676112
1678480
1678601
1680146
1680289
1682060
1684954
1686909
1687047
1688386
1693534
1694786
1695434
1695678
1696473
1697119
1698343
1701156
1701370
1702127
1703136
1703857
1704144
1704187
1706768
1706937
1706968
1708594
1709254
1709370
1709508
1710681
1711238
1711603
1713677
1714397
1714987
1715592
1716628
1717329
1717857
1718697
1718831
1721228
1724107
1725136
1727190
1731343
1731358
1732674
1733082
1733086
1733759
1733881
1734346
1734509
1735319
1736708
1737265
1737409
1737638
1737854
1738162
1738182
1739145
1739472
1741143
1742075
1742278
1742684
1747105
1748185
1749286
1755051
1755229
1756337
1758174
1759727
1759845
1760554
1760705
1764617
1765188
1765863
1766306
1767335
1768834
1769389
1771568
1772790
1773673
1774141
1777147
1778002
1779088
1780014
1780918
1782476
1783222
1784391
1784776
1789611
1790725
1791221
1791590
1792900
1792923
1793679
1793851
1794229
1795205
1797994
1799096
1799137
1799905
1803237
1803771
1804064
1805292
1807551
1807706
1808035
1808519
1813359
1813419
1813649
1815430
1816392
1821070
1821982
1822186
1822187
1823231
1823430
1826648
1826739
1829351
1829692
1830652
1830831
1831394
1832080
1832739
1833812
1834925
1836057
1837541
1838880
1840078
1840139
1844740
1847385
1847655
1848709
1848856
1849020
1849569
1850036
1850565
1851266
1851944
1852527
1853035
1853947
1854043
1854392
1855702
1856122
1856377
1857915
1858699
1858795
1859254
1859270
1861122
1862893
1863579
1864330
1866012
1866604
1867114
1867397
1868752
1868907
1869045
1870217
1870733
1874942
1874986
1875311
1876273
1876305
1877031
1877406
1877745
1880007
1880861
1882059
1883146
1883188
1883533
1883785
1884498
1885213
1886111
1887844
1891181
1891998
1892814
1892897
1893239
1894188
1894477
1895660
1896296
1896923
1898511
1899594
1899610
1900348
1900730
1901043
1902493
1904784
1904923
1908322
1909723
1910564
1910918
1911186
1912245
1914555
1917072
1918226
1920485
1922905
1925051
1926689
1927669
1927687
1927819
1927906
1929667
1929862
1930090
1930096
1930312
1930493
1930670
1930973
1931570
1932430
1933420
1934878
1935979
1938066
1938699
1940194
1940739
1941150
1941306
1941401
1941887
1944389
1944416
1945635
1946681
1948091
1952049
1955123
1957085
1959367
1960309
1961350
1961410
1961628
1962040
1963454
1965133
1965604
1967994
1968936
1969004
1970594
1971361
1972338
1973582
1974460
1976228
1976581
1977412
1979790
1980611
1981436
1983649
1983919
1985503
1986545
1986777
1988505
1989360
1989899
1990949
1991403
1991869
1991989
1992711
1993507
1994114
1994178
1994756
1995286
1995518
1995844
1998282
1999272
1999419
2000300
2000457
2000635
2002079
2003491
2004554
2007635
2008675
2009095
2009793
2013126
2013480
2015198
2015525
2016581
2016614
2017882
2018531
2018826
2019482
2021734
2023095
2023563
2025762
2026352
2029289
2032611
2038134
2039534
2039845
2040027
2041351
2042843
2046974
2049321
2049883
2053863
2054813
2055435
2055687
2059258
2062270
2064630
2064807
2068836
2069344
2069848
2070227
2071900
2073617
2073809
2074612
2083031
2084054
2084217
2084486
2084910
2085768
2086077
2089398
2090611
2090763
2093478
2093789
2094465
2095541
2096034
2097534
2097586
2098148
2098858
2100717
2101120
2102357
2103163
2104258
2104445
2106595
2107358
2111796
2114012
2114951
2116244
2118712
2119024
2121004
2121660
2122821
2124951
2125396
2125780
2127109
2127902
2128313
2129276
2131387
2132002
2134059
2136487
2139400
2139455
2139816
2145749
2149227
2150729
2152662
2152770
2155020
2156427
2156687
2156689
2158397
2158570
2160988
2162331
2163102
2164846
2164892
2165363
2166120
2167328
2168549
2170774
2173762
2174607
2175094
2176668
2179977
2180544
2180668
2183591
2185121
2186524
2187081
2187207
2187770
2187801
2187979
2188545
2189427
2189794
2191226
2193453
2193803
2194772
2198803
2199771
2200426
2200961
2200991
2201675
2203005
2203115
2204089
2205994
2206546
2207276
2208087
2210898
2211442
2212051
2212225
2213019
2213095
2214478
2215907
2216097
2216155
2216550
2217314
2219478
2219685
2220645
2221079
2221396
2221993
2224698
2225404
2225460
2225628
2225736
2227395
2227629
2228697
2229322
2230593
2231759
2232359
2232958
2233001
2235744
2237526
2237789
2239783
2239802
2239893
2240859
2241266
2242309
2244971
2245442
2248848
2249608
2249978
2250802
2250880
2251397
2251499
2253051
2253585
2255561
2255579
2256185
2256372
2256402
2258065
2259149
2259326
2259731
2260000
2260312
2263281
2263332
2264228
2264543
2264588
2267030
2267588
2268132
2268153
2268602
2269039
2271425
2272291
2272353
2272670
2272999
2275510
2276195
2277407
2277668
2279772
2279903
2280022
2280359
2281125
2282008
2282484
2282861
2283852
2284405
2285011
2286013
2286208
2290345
2290746
2291413
2292525
2294486
2294522
2295214
2295490
2295814
2297382
2297705
2298831
2299488
2299510
2299749
2300422
2301098
2302075
2303296
2304284
2304546
2304936
2305597
2305695
2305730
2305823
2306846
2308311
2309232
2310840
2311131
2311206
2313542
2313840
2313854
2314873
2316486
2316682
2319067
2323388
2325537
2325550
2325756
2326736
2326751
2328069
2328529
2329210
2332099
2332504
2334180
2334895
2335424
2336146
2336307
2336447
2336947
2337133
2337727
2338272
2339640
2340079
2340770
2341265
2341384
2341390
2341626
2342052
2343156
2343284
2344376
2344997
2346449
2348147
2348435
2349894
2350012
2352876
2353737
2355027
2355203
2355370
2355413
2356220
2356773
2357059
2357101
2357883
2358262
2359493
2360258
2361421
2366178
2367204
2367791
2368367
2369206
2369248
2369327
2370292
2371974
2372293
2372624
2372672
2372833
2374164
2374291
2374735
2375775
2376227
2377188
2377635
2379067
2380806
2382361
2383097
2383664
2383810
2386852
2386948
2387071
2387435
2387601
2387621
2388725
2388878
2391399
2393039
2394594
2395344
2396787
2397047
2398210
2398229
2400211
2400591
2400969
2401282
2403562
2403565
2405623
2408369
2409885
2411151
2411627
2414407
2416298
2416902
2418392
2418525
2419169
2419765
2421168
2421897
2422949
2423784
2425612
2427344
2427537
2429065
2430376
2432668
2433399
2433840
2434568
2435649
2437787
2438524
2438673
2439733
2442962
2443380
2444254
2444337
2444584
2447709
2448758
2449809
2450116
2450166
2452899
2454567
2455429
2456114
2456801
2457367
2458449
2459181
2459285
2461914
2463336
2463390
2464115
2464301
2466482
2467018
2467461
2468078
2469235
2470374
2471646
2473297
2473562
2476074
2477201
2480259
2480309
2480376
2482722
2483037
2484311
2484679
2485859
2487400
2488286
2488430
2488486
2488673
2488823
2489814
2496977
2499426
2501824
2502302
2503682
2504238
2504470
2505004
2505140
2505703
2506850
2507464
2509510
2510470
2513479
2513535
2515347
2516710
2517812
2518795
2522639
2523231
2523602
2526215
2527452
2528075
2528828
2530091
2531321
2531394
2531635
2532974
2534193
2534687
2535437
2538563
2538802
2539122
2539588
2540478
2541423
2543037
2547244
2548498
2548531
2551753
2552241
2553915
2554873
2554987
2555152
2556545
2556657
2556994
2557509
2558838
2558851
2559087
2559241
2561553
2564131
2565005
2565186
2567798
2570684
2571323
2572180
2572787
2572982
2574890
2575125
2575483
2575897
2581293
2584083
2584112
2584481
2584741
2585319
2587233
2587920
2589691
2590181
2590990
2592049
2592716
2593883
2594047
2594743
2594952
2596055
2597410
2598242
2599146
2599541
2599632
2600886
2601053
2601253
2602086
2603948
2606455
2608854
2609525
2611045
2611622
2613482
2614194
2614455
2614851
2615514
2615871
2617121
2617278
2619070
2619272
2619696
2620708
2620811
2621481
2623460
2624053
2625453
2625626
2625767
2625772
2628239
2629170
2629683
2629897
2631146
2631344
2631527
2631934
2632634
2633135
2633273
2634393
2634403
2634760
2636217
2636722
2637083
2637589
2637707
2638660
2639592
2639833
2639979
2642243
2642305
2642745
2642798
2644814
2645220
2646253
2646448
2647751
2647943
2648175
2650557
2651329
2652087
2652806
2652971
2652983
2653754
2653826
2654335
2654573
2655766
2655986
2656303
2657058
2657778
2657958
2658742
2659575
2659733
2660234
2660796
2661665
2661701
2661766
2662904
2663085
2666247
2666704
2667620
2669760
2670098
2670796
2670983
2671662
2672910
2673433
2675837
2676191
2677278
2677410
2677601
2680163
2680777
2682041
2682146
2682402
2684634
2685655
2686331
2687461
2687773
2687829
2690868
2691441
2694441
2695897
2696289
2697321
2697420
2698056
2698113
2699909
2700479
2701680
2702460
2703764
2705191
2706268
2706803
2707099
2708115
2708410
2710072
2711754
2712906
2715118
2715164
2715511
2716400
2716830
2717342
2718007
2718495
2719712
2719983
2720803
2720835
2722245
2722290
2723876
2728089
2730306
2732279
2732431
2733757
2735786
2736669
2737127
2738630
2738644
2738955
2739178
2740034
2741022
2742094
2742280
2742360
2743804
2745372
2745807
2746047
2747453
2748538
2748744
2750010
2752042
2754608
2757300
2760248
2760308
2761543
2761846
2762593
2762615
2762699
2763525
2763656
2763815
2765350
2765645
2765752
2766505
2766954
2767160
2769578
2769988
2770030
2770344
2770567
2770917
2774401
2774674
2775688
2776722
2777440
2778772
2780431
2781062
2781087
2782033
2782052
2782346
2782906
2783082
2783354
2785464
2786306
2786410
2787048
2787165
2787875
2789399
2790614
2791095
2791885
2792460
2794483
2794782
2794905
2795041
2796438
2797009
2797664
2797710
2797750
2798551
2798770
2799031
2799294
2800019
2800395
2800595
2801558
2804293
2804961
2806566
2806855
2807452
2807916
2808596
2810929
2811115
2811625
2814541
2814804
2817232
2818819
2818876
2819148
2819190
2820020
2820088
2820243
2822308
2823227
2824211
2825253
2825714
2827813
2828479
2828492
2828946
2829570
2829697
2829889
2830495
2830733
2832548
2832959
2833288
2833353
2833931
2834834
2837483
2838421
2838733
2839130
2839131
2840777
2841641
2843434
2843664
2848924
2849257
2850574
2851758
2852313
2854830
2855227
2857829
2858747
2861010
2861094
2861408
2862277
2863531
2863756
2863797
2864565
2865254
2865817
2866569
2867095
2869466
2872221
2872332
2872507
2873654
2876348
2877567
2878224
2879141
2880071
2881469
2882827
2886384
2889177
2889621
2890754
2891243
2891889
2896304
2896713
2897198
2897717
2898839
2898845
2899061
2900048
2900261
2900903
2904445
2906158
2908563
2910736
2911189
2911239
2911431
2911539
2912405
2912800
2913051
2913790
2914109
2916323
2917042
2918006
2919225
2920741
2923205
2923731
2924557
2924807
2925009
2926047
2926993
2928296
2930076
2930923
2931622
2931738
2932361
2933061
2933213
2936472
2937155
2939975
2940099
2941427
2945105
2945212
2945683
2946610
2947131
2948364
2948806
2950113
2952057
2952766
2953565
2953752
2953757
2953853
2953871
2954038
2954519
2955560
2956203
2957645
2957919
2958374
2959159
2959830
2960527
2960683
2961670
2964762
2970027
2971774
2972052
2972171
2972259
2973211
2976483
2976891
2977117
2977563
2978235
2980116
2980788
2981061
2981957
2982754
2985244
2988940
2989530
2990238
2990487
2990564
2990818
2991250
2992726
2992950
2993854
2996564
2998097
2998973
2999915
3001560
3001624
3001942
3003232
3003241
3003457
3004276
3004939
3005581
3006388
3007934
3008697
3009949
3010776
3014302
3014658
3014894
3015015
3016982
3017019
3020311
3021773
3021787
3022102
3022341
3022821
3024290
3024844
3025481
3026053
3027704
3028737
3028839
3030004
3030061
3030810
3033696
3034007
3035022
3035585
3037905
3038926
3039549
3039790
3039819
3041243
3041843
3041863
3042654
3044464
3044466
3045064
3045111
3046718
3047210
3047609
3048578
3048582
3049467
3049535
3051798
3052077
3052082
3053413
3054511
3055740
3056975
3057703
3058485
3059290
3060188
3060486
3062370
3065245
3067932
3068018
3069362
3069436
3070442
3070505
3073332
3075353
3076930
3077624
3077683
3077842
3079355
3079394
3080607
3082473
3082664
3083094
3083650
3084620
3085057
3085741
3085782
3085821
3086474
3086566
3086952
3087164
3087651
3088147
3092484
3092703
3093315
3093690
3093795
3094070
3094823
3095210
3099620
3100037
3100242
3100828
3102020
3103209
3103791
3104394
3104773
3105042
3105417
3106036
3108045
3108687
3110031
3110414
3111400
3112477
3113751
3114491
3114841
3114966
3115376
3115791
3116537
3117157
3117176
3117743
3119291
3120205
3120272
3120614
3121975
3124376
3126013
3126566
3127998
3128026
3128131
3128695
3132116
3132901
3133333
3134593
3135714
3137002
3139578
3139639
3140326
3140339
3140658
3142415
3143461
3145023
3146622
3150109
3151722
3153550
3155883
3163623
3163630
3165142
3165689
3166176
3168028
3168041
3169026
3169154
3170226
3171407
3175047
3175987
3176852
3176949
3178387
3178457
3178522
3178973
3179042
3180459
3182367
3182460
3183714
3184379
3185709
3185789
3186750
3188723
3190819
3191363
3191668
3193430
3193650
3194202
3194458
3195125
3195346
3195530
3195568
3195832
3196771
3197889
3198224
3199113
3202114
3204215
3205766
3206054
3206991
3207286
3208921
3209682
3210007
3211669
3216375
3216783
3218089
3218282
3220258
3221704
3223173
3223508
3224389
3224716
3224840
3224886
3225075
3225673
3227412
3228074
3228772
3228952
3229677
3229988
3230139
3231581
3232269
3235268
3235443
3235495
3235602
3236002
3236488
3237554
3238284
3238710
3239409
3240877
3241299
3243103
3244333
3245643
3246306
3246487
3246604
3249130
3249325
3250322
3250653
3250825
3251730
3252744
3253061
3254394
3255524
3256129
3259421
3259489
3259507
3260523
3261807
3262033
3265820
3266536
3267297
3267364
3267881
3268614
3269118
3270172
3270743
3271568
3271849
3272096
3274801
3275109
3275401
3275568
3276435
3278354
3280020
3280879
3281433
3282445
3282562
3282709
3283141
3283359
3284338
3285778
3285829
3288070
3288299
3290783
3292702
3294562
3296790
3297612
3298170
3299220
3299375
3299955
3300262
3303161
3304641
3308272
3308464
3312358
3315499
3315974
3316644
3317431
3318260
3320839
3321461
3321531
3322990
3322991
3323110
3323873
3328543
3328706
3329061
3330143
3332005
3332929
3333208
3333871
3334035
3335406
3335494
3335881
3336544
3336928
3337474
3338311
3341775
3343507
3346688
3349034
3349581
3351093
3352616
3353858
3354144
3354441
3355275
3355930
3356962
3357400
3357428
3358000
3359469
3359739
3360514
3361312
3361611
3361735
3361777
3362271
3363531
3363580
3363758
3365486
3371538
3373601
3376237
3378568
3379019
3380269
3380360
3382153
3382661
3382716
3383858
3384388
3385307
3386449
3388202
3388843
3390186
3390508
3390948
3391342
3392206
3393357
3393739
3394044
3394901
3395782
3397480
3398522
3399107
3399561
3400677
3401085
3401549
3403932
3404544
3404893
3406290
3407390
3408202
3408628
3408629
3409139
3409610
3409959
3410360
3410669
3411180
3412960
3413316
3413704
3414406
3414468
3418389
3419526
3420139
3420637
3420973
3421217
3421703
3421871
3422011
3423742
3427567
3428872
3430418
3431197
3433086
3433090
3434542
3435741
3437221
3438567
3439159
3439497
3440131
3440394
3441590
3443883
3444335
3444769
3445048
3445993
3446328
3446835
3446942
3447652
3450917
3452027
3454143
3454279
3454497
3454998
3456382
3456800
3458470
3458966
3459053
3459241
3460129
3460158
3460433
3461489
3461989
3462367
3463688
3465101
3467278
3468489
3469016
3471581
3474842
3475923
3476486
3478906
3479451
3480798
3481662
3482447
3482531
3483678
3484599
3485905
3486823
3486952
3487098
3488275
3489721
3490215
3491182
3491762
3492641
3492920
3493140
3496673
3497664
3497912
3498036
3501404
3502325
3502678
3502886
3504894
3506018
3508700
3508828
3509575
3510837
3511302
3512625
3512678
3513366
3513788
3514372
3515036
3515161
3516183
3516334
3518106
3518236
3518628
3521162
3522785
3522844
3522991
3523945
3525523
3526188
3529239
3529285
3530710
3531864
3532884
3534883
3535394
3535748
3536973
3537235
3537460
3539091
3539405
3539619
3540082
3540831
3541875
3542286
3544597
3544923
3546591
3547751
3547972
3549655
3549946
3553889
3553907
3553977
3557066
3557434
3561275
3562566
3562576
3563475
3563487
3563657
3565277
3566879
3567986
3568231
3568956
3569211
3571373
3571915
3572720
3575916
3576751
3576782
3577220
3578944
3580204
3581120
3582670
3582816
3583663
3584568
3585403
3585480
3585530
3586636
3588421
3588647
3589251
3590224
3591299
3591752
3591980
3594340
3595472
3598163
3599717
3600054
3600983
3601176
3601208
3602094
3603226
3603288
3603789
3605011
3606017
3606239
3606597
3607133
3607170
3607455
3607863
3608684
3608718
3608887
3611983
3613218
3614550
3615302
3619422
3619847
3620023
3621989
3623317
3625028
3629474
3630901
3632165
3633879
3635729
3636074
3636393
3637048
3640032
3640312
3642452
3643132
3643538
3643782
3644982
3645085
3645203
3649160
3650187
3650240
3654180
3654875
3655065
3656992
3657297
3658478
3658528
3660074
3660787
3660995
3661046
3661395
3661932
3661940
3663485
3664457
3665689
3666508
3667395
3667870
3667984
3671524
3671965
3672174
3674488
3675453
3675525
3676570
3677015
3678756
3678767
3681331
3683159
3683746
3683774
3684129
3684265
3684643
3685357
3685841
3686055
3686481
3687264
3690077
3690354
3691758
3692338
3694171
3694986
3695063
3695635
3697998
3700029
3700227
3700733
3700761
3705306
3706361
3707109
3707869
3708539
3710108
3710891
3712133
3712665
3713560
3714462
3715304
3716735
3716884
3720949
3721376
3721606
3722198
3724730
3724875
3724884
3725243
3728858
3728997
3729564
3730107
3730387
3732647
3733761
3735674
3736603
3738914
3739159
3739470
3740347
3741201
3741545
3746547
3746736
3748976
3749402
3752353
3752378
3753007
3753282
3756560
3756820
3757961
3758231
3758286
3758750
3759961
3761625
3762799
3763026
3763244
3763314
3763649
3765400
3765983
3769340
3771527
3773163
3775820
3778095
3778312
3779496
3780050
3780349
3784206
3784372
3785464
3785606
3785757
3786847
3786933
3788408
3788885
3790401
3791663
3792192
3792624
3793789
3793805
3795615
3795830
3797300
3798952
3799489
3801519
3801635
3805585
3805823
3806162
3806474
3806970
3808361
3808840
3809250
3809881
3810146
3811441
3813121
3813785
3815824
3818419
3818958
3819618
3819800
3819828
3820526
3822177
3822505
3822581
3823450
3824290
3825347
3825721
3826544
3826760
3827093
3827893
3828475
3830548
3832669
3833411
3838200
3838406
3841455
3841961
3842019
3844422
3844990
3845798
3846258
3846308
3846487
3847632
3848256
3848801
3849907
3850245
3850343
3851051
3851120
3853385
3854488
3854580
3857260
3858482
3861646
3861647
3862746
3868209
3869507
3872561
3872624
3874184
3875668
3877150
3877268
3878058
3878751
3879590
3881310
3882545
3885333
3886247
3886907
3887356
3889991
3891518
3892055
3892580
3893899
3897421
3900101
3900147
3900596
3902613
3902702
3904942
3905456
3905496
3905629
3907074
3907669
3908970
3909526
3910857
3911768
3912987
3916024
3916503
3916659
3916826
3917310
3918606
3918655
3918758
3919132
3920343
3922024
3922842
3926039
3926348
3926634
3927218
3928076
3929241
3929440
3930069
3931089
3933879
3934821
3936064
3936705
3939100
3940754
3941393
3941547
3942063
3942832
3943058
3945789
3945808
3947451
3949054
3950404
3951168
3951462
3951622
3952480
3952802
3958803
3959091
3960734
3961672
3963297
3964703
3965067
3965679
3966004
3967199
3971169
3972416
3972849
3972903
3974041
3975011
3977194
3977317
3979781
3980803
3980962
3981930
3982244
3983601
3983769
3985182
3985559
3985625
3987366
3988604
3988807
3988822
3988852
3992433
3993066
3994149
3994275
3994832
3996937
3997739
3999073
3999759
4001603
4001782
4003451
4004029
4004042
4005380
4005783
4006657
4007248
4008232
4009823
4011140
4011331
4011551
4013499
4014543
4014903
4016232
4016249
4016638
4017063
4017159
4018151
4018774
4019368
4019558
4019599
4019689
4021430
4021916
4022264
4025175
4027198
4028633
4029043
4029215
4032870
4034221
4034455
4034991
4035191
4035935
4036055
4036425
4036868
4037471
4037669
4038972
4039597
4039672
4040496
4040512
4040722
4042065
4044249
4044787
4045038
4045097
4046784
4048387
4048980
4049127
4050443
4050595
4051272
4052053
4053879
4055087
4055962
4058639
4058775
4061459
4062088
4062544
4062643
4064501
4065053
4065176
4067117
4067398
4067583
4068506
4068551
4068567
4069808
4070456
4071272
4072583
4073862
4074580
4074985
4076467
4077704
4080192
4081082
4081538
4081970
4082059
4083357
4086381
4087388
4089858
4091068
4091115
4091998
4092777
4094354
4094362
4095908
4097324
4097897
4098385
4098800
4098943
4100779
4103101
4103390
4104021
4104410
4106769
4107622
4108972
4109819
4110771
4113164
4113544
4113573
4115130
4116294
4119837
4119849
4120704
4120741
4122581
4123512
4123806
4125326
4126340
4127133
4128015
4128519
4131036
4132116
4132325
4132646
4133776
4133785
4137654
4140666
4141024
4141556
4144300
4146065
4146702
4147325
4147956
4148121
4149538
4151499
4152187
4154743
4154784
4155483
4155728
4157153
4157930
4158352
4158602
4158792
4159453
4162477
4163516
4163685
4164396
4165978
4166324
4166689
4168663
4169233
4169897
4171201
4171547
4172151
4175290
4175873
4177086
4177100
4177505
4177553
4179179
4179411
4180858
4180915
4183380
4185118
4185525
4186126
4187426
4188890
4189175
4189668
4190696
4194288
4194516
4194587
4195540
4195713
4200035
4203437
4203745
4204279
4205755
4206210
4207591
4209443
4209681
4210418
4214518
4215636
4215886
4216268
4217285
4218119
4218153
4219268
4220167
4220679
4222792
4224138
4224273
4225598
4226247
4226530
4226938
4227306
4228277
4228411
4229188
4229243
4230365
4232971
4234922
4235289
4237630
4238418
4239076
4240103
4240721
4241458
4242895
4243224
4244010
4245122
4245947
4247160
4248577
4248909
4249424
4249561
4250258
4250503
4250541
4252100
4252966
4253143
4255411
4255561
4255761
4256603
4258362
4259924
4262565
4264153
4264790
4266742
4271743
4272288
4272507
4275105
4276555
4277179
4277757
4278297
4279513
4279886
4280272
4281215
4281969
4282849
4283312
4283792
4285437
4285628
4285641
4286298
4286387
4286741
4287614
4287781
4289416
4290110
4290142
4292239
4294246
4297889
4298909
4299464
4300013
4301139
4301181
4301438
4304657
4305830
4306263
4306914
4308969
4309581
4309991
4311383
4311708
4313837
4315740
4317776
4318181
4318818
4319113
4319277
4319868
4321012
4321186
4321309
4321666
4325071
4326634
4330173
4331763
4331898
4332084
4332726
4333065
4333664
4333844
4334014
4334387
4335422
4337310
4337759
4338362
4339870
4340682
4340716
4341192
4342077
4342426
4343279
4343786
4344097
4345320
4345468
4348728
4348922
4351787
4352033
4352375
4352786
4352990
4355169
4355935
4356616
4356887
4360785
4361235
4361550
4366644
4367079
4367313
4367582
4368259
4368313
4370352
4371118
4371122
4372490
4374708
4374842
4379064
4379196
4381007
4381169
4382042
4382144
4382304
4384911
4385181
4385201
4385331
4385378
4386405
4387001
4388648
4388996
4389648
4390520
4391991
4393972
4394063
4394792
4394800
4394901
4395160
4395268
4395613
4395871
4396571
4396884
4397764
4397873
4398065
4399032
4400728
4401628
4403477
4404781
4404957
4405821
4406465
4406745
4407075
4407644
4407810
4409135
4410778
4411225
4411240
4411299
4412912
4414231
4414717
4415340
4416568
4417625
4417862
4419286
4420679
4420731
4421034
4422936
4423041
4423375
4423503
4423795
4424452
4424910
4427020
4427146
4427401
4427627
4427960
4429722
4430206
4431718
4432078
4433235
4433848
4437284
4437690
4437762
4438120
4438263
4440256
4440732
4441158
4441211
4444241
4444817
4447568
4448388
4448431
4450233
4451282
4453383
4453605
4454052
4454846
4455651
4455925
4456630
4456765
4457071
4458142
4458458
4458725
4458810
4460524
4461738
4462316
4462528
4463319
4463537
4464853
4465352
4466036
4466156
4466191
4467248
4467798
4468337
4468694
4469517
4470642
4470982
4471550
4472846
4474841
4477166
4478081
4479423
4481917
4483489
4484326
4484653
4486411
4486840
4486951
4487600
4489971
4490685
4491256
4491575
4491587
4491811
4492650
4493031
4493521
4494282
4494562
4496229
4498494
4501104
4502044
4505394
4506085
4507240
4509248
4509674
4510201
4510875
4511518
4511521
4513256
4514099
4516554
4517094
4518656
4519096
4519236
4520668
4520674
4521960
4526586
4527960
4528549
4529237
4530839
4533294
4534497
4534559
4534581
4535228
4537336
4537728
4538606
4539839
4541314
4541830
4541955
4543214
4543389
4545747
4546806
4547101
4547449
4548211
4549001
4552441
4553145
4553922
4554937
4555837
4556471
4556699
4557059
4557844
4557986
4558986
4561058
4563214
4563622
4563782
4565012
4565565
4567699
4568590
4570690
4570769
4571568
4571592
4571864
4571909
4572339
4573989
4574345
4574353
4577655
4577745
4579615
4581487
4581693
4582085
4582598
4585081
4585930
4586025
4586072
4586186
4586223
4586765
4586796
4587133
4589225
4591498
4592625
4593713
4595238
4595518
4596447
4597351
4597371
4598704
4600843
4601656
4602411
4602501
4603218
4603439
4603530
4604006
4608257
4608291
4608470
4608617
4610356
4612196
4612289
4612398
4613477
4613760
4614577
4615724
4617468
4617505
4617683
4618065
4619354
4620142
4622029
4622545
4622711
4623002
4623572
4623734
4625703
4626036
4626191
4627593
4627885
4628020
4629380
4631256
4631724
4632483
4632771
4637457
4637543
4638527
4639197
4640280
4641575
4648502
4648688
4649231
4650787
4652113
4653752
4653887
4655581
4655664
4655959
4656430
4656733
4656949
4657050
4657983
4658055
4659088
4659333
4659391
4659500
4661571
4662384
4663179
4666058
4666746
4667419
4667508
4667648
4670490
4671956
4672711
4673095
4673681
4674917
4675098
4675311
4675970
4676845
4676906
4678654
4678667
4678853
4678967
4679190
4680987
4681117
4681267
4682093
4682241
4682983
4683203
4683841
4684295
4684493
4685844
4692317
4694316
4695516
4695756
4695971
4697057
4700043
4702498
4704124
4704323
4705674
4708472
4709643
4710395
4710737
4712061
4713470
4718039
4719110
4719664
4720266
4720966
4721209
4722547
4723349
4723913
4724036
4724221
4725100
4725105
4726173
4726736
4727015
4729439
4732148
4734388
4736147
4736454
4736665
4736697
4738262
4739842
4739902
4741270
4741800
4743812
4744293
4745630
4746067
4749089
4749370
4749850
4751737
4751778
4753659
4754989
4756736
4757359
4757701
4757739
4759312
4760098
4760770
4763029
4764293
4764500
4765422
4766668
4767690
4769978
4771056
4771060
4772624
4773070
4774047
4775208
4775215
4776320
4776638
4777701
4778359
4779304
4780899
4781828
4781891
4781899
4782307
4782767
4784454
4784590
4785218
4785557
4786625
4787219
4789234
4789551
4790537
4791615
4791633
4791740
4792046
4792155
4793851
4795344
4795477
4795704
4796683
4798038
4800734
4801058
4802899
4803685
4805321
4805584
4805671
4806428
4807311
4807473
4808435
4811058
4812233
4813059
4813289
4814023
4815492
4815648
4816218
4816282
4816326
4818908
4819459
4819745
4820831
4821039
4821428
4821591
4822338
4822352
4823200
4823337
4823381
4823668
4826332
4829140
4831339
4833890
4836134
4836697
4837223
4838667
4841694
4842774
4842803
4843260
4843922
4844556
4844666
4845964
4847655
4848233
4848851
4850434
4850652
4853121
4854458
4854713
4854765
4855769
4855780
4856008
4856295
4856500
4856837
4858117
4858483
4859343
4859395
4859880
4860716
4862059
4863644
4865601
4866884
4868538
4870192
4870794
4871946
4872408
4873370
4874789
4874891
4875407
4875821
4876580
4877126
4877197
4877206
4877453
4879825
4880697
4883731
4884143
4884701
4884908
4885022
4885138
4885209
4885556
4885559
4885642
4886037
4889284
4890125
4892068
4897843
4898409
4898989
4901958
4902404
4903827
4903853
4904089
4904387
4905332
4905799
4905898
4906031
4906185
4906738
4907925
4908813
4909434
4910575
4910594
4913253
4913879
4914549
4914871
4915006
4915373
4915848
4915879
4916240
4916969
4917492
4917708
4917842
4918197
4919097
4920331
4921811
4922214
4923384
4923464
4923924
4926089
4927705
4929136
4929661
4929912
4930807
4931698
4932154
4932495
4933715
4934630
4936843
4937599
4937820
4938832
4939293
4939959
4940494
4941302
4941856
4943011
4943421
4944527
4945459
4945727
4947271
4947686
4949316
4949794
4950511
4950841
4951046
4952311
4952728
4953382
4954204
4954262
4954585
4954904
4955111
4955747
4955949
4956254
4956876
4957051
4962347
4962409
4963758
4964653
4965523
4966498
4968417
4968422
4968690
4968833
4970492
4971551
4971921
4972231
4972247
4973002
4973428
4975033
4976181
4976601
4977352
4977837
4977979
4981534
4983518
4983538
4983674
4983792
4984027
4984955
4986831
4987862
4990145
4990326
4991741
4995270
4996890
4997868
4997935
4998319
4998467
5000598
5003447
5005342
5005900
5006686
5007690
5007806
5007853
5008300
5009034
5010227
5010234
5010318
5010910
5011812
5012220
5014312
5014338
5014861
5015663
5016097
5017524
5018140
5018301
5018568
5018824
5020225
5020827
5021043
5021813
5023164
5025045
5026024
5027059
5027686
5028222
5028679
5028857
5029789
5029819
5029993
5031221
5031621
5031787
5032039
5032151
5032797
5034452
5035488
5036111
5036855
5037009
5038135
5038534
5040900
5043120
5045746
5045788
5052415
5052865
5054705
5055596
5057857
5059081
5059982
5060117
5061889
5065026
5065579
5065805
5066149
5066597
5067239
5067923
5068058
5068931
5069142
5069398
5069677
5070295
5071347
5071604
5072080
5072155
5072275
5074239
5074815
5075324
5075430
5077105
5077770
5078033
5078187
5078879
5079328
5080216
5080329
5081574
5082743
5084579
5086054
5086638
5086919
5088455
5088496
5088602
5089179
5089457
5090514
5091884
5093326
5094081
5095951
5097380
5098358
5099049
5101191
5101552
5102768
5102788
5105089
5106274
5106296
5106815
5107648
5108260
5110385
5111479
5115346
5117228
5118674
5119166
5119241
5119646
5121371
5122230
5122295
5122487
5124273
5124923
5126113
5128376
5128531
5129728
5130283
5130411
5131250
5131408
5134045
5135100
5135459
5136816
5137161
5137241
5137693
5138228
5138984
5138996
5139283
5139724
5139739
5141207
5144754
5145504
5145812
5149099
5149437
5149764
5150602
5150832
5151977
5152493
5153540
5153706
5157009
5157991
5158476
5163112
5163852
5163918
5166885
5166927
5168757
5169084
5170844
5171469
5172777
5174015
5176085
5176132
5176163
5176239
5176455
5176701
5178340
5179326
5180110
5180438
5181688
5181737
5181973
5183594
5183756
5184258
5185868
5189527
5190380
5190714
5192694
5196170
5197186
5199002
5200625
5200868
5201117
5201841
5202229
5202830
5203431
5203986
5204085
5210203
5210415
5210826
5211030
5211207
5211252
5212954
5213295
5214033
5216493
5217545
5217781
5218423
5218615
5221307
5222566
5223272
5224011
5224680
5227124
5228343
5229105
5231148
5232350
5232637
5233550
5233869
5234174
5235958
5240465
5240501
5240507
5241289
5241437
5241778
5242575
5243752
5245879
5246929
5248271
5249962
5250097
5250626
5251399
5251895
5254126
5255210
5255888
5257930
5258022
5259746
5259918
5261572
5261611
5261812
5263175
5264451
5266991
5268647
5268713
5269056
5269782
5270271
5270323
5270677
5271708
5271848
5271856
5272917
5273137
5273419
5274260
5275551
5277121
5277459
5278218
5278496
5279768
5280439
5280441
5282306
5283909
5285297
5285624
5287249
5287585
5289337
5289580
5289629
5290263
5290773
5290975
5291170
5291756
5291902
5292840
5292977
5293167
5293563
5294250
5294662
5296232
5296667
5297680
5297733
5298026
5298423
5298569
5299394
5300728
5300922
5302190
5303659
5306307
5306453
5306458
5307436
5308406
5309220
5309303
5310222
5310236
5310584
5312748
5312879
5313279
5313366
5313854
5315684
5316692
5318228
5318511
5319146
5319154
5319552
5321742
5321809
5324758
5325943
5326443
5326722
5326816
5327161
5327813
5328285
5330867
5332367
5333633
5336512
5338301
5339902
5342817
5344010
5344072
5344080
5347145
5347271
5347910
5348066
5349480
5349530
5350492
5352245
5352717
5355162
5358019
5358542
5359560
5359881
5360952
5362206
5364036
5365544
5366245
5367367
5367386
5367484
5368666
5368750
5370349
5370783
5371015
5372786
5372965
5373291
5375156
5375439
5375902
5376338
5376897
5379542
5382770
5382929
5383866
5385519
5385775
5385979
5386733
5387346
5388815
5389172
5389985
5391810
5393942
5396305
5396551
5397989
5397992
5398120
5399812
5400373
5400490
5402525
5403077
5404781
5405116
5405165
5405769
5406633
5406788
5408018
5409332
5409589
5410709
5412139
5412742
5414422
5414984
5415620
5415742
5416876
5418932
5419708
5421525
5422151
5422748
5423971
5425470
5425945
5426178
5426437
5426677
5426830
5428312
5428589
5429677
5429874
5433483
5433965
5434333
5434694
5434726
5436203
5438293
5438927
5439824
5439974
5443310
5443678
5444631
5445334
5446601
5448962
5449536
5449915
5450504
5450893
5453179
5453304
5455435
5455766
5456803
5460373
5463552
5464039
5467881
5468087
5468175
5472310
5475230
5476486
5478592
5479502
5483726
5486183
5494229
5495240
5495256
5495421
5496522
5496910
5497033
5497224
5499094
5500110
5500902
5501353
5502127
5502422
5502895
5503438
5504016
5504610
5505279
5506098
5507096
5507504
5507787
5507795
5508306
5508313
5509735
5509976
5510474
5510736
5511823
5513721
5513788
5514985
5515575
5515755
5516095
5516767
5518053
5518453
5519033
5519608
5520353
5520805
5522638
5524683
5525188
5525701
5527294
5528869
5529730
5530508
5531656
5532014
5532024
5534653
5535306
5536627
5537222
5537975
5539044
5539283
5540241
5540738
5541149
5541228
5541763
5541862
5542646
5545752
5546870
5547448
5548245
5548706
5550826
5551411
5551428
5552808
5552834
5555076
5555696
5556011
5557502
5558027
5558669
5560700
5560789
5560862
5562247
5562771
5563341
5563546
5563641
5564974
5565445
5565589
5567226
5568676
5569844
5570362
5570523
5573531
5574820
5576513
5577746
5578905
5579479
5580710
5580874
5582007
5585536
5588212
5590174
5591094
5591655
5592979
5593519
5595021
5595355
5595495
5595612
5596511
5597986
5598464
5598472
5598591
5602242
5603162
5603255
5605294
5605299
5605346
5606004
5606400
5606755
5607707
5607866
5608995
5609555
5609662
5609739
5610007
5610436
5611593
5612007
5612951
5613003
5613530
5613792
5613874
5614930
5615166
5616022
5616539
5617621
5618074
5618670
5618750
5619225
5619855
5619946
5622013
5622813
5623712
5625115
5626833
5627246
5631937
5632513
5633356
5635240
5635537
5635906
5636649
5637034
5637656
5638519
5640829
5641235
5641238
5641259
5641575
5643757
5644112
5645346
5646413
5648763
5650456
5651015
5651913
5652070
5652352
5653397
5653470
5655782
5657155
5657347
5657972
5658071
5658235
5659333
5660041
5660736
5660757
5662539
5663256
5663606
5665505
5665579
5665771
5666282
5666434
5667324
5669000
5669721
5670341
5670608
5671479
5673014
5673721
5674403
5674543
5676704
5678679
5678739
5678857
5679065
5679807
5680039
5680327
5681197
5684269
5684312
5685006
5686871
5687035
5687048
5688297
5688754
5689738
5690709
5691891
5692644
5692718
5694674
5695034
5696110
5696718
5697354
5697454
5697593
5699964
5700577
5700848
5701793
5702191
5702230
5703264
5703714
5703744
5704193
5704495
5705330
5708107
5710120
5710786
5711302
5712221
5713059
5713191
5713368
5713904
5715020
5716770
5716853
5717076
5717262
5717288
5719640
5719932
5720683
5724766
5727936
5728182
5728651
5733617
5734012
5734681
5735263
5735766
5739051
5740388
5741091
5741232
5742695
5743334
5743390
5743747
5744047
5744705
5747300
5747493
5748704
5749698
5752825
5753624
5753985
5757020
5757582
5758322
5760614
5761507
5761784
5762067
5763133
5764687
5764992
5766664
5767330
5767706
5767749
5768977
5769586
5770485
5771772
5771872
5773639
5773842
5773999
5774860
5775521
5777274
5778330
5778910
5779143
5779266
5779954
5780385
5781963
5782845
5783480
5786101
5786142
5788712
5789388
5789789
5791653
5794552
5795060
5795186
5795483
5795823
5795964
5796182
5797983
5798452
5801332
5804788
5806024
5806176
5807902
5808161
5808285
5809628
5809833
5810955
5812940
5813230
5813909
5814103
5815122
5815138
5815195
5815868
5817827
5818487
5818629
5819680
5821252
5823657
5824696
5825061
5825067
5825208
5826243
5827279
5829460
5831668
5832330
5832432
5835699
5836138
5836449
5838355
5839172
5840638
5840790
5842111
5843956
5850209
5851872
5853058
5853854
5855121
5857427
5858406
5858976
5860285
5860342
5862342
5864234
5865608
5868858
5869186
5869447
5874041
5875987
5876670
5877823
5878612
5881201
5881923
5883239
5883804
5884500
5887507
5891029
5891873
5891919
5892875
5893145
5893331
5893828
5895911
5898689
5900510
5902773
5903839
5903998
5904384
5905969
5907078
5908152
5908581
5909084
5909379
5909751
5912376
5915607
5916960
5917918
5918168
5918793
5919396
5919927
5920561
5920569
5920698
5922062
5923149
5923311
5924286
5924677
5925583
5925811
5927184
5927364
5928678
5929088
5930985
5932385
5932988
5933386
5934741
5935251
5937509
5938761
5939078
5939397
5940803
5941130
5942108
5942759
5942868
5942874
5944908
5944913
5946837
5947503
5948659
5949812
5950144
5951565
5951945
5952675
5954349
5955275
5955829
5957588
5959232
5959428
5959734
5960783
5962826
5963889
5964256
5964605
5965362
5966569
5968952
5968955
5970285
5971811
5973931
5974373
5975455
5975668
5976578
5976863
5976977
5977631
5977724
5980025
5980205
5982346
5982663
5983185
5983210
5985794
5985952
5986918
5987057
5988582
5989927
5990264
5990912
5995078
5995212
5995239
5995615
5996172
5996253
5998310
5999217
6000116
6001845
6001866
6002034
6002319
6003150
6005291
6006310
6006888
6008158
6009813
6010481
6011689
6013186
6013496
6015291
6015427
6016435
6016686
6017298
6019758
6019973
6021605
6022690
6023824
6024789
6025298
6026062
6027809
6027938
6028066
6036991
6037089
6037396
6037811
6039972
6040398
6040882
6042468
6045364
6046472
6047336
6049291
6051546
6052251
6053240
6054140
6054216
6055618
6056123
6059555
6059731
6060382
6061158
6061354
6061462
6061655
6064761
6064782
6065086
6068227
6069165
6069228
6069364
6070386
6070637
6071503
6072373
6072598
6074921
6075657
6077880
6078060
6078206
6080809
6081147
6082512
6083113
6084822
6086493
6088827
6091132
6091155
6092454
6093070
6094090
6094177
6095853
6097335
6098136
6099128
6100045
6100832
6101756
6101991
6103218
6103984
6104782
6105297
6108461
6109618
6109991
6110785
6113673
6113729
6114193
6114680
6115110
6115532
6115751
6116953
6119744
6120511
6120772
6120843
6120947
6122629
6123852
6123996
6125346
6125582
6128561
6129896
6129937
6132896
6134637
6135412
6135798
6136775
6137086
6137180
6137582
6138101
6138210
6138293
6138395
6140981
6141835
6141974
6144837
6146037
6150295
6151128
6151193
6151944
6152183
6152762
6153270
6153634
6154200
6154358
6154793
6155920
6155961
6156696
6158021
6159742
6159978
6160943
6161812
6161849
6162805
6163837
6165491
6166918
6167275
6168735
6168845
6168903
6170139
6172382
6172815
6173061
6175901
6176009
6176593
6177647
6179078
6180734
6180877
6181884
6183151
6183404
6184069
6184512
6184702
6185064
6187561
6190122
6190424
6190890
6191501
6192030
6192432
6193629
6194137
6194222
6194907
6195392
6195399
6198858
6199083
6199618
6200494
6201401
6201717
6201917
6204102
6204725
6204764
6206327
6207115
6207572
6208084
6210061
6211056
6212844
6213355
6213459
6214457
6215427
6218881
6218959
6221982
6222017
6222175
6225052
6225407
6226243
6229714
6232350
6233112
6233373
6233987
6234691
6234999
6235554
6235625
6236790
6237317
6237441
6237867
6238322
6238621
6239847
6240082
6242821
6242903
6247601
6247909
6249273
6250227
6250276
6250476
6251895
6252371
6252787
6253311
6255890
6260713
6260980
6261197
6261430
6261434
6261534
6261651
6264039
6265507
6267892
6268199
6268840
6270306
6270824
6270837
6271006
6271573
6272867
6273112
6273764
6274102
6274332
6275203
6275574
6275812
6276959
6277240
6278682
6278803
6280790
6281272
6283536
6283632
6285948
6286473
6287344
6289191
6289428
6290088
6291889
6293202
6297407
6297568
6298031
6300150
6300330
6300336
6301235
6301601
6303756
6305188
6305338
6306099
6307231
6309070
6309570
6309623
6311224
6311895
6312400
6313339
6313616
6313929
6314431
6314470
6314911
6318793
6319532
6320696
6321375
6322325
6322950
6323133
6323531
6324559
6326577
6326737
6327083
6327330
6327503
6329477
6329512
6329562
6329632
6331761
6332177
6335847
6336385
6337548
6338050
6338138
6339487
6342141
6342436
6343226
6348768
6348880
6349240
6352601
6352910
6353136
6358258
6359563
6359882
6360078
6360390
6360403
6361251
6361718
6362632
6365730
6366588
6366736
6367399
6368254
6371936
6374649
6375231
6376011
6376670
6378510
6379532
6379737
6380592
6381080
6381259
6382410
6385582
6386113
6386461
6387059
6388074
6388550
6389433
6389470
6391153
6391555
6391676
6393635
6394375
6395246
6396438
6397692
6397909
6399437
6399992
6401343
6402480
6402615
6403737
6404536
6405249
6405973
6406418
6406891
6407711
6408279
6409525
6410361
6410997
6411044
6413495
6413630
6414469
6416440
6416532
6417537
6418953
6419535
6420859
6420980
6421028
6422342
6424640
6426373
6428324
6428867
6429925
6430314
6430875
6433248
6433335
6435009
6435085
6437807
6437931
6439291
6441694
6445736
6446260
6446348
6448231
6449512
6449684
6450134
6450875
6451629
6452174
6453386
6454850
6455467
6456380
6457154
6458555
6458768
6458853
6459299
6459719
6460204
6460775
6463838
6466612
6467425
6468103
6469423
6471228
6473975
6475198
6476142
6476163
6479737
6479918
6480687
6480887
6481263
6482809
6483503
6483697
6485573
6486145
6487444
6487521
6487951
6488271
6488823
6489019
6491166
6494200
6495097
6495545
6498123
6498814
6499651
6500263
6500417
6500507
6500618
6500983
6503860
6506402
6506738
6510456
6510962
6511315
6513523
6514068
6514391
6515229
6516201
6517664
6521130
6522925
6523097
6523440
6524664
6525665
6531002
6531026
6531270
6531497
6531864
6532155
6533027
6534095
6535715
6536845
6538348
6538464
6538562
6544971
6546469
6547480
6547829
6548125
6548901
6550804
6551092
6551575
6555046
6555218
6556141
6556169
6556185
6557070
6557713
6559196
6559632
6560661
6561501
6563363
6564025
6565378
6566745
6566982
6569255
6570627
6571360
6571434
6572176
6573458
6575902
6577427
6579411
6579669
6579815
6581024
6583300
6583655
6583866
6587137
6588281
6590886
6591071
6592370
6592473
6592660
6593415
6593691
6595860
6596143
6596269
6596578
6597861
6598891
6600525
6600887
6601144
6601823
6602594
6602614
6602974
6605188
6606478
6606576
6606988
6607012
6607125
6607220
6607337
6607431
6611012
6611073
6612603
6612889
6614301
6614440
6614925
6615444
6615914
6616446
6617920
6617924
6619274
6619376
6620794
6621421
6622586
6623411
6625085
6625250
6625437
6627308
6627347
6629702
6629740
6630278
6631511
6633702
6634761
6634907
6636238
6636839
6637493
6637651
6639426
6643694
6644616
6649592
6650372
6650562
6653336
6654324
6657248
6657397
6660642
6661240
6661974
6662183
6662929
6664208
6665914
6666112
6666678
6668119
6669037
6669307
6670151
6670288
6671120
6672955
6673182
6673273
6673746
6674139
6674405
6675543
6676618
6678440
6678899
6679358
6679445
6679768
6680115
6681275
6684195
6685380
6686915
6686967
6689235
6690027
6690040
6690415
6691321
6691366
6695771
6696874
6698346
6698353
6700321
6701205
6701226
6702418
6702969
6703577
6704976
6705918
6705952
6706397
6706913
6707925
6709640
6710293
6710428
6712013
6713206
6714437
6714501
6715032
6715549
6716867
6717222
6717971
6718082
6719256
6719802
6720073
6720528
6720814
6723726
6723831
6726217
6726399
6727594
6728813
6731079
6732111
6732778
6733896
6734416
6736995
6738089
6738139
6739165
6739263
6740178
6741434
6742163
6742168
6743251
6743531
6744685
6749415
6750372
6750607
6751889
6752400
6752674
6752814
6753011
6753500
6753562
6754092
6754304
6755041
6756202
6756865
6757780
6758844
6759488
6760214
6761032
6761159
6761434
6761903
6764557
6764941
6768234
6771046
6771451
6772718
6772843
6773584
6777432
6777503
6778296
6778516
6780594
6781556
6783907
6785522
6787030
6788669
6789785
6791866
6792042
6792452
6792529
6793457
6793511
6793595
6794364
6795151
6796414
6802443
6804611
6805095
6806261
6810403
6811245
6813159
6813531
6813542
6813934
6814032
6815552
6818013
6820646
6820991
6822674
6824414
6825343
6826011
6826212
6826303
6829505
6829944
6830549
6830559
6832449
6833968
6834241
6836315
6836570
6838099
6839408
6840305
6841926
6842901
6844589
6845631
6848220
6848309
6848354
6849577
6849647
6850581
6850599
6850812
6851439
6853083
6853314
6853523
6854102
6854125
6854269
6855007
6856084
6856477
6858468
6860266
6861157
6862087
6862581
6863100
6864108
6865018
6867330
6867662
6870073
6870788
6870973
6874945
6875740
6875991
6876406
6876907
6878175
6878178
6880824
6883617
6885830
6886739
6888395
6889191
6890241
6890686
6890999
6892194
6893054
6893510
6895303
6895839
6896471
6897104
6897561
6898039
6898613
6899274
6900063
6903699
6904833
6906122
6906905
6906931
6907438
6908276
6908977
6912747
6913003
6913471
6915140
6916842
6917016
6917195
6917240
6917756
6919630
6920672
6921787
6921968
6922471
6922579
6922665
6923349
6924180
6924360
6925091
6926890
6927603
6928617
6932192
6932412
6934485
6935199
6937258
6938887
6939402
6941155
6941449
6945455
6945486
6947602
6947724
6948612
6949028
6949705
6951810
6952452
6953120
6953600
6954162
6954878
6960297
6960380
6963347
6964408
6969208
6969620
6971877
6972044
6973034
6974486
6974571
6975155
6976405
6976976
6978045
6978580
6978990
6979892
6979978
6980899
6981373
6982771
6984898
6985136
6985779
6986281
6987518
6987871
6988329
6988437
6988609
6989486
6990035
6990058
6992946
6993065
6993753
6996695
6997420
7000309
7000955
7001366
7002687
7004245
7005161
7005866
7007238
7009318
7009566
7011836
7011936
7013164
7014280
7014573
7014754
7016165
7016599
7016600
7017846
7017848
7018021
7021649
7022539
7026038
7026300
7026670
7027564
7028046
7028573
7028611
7030158
7031068
7031761
7032345
7032395
7035390
7035823
7038161
7038191
7038630
7041973
7042658
7042680
7043471
7043599
7043972
7044274
7045471
7049396
7049807
7051447
7051719
7051768
7052088
7052591
7052710
7052989
7053102
7055280
7056271
7056932
7058042
7063616
7064003
7066637
7066967
7071476
7072554
7073127
7074871
7075707
7077656
7078214
7078243
7078325
7078606
7078724
7080991
7084427
7087775
7090245
7092211
7093465
7093861
7094572
7096321
7097805
7098726
7100482
7101049
7101240
7101882
7102273
7102544
7103643
7104816
7105227
7105752
7107068
7107968
7110740
7111001
7112989
7113977
7114121
7114247
7114790
7114889
7115037
7118581
7119975
7120382
7120432
7121070
7123010
7123146
7123525
7123687
7125862
7126889
7128863
7129653
7131864
7132213
7132328
7133093
7134809
7135412
7138692
7138919
7140637
7143359
7143843
7143969
7144088
7145361
7146675
7146948
7148010
7148651
7148787
7149576
7151744
7152722
7153895
7155813
7157459
7158945
7160121
7161795
7163307
7163385
7165906
7169092
7170223
7170820
7171945
7172036
7173064
7173234
7173393
7173667
7174259
7175284
7175745
7175807
7175837
7175869
7176114
7176618
7178453
7178831
7180389
7182034
7182120
7183447
7183826
7183838
7184229
7184820
7185204
7186109
7187236
7187818
7187898
7192923
7196278
7196321
7196458
7196596
7197987
7198523
7198594
7200427
7202107
7205877
7207643
7207885
7208251
7208550
7209056
7210858
7212686
7213415
7213441
7214776
7217038
7218008
7218987
7222231
7222596
7224265
7225322
7225357
7226000
7226162
7226832
7227467
7230492
7230773
7231541
7232730
7232739
7234413
7235006
7235454
7235797
7236086
7237129
7239318
7241101
7241484
7242548
7243123
7243256
7243613
7245471
7246932
7251042
7251805
7252964
7253250
7254000
7254327
7254541
7254838
7257055
7257681
7258216
7259802
7261957
7262225
7265917
7266211
7267776
7267924
7270426
7272481
7272775
7273585
7274730
7274802
7277385
7278713
7279542
7279615
7280134
7281681
7284509
7287454
7287542
7288245
7288816
7289220
7291109
7291745
7292927
7293723
7295842
7296521
7298734
7300827
7301759
7302342
7303335
7303739
7304131
7304698
7304704
7304718
7306154
7306573
7307095
7307234
7307990
7308434
7309225
7310181
7311263
7313496
7315344
7315407
7316160
7317167
7317349
7319287
7319552
7320546
7323494
7323763
7323768
7324592
7326124
7327512
7332186
7333913
7336113
7336868
7338415
7339141
7339632
7342692
7344541
7344762
7345495
7346156
7347093
7347918
7348245
7350513
7350749
7350853
7351948
7354734
7355323
7355413
7355935
7356643
7358056
7358427
7359977
7360582
7360880
7361613
7361671
7363937
7364108
7364356
7364673
7365959
7366019
7366477
7366821
7366887
7366953
7369696
7369835
7370231
7371502
7372415
7373608
7377180
7377264
7380765
7382237
7383153
7383963
7385038
7385137
7386843
7387618
7388728
7389037
7389456
7390557
7392693
7394050
7396164
7396307
7397103
7399122
7399856
7400078
7401246
7402127
7402190
7402505
7402777
7403100
7403576
7404931
7405541
7406014
7407875
7408513
7411326
7411413
7411842
7412376
7412892
7414269
7419496
7419756
7419784
7420995
7422023
7423619
7425842
7427964
7430169
7430366
7432206
7432225
7432291
7432637
7434328
7435633
7438091
7439828
7440199
7440574
7441011
7441418
7441638
7444243
7444405
7446111
7447470
7447549
7448995
7449111
7453012
7453904
7454376
7455659
7455724
7456040
7457983
7458826
7459575
7459801
7461998
7462294
7462674
7463359
7464099
7464576
7466022
7469431
7470803
7470992
7471629
7472305
7472719
7473598
7474620
7475274
7476024
7476408
7477020
7477553
7477862
7479603
7479683
7480068
7480098
7480440
7480866
7481609
7483562
7484163
7484404
7485632
7487560
7487909
7491790
7493310
7495106
7495355
7497652
7499165
7499580
7499849
7500883
7504088
7504458
7504959
7505041
7505365
7506214
7507464
7508082
7508188
7508311
7509582
7509585
7509681
7509850
7511367
7513738
7513940
7516594
7517309
7520847
7521574
7521714
7523184
7523304
7523741
7524832
7525329
7525486
7526994
7527959
7528662
7529014
7529522
7531260
7531385
7534333
7534946
7535026
7537680
7537798
7538816
7539180
7539556
7539758
7540284
7541181
7541911
7545828
7546659
7547620
7550940
7551424
7551823
7552058
7553028
7557081
7558118
7558158
7558264
7559146
7559322
7559431
7559654
7560549
7560654
7561893
7563503
7564003
7564274
7564323
7564880
7565651
7566515
7566718
7566850
7570394
7570599
7570608
7571545
7571826
7572728
7574936
7575100
7576010
7576972
7577082
7577977
7578633
7580095
7581153
7581461
7581802
7582713
7583081
7583099
7583146
7584270
7585174
7587954
7589512
7589518
7590000
7591950
7592006
7592323
7592519
7594193
7594766
7594877
7595487
7595584
7595833
7598976
7599409
7599701
7600098
7600426
7602755
7603277
7603590
7605552
7613593
7614218
7615137
7618203
7618380
7618763
7623550
7623787
7627163
7627413
7627673
7627691
7628103
7629897
7630198
7630696
7631003
7631966
7633349
7635096
7636864
7637598
7641662
7643432
7645008
7646164
7650421
7651742
7652284
7652598
7652621
7653141
7654390
7655647
7656110
7656462
7657513
7657767
7661487
7662673
7664498
7665825
7667532
7672742
7674803
7674920
7676169
7678703
7681420
7683008
7684965
7688024
7689461
7692266
7695548
7695794
7696634
7697348
7697451
7699478
7701890
7703065
7705145
7705956
7706767
7707340
7707830
7709644
7711276
7711593
7711891
7713782
7714917
7714990
7716410
7718141
7719454
7722168
7723432
7723998
7725936
7726445
7727000
7727484
7728072
7728900
7731344
7734900
7735074
7739182
7740534
7741174
7741961
7742091
7743569
7745868
7746819
7747124
7747774
7747833
7748612
7750062
7751100
7751818
7755963
7758520
7758949
7759730
7759761
7763680
7765196
7765257
7766956
7769676
7770282
7770865
7770958
7770984
7771979
7772821
7774257
7775342
7775780
7775885
7776302
7776979
7777006
7777390
7778457
7779043
7779130
7779394
7781559
7782119
7782401
7782406
7782456
7782975
7783986
7784786
7786392
7786942
7789912
7789935
7792783
7793738
7794116
7794808
7796156
7796980
7797319
7797426
7799358
7800194
7800644
7800895
7801867
7802036
7804197
7805179
7808665
7809211
7811673
7812580
7813531
7815485
7816772
7820148
7822320
7823306
7823461
7826488
7826591
7828225
7829862
7831218
7831657
7834546
7834953
7834981
7835461
7836060
7839476
7840378
7842094
7842224
7843603
7844760
7845641
7846258
7847845
7848035
7848548
7849535
7850065
7850268
7850397
7852532
7854259
7854568
7855071
7855651
7855731
7856759
7857228
7858588
7859343
7860630
7860996
7862049
7862511
7863631
7867750
7867942
7868402
7868833
7870337
7870530
7871074
7871660
7871896
7872886
7872938
7873542
7874248
7874413
7874959
7875145
7875162
7875817
7879023
7879091
7879326
7879518
7879973
7880216
7881906
7882699
7883973
7884477
7884993
7887151
7887751
7887965
7888842
7889914
7890491
7890704
7890850
7898126
7899266
7902843
7902851
7903177
7903729
7905453
7906269
7907406
7907608
7907711
7908227
7909105
7909386
7910577
7912094
7912617
7912986
7914179
7919132
7919372
7920391
7920714
7921485
7926389
7926902
7927268
7928723
7928805
7929550
7930263
7930340
7932203
7932740
7932815
7933341
7933405
7934151
7934649
7934753
7934878
7935873
7936977
7939604
7939710
7940771
7943209
7944129
7945004
7946959
7947118
7948025
7948394
7948516
7949117
7949556
7949965
7951650
7951652
7953116
7954015
7954402
7958838
7960627
7961859
7961878
7962467
7963564
7965092
7968192
7969170
7969267
7970516
7971744
7972683
7973592
7973705
7974120
7974193
7975095
7976223
7976413
7979308
7979426
7980415
7982622
7984457
7985026
7985769
7987576
7991588
7992697
7995170
7995844
7995883
7996568
7997429
7998304
7998952
8000601
8001202
8001835
8002299
8002561
8003082
8003836
8005047
8005142
8008900
8009316
8011019
8011175
8011233
8012854
8013841
8014346
8015564
8016143
8016249
8017154
8017155
8017163
8017332
8017663
8018446
8018657
8018838
8019664
8019799
8020031
8021500
8024911
8025224
8026845
8027566
8029539
8031089
8033427
8033808
8034802
8036374
8037528
8038237
8039694
8040224
8041227
8041615
8042557
8042582
8042740
8042998
8043265
8043440
8043773
8045464
8047322
8048320
8048388
8048656
8050028
8051219
8052712
8053142
8053475
8054506
8055105
8055410
8056226
8057018
8057774
8059090
8059767
8061476
8062490
8062893
8063437
8064068
8065412
8068432
8069966
8071621
8072048
8074217
8075103
8076408
8077283
8078488
8078609
8080363
8080420
8080861
8082044
8082331
8082688
8083015
8083382
8083920
8084120
8084238
8084888
8086402
8086890
8087960
8089382
8090507
8092046
8092866
8093699
8096891
8097164
8097189
8102399
8103025
8104440
8104693
8106315
8107367
8108259
8108544
8109008
8109323
8110134
8110675
8111125
8111311
8111464
8112813
8114205
8114247
8115506
8115861
8115936
8121447
8122211
8122214
8122807
8122911
8123903
8125552
8126028
8126469
8127153
8127761
8127874
8129707
8129775
8129793
8129836
8130013
8132259
8133250
8133920
8135770
8136538
8137147
8138351
8138496
8138561
8139380
8140543
8145206
8150950
8151198
8151645
8152155
8152212
8153099
8153759
8154347
8156287
8158776
8159795
8160667
8161206
8161775
8162144
8163467
8164121
8165686
8166959
8167669
8168067
8168437
8169434
8171831
8174466
8174812
8175628
8176108
8181400
8181799
8182169
8183391
8184192
8185098
8186107
8186293
8186457
8186700
8187649
8188486
8189347
8190016
8190785
8191424
8191438
8191751
8192472
8192816
8195006
8195629
8195682
8195767
8195945
8197682
8197794
8200050
8200724
8202140
8202918
8203309
8203444
8203861
8205873
8206412
8206552
8207327
8208064
8209480
8209586
8210353
8210665
8212071
8212221
8215640
8217759
8217969
8218612
8218914
8220897
8221149
8221321
8223134
8223222
8223459
8223626
8223882
8227692
8227786
8228600
8229627
8230143
8230759
8230881
8230917
8231863
8233428
8233972
8234134
8234142
8235825
8237132
8237420
8237508
8239471
8240806
8240959
8241491
8243077
8243539
8244749
8247067
8247149
8248626
8249468
8249516
8249565
8249833
8250850
8252286
8252617
8253789
8253852
8254295
8254580
8255746
8256219
8256854
8257691
8257972
8259617
8260668
8260740
8260814
8261462
8261666
8262080
8263113
8263912
8266140
8268015
8269190
8270175
8271399
8272403
8273491
8273886
8273888
8274860
8279065
8280856
8281483
8282399
8282923
8284081
8284213
8284436
8284961
8286750
8287966
8289768
8289776
8291535
8291649
8292606
8293672
8293766
8295360
8295568
8296180
8297377
8298346
8298691
8299311
8300060
8302978
8303146
8303753
8304809
8306304
8308507
8308838
8309159
8309482
8309930
8310724
8311651
8311961
8312266
8313769
8313880
8314404
8314507
8314776
8315559
8317600
8318625
8318776
8318940
8320281
8320323
8320851
8324228
8324493
8325254
8325339
8325716
8326389
8326531
8327158
8327255
8327491
8327905
8328381
8328642
8328931
8329327
8331228
8331921
8332944
8333181
8334126
8338308
8339565
8341458
8341779
8342181
8344787
8347476
8350364
8352975
8353476
8354093
8355413
8356224
8356266
8357886
8358086
8358894
8362432
8363095
8363269
8366030
8368004
8369653
8370341
8372715
8373501
8374864
8375863
8376290
8376901
8377333
8378580
8378665
8378817
8378881
8382148
8382368
8382484
8383450
8383517
8384821
8384954
8385039
8385089
8387768
8388531
8392555
8393319
8395868
8395882
8396136
8398969
8400151
8401172
8401175
8402230
8404812
8406451
8407074
8407702
8408294
8409515
8409856
8413028
8413064
8413081
8414641
8415092
8415773
8417013
8417410
8418650
8420267
8421013
8422188
8424002
8427093
8427677
8427789
8428288
8428292
8428956
8430678
8431355
8431481
8432400
8433057
8434715
8434997
8435320
8435548
8436041
8437211
8443772
8444601
8444789
8445252
8445490
8446252
8446449
8447699
8449551
8449719
8451353
8451571
8452087
8454368
8455438
8459099
8459190
8459708
8463072
8463814
8463976
8465026
8466269
8466931
8468608
8468851
8470163
8472628
8472909
8473510
8479255
8479267
8480281
8481610
8484593
8484842
8484915
8484945
8485610
8486149
8489653
8490007
8490319
8490684
8490829
8491340
8491547
8491916
8494181
8494619
8494927
8497146
8497626
8498183
8499437
8499443
8499946
8501128
8502128
8502886
8504000
8504614
8504775
8505530
8506208
8506798
8509675
8510422
8512121
8514257
8514501
8515137
8517640
8518907
8519023
8520395
8522876
8523376
8524131
8524274
8526509
8527079
8527277
8532059
8532865
8533384
8535498
8536787
8538784
8539700
8540102
8540392
8540961
8541799
8541807
8543646
8543874
8544749
8545180
8545388
8546420
8546852
8547100
8548183
8548480
8548879
8549545
8551860
8552055
8553650
8554873
8555336
8556112
8557068
8558156
8558876
8560966
8562004
8562011
8562312
8564300
8565472
8565921
8566395
8568242
8568323
8569023
8569501
8569872
8571574
8573193
8573276
8574055
8574598
8575259
8576070
8576183
8577284
8579023
8579075
8583937
8585416
8585631
8585778
8588027
8589539
8590636
8590963
8591463
8591536
8592924
8596905
8597093
8597136
8599356
8601183
8602103
8602867
8603699
8606753
8606823
8606857
8610213
8611108
8614527
8614880
8615091
8617039
8618823
8619406
8619502
8621148
8625091
8625854
8625921
8626267
8626563
8627087
8627719
8627847
8629098
8629387
8629971
8634058
8634531
8635296
8636102
8636110
8636628
8637406
8637457
8640746
8641239
8641903
8642334
8643244
8643647
8643892
8645737
8647009
8648115
8650894
8651617
8652115
8652313
8652559
8653939
8654736
8657800
8658163
8658316
8658891
8661593
8661713
8662272
8663853
8664783
8665378
8666400
8666731
8668846
8669193
8669469
8669827
8670351
8670959
8671844
8671998
8672542
8672910
8675037
8675684
8679943
8679996
8680869
8681770
8682479
8682985
8682988
8683118
8684608
8685485
8685734
8687613
8688393
8689117
8689725
8691459
8691769
8692930
8693534
8693904
8695323
8695769
8696554
8697276
8697280
8698240
8699781
8701480
8702198
8702735
8702782
8703153
8704864
8705854
8706119
8707714
8710452
8711384
8711484
8713075
8715398
8715954
8719743
8720009
8720177
8720531
8720725
8721396
8723100
8723267
8725597
8726452
8727680
8728239
8730320
8730838
8735585
8736820
8737259
8738972
8741595
8742170
8742308
8742978
8743508
8744759
8745455
8745466
8745637
8745808
8745829
8747407
8747841
8748103
8749282
8750629
8752827
8753016
8754340
8754686
8755045
8756682
8757744
8759825
8760146
8761234
8761885
8763116
8763139
8763615
8765562
8768130
8770967
8773109
8775149
8777594
8778337
8779261
8780027
8780201
8780899
8781136
8783950
8785118
8785706
8786798
8788881
8790384
8790751
8793521
8794998
8795139
8795328
8797440
8800355
8801828
8802080
8802136
8803947
8803955
8805383
8806070
8806608
8806696
8807348
8807577
8807647
8809245
8809319
8810174
8810702
8811034
8811493
8813224
8813656
8814671
8815110
8815278
8815330
8816321
8817564
8817961
8819298
8821671
8822068
8822314
8822784
8826024
8834043
8835179
8835237
8836887
8837199
8839908
8840583
8841045
8842827
8843443
8843706
8844753
8847872
8848502
8848803
8849232
8849392
8850024
8851069
8851365
8852084
8854690
8857742
8857756
8858024
8858799
8859722
8862062
8862560
8863047
8865499
8866606
8867097
8867449
8867837
8869457
8870033
8871812
8874030
8874808
8875577
8877056
8877877
8878553
8879764
8880085
8880762
8881424
8882813
8883072
8883615
8891760
8892016
8892206
8894012
8894472
8895805
8896620
8897850
8898835
8899797
8901809
8903104
8903263
8903944
8904908
8905528
8907379
8907544
8908802
8910402
8911013
8911239
8911671
8913370
8914461
8916170
8916375
8916617
8916876
8919346
8919618
8919641
8920191
8921001
8921188
8921624
8922977
8923745
8923766
8926051
8927074
8928245
8931068
8931148
8931548
8932622
8933272
8934015
8934313
8935489
8935536
8936022
8936103
8937173
8938654
8939569
8941191
8942218
8942536
8943805
8945267
8945669
8945863
8945883
8949843
8950187
8953133
8953834
8954247
8955003
8958594
8958910
8959549
8959560
8960176
8961596
8962113
8966003
8966290
8967319
8968798
8969972
8972926
8973352
8973530
8974031
8974235
8974271
8974289
8975620
8976321
8979724
8979849
8984182
8985932
8986241
8987317
8987735
8988456
8989049
8989880
8990688
8991251
8992050
8992170
8992254
8994031
8994263
8994717
8994882
8994934
8995692
8996959
8997274
8997926
9008179
9008752
9010761
9011207
9011324
9013546
9013808
9015517
9015768
9015794
9016235
9017039
9018011
9022186
9022883
9023392
9023704
9024030
9024701
9026151
9026448
9026737
9026801
9027413
9030091
9030969
9034025
9034158
9036136
9038842
9041370
9042823
9042861
9043443
9043963
9044457
9046187
9046614
9047040
9047514
9047521
9050113
9050917
9051930
9053451
9055628
9056034
9056622
9058845
9059378
9059892
9060354
9060999
9062728
9065000
9067723
9068592
9069079
9070895
9074173
9074493
9074670
9075602
9075686
9075808
9077584
9078001
9079741
9080959
9083376
9084572
9085111
9085367
9085833
9088135
9088954
9091379
9091881
9092644
9095120
9095406
9096131
9097328
9097394
9099109
9101115
9102386
9102406
9102655
9103384
9104314
9105326
9105542
9107815
9109140
9109271
9111282
9111307
9113089
9115385
9115856
9117361
9121264
9121369
9121894
9122064
9122925
9123394
9126462
9126749
9126922
9127262
9127964
9128188
9128590
9132092
9132202
9132988
9133051
9133520
9136342
9138123
9138744
9139738
9139798
9142929
9143810
9144348
9146093
9147986
9148118
9148591
9149096
9149648
9150330
9150553
9151391
9153632
9154327
9154936
9156382
9157635
9158973
9159025
9161838
9164637
9166644
9166809
9169477
9171276
9171768
9173286
9173677
9174647
9174787
9174875
9175451
9175683
9176694
9180462
9180942
9181977
9182365
9186543
9187360
9188080
9188097
9189264
9190694
9191092
9192262
9192355
9196592
9197167
9197259
9199239
9200277
9202201
9204931
9205793
9206532
9206622
9210012
9210545
9212232
9212673
9213488
9213580
9214405
9214724
9215280
9215680
9216042
9216110
9217004
9217915
9222504
9223437
9224593
9225570
9225777
9225810
9225870
9226436
9227841
9227996
9228253
9229436
9232034
9232524
9235933
9237171
9237498
9238133
9239583
9240083
9240562
9241257
9242112
9243217
9243335
9243528
9243898
9244751
9245208
9246066
9247446
9249762
9250113
9250120
9252214
9252395
9254020
9254566
9258331
9258354
9264009
9264366
9264634
9264908
9266210
9268117
9270572
9271041
9271050
9274477
9276195
9276648
9279286
9281719
9282670
9284421
9284564
9286435
9286642
9290264
9291196
9298591
9298601
9303644
9305093
9307404
9307518
9308559
9309639
9309694
9310197
9311090
9311418
9312897
9314183
9315412
9319747
9321071
9321907
9323941
9325770
9326857
9328169
9328487
9328679
9328712
9329208
9329639
9330647
9332058
9333686
9335057
9335371
9338179
9341506
9341550
9342050
9343802
9346083
9349010
9349061
9349495
9351718
9354340
9355856
9357278
9357298
9357320
9359674
9364637
9366508
9371160
9371469
9372057
9372838
9372895
9373174
9373578
9373979
9374955
9375122
9376160
9376391
9377087
9377308
9378790
9379068
9380293
9382212
9383178
9384382
9384391
9387116
9387259
9387987
9389513
9390331
9391397
9391831
9393695
9394408
9394812
9396117
9396297
9397313
9397779
9398079
9398963
9400512
9400854
9401358
9403244
9403417
9404117
9404263
9405003
9407670
9409330
9409387
9413055
9413735
9414387
9416182
9416528
9417764
9418379
9419906
9420036
9420780
9421061
9422159
9422160
9423254
9423297
9423667
9424723
9425638
9425973
9426116
9428130
9428359
9429597
9429788
9430440
9430541
9431261
9431743
9431785
9432515
9433685
9434146
9435860
9437266
9438117
9439162
9440310
9440361
9441132
9441147
9441905
9443867
9444268
9446217
9447481
9448100
9448258
9448432
9451230
9451451
9451905
9452646
9457216
9457696
9458196
9461271
9461355
9462100
9462218
9462414
9462995
9465487
9470178
9471747
9475799
9477080
9477449
9477888
9477946
9478076
9478413
9478527
9478702
9479839
9480276
9481948
9487708
9489205
9489327
9490450
9491212
9492479
9492899
9493197
9496606
9498337
9498886
9499112
9500024
9502809
9503001
9503629
9504549
9505479
9507938
9508144
9508502
9509597
9510442
9511428
9514769
9517432
9517452
9518251
9518294
9520370
9520428
9520459
9521919
9522992
9523028
9525450
9527313
9527459
9527616
9528482
9529005
9529915
9530670
9531826
9538141
9539939
9540004
9541590
9541729
9545289
9545993
9546824
9546855
9547575
9548949
9549993
9550321
9550818
9551132
9551924
9553140
9553338
9553893
9554084
9554759
9557556
9559953
9560333
9561301
9561462
9563552
9564055
9565117
9566408
9566970
9567492
9567700
9567724
9569108
9570527
9571194
9574562
9576028
9577327
9578889
9581313
9581409
9582179
9582314
9582689
9583125
9583565
9585831
9585998
9586641
9588388
9590024
9590731
9592256
9592994
9594688
9595016
9595067
9596486
9597274
9598348
9598549
9598804
9599327
9600035
9601345
9601573
9601982
9602416
9603636
9603875
9604611
9604978
9606126
9607631
9610043
9611941
9613942
9614360
9615804
9616065
9616081
9616321
9617993
9620085
9620126
9620728
9621308
9622042
9622381
9622443
9622821
9623475
9625585
9626887
9626937
9628563
9628719
9629123
9630400
9630441
9631651
9634102
9635804
9636889
9638819
9639435
9640738
9641199
9641289
9642775
9642931
9643131
9644649
9645706
9646904
9647870
9652577
9655009
9655273
9657848
9658312
9662251
9662793
9664937
9664980
9666961
9671139
9671503
9672611
9675451
9675652
9676206
9676217
9676694
9676869
9680686
9681851
9682094
9682312
9682583
9685164
9686441
9687578
9689260
9689746
9690108
9690442
9690654
9691916
9695097
9696101
9696112
9696178
9697029
9698355
9698519
9700923
9701795
9702074
9702151
9702656
9703068
9703110
9704423
9704926
9704947
9706277
9708221
9709721
9710828
9712574
9712989
9713328
9713395
9713787
9716759
9717030
9717770
9718939
9719335
9721355
9721788
9722714
9723179
9723432
9724361
9724395
9724444
9725858
9727592
9728743
9729235
9729539
9729953
9730882
9731284
9731644
9732675
9735453
9735544
9735967
9736935
9737383
9738525
9740274
9740313
9741420
9743069
9751670
9754403
9754698
9755152
9757655
9758108
9759678
9759789
9760200
9763181
9763880
9765816
9766786
9766811
9767067
9768575
9768717
9773631
9774598
9775935
9777607
9777710
9778034
9779662
9779884
9780542
9782030
9784058
9784474
9785027
9786623
9787400
9787964
9790455
9791007
9792466
9792923
9793377
9793690
9794782
9795866
9796746
9797080
9799412
9799433
9801804
9802066
9802393
9803127
9803475
9805578
9807195
9809777
9811998
9812629
9813832
9813915
9814525
9815002
9818253
9820551
9821525
9821689
9822628
9822664
9823171
9823253
9823672
9824484
9824779
9827569
9828499
9829184
9829371
9830262
9830490
9830553
9830777
9830787
9832422
9833322
9836187
9836598
9836848
9836919
9837652
9838092
9839598
9839733
9840234
9840998
9844220
9844978
9845356
9846927
9847846
9850493
9852592
9852756
9852962
9853148
9854132
9854424
9855316
9856801
9856870
9857406
9857497
9858821
9858954
9859377
9861098
9862172
9862370
9863101
9863815
9863912
9865053
9865175
9871706
9871978
9872141
9873666
9874554
9875116
9875476
9879868
9882407
9883477
9884575
9885396
9887403
9887839
9887941
9890415
9891666
9892113
9892619
9893111
9893508
9894756
9895027
9895277
9896614
9896668
9896731
9897159
9897234
9897635
9898229
9898748
9899923
9899994
9903824
9905811
9906024
9907261
9907826
9909520
9910056
9911993
9916372
9916901
9917056
9918620
9919203
9920307
9920847
9921115
9924876
9924989
9925080
9925560
9925904
9926709
9927308
9927332
9928289
9929046
9931005
9931336
9931925
9932894
9933051
9933081
9934626
9935380
9936303
9936901
9937429
9938690
9939654
9941939
9942328
9943227
9944410
9944678
9944988
9945203
9946148
9946201
9946829
9947562
9948695
9949575
9951149
9952249
9952515
9953437
9954088
9954386
9954407
9956443
9956782
9956830
9958042
9958170
9960587
9962034
9964365
9965887
9966717
9966776
9966987
9967488
9968874
9969552
9969990
9970606
9971992
9975599
9977274
9977482
9979238
9986665
9987163
9987852
9989058
9991446
9991631
9991761
9992732
9993639
9994140
9994746
9995287
9995832
9998608
9998718
