143
557
1014
2597
3474
3678
4200
7925
8610
9381
10158
10497
11627
13453
13930
15776
16241
17157
17990
18977
21637
23932
24138
25037
25330
26109
27798
28226
30933
31122
33643
34040
34096
34946
37038
37601
38095
38588
38908
39415
39551
39803
43568
44055
45132
45147
46213
48368
49596
52471
52594
53145
55260
55359
56033
57839
58002
58007
58942
60476
61467
62043
63257
63927
63991
64210
65495
66382
66722
67564
68231
68511
71895
73082
73373
73805
74844
75165
76239
76563
76843
77065
77946
80146
80544
80829
81460
81893
82710
83212
83833
83894
84684
85458
85686
87839
88689
90064
90214
92985
93800
93967
94220
99851
101293
101621
104407
107578
110198
110356
112850
114948
115592
115712
120394
125810
127155
127270
127278
127719
127771
133804
134191
134311
134481
135429
135627
136092
137404
137823
140892
141866
142041
143420
143495
147213
148485
149183
149400
150412
150651
150849
151831
152288
152494
152571
153238
155216
156449
156976
158374
158395
158762
160290
162187
162411
164668
167501
168132
171476
171707
172061
172753
172845
173057
174627
175339
175922
176788
178260
179069
179791
179855
181259
181894
181986
183467
184624
185365
190067
190233
191128
191227
192507
195144
195769
196443
199057
200388
201202
201908
202303
202553
202984
203482
204052
204965
205517
205529
206877
208770
209152
209265
209591
210657
211331
211992
212618
214399
215122
216758
217656
217946
218758
222361
222660
224292
224633
225103
226848
227587
228526
230106
232280
233292
233379
233975
234329
235428
235654
235693
236354
236461
236966
239436
240646
241637
242333
242586
244157
244566
245116
246347
246496
246734
248257
249076
250074
253289
257575
257980
260482
261027
261598
262037
262725
263542
263651
265673
266005
266018
266039
266110
266268
266480
267752
268019
268680
272824
274233
274243
274624
275479
275489
275708
277146
277457
279569
279731
280747
284603
285650
286490
287256
287618
289244
293498
293937
293952
295050
295750
295787
295979
296273
296748
297590
297792
300183
300549
301172
302310
304151
306130
306757
307571
307945
308076
308612
308825
309848
310180
312476
312738
315199
316022
316641
317538
318144
321078
325685
327260
327828
328015
328357
331436
331831
333162
333747
334458
335389
336637
338649
339739
340976
343126
343504
343617
344073
345351
346216
346334
346396
347337
348031
348665
350605
351252
351648
351733
352625
352879
355246
356494
356725
357440
360182
360188
360194
362112
363284
363458
363928
364374
364483
365196
366636
367836
367970
372685
373436
374119
375556
375949
376459
376900
378185
380468
381365
381431
382176
385093
385679
386277
390611
392492
392546
393253
394082
394725
397103
397567
402602
405098
405535
407168
407775
408013
411010
412407
413436
413566
413762
414057
416080
416221
416506
416648
416747
417239
417415
417601
417881
419248
419534
420492
424575
425805
426026
426259
431666
432440
432569
434699
436386
436811
437399
439120
439774
440935
443824
444901
447573
448661
449581
450224
452308
452657
452665
453278
453640
457405
457761
461994
462919
464515
465831
465993
466045
467747
469189
469771
472166
473043
474474
476225
477563
478962
479453
479633
479963
480014
480342
480467
483257
483342
483653
484219
485557
485869
486091
488268
488293
489072
490431
491886
492034
492108
492383
492523
493883
494009
494814
494921
495556
495658
496728
496805
497490
497760
498529
498750
499574
500114
502442
503046
503839
505067
506116
506867
507517
507964
509264
510365
510377
510794
512413
513279
514549
515303
515488
515545
517201
518616
518896
520970
521388
521790
522133
522767
522998
523806
524952
526419
526554
526569
529968
535097
536056
536792
536997
540093
541299
541470
543147
545530
547743
548929
549911
551993
552338
553165
553683
553897
554043
554619
556217
558524
558820
559788
559795
560848
561225
562200
562201
563064
564165
564644
568854
569361
571710
575042
576223
576728
578423
578473
579075
580788
580869
581048
581113
581716
582656
583158
583644
587420
587991
588232
588405
589152
589595
590926
591014
592289
592796
599652
601421
601445
602697
602974
604040
605210
607106
607117
607414
607569
608807
610471
610594
611726
612546
614123
614696
616600
617062
618835
620203
621784
622342
622425
623682
625164
626325
628896
630545
631869
633120
634297
634759
634921
635774
635996
636048
636427
637048
637160
637878
639657
639697
644826
645257
645372
646608
647491
648846
649173
649575
651040
651127
651536
651683
653034
654934
655293
655903
656441
656955
658024
658335
659056
659156
662688
663564
663969
664211
664560
666271
668606
669203
669997
670946
674425
674484
675157
676594
677326
678086
678163
678196
679636
680466
684244
684437
684711
686789
687317
687571
688386
688653
689218
689615
689941
689997
691091
691343
691410
691511
694660
696290
696675
697341
697897
697948
699574
701178
702276
705447
706303
707030
707324
707579
707720
707975
708663
708777
708973
709733
710409
710606
712386
712827
712849
714277
715017
715544
715675
716301
716302
717026
717175
717482
719065
719350
719705
719882
720506
720594
720833
721519
722724
723700
728997
729765
731776
732819
734014
735133
735873
736985
737492
738230
740180
741774
742438
742499
744947
746239
746775
747352
747995
750120
750228
750689
750831
750886
751525
752203
752313
753109
753640
754096
756833
757394
757735
758847
759139
759312
761605
762095
762227
762425
762694
762844
763615
763648
763747
765447
766866
767912
768160
771043
773403
774917
775284
776353
777230
777657
778171
778242
778738
778805
778910
779032
779719
780156
781194
781494
782746
783807
785321
785425
790478
792566
792879
793042
793520
795181
796153
797275
799944
799946
800585
800955
801028
801884
804034
805048
806568
806821
807100
807632
808337
808762
813148
813810
813873
815383
815878
815964
817987
818664
818802
822307
822800
823375
823794
824931
825296
826875
827281
828494
828691
828756
829337
831389
831575
831749
833005
835157
835905
835983
837158
840007
840533
843728
844527
844590
848251
850762
851605
851949
852339
853034
853233
853682
854513
855102
856918
857731
858448
858469
859496
859572
861581
862015
862408
863344
863436
863819
864382
864781
864941
865979
866031
866038
868760
868879
870931
871624
871649
873416
873913
874639
877014
877147
877188
877445
878128
878741
879461
880645
882300
882839
885062
885836
886062
889955
890138
890244
891539
891857
894924
895013
895822
895829
897029
897189
897744
897785
900416
901305
901313
903624
903793
905143
905373
905570
906852
908847
909287
910616
911872
912056
912545
913021
913383
914209
915544
915710
915824
917453
917725
917803
919961
920330
920625
920985
921799
921945
922912
926206
926346
926367
930975
931324
932309
932673
932935
933404
934738
937928
938615
938931
939417
939473
941625
941811
942550
942735
946269
946757
947615
947977
948616
949459
949851
951267
952111
954019
954192
955351
955356
955365
955368
956494
958490
958506
958586
960539
962284
962575
962612
963159
963585
963668
963833
964490
965466
967234
972409
975424
976047
977593
977694
978724
979937
981867
982523
983954
985715
986185
986492
989063
989378
989624
991300
991498
992823
992837
993199
995350
995641
996135
998982
1000107
1000847
1001139
1001918
1003027
1003602
1005500
1005552
1005648
1005844
1006408
1006423
1011714
1013115
1015611
1016100
1016821
1016976
1018664
1018779
1019777
1020320
1020423
1020922
1021927
1022738
1023332
1024385
1026243
1026410
1026456
1028868
1029456
1030807
1031614
1032619
1033673
1034532
1037463
1038056
1039835
1039839
1040615
1041981
1042151
1043665
1043681
1043711
1043958
1047696
1047702
1048032
1048060
1048485
1050198
1051163
1051702
1054389
1054635
1055567
1059415
1062229
1063067
1063231
1064975
1065258
1072404
1079967
1081690
1081899
1082633
1083112
1083995
1084803
1084833
1085162
1085586
1086251
1086268
1086691
1091539
1091883
1092716
1093086
1094392
1095332
1095974
1096216
1096861
1097430
1101467
1101997
1103589
1103910
1104199
1104351
1106533
1107746
1108353
1109163
1113342
1113520
1113838
1114520
1115085
1115135
1115981
1116167
1116292
1117130
1117351
1117616
1117765
1118163
1119925
1123336
1123452
1123951
1125232
1130315
1131078
1131760
1131892
1133528
1134856
1137190
1138104
1138231
1138698
1139792
1140528
1140705
1143237
1143781
1145844
1145910
1147851
1148307
1149163
1149487
1150725
1153514
1153824
1154399
1154828
1155189
1155315
1155612
1157727
1158223
1158745
1159159
1161442
1161773
1162457
1164846
1166579
1166989
1168146
1168703
1169001
1169808
1171294
1173077
1173460
1174093
1174535
1175882
1177195
1179990
1180462
1181179
1183808
1184293
1184442
1184482
1186527
1186583
1190104
1190456
1190666
1190779
1193910
1195375
1195579
1196270
1197756
1198435
1198755
1201299
1201754
1202157
1203260
1204688
1205634
1207256
1208641
1209105
1209190
1210026
1210122
1210242
1210980
1211202
1212275
1212489
1213659
1215833
1215962
1216009
1217601
1220534
1221181
1221435
1221669
1221978
1224436
1226418
1227127
1227664
1228234
1228267
1228684
1229705
1230077
1231058
1231946
1233165
1233226
1233638
1234944
1235188
1235571
1236275
1236507
1237526
1239208
1241002
1241014
1241081
1242031
1242091
1245275
1249339
1249765
1250603
1252578
1254216
1254843
1255322
1255444
1255794
1255847
1256837
1260382
1260842
1264093
1264964
1265033
1267666
1268123
1268854
1269609
1270442
1270535
1270718
1271906
1273114
1273760
1274190
1276264
1277573
1277579
1278522
1279629
1279835
1281990
1282326
1282756
1283464
1284257
1287406
1289710
1291047
1291107
1291191
1291320
1291477
1291622
1291713
1292139
1292176
1292301
1292491
1296671
1296811
1296835
1298680
1299344
1299642
1299919
1300974
1302672
1304650
1307736
1308418
1310065
1312035
1313134
1313175
1313609
1313873
1316182
1317211
1319321
1319690
1319778
1320775
1321899
1322375
1322747
1324240
1326101
1326107
1326390
1326641
1327218
1329087
1334033
1334670
1336219
1336634
1336697
1337067
1337914
1339808
1340090
1344797
1345690
1348195
1348258
1348481
1348955
1350450
1351219
1351272
1351878
1352337
1352555
1354635
1355709
1357322
1357763
1360252
1361071
1361807
1362949
1363038
1363411
1363567
1363937
1365925
1366132
1367005
1371527
1373394
1374314
1377582
1378706
1380712
1380912
1381610
1382961
1385042
1385266
1386686
1388035
1389661
1389791
1390209
1390902
1391921
1394281
1394283
1395030
1397141
1397639
1398677
1400255
1400295
1400623
1400734
1404984
1407962
1409441
1409604
1409925
1411521
1412369
1414189
1414835
1415259
1415479
1417516
1417979
1418013
1418194
1418433
1419034
1419082
1419876
1421079
1421428
1422638
1422736
1422966
1425013
1427741
1427958
1428192
1428818
1429320
1430892
1432781
1433628
1434385
1434965
1436631
1437268
1437540
1438315
1438345
1438972
1439978
1440805
1441043
1441148
1441187
1444816
1444942
1445592
1448318
1449791
1449948
1450169
1450322
1450565
1450817
1451453
1452036
1452110
1454441
1455238
1457214
1458175
1458479
1459113
1459343
1459836
1461307
1463167
1464211
1465153
1465257
1465632
1467419
1469452
1470368
1470999
1472017
1473192
1477694
1478668
1479227
1479790
1480187
1480287
1480821
1480872
1482561
1484112
1484124
1486357
1486418
1488158
1489932
1490298
1491405
1492437
1492714
1493243
1493779
1493844
1495595
1497207
1497572
1499993
1500409
1502663
1504408
1504797
1506185
1506831
1506841
1508685
1512008
1512983
1516080
1516597
1516690
1517867
1518968
1519091
1520200
1520844
1522408
1522539
1523075
1526669
1529208
1531629
1534817
1535307
1536120
1540642
1542817
1543857
1545575
1545759
1546569
1547079
1547246
1548489
1549409
1551960
1552796
1552815
1553603
1553892
1556999
1557017
1557489
1558134
1558831
1559096
1559177
1561690
1561778
1562006
1562253
1562858
1563146
1565917
1566735
1567061
1571062
1573197
1573256
1574921
1575410
1575412
1580671
1581710
1585470
1585686
1587390
1587491
1587563
1588280
1589103
1589373
1591171
1592807
1593149
1593263
1593497
1594333
1595646
1597313
1597390
1597711
1598946
1599279
1599652
1601643
1601700
1601935
1602588
1603687
1604461
1605569
1608754
1609098
1609550
1609719
1611869
1612550
1612707
1613760
1614426
1615852
1618464
1620814
1624195
1624698
1627531
1628890
1628916
1629700
1631086
1631807
1632457
1632525
1633724
1633812
1634001
1639307
1641805
1642597
1642845
1644035
1644590
1644790
1645374
1646089
1646703
1647109
1648208
1648593
1649001
1649528
1650426
1650918
1652167
1653513
1653617
1653619
1654135
1654998
1656343
1656395
1656791
1657091
1658142
1658712
1659356
1659556
1659582
1662680
1663598
1664905
1665738
1665824
1666550
1667663
1669497
1669624
1670283
1671242
1672657
1672958
1673920
1674731
1675537
1676474
1678680
1679639
1682081
1685390
1685750
1686918
1687470
1687722
1688151
1688444
1689436
1692600
1692995
1693967
1694226
1696673
1697582
1699346
1700206
1700323
1701340
1701653
1702927
1703398
1704037
1708244
1711507
1711588
1712989
1713576
1713716
1714646
1714742
1716199
1716259
1718098
1720391
1721505
1721975
1722381
1723489
1723821
1724068
1726923
1728528
1729033
1729158
1731312
1731732
1735683
1736570
1738783
1739434
1739824
1740206
1740236
1740637
1740717
1741763
1741918
1743536
1744110
1745405
1747511
1748979
1748989
1749488
1750081
1751153
1751433
1752166
1753377
1753394
1754005
1754192
1754545
1755063
1755405
1756969
1759884
1760144
1760449
1762169
1763393
1763421
1763837
1764980
1767201
1767503
1768956
1770999
1774727
1775692
1775700
1777745
1779155
1780068
1780376
1782477
1786284
1787147
1787277
1788352
1790247
1790275
1790278
1791076
1791486
1793127
1793356
1796240
1799109
1799222
1801448
1801719
1801885
1803666
1803761
1804985
1805475
1805925
1806361
1807697
1808129
1808780
1809469
1809765
1810080
1810632
1810721
1811075
1814052
1814951
1815351
1815575
1818489
1819322
1820429
1820470
1820756
1822767
1822794
1823820
1824257
1825098
1825329
1828034
1828939
1831363
1832000
1832156
1833251
1835977
1837648
1838134
1838206
1838272
1839757
1840123
1840272
1841588
1841849
1842434
1842879
1843041
1844644
1847470
1847801
1849826
1850607
1851440
1853174
1853572
1853615
1854478
1854993
1856461
1856478
1856695
1856732
1857180
1857353
1858903
1860322
1861350
1862715
1862785
1863347
1863382
1865036
1865719
1866924
1867169
1868176
1868225
1870171
1870219
1872651
1873858
1878131
1880142
1880791
1880921
1881089
1882744
1882954
1883895
1884408
1884882
1885947
1886592
1887506
1888143
1890579
1890995
1892964
1893412
1895231
1896529
1897862
1898254
1898320
1901469
1902422
1902703
1903346
1904310
1905196
1905320
1906966
1907262
1907595
1907741
1908462
1909389
1909612
1910723
1911247
1912601
1913622
1923857
1923864
1923865
1925167
1927644
1928399
1928749
1929246
1930756
1930979
1931086
1931962
1932614
1935512
1936270
1938671
1938694
1939441
1940543
1940618
1941840
1942877
1942888
1943591
1945451
1946441
1947063
1947529
1949100
1949547
1950241
1950277
1950897
1952163
1953972
1954737
1955463
1956108
1961067
1963310
1966078
1967527
1968246
1972208
1974583
1979077
1980892
1983016
1983322
1983358
1986631
1986753
1989119
1989439
1989660
1990174
1990391
1990710
1994452
1994641
1994833
1995989
1996749
1998076
1998781
2000139
2000681
2001411
2001863
2002371
2002377
2002720
2003152
2004481
2004500
2006133
2007942
2008786
2008880
2008959
2010219
2012620
2013353
2014067
2014596
2016732
2017141
2018077
2020596
2020730
2023599
2024082
2024262
2026786
2027654
2029471
2029766
2029941
2030429
2031174
2031936
2032698
2036538
2038316
2039579
2043452
2044236
2044845
2047537
2050271
2050328
2050904
2052557
2052982
2053328
2054092
2054411
2055903
2056731
2058028
2058071
2058326
2059113
2059363
2059743
2061032
2061233
2061512
2061595
2062614
2063062
2064718
2067067
2070525
2072040
2072541
2073623
2073812
2074110
2074375
2076825
2076841
2076888
2077225
2079037
2079245
2080069
2080828
2080961
2081174
2083797
2085044
2085170
2086424
2086693
2086818
2087300
2087618
2089754
2089798
2090650
2095139
2097179
2097406
2100270
2100987
2101930
2102257
2102575
2102712
2102830
2103504
2103764
2105562
2106185
2106251
2107572
2108844
2109637
2109735
2110397
2111667
2111722
2111962
2112336
2113096
2113499
2115123
2115247
2115374
2115383
2115413
2116005
2116739
2116863
2117644
2119069
2119267
2119981
2121472
2122325
2122918
2124133
2126488
2126598
2128189
2128811
2129343
2132275
2132432
2133593
2133659
2135429
2136946
2138353
2138551
2138668
2138842
2139330
2142154
2142993
2146492
2146575
2152974
2154446
2155332
2156233
2156271
2159929
2161224
2163233
2165810
2167147
2170844
2170915
2172009
2172078
2173099
2173567
2173731
2174682
2175168
2175290
2175872
2177240
2179723
2179831
2180525
2180737
2181248
2181699
2182628
2182635
2183165
2183340
2183710
2187684
2189240
2191135
2191224
2191419
2191920
2192431
2193024
2194685
2195426
2195631
2195911
2196307
2196709
2197187
2197791
2201059
2201276
2201660
2204545
2206109
2206211
2206300
2207366
2207587
2208815
2210600
2213050
2216761
2218357
2220412
2220472
2220968
2222050
2222078
2224268
2224317
2225164
2230730
2230997
2231085
2231182
2231906
2232071
2232753
2232861
2234513
2234874
2236161
2236314
2236846
2238271
2240770
2242641
2246064
2247661
2249162
2250011
2252516
2253172
2254218
2255749
2257905
2259092
2260358
2260605
2261447
2261742
2261805
2263503
2263907
2264139
2264279
2265567
2268995
2269813
2269942
2273711
2274384
2274754
2277361
2277570
2278797
2280924
2283191
2283237
2283874
2284445
2284824
2285386
2285789
2286532
2286600
2286832
2287331
2287697
2291245
2291471
2291830
2292268
2292621
2293453
2296476
2296643
2299836
2300683
2300825
2301937
2304349
2304379
2305051
2305350
2305540
2305837
2307628
2307951
2308130
2308217
2313421
2316357
2316388
2318394
2320169
2322025
2323775
2325165
2325219
2325852
2327008
2329815
2331863
2334404
2336063
2336917
2339364
2343069
2343214
2344821
2344931
2346366
2348671
2349429
2351900
2353040
2354035
2354674
2355293
2356011
2356501
2358343
2361119
2361225
2361915
2362933
2363137
2363323
2364537
2366389
2366507
2366595
2367256
2367363
2368619
2368770
2368856
2369134
2370971
2371515
2372715
2373498
2374785
2374979
2377840
2378819
2380284
2381348
2381741
2382842
2383473
2384138
2386408
2386762
2387347
2387408
2387588
2388171
2389040
2389309
2389331
2389474
2390138
2390433
2394336
2395365
2395788
2397169
2397914
2397990
2398213
2398650
2398990
2399912
2400685
2401677
2402148
2404751
2404997
2405172
2405738
2405891
2408709
2409344
2409403
2410030
2413073
2413491
2413499
2416527
2418394
2419152
2421088
2423066
2423402
2423407
2423873
2424746
2425578
2428134
2430645
2431905
2432083
2434916
2436410
2437118
2437558
2437625
2439266
2440131
2440286
2442963
2446137
2447114
2448905
2450076
2450231
2451330
2451345
2452320
2452619
2453559
2454680
2456776
2457102
2457748
2457924
2458338
2458388
2459088
2460222
2460423
2460794
2461088
2461389
2461849
2461888
2462395
2462559
2463095
2463917
2464029
2464185
2465786
2468325
2468986
2470947
2471286
2472830
2475293
2475653
2475681
2475731
2475828
2475901
2476338
2477071
2477148
2477425
2479313
2481131
2481138
2482647
2483294
2486534
2488780
2490369
2490506
2492156
2492237
2492926
2493709
2494085
2495519
2495964
2497126
2498765
2498845
2499292
2499769
2501050
2502469
2502766
2503246
2503513
2504111
2504118
2505532
2506149
2506356
2506532
2506842
2510137
2511233
2511304
2511440
2519946
2520596
2521996
2523260
2524171
2526105
2526115
2530171
2530454
2531161
2532471
2533341
2537221
2537542
2539618
2541053
2541071
2542397
2545359
2546630
2548631
2550753
2550773
2551101
2551196
2551967
2552199
2553294
2554479
2555707
2557561
2558277
2560911
2562008
2564613
2566979
2568161
2569391
2569785
2570662
2570838
2571360
2572097
2572123
2572641
2574002
2574768
2575370
2575517
2575776
2576796
2577758
2578369
2578372
2579132
2579264
2581298
2581886
2583326
2583456
2583861
2585089
2586014
2587311
2588645
2588913
2588988
2589043
2589447
2589642
2592534
2593511
2596166
2596991
2597517
2597564
2598690
2599056
2599842
2600230
2600262
2600909
2602867
2605157
2606298
2606525
2607342
2608144
2608311
2608701
2609864
2610049
2610216
2610520
2611028
2611373
2612813
2613231
2614672
2615919
2616558
2617183
2617874
2618078
2618427
2618443
2618517
2619262
2619981
2621785
2622622
2623516
2623895
2624656
2625473
2625747
2626201
2626408
2627383
2629520
2630127
2630423
2631917
2632381
2633386
2633923
2634887
2634900
2635654
2636155
2636424
2637173
2637914
2638362
2638731
2640021
2640072
2641952
2642440
2642591
2643227
2643839
2645352
2646835
2646990
2647378
2649091
2649968
2650025
2652000
2652202
2652382
2652383
2652508
2654216
2654728
2657768
2658202
2658288
2658737
2658971
2660233
2662173
2663856
2664237
2665898
2667655
2669156
2669638
2669848
2670410
2671761
2671826
2674149
2674964
2675555
2676467
2678009
2678376
2678553
2679165
2680055
2680236
2680346
2681651
2682232
2682622
2686593
2687149
2687753
2689565
2689785
2689795
2689944
2690306
2690468
2690750
2691199
2691533
2693644
2694035
2694959
2696224
2696308
2697866
2698847
2699076
2699328
2700789
2701044
2702418
2702514
2702708
2703416
2704327
2709579
2710236
2711628
2713898
2714029
2715695
2716126
2716709
2716952
2717189
2718594
2719118
2720468
2721700
2722215
2723219
2723743
2724559
2726049
2726194
2726655
2727048
2728814
2729274
2729774
2731325
2731456
2732158
2732974
2734615
2736985
2737085
2737689
2738004
2738117
2738566
2739541
2739826
2741423
2743099
2744437
2744943
2748762
2749604
2750957
2751077
2751428
2751633
2752136
2753133
2755945
2757851
2759956
2761829
2765669
2766184
2766472
2769127
2769391
2769590
2771117
2771886
2773821
2773937
2774081
2774688
2775189
2777511
2779996
2781074
2781816
2781817
2781847
2781854
2782900
2784283
2785241
2786293
2787351
2788557
2788936
2789071
2789136
2792159
2793796
2793852
2795652
2796224
2796574
2796857
2797361
2797805
2797957
2798427
2798526
2799605
2799655
2800294
2803091
2803458
2803823
2804051
2804593
2805117
2805751
2807092
2807848
2809129
2809413
2810444
2810752
2810974
2812111
2812967
2813010
2813483
2813486
2813513
2813672
2814317
2816013
2816037
2816074
2817030
2817049
2817647
2817752
2819479
2819497
2821287
2824104
2824482
2824846
2825155
2825570
2826809
2826825
2828463
2829422
2829941
2833123
2834950
2836024
2836124
2836589
2836607
2837162
2839103
2839580
2839741
2840278
2842914
2843635
2844105
2845277
2845881
2846419
2847524
2847793
2847850
2851200
2852017
2853152
2854836
2855356
2855713
2855783
2856564
2856872
2857892
2857929
2859172
2859901
2861442
2863202
2863225
2863875
2866153
2867987
2868260
2868668
2870366
2870428
2871951
2872223
2873972
2875905
2876501
2876546
2876859
2878454
2878635
2879373
2881720
2882098
2882669
2883690
2884588
2888765
2891876
2893257
2894647
2894965
2895142
2898148
2899728
2899774
2901101
2901327
2902443
2902642
2902889
2904427
2904896
2906002
2907821
2909687
2909728
2911226
2913116
2913263
2914321
2915091
2918915
2919607
2921274
2921367
2921941
2922408
2922668
2927316
2927440
2927919
2929795
2929905
2935846
2936572
2937423
2938945
2939283
2939756
2943182
2943873
2944090
2944923
2945802
2945923
2947795
2948123
2948776
2951882
2952072
2952467
2954268
2955184
2956470
2956542
2958642
2960160
2960438
2961414
2963142
2963247
2964853
2966344
2967021
2967465
2968052
2968552
2968557
2968963
2969128
2970397
2970929
2972083
2973612
2974763
2975160
2975314
2976569
2978535
2980018
2983045
2983675
2984047
2986672
2988037
2988149
2994397
2995655
2995674
2996653
2996767
2998654
2998664
3003181
3003818
3004695
3005689
3005757
3006228
3008884
3010491
3011262
3011419
3011684
3011879
3012371
3014727
3016210
3017436
3019602
3021897
3024518
3024909
3027478
3028725
3030009
3030425
3031030
3031073
3032982
3034543
3037608
3039602
3040025
3040458
3042249
3042467
3042674
3043476
3044064
3044143
3044272
3044581
3044829
3046732
3046778
3047126
3048368
3048681
3049335
3051651
3051981
3052266
3053878
3055615
3055990
3056734
3056802
3057221
3057554
3057896
3058494
3059116
3060540
3060805
3061342
3063219
3063247
3063796
3065333
3069763
3070387
3070510
3071119
3072497
3073162
3073581
3076199
3076497
3077512
3078019
3078156
3081280
3081391
3081804
3081919
3082277
3083851
3084067
3085485
3085823
3086317
3086845
3086956
3087519
3087735
3088730
3090525
3091740
3092439
3092862
3092906
3098374
3099348
3099454
3099608
3100356
3102024
3103226
3103447
3103706
3104717
3104984
3105688
3105914
3106174
3106624
3107276
3109342
3112313
3113518
3114634
3118419
3118537
3121099
3124347
3125170
3127205
3127679
3128041
3128204
3129220
3129551
3130038
3130139
3130242
3131510
3132275
3133221
3133521
3134023
3134035
3136201
3136588
3139210
3139256
3140661
3141841
3142195
3143464
3144372
3144742
3145798
3145990
3148605
3148820
3148929
3151524
3151948
3152008
3152082
3152622
3152675
3152922
3152982
3153432
3154348
3154704
3156110
3156979
3157176
3157186
3157197
3157373
3159254
3163504
3163921
3166818
3167480
3167761
3167850
3169766
3171744
3172251
3172783
3173146
3173560
3174040
3174127
3176337
3177103
3178178
3178558
3179856
3180664
3181199
3183516
3183711
3183810
3184036
3185000
3185834
3185879
3185952
3189691
3191775
3192573
3192606
3193966
3194011
3196465
3196989
3198252
3198450
3198495
3198504
3199366
3199724
3199928
3201033
3202016
3202446
3202811
3204169
3207579
3208839
3210190
3211371
3211610
3212536
3212901
3213707
3213915
3214047
3217149
3217535
3220481
3220721
3222618
3224110
3225437
3227231
3227865
3228917
3229151
3229359
3229761
3230361
3231062
3232070
3234561
3234747
3236490
3237576
3238164
3238401
3239778
3242273
3242394
3242687
3246262
3246591
3247163
3247914
3249831
3251547
3253151
3253732
3257095
3257863
3258111
3259126
3260555
3261951
3262235
3262500
3264293
3267482
3270669
3271449
3271476
3271819
3273000
3273857
3273924
3274230
3274317
3275389
3275919
3276574
3276649
3279138
3279484
3279529
3279768
3280295
3281933
3282158
3282458
3282756
3283084
3283740
3285064
3285836
3286084
3286501
3286521
3288145
3288819
3289314
3289402
3296412
3296711
3298842
3299622
3300632
3301599
3301786
3302129
3302210
3303883
3304296
3305881
3306057
3306201
3307777
3307796
3309367
3309740
3312868
3314725
3315095
3316489
3321071
3326610
3328664
3330328
3332070
3333002
3334198
3334216
3336972
3337735
3338888
3340160
3340303
3341462
3344120
3347695
3348845
3349183
3352709
3353000
3353725
3354009
3354819
3354987
3360143
3361362
3361455
3361943
3362589
3365536
3365546
3366345
3366477
3366806
3368691
3368703
3369127
3369978
3370141
3370558
3370567
3371272
3371710
3372180
3372510
3375145
3376044
3376449
3376612
3377804
3378401
3382552
3382755
3384345
3384394
3384420
3385188
3385286
3385844
3386746
3388663
3389625
3390265
3390315
3390942
3391497
3392294
3392914
3393155
3393819
3394556
3394668
3394855
3395009
3396193
3397629
3398223
3398392
3400282
3401292
3402232
3402313
3402829
3405098
3407480
3409694
3410002
3410151
3410875
3413145
3413506
3416804
3417143
3418699
3420335
3420435
3420611
3421889
3424145
3425564
3429471
3429809
3430785
3432782
3433141
3433255
3434128
3434199
3434297
3434440
3434573
3435126
3436466
3439886
3440821
3441276
3441504
3441818
3442212
3443490
3445103
3445228
3446575
3447981
3449281
3449543
3452171
3452726
3453160
3453672
3454676
3456241
3457804
3458331
3459302
3460082
3460102
3460838
3461301
3461346
3463024
3463520
3463883
3464731
3465035
3465818
3466489
3466601
3466745
3467410
3468252
3468863
3469407
3471454
3471966
3472264
3472834
3472933
3473762
3473814
3474072
3474982
3480286
3480653
3482296
3482951
3483886
3484205
3484743
3485941
3486032
3486362
3486517
3488233
3488299
3489414
3490451
3491787
3492356
3492521
3494707
3495038
3496043
3496151
3496664
3497732
3500368
3500686
3501675
3502944
3504321
3505528
3505820
3507089
3507441
3508823
3509157
3509180
3515381
3517808
3518815
3519722
3520334
3520378
3521618
3525156
3527201
3527666
3528093
3529886
3530032
3530917
3531703
3531851
3532121
3532614
3533010
3537775
3539321
3540955
3543582
3543715
3544607
3545956
3546282
3546787
3546848
3548599
3554434
3554526
3555111
3556221
3556310
3556590
3558322
3558843
3561756
3565812
3565923
3567484
3568669
3569364
3570484
3570489
3573028
3573329
3574526
3575777
3578535
3582775
3584915
3585148
3587123
3591418
3593184
3593418
3593920
3596058
3597381
3597709
3597750
3598743
3599461
3599660
3600716
3602101
3602171
3602349
3603616
3605144
3607043
3607234
3607482
3608810
3610925
3611044
3611586
3612445
3612872
3613722
3614557
3616029
3616923
3617497
3617521
3617905
3618759
3619994
3620104
3620269
3620789
3621236
3622116
3624660
3626261
3627528
3628431
3628596
3629171
3629739
3630458
3630833
3632697
3636102
3636351
3637526
3639525
3641621
3642541
3643846
3644384
3644669
3645988
3646333
3648515
3649247
3649668
3650177
3650629
3652192
3653446
3655228
3655481
3656629
3658782
3658872
3660664
3662084
3663358
3669200
3669657
3670433
3670675
3670731
3670841
3672209
3672370
3673473
3674248
3676114
3677945
3679116
3679924
3680458
3680486
3681974
3683473
3684565
3686421
3686461
3689023
3691469
3692136
3695331
3695835
3696711
3697670
3699341
3699784
3699919
3699977
3704444
3704586
3706858
3707090
3708109
3714287
3715198
3715807
3715937
3716503
3717437
3719777
3721327
3721355
3721888
3724008
3724346
3725369
3728314
3728651
3729461
3730376
3730897
3731304
3731867
3735185
3735737
3735976
3736226
3738196
3741757
3745125
3745427
3745602
3747013
3749691
3751155
3751461
3752537
3752954
3753018
3753087
3754127
3754352
3755661
3757119
3757585
3757606
3757916
3761014
3762265
3762933
3763257
3763318
3763557
3764954
3767373
3767716
3768518
3768629
3768781
3768881
3769139
3769476
3769658
3770055
3770443
3770654
3770964
3772499
3773206
3774111
3774318
3774659
3776901
3778269
3779109
3780737
3781806
3782075
3783229
3784509
3784574
3785152
3785196
3785483
3787051
3787631
3787945
3789427
3790723
3791398
3792861
3793289
3793559
3794209
3794356
3794870
3795731
3796343
3797401
3798940
3799828
3799920
3801140
3802420
3804380
3804932
3805259
3805286
3806750
3810136
3811328
3811452
3812761
3813067
3814486
3817021
3817868
3818146
3818489
3820060
3821449
3822098
3822333
3822661
3823152
3823644
3824526
3825468
3828266
3829409
3830590
3830976
3831364
3831972
3832827
3833854
3834593
3836914
3837369
3838170
3840415
3841529
3843407
3844847
3847097
3847248
3847584
3848178
3849828
3850505
3850659
3851030
3851329
3852617
3852994
3853267
3855083
3856103
3856720
3859503
3859825
3860485
3860942
3862346
3863590
3864077
3866362
3866398
3866987
3867881
3868328
3869190
3870172
3871999
3872939
3873253
3874547
3876746
3876892
3877378
3877622
3880582
3881110
3881659
3883558
3883958
3884393
3884466
3886075
3886461
3887831
3888412
3891319
3891810
3891963
3892413
3892516
3893873
3894864
3897336
3899227
3899661
3900200
3902630
3903679
3904997
3905475
3907503
3907744
3910145
3911645
3912985
3916278
3916806
3919979
3920478
3921664
3924602
3925633
3928550
3928886
3929751
3929804
3931826
3932023
3932249
3934824
3934904
3935029
3935699
3938422
3938766
3938912
3939526
3940064
3940187
3940761
3944008
3946159
3946531
3947945
3948126
3949488
3951775
3952014
3953558
3953681
3956687
3957236
3960233
3960243
3962932
3963003
3963309
3964623
3965654
3966605
3972010
3972472
3974216
3976444
3976605
3977288
3978181
3978679
3981444
3983179
3983446
3984013
3984251
3985423
3985849
3985898
3986251
3986317
3986980
3987201
3987417
3987972
3988427
3989639
3990818
3991355
3992583
3993311
3993369
3994229
3994333
3994487
3995429
3997745
4000084
4001236
4004410
4007722
4008996
4012392
4012651
4013396
4013502
4013509
4013720
4013810
4014218
4014720
4016346
4017076
4020433
4021823
4023846
4025263
4025284
4025315
4026221
4028098
4028456
4029028
4029337
4030092
4030391
4031291
4032097
4033331
4034122
4036061
4036906
4038899
4039297
4039963
4040852
4040981
4041815
4041954
4042994
4043489
4045116
4045330
4046161
4046593
4047286
4047798
4048969
4051261
4053213
4053409
4053952
4054960
4056218
4056453
4057281
4058173
4058213
4058358
4058432
4059364
4059811
4062435
4063130
4063333
4063523
4064090
4065152
4065686
4066024
4070239
4071412
4071524
4072005
4072293
4072637
4074166
4076557
4077499
4079267
4079398
4080081
4080622
4081641
4082378
4082801
4083752
4084802
4085069
4085128
4086053
4086242
4086431
4086726
4087216
4087520
4088368
4089618
4092292
4092862
4093114
4095153
4095493
4098353
4098703
4099065
4100287
4100648
4101870
4102089
4102465
4102479
4104907
4105980
4106146
4106425
4108104
4108794
4109725
4110313
4113617
4113885
4115502
4117443
4117945
4118099
4118379
4120685
4120803
4121194
4123384
4126711
4126859
4127243
4128099
4129841
4130932
4131211
4134759
4136195
4136372
4137334
4138459
4138954
4140601
4141383
4142502
4146670
4146802
4147032
4147296
4148126
4148453
4148467
4149118
4150312
4151691
4152405
4152477
4152652
4153000
4153072
4154010
4154095
4155534
4156101
4157005
4159427
4160084
4163615
4166898
4167398
4167412
4168106
4168428
4169476
4169979
4171410
4171864
4172857
4173143
4173640
4175791
4175798
4176344
4177916
4178202
4179047
4180581
4182885
4185174
4186046
4186194
4186303
4186611
4187948
4188687
4188707
4188803
4188845
4189141
4190597
4191859
4192214
4192827
4193323
4193331
4194534
4194809
4195476
4196644
4197324
4197392
4198161
4198199
4198357
4200149
4200993
4201633
4202005
4202363
4202634
4202725
4203430
4203805
4204606
4204621
4205163
4206229
4207048
4208677
4209592
4211032
4212910
4213598
4215976
4218704
4219582
4220225
4222400
4223516
4225572
4226295
4229388
4229748
4230569
4232147
4235386
4235733
4236481
4236704
4237638
4239761
4239844
4240221
4240875
4242406
4244477
4244710
4246293
4246649
4247005
4247114
4247311
4247531
4247860
4248140
4250897
4251855
4252470
4253628
4253707
4253771
4253879
4255548
4256644
4258064
4258623
4260647
4261219
4262089
4263824
4264208
4264766
4266122
4266279
4266465
4267447
4267919
4270737
4272957
4273230
4273304
4275563
4275929
4279334
4281043
4281696
4282054
4282753
4283131
4284631
4287240
4288166
4289674
4290874
4294253
4295027
4296456
4297137
4298020
4299304
4300631
4300792
4301206
4302270
4303259
4303731
4304516
4306026
4306234
4306271
4306339
4306368
4310123
4312379
4312573
4312883
4313311
4313487
4316064
4316218
4316827
4317869
4318083
4318424
4318632
4318691
4320112
4321717
4323116
4323625
4325036
4325570
4326830
4329162
4329631
4332989
4333787
4334067
4335182
4337942
4341059
4341298
4341678
4341774
4342097
4342487
4342971
4343353
4344523
4344526
4346453
4349553
4350583
4352979
4353847
4354132
4354816
4354867
4354996
4356070
4359737
4360433
4361713
4362157
4364004
4368170
4368197
4369657
4370673
4373492
4373872
4374139
4374143
4374149
4375236
4376560
4376582
4377144
4378325
4379424
4379433
4379806
4379900
4381615
4382414
4382436
4383352
4385053
4386424
4386782
4387463
4389103
4389107
4389249
4389425
4389620
4390199
4390299
4390488
4393201
4394244
4396916
4400096
4400222
4400529
4400823
4402752
4403768
4406267
4407525
4408499
4408519
4408928
4412410
4412902
4413424
4413722
4415970
4416357
4416724
4420878
4421463
4422078
4427040
4427515
4428556
4428703
4429784
4430042
4430885
4431700
4432184
4434326
4435247
4435755
4437164
4437716
4439557
4441485
4442993
4444008
4447226
4448589
4449615
4450523
4450939
4452064
4452166
4453168
4453348
4453376
4453440
4454057
4457681
4457844
4458828
4462199
4463073
4463264
4464730
4467536
4468466
4469473
4469599
4471403
4472265
4472964
4474204
4477305
4478012
4478456
4479269
4481675
4482910
4483428
4483796
4484303
4484582
4484846
4485230
4486575
4487161
4488976
4490215
4492297
4493513
4493623
4495485
4497118
4497551
4499852
4502153
4503676
4504116
4504343
4506300
4506919
4507846
4509112
4510208
4513093
4513101
4513786
4514084
4514375
4515703
4517591
4517869
4521829
4522191
4523036
4524087
4524838
4528554
4529002
4530019
4531085
4532144
4532898
4533242
4534133
4534922
4534959
4535502
4536138
4536930
4538535
4539842
4541691
4541934
4543222
4545718
4550723
4551900
4553085
4553895
4554552
4557381
4560863
4562268
4563199
4564045
4566075
4566757
4568799
4569129
4569132
4569181
4569571
4571305
4572520
4574560
4574709
4574834
4575765
4576103
4577422
4580737
4580928
4582139
4582792
4585248
4586768
4586919
4588763
4589902
4589992
4590197
4591034
4591476
4591539
4591652
4592839
4594387
4594547
4596111
4596889
4598926
4599528
4599970
4601504
4602477
4603555
4604020
4605981
4606398
4608957
4611639
4612839
4615672
4617492
4619687
4621506
4621880
4625437
4625533
4627676
4629491
4630360
4630672
4631179
4635007
4635062
4636037
4636874
4637357
4638369
4639654
4639898
4640683
4641839
4642412
4642416
4645162
4645643
4648179
4648944
4648994
4649724
4649879
4651073
4651307
4654726
4654948
4655464
4657028
4657292
4657540
4659765
4660636
4661785
4663661
4663953
4667547
4668423
4669217
4669938
4670754
4671135
4672056
4673196
4673396
4673746
4674314
4675287
4675655
4676555
4676862
4676938
4677057
4677227
4678376
4678439
4679065
4679223
4679603
4680078
4680719
4681027
4684352
4684587
4685685
4686543
4687247
4688134
4688562
4688719
4688973
4689391
4689874
4691182
4691863
4695019
4697664
4698582
4699899
4700018
4700627
4700656
4702529
4704025
4705002
4705633
4705800
4707657
4707807
4708233
4708457
4708771
4708831
4709240
4709625
4709671
4710172
4710877
4711683
4714718
4715161
4719363
4720362
4721767
4723445
4726014
4731633
4733310
4733386
4734864
4735527
4738555
4738765
4744523
4744551
4744645
4745143
4746068
4751503
4751769
4752734
4754768
4755349
4755722
4757022
4757433
4757706
4757797
4759283
4759570
4760306
4760563
4761136
4762278
4765729
4766451
4768072
4769408
4771564
4771745
4772757
4773127
4775037
4776168
4776274
4777400
4778405
4778665
4779081
4780394
4780723
4781501
4782652
4783121
4785327
4785431
4787250
4787432
4788071
4789681
4791006
4791771
4793713
4794877
4795126
4797015
4800109
4800631
4804009
4804147
4804739
4805605
4805623
4806217
4806892
4812838
4812846
4815214
4815371
4816442
4816994
4818157
4819225
4819657
4822025
4822243
4822789
4824248
4824770
4825142
4827755
4827838
4829981
4831726
4831961
4832939
4832957
4835633
4838767
4838882
4839261
4841924
4844484
4847402
4849906
4850513
4851158
4852866
4854227
4854364
4855072
4855526
4856122
4856251
4857990
4858364
4860515
4861571
4861650
4862105
4862115
4863897
4863971
4864846
4866414
4867419
4867628
4867652
4868396
4869037
4869769
4870241
4870456
4870469
4870511
4872894
4875301
4875656
4877252
4877429
4877952
4878551
4878763
4879114
4880227
4881471
4882099
4886074
4887142
4887783
4888616
4888882
4889782
4890609
4892248
4892507
4892511
4892567
4893428
4894563
4895149
4896097
4896565
4897609
4898842
4900682
4902224
4902388
4902390
4903134
4904041
4904618
4906339
4907235
4908654
4910167
4910373
4910380
4910848
4910882
4911612
4913090
4914186
4916285
4916698
4917119
4917247
4917274
4918514
4918936
4919606
4921169
4921673
4921981
4922644
4923892
4924057
4925170
4926399
4926482
4927110
4928128
4929342
4930497
4931085
4931185
4931227
4932220
4933241
4936219
4936845
4936939
4939156
4940410
4941196
4942318
4942401
4943707
4943899
4945824
4946281
4948508
4951545
4952371
4953644
4953728
4958571
4960007
4961782
4963455
4966333
4967155
4968531
4970155
4970503
4970812
4970913
4971259
4971348
4971876
4972088
4972570
4972648
4973449
4973890
4974444
4977073
4978354
4980936
4981733
4981894
4982667
4984974
4988701
4989252
4990059
4990245
4992015
4992271
4992312
4994250
4994538
4995253
4995884
4997659
4998840
4999196
4999391
4999746
5001481
5005459
5007830
5008152
5010506
5011555
5012062
5012492
5014878
5015487
5015670
5016027
5016427
5016585
5016992
5017839
5018278
5019190
5019263
5019445
5019822
5019842
5021518
5022251
5022807
5022895
5024664
5024908
5025259
5030115
5030190
5030668
5032135
5032408
5035680
5035810
5037421
5037424
5037848
5038343
5038619
5039971
5041236
5041563
5041602
5041822
5044656
5044764
5044929
5046681
5046751
5051506
5052770
5053629
5054466
5054539
5054975
5055983
5057323
5057598
5058423
5059191
5059807
5060320
5065700
5067743
5069577
5069874
5070445
5070988
5072293
5072438
5073801
5074168
5078085
5078435
5079219
5079739
5082857
5082926
5084440
5084554
5085444
5086744
5086776
5086838
5087280
5087532
5088021
5090025
5090308
5091617
5093162
5094686
5095538
5096618
5096880
5099289
5099302
5101325
5103476
5105325
5105677
5107099
5108436
5109257
5109668
5110780
5112190
5116578
5117300
5117447
5117732
5118862
5119308
5122280
5123337
5123919
5124514
5124822
5126674
5126918
5131904
5133417
5133664
5135000
5136776
5137764
5137992
5138223
5139193
5139258
5140431
5140779
5142122
5142308
5142716
5144735
5145110
5145969
5147259
5147828
5148878
5150438
5150634
5151634
5152635
5152694
5153305
5154075
5155667
5156486
5157990
5159127
5160535
5161400
5161628
5162005
5162390
5162523
5162588
5164187
5164400
5167748
5169355
5169500
5172082
5172814
5173149
5173470
5174068
5174545
5174716
5175120
5175289
5176257
5177205
5177212
5177666
5180027
5181023
5182712
5185241
5185437
5186313
5187065
5187511
5188299
5189785
5191605
5193998
5194324
5195387
5195703
5197068
5198338
5200243
5202942
5203807
5204448
5208643
5209155
5209805
5210503
5211188
5211349
5211480
5212013
5213851
5214626
5215613
5215908
5215938
5216477
5216811
5218066
5219051
5219556
5220682
5221437
5221514
5221785
5222116
5222578
5222843
5223853
5224474
5224784
5225174
5228410
5230527
5230967
5231141
5231326
5231538
5231613
5233416
5234436
5235763
5236786
5236980
5238551
5238883
5239536
5240083
5241666
5241858
5243973
5244170
5246611
5247466
5247603
5247751
5251023
5251107
5252924
5254071
5255396
5256408
5257012
5260622
5265369
5266243
5267017
5268940
5269809
5270572
5271664
5272114
5272535
5274335
5274396
5274537
5274570
5275039
5275539
5276094
5277366
5278170
5278697
5279632
5280201
5280225
5281472
5281625
5281945
5282422
5283306
5283555
5284745
5285137
5285927
5288328
5288755
5289192
5292189
5293007
5293355
5293522
5293883
5294113
5294676
5295111
5295672
5296137
5296989
5300141
5300265
5303146
5305256
5306000
5307331
5307415
5309083
5309125
5311342
5312163
5312348
5313413
5314395
5316582
5321667
5324849
5325910
5326194
5327484
5327515
5328614
5328822
5330635
5330871
5332009
5332096
5332360
5334131
5335346
5335645
5335649
5335737
5339016
5339180
5340167
5342492
5343777
5345161
5346544
5347305
5347434
5347606
5347691
5348366
5349243
5349366
5350653
5351739
5351808
5353029
5353961
5357992
5361956
5362386
5365084
5365935
5366620
5366723
5367853
5368218
5368414
5370498
5371223
5371546
5371795
5372176
5373386
5374322
5374359
5375615
5376175
5377104
5377639
5377934
5379617
5380023
5380645
5383253
5384917
5385293
5386528
5387961
5389304
5391940
5392684
5393791
5394461
5395693
5395795
5396398
5397632
5399915
5400232
5401054
5402091
5402577
5404864
5405568
5407321
5409374
5409600
5410313
5410479
5411603
5411745
5411936
5414729
5417468
5418583
5418934
5418985
5419695
5420248
5420735
5420847
5420909
5422848
5422858
5425335
5425723
5426525
5426914
5427077
5429260
5432262
5436188
5438503
5438962
5439868
5439939
5440364
5440548
5441895
5443239
5444165
5444588
5444934
5445116
5445655
5447376
5448645
5449027
5449921
5451498
5452631
5453308
5453361
5454534
5455840
5457902
5458421
5460527
5460609
5462284
5465101
5466212
5466758
5467227
5468766
5469205
5469943
5471500
5473403
5474657
5478790
5480438
5480648
5481607
5483054
5484015
5484592
5484827
5485211
5485351
5486421
5487039
5487067
5488753
5489576
5492032
5494487
5495970
5496788
5497752
5498020
5501109
5501266
5503542
5504022
5504158
5504164
5504585
5504867
5506072
5508267
5509263
5509699
5509921
5510814
5510854
5511191
5511692
5512007
5513141
5514946
5515030
5515237
5515402
5520348
5521035
5521401
5521937
5522479
5523155
5524538
5525316
5525621
5525649
5527771
5529918
5530470
5531721
5531864
5534056
5535507
5535752
5535757
5535922
5536023
5536172
5537203
5537311
5537669
5538541
5539558
5540374
5542255
5542260
5542683
5543083
5543781
5546481
5546615
5546736
5547133
5547609
5548387
5548628
5548720
5550685
5551432
5552222
5554317
5554833
5556522
5560781
5561067
5563298
5564511
5565080
5565150
5566413
5567103
5568050
5569208
5570080
5571138
5571801
5572215
5573664
5575960
5576070
5577453
5578174
5578787
5581188
5582337
5583410
5584644
5584728
5586104
5586286
5587146
5587726
5587861
5588201
5590632
5590651
5591022
5591883
5593217
5593283
5593871
5594150
5595032
5595686
5596517
5598320
5598549
5598660
5598818
5598986
5599058
5599477
5599907
5599928
5599975
5604954
5605302
5605347
5607556
5607923
5608417
5609525
5609689
5610066
5610337
5611128
5611757
5615004
5615284
5616048
5617233
5617345
5621219
5622382
5623526
5623590
5623991
5627337
5628463
5628487
5628614
5629695
5632611
5632791
5637301
5641349
5641436
5641656
5643147
5643226
5643316
5643337
5645375
5646335
5646701
5646969
5648751
5649643
5651114
5651589
5652426
5654089
5659061
5659926
5661596
5661685
5661786
5663362
5663759
5664445
5664450
5666759
5667471
5669700
5671911
5674188
5675076
5676505
5677343
5678324
5678565
5679124
5680076
5680367
5681596
5682955
5683001
5683147
5683677
5684208
5684310
5685793
5685921
5691373
5691685
5692636
5693233
5693305
5693735
5694100
5695261
5696440
5697134
5698226
5699787
5700809
5701355
5702955
5702969
5703047
5703226
5704100
5707908
5711451
5711563
5713689
5714125
5715225
5715412
5715720
5716167
5716284
5722190
5722861
5723383
5723404
5724827
5726344
5726615
5726863
5728260
5730232
5731499
5732501
5733218
5734322
5734835
5735849
5736139
5738815
5738876
5740536
5741176
5743834
5744279
5744944
5746046
5746518
5748436
5749062
5749705
5750096
5750130
5751612
5754207
5754580
5755000
5755620
5755639
5757323
5757439
5757931
5759660
5759878
5760701
5761679
5762130
5763119
5763621
5766795
5767541
5769072
5769221
5770595
5772600
5773996
5776138
5776794
5777156
5777559
5778724
5779196
5779262
5780746
5781770
5783118
5784116
5784148
5785820
5785986
5788299
5789250
5792444
5792559
5795578
5796592
5796649
5796977
5798285
5798295
5798528
5799227
5800882
5801635
5801660
5803796
5804493
5804809
5804833
5806522
5807123
5807225
5807601
5808103
5808595
5808996
5811415
5812705
5812803
5813199
5813265
5813753
5814514
5814700
5819450
5824239
5824415
5826139
5828258
5829030
5829579
5830278
5830463
5832426
5836648
5836929
5837678
5838661
5839996
5840202
5840911
5841208
5842392
5844427
5846420
5846773
5846899
5848327
5848451
5849079
5852263
5854647
5854779
5855066
5855574
5856182
5856219
5856866
5859727
5860478
5861565
5862086
5862936
5863361
5864873
5865979
5866468
5867033
5867287
5867411
5869485
5870266
5870740
5871468
5871730
5872765
5873812
5874932
5875359
5875518
5875978
5876034
5876141
5876397
5877140
5877302
5878102
5878123
5878137
5878368
5879529
5879576
5879953
5880348
5881867
5882701
5883910
5884842
5885542
5885853
5886362
5886661
5887348
5888190
5890712
5892737
5893716
5894042
5894056
5897794
5898835
5899729
5900111
5900784
5901011
5903700
5903854
5904594
5905425
5906399
5907979
5908551
5908590
5908648
5909639
5910497
5910707
5910961
5912394
5913278
5914358
5914645
5914733
5915363
5916985
5918890
5919886
5920803
5921700
5925252
5926642
5927314
5930367
5930400
5931410
5932149
5933248
5935381
5935447
5936201
5936316
5936554
5936590
5937077
5937858
5938174
5938642
5939338
5940689
5942396
5944627
5946781
5947181
5948368
5948921
5949682
5952313
5955961
5958022
5958081
5958112
5958696
5959010
5959472
5960754
5961863
5963069
5963461
5963484
5965311
5965658
5965770
5967957
5968461
5970074
5971601
5972856
5973462
5973687
5974375
5975913
5976176
5976274
5976808
5979600
5980194
5981506
5985609
5986165
5986861
5987166
5988810
5993459
5994515
5996880
5999879
6001059
6001062
6001251
6002938
6006212
6006602
6007291
6008331
6009276
6009326
6012613
6012957
6013405
6013407
6013843
6014200
6015964
6016190
6016579
6017770
6019893
6022551
6023600
6024403
6025057
6025175
6025253
6026653
6026938
6028723
6029026
6029375
6030269
6031594
6032486
6036255
6036782
6037066
6037152
6038051
6039722
6040908
6043614
6044251
6045232
6045715
6045728
6046129
6046411
6047537
6047603
6050616
6051665
6052566
6053554
6056387
6056921
6057885
6059792
6060586
6061862
6062245
6062647
6063360
6065429
6067044
6067581
6069443
6069688
6072661
6073252
6074118
6074559
6074769
6076073
6076702
6077235
6077528
6077713
6078130
6079471
6080799
6081208
6082504
6082516
6082940
6083160
6084150
6085332
6086201
6087327
6088072
6088624
6091182
6092078
6094461
6096084
6096480
6097774
6098272
6098307
6098717
6100327
6100619
6101363
6101369
6103987
6104659
6107854
6108201
6108381
6108641
6109695
6110036
6110978
6112416
6114206
6115815
6115999
6117799
6119702
6119730
6119927
6120052
6123834
6124102
6124267
6124312
6124321
6124535
6127509
6129234
6129907
6131493
6131649
6133053
6134407
6134646
6136024
6136902
6137618
6138418
6138863
6139161
6139336
6139462
6140605
6140914
6142619
6143532
6147173
6148723
6148958
6149065
6150956
6151217
6153356
6153522
6155243
6156062
6157109
6157436
6157624
6158323
6159169
6159957
6160271
6161484
6161858
6163227
6164311
6165781
6166753
6167291
6167354
6169820
6169982
6170269
6170425
6171945
6172132
6174637
6175028
6175999
6176270
6177481
6178933
6179174
6179740
6179938
6181037
6181120
6186349
6187962
6187992
6189118
6191097
6193669
6194249
6195351
6195905
6196304
6198807
6200778
6201263
6201445
6201538
6202088
6203238
6203951
6204441
6205781
6207509
6208289
6208658
6209211
6210296
6210953
6212356
6212430
6212441
6214125
6216257
6218373
6218512
6219240
6220803
6221797
6222178
6223634
6225987
6228155
6228592
6229344
6229778
6230120
6230302
6230811
6231344
6232284
6233956
6235244
6236563
6236649
6238017
6239188
6240734
6240856
6240862
6241281
6241412
6242701
6244030
6245573
6248782
6249524
6250027
6250418
6252042
6252512
6252915
6252964
6253668
6254374
6256375
6257224
6258170
6258759
6261411
6261644
6261724
6262179
6262227
6262574
6263108
6264093
6264211
6265569
6266884
6266900
6267109
6267771
6267941
6268206
6268554
6268781
6268947
6269625
6269824
6271840
6272984
6274720
6274812
6275287
6277544
6279099
6280177
6280810
6281333
6281841
6283765
6283903
6284496
6285762
6285832
6286361
6287606
6289474
6290070
6290418
6290523
6291892
6292710
6293314
6294396
6294593
6296647
6296875
6297214
6298331
6300604
6301888
6304415
6304961
6306157
6307742
6309108
6310311
6310522
6310658
6310906
6311173
6311305
6312072
6312548
6313211
6314222
6314993
6315840
6316005
6318620
6319635
6319819
6321187
6323346
6325408
6325669
6326917
6326961
6327265
6327499
6328872
6328892
6329278
6329373
6330078
6330108
6331797
6332352
6332601
6333388
6334871
6335669
6336315
6338143
6338169
6339275
6339737
6340149
6341776
6342169
6342906
6344044
6344326
6344961
6345150
6345400
6345540
6345724
6346344
6346815
6348113
6351012
6351253
6352258
6352651
6354168
6354582
6354863
6358417
6360824
6366070
6366539
6366728
6368221
6368222
6368624
6370226
6370846
6372319
6373541
6375888
6376932
6378160
6380255
6380460
6381015
6385423
6385706
6386527
6386548
6386920
6387183
6389053
6389246
6389446
6389779
6389865
6390864
6393664
6394701
6395530
6397057
6397292
6397740
6398452
6398668
6399227
6400545
6401974
6403542
6403578
6404576
6405317
6406067
6407972
6409137
6409256
6409751
6409882
6411118
6411284
6411455
6412064
6412516
6413726
6413882
6415028
6416410
6421096
6421479
6422785
6425529
6425949
6427120
6427370
6427682
6428811
6429929
6433392
6434797
6434840
6435352
6436573
6437823
6439668
6439982
6439990
6440329
6442574
6445475
6445859
6446460
6448767
6450708
6452332
6452999
6453020
6453184
6453252
6454685
6454858
6455738
6456728
6457741
6458761
6460666
6460937
6462752
6462821
6464554
6464728
6465860
6469431
6470288
6470497
6471260
6472032
6472390
6474104
6474470
6475150
6475474
6475620
6476749
6477765
6478777
6480017
6482364
6483424
6484408
6485427
6486532
6487589
6487937
6489552
6489786
6490792
6491672
6494125
6495438
6495619
6496251
6496506
6497043
6498757
6499878
6499948
6500629
6503548
6503863
6505750
6505997
6506406
6506863
6507216
6508925
6509286
6509664
6509724
6510855
6510872
6510947
6511376
6512167
6512618
6512849
6513037
6515194
6515945
6516147
6516703
6518040
6521025
6521423
6521698
6522542
6523246
6523455
6524109
6524680
6525234
6526019
6528320
6528434
6528532
6530495
6533405
6534357
6534908
6535220
6537419
6538240
6539089
6539239
6540287
6541466
6541790
6542996
6543190
6544073
6544152
6544578
6544715
6545202
6545245
6546777
6550328
6550722
6553256
6553701
6554706
6554831
6557010
6557224
6557697
6557806
6560215
6562420
6562752
6562783
6563028
6564185
6564816
6566883
6567634
6568336
6568999
6575818
6576596
6578213
6578328
6578442
6579576
6580325
6582102
6584357
6584901
6585569
6585955
6586292
6589629
6590162
6591587
6593006
6594933
6595435
6597077
6597156
6597212
6597908
6601168
6602147
6603223
6604688
6606263
6606395
6609444
6610475
6612883
6613520
6613869
6614801
6614924
6615132
6615469
6615702
6616865
6618015
6618489
6620408
6623343
6623776
6623946
6624781
6625602
6627007
6630672
6634760
6634871
6637734
6643714
6643746
6644549
6644744
6646471
6647309
6648527
6650473
6650778
6651767
6652381
6653175
6654088
6654094
6655383
6656534
6656799
6659417
6661393
6664380
6665951
6666060
6667302
6667565
6668353
6670319
6673422
6674917
6675151
6675916
6677264
6678098
6678342
6678578
6679372
6679630
6680248
6680897
6682136
6683445
6683480
6685274
6685663
6686140
6687650
6688220
6688630
6688811
6690162
6691862
6692529
6692844
6693242
6693307
6695732
6696646
6697738
6699395
6702181
6702274
6703765
6705062
6705836
6706153
6706326
6708267
6708313
6709203
6710673
6712263
6712409
6713733
6714463
6715024
6715510
6717187
6717793
6720067
6721145
6721385
6721405
6721443
6723434
6725430
6725882
6726282
6726344
6727211
6727427
6728003
6728162
6728929
6730125
6731134
6731419
6733483
6733651
6735110
6736674
6737347
6737392
6737804
6738005
6739095
6739737
6740407
6741519
6742723
6742903
6744329
6745537
6745578
6746565
6747010
6747205
6747788
6747822
6748246
6748798
6748878
6749526
6749823
6750189
6751054
6752778
6753626
6754428
6755832
6756025
6756798
6758271
6758967
6763433
6763936
6768409
6770160
6770646
6770677
6772488
6773906
6776278
6778285
6778449
6779086
6780359
6780385
6780740
6782652
6783091
6784823
6785347
6787611
6788328
6788659
6789840
6789942
6790523
6795790
6796196
6797090
6797214
6797558
6798102
6798322
6804447
6804812
6805100
6805157
6805268
6806220
6806265
6807367
6808492
6809571
6810543
6811404
6811697
6811713
6813276
6814026
6814600
6814916
6816862
6817053
6818969
6819085
6820734
6820736
6822761
6824311
6827619
6828371
6829500
6829910
6830916
6832151
6835174
6835357
6837783
6840032
6842079
6842225
6845879
6845927
6846895
6847551
6849774
6854083
6854118
6856960
6857268
6857840
6858313
6860030
6860241
6860964
6861251
6861305
6863289
6865127
6865575
6867266
6867574
6868170
6869411
6869962
6870070
6870499
6872144
6872801
6874226
6876764
6877349
6878103
6879238
6880005
6880190
6880260
6880778
6881637
6882724
6883846
6884185
6884460
6888026
6888088
6888435
6888817
6889257
6889697
6890203
6890606
6891994
6892214
6892616
6893154
6896645
6897160
6897185
6897630
6897673
6898247
6902174
6902474
6903093
6903314
6903810
6905446
6906362
6907384
6907410
6907779
6910605
6911386
6912901
6912937
6913640
6914301
6914950
6915482
6917049
6919169
6922161
6922493
6924111
6924216
6925736
6926275
6926587
6928077
6929529
6930441
6932470
6933574
6933864
6935095
6936983
6937769
6940105
6940305
6943614
6944302
6944446
6945118
6945728
6946155
6946326
6946967
6947272
6948180
6949477
6949572
6951226
6952802
6953355
6954085
6957039
6957541
6959270
6960485
6960911
6962585
6962792
6963554
6963611
6965078
6965720
6965943
6966051
6966709
6967588
6967738
6968611
6969037
6969358
6969877
6972304
6974100
6974283
6975618
6975959
6976873
6977237
6978052
6978999
6981276
6981349
6981965
6982030
6982922
6983264
6984645
6984820
6985270
6985894
6986499
6988560
6989050
6990334
6991674
6992300
6992665
6992700
6992715
6993239
6995427
6996061
6997039
6998713
6998895
7002067
7003064
7003094
7003814
7003930
7005902
7006826
7009805
7011641
7011867
7014265
7014369
7017096
7017621
7017978
7018040
7018449
7019098
7020676
7021646
7025010
7027039
7027490
7027657
7027689
7028023
7028794
7029400
7029694
7030288
7030383
7031981
7032216
7032502
7034327
7035207
7035708
7039567
7039598
7040850
7042319
7042483
7042877
7042956
7043807
7043871
7046143
7047625
7048211
7049697
7050401
7051639
7053482
7054588
7056112
7056765
7057017
7058108
7058693
7060963
7061078
7061903
7063327
7063619
7064181
7064811
7068609
7070324
7070325
7070443
7070508
7071417
7073455
7074902
7076533
7077952
7078402
7078456
7079665
7082895
7084147
7084267
7084424
7085979
7086005
7086615
7087306
7088318
7088475
7088824
7091672
7092660
7093349
7094365
7096047
7097588
7098573
7099652
7100583
7100627
7100971
7101428
7101640
7102232
7102447
7102895
7105213
7105328
7106149
7107643
7109882
7110992
7111857
7114548
7114841
7116921
7116959
7118138
7119030
7119326
7119494
7119747
7120229
7122178
7122478
7122871
7125347
7128129
7129967
7132329
7133504
7133555
7133682
7134461
7136235
7137398
7137793
7137989
7138540
7139576
7140513
7142470
7144560
7146890
7147956
7148623
7151024
7152122
7154696
7155325
7155465
7156574
7158886
7159561
7160704
7163816
7164211
7164818
7164910
7169796
7170258
7170487
7171155
7172621
7173032
7173476
7173932
7176270
7176544
7176996
7178608
7178727
7179513
7182438
7182902
7184081
7184925
7184958
7187720
7191120
7191795
7192203
7192262
7192921
7194538
7194747
7194980
7195329
7196905
7198854
7200824
7201037
7201829
7207197
7207545
7208131
7208940
7210720
7212701
7214464
7215825
7216305
7217325
7217557
7218120
7220248
7223175
7223392
7223559
7224680
7225526
7225752
7226174
7226992
7229464
7229999
7233105
7234277
7234335
7234523
7236849
7238526
7240624
7241978
7242912
7244394
7245695
7246234
7249000
7251376
7252001
7253205
7253346
7254004
7255108
7255373
7255482
7255985
7256098
7261336
7262440
7265741
7267199
7267524
7267739
7267983
7269748
7270013
7273650
7274228
7275017
7276110
7276579
7278041
7278692
7278753
7279550
7279554
7280578
7281482
7283523
7283734
7284908
7285403
7285956
7288469
7288860
7289055
7289353
7290072
7290194
7291233
7291464
7292356
7292783
7293103
7293323
7294498
7296892
7297591
7298501
7299972
7300669
7302229
7305123
7305810
7305926
7307033
7309063
7309531
7309984
7310440
7312735
7313066
7313424
7315952
7316165
7316839
7317239
7318011
7318018
7319383
7320616
7320662
7321180
7323356
7323693
7323910
7323981
7324631
7327412
7328297
7328387
7329242
7330165
7332323
7332957
7333375
7334081
7335840
7336364
7337366
7338995
7339769
7341058
7341121
7342223
7346909
7347609
7348193
7350709
7351085
7351456
7352744
7353001
7353374
7355687
7355859
7356824
7357596
7358063
7359374
7359437
7359608
7361494
7361642
7361888
7362251
7363128
7363233
7368354
7368728
7371677
7371795
7372799
7373852
7374566
7375453
7377844
7378266
7378365
7378612
7380692
7382174
7382222
7382314
7383071
7383405
7383654
7384113
7384160
7384420
7384727
7388737
7391831
7392432
7392671
7393293
7393566
7396369
7397864
7398071
7398388
7398969
7399771
7400185
7404725
7404786
7405605
7405826
7406802
7406909
7408319
7410125
7413951
7414216
7414927
7417990
7418951
7420190
7420616
7423517
7423673
7424575
7426142
7426661
7427149
7427404
7427637
7428142
7428296
7428720
7429305
7431834
7433514
7433578
7434773
7435620
7436157
7440169
7442794
7442798
7444451
7444635
7445845
7446437
7446671
7447301
7449461
7449527
7450470
7451580
7451819
7453386
7456779
7457948
7460578
7463627
7465164
7465508
7465572
7466610
7466676
7466851
7467258
7467642
7467889
7468215
7469269
7469849
7470316
7472179
7472903
7473553
7474342
7475098
7475707
7477460
7477723
7478427
7479763
7480830
7481718
7482744
7483037
7484321
7485791
7485805
7486473
7488854
7489500
7490497
7491537
7492933
7493089
7493423
7493668
7493913
7494853
7494896
7495506
7495706
7496398
7502797
7503224
7504534
7504634
7505633
7505792
7507484
7507545
7507562
7508388
7508454
7508471
7508794
7509310
7510190
7510398
7510818
7513418
7513433
7514461
7514834
7516055
7518090
7518197
7519140
7519722
7521164
7523320
7524287
7525697
7528102
7528588
7532207
7534150
7535447
7537747
7541925
7542130
7543842
7549130
7551244
7551480
7552385
7552677
7552737
7552892
7554156
7554659
7554998
7556718
7556950
7558188
7559838
7559861
7559992
7560833
7561515
7562883
7564948
7568423
7568668
7569118
7569144
7569335
7572592
7574360
7574929
7575835
7576115
7576436
7577281
7577496
7578109
7578344
7578753
7578761
7579753
7580222
7581342
7581562
7581668
7582847
7586468
7587058
7587453
7588117
7591641
7592301
7593845
7594046
7595322
7595491
7596686
7598570
7599744
7599895
7600801
7602349
7602477
7602791
7603025
7603754
7604368
7606715
7606781
7607637
7607756
7607910
7608692
7609721
7612010
7612054
7613397
7613801
7614727
7614766
7617197
7617960
7618051
7618281
7618310
7619806
7621866
7621934
7623618
7624073
7625634
7626124
7626293
7626368
7626476
7626601
7626728
7627110
7627541
7628462
7628838
7629615
7630042
7630478
7631858
7632743
7632776
7632906
7635718
7636804
7637019
7639071
7639459
7640715
7640944
7642035
7644814
7644906
7645210
7646123
7647030
7647034
7647326
7650147
7650315
7654827
7656229
7657036
7657578
7657771
7658296
7659590
7661147
7662721
7663046
7663431
7665042
7665080
7665214
7667725
7669285
7670956
7671542
7673295
7674251
7675301
7675519
7675831
7676254
7678702
7678873
7679704
7680541
7682333
7682907
7683050
7684525
7685422
7685622
7685794
7688496
7688510
7688653
7690128
7690999
7691285
7691876
7692023
7693199
7697553
7697593
7697967
7699104
7699866
7700418
7700843
7701118
7701163
7702719
7704631
7706530
7707853
7710610
7712738
7714356
7714497
7715424
7715435
7716505
7716921
7717333
7717597
7717951
7718014
7718085
7718347
7720804
7720843
7722602
7723475
7723690
7724836
7726775
7727083
7730088
7730555
7732777
7733146
7734187
7735194
7735616
7735784
7738095
7738569
7738711
7739097
7739537
7740063
7743625
7744603
7745970
7746814
7747786
7748149
7749488
7750155
7750248
7750892
7752328
7752888
7753941
7755044
7755138
7755143
7756002
7756101
7756612
7756818
7757723
7757770
7758308
7760461
7763106
7763289
7765372
7765540
7765561
7765691
7765902
7766045
7766449
7767307
7767317
7768158
7768714
7772042
7772630
7775367
7775690
7776970
7777013
7777938
7778913
7779343
7781155
7783258
7783273
7783375
7783463
7783993
7786126
7786541
7786579
7786646
7787694
7788307
7788957
7792136
7792553
7793204
7793795
7795778
7800359
7803327
7804883
7805975
7806051
7808036
7808785
7810022
7811367
7811560
7812333
7816388
7816423
7817147
7817485
7817749
7818783
7818821
7820510
7821383
7821927
7825189
7825912
7826208
7826528
7827629
7828431
7828641
7829044
7831268
7831520
7831580
7831783
7833067
7833493
7833819
7835112
7835622
7835809
7836900
7837123
7837884
7837948
7838496
7838998
7839277
7843626
7845789
7847607
7850183
7850686
7852413
7854286
7854864
7855336
7857273
7857800
7857859
7858032
7858920
7860171
7861133
7862772
7863040
7863531
7865664
7868058
7869669
7870068
7871608
7872684
7874542
7878853
7878985
7881414
7881488
7882220
7882338
7882376
7883211
7883232
7884643
7884955
7885187
7887246
7888772
7889543
7889891
7890063
7890921
7892734
7894009
7894129
7894496
7895420
7895661
7895714
7896310
7897253
7899468
7900486
7901633
7901642
7901857
7902243
7905581
7905629
7907690
7912708
7912932
7913588
7913669
7914056
7915709
7917629
7919229
7919421
7919506
7921177
7922297
7922313
7922480
7924013
7924155
7925070
7926638
7927566
7927747
7929946
7931355
7934358
7934823
7935556
7937213
7938749
7943470
7944070
7945591
7947730
7948589
7948688
7948869
7949889
7950115
7950828
7951000
7951369
7951793
7953587
7954201
7955618
7956146
7956148
7956648
7957115
7958358
7959417
7959721
7961349
7963770
7964111
7964185
7964632
7964640
7966656
7966764
7968071
7969847
7970121
7970949
7972222
7973221
7974084
7974197
7974827
7975085
7981106
7981289
7982396
7983463
7984058
7986031
7986278
7990321
7990415
7991115
7991177
7993717
7994856
7997058
7997302
7998834
8000449
8000539
8003404
8007418
8009054
8010206
8011689
8011744
8012371
8013572
8015287
8016818
8016918
8017233
8017243
8018267
8018481
8019295
8020001
8021376
8022181
8022724
8023987
8025037
8029354
8029808
8030346
8030675
8031203
8032029
8037138
8040489
8040797
8041076
8042332
8043539
8044047
8044651
8047234
8048081
8049224
8049311
8049410
8053010
8054273
8055331
8055616
8058411
8060060
8060158
8062530
8064883
8067075
8067203
8068650
8069071
8069297
8069856
8070400
8071958
8073045
8073153
8074994
8075930
8076647
8076826
8077505
8078219
8078933
8082421
8085364
8086014
8086437
8086573
8086719
8087562
8087608
8088097
8088150
8088563
8089490
8089824
8090053
8090516
8090523
8090854
8090983
8091217
8091445
8091964
8093297
8093533
8093934
8094562
8094563
8095062
8095181
8095787
8096234
8096470
8097871
8098030
8101929
8101952
8102027
8102687
8103208
8103720
8104899
8107151
8107843
8108460
8110442
8110728
8111106
8112091
8113507
8113783
8113853
8114512
8115041
8117083
8117618
8117851
8118477
8119491
8120870
8122770
8124834
8127079
8128416
8129980
8130053
8130174
8132638
8133658
8135683
8136143
8136379
8137092
8137236
8137485
8138027
8139575
8140466
8141228
8143134
8144051
8144467
8145560
8145699
8150399
8150458
8150780
8151676
8152278
8152400
8153316
8154944
8156913
8158282
8158490
8159181
8159539
8160730
8165541
8165602
8165788
8166335
8168711
8168740
8169432
8169822
8170062
8171469
8171555
8173374
8173791
8176763
8177523
8178972
8179254
8181438
8181540
8184996
8185339
8186255
8187478
8188527
8189612
8190308
8190598
8191125
8194123
8194331
8194635
8196980
8197497
8197626
8198995
8199379
8199397
8199726
8200781
8201011
8202743
8203510
8204238
8205128
8207294
8207530
8207618
8208500
8208770
8210409
8210454
8210670
8211573
8211857
8212025
8213883
8213957
8215172
8215186
8215379
8216224
8216635
8218030
8221350
8222717
8226212
8227823
8227934
8228349
8230158
8231389
8231892
8232406
8234411
8236592
8236643
8237353
8238038
8239135
8239416
8239707
8239773
8240170
8241303
8243792
8243807
8246288
8250133
8251195
8252986
8254582
8254866
8255338
8255620
8255804
8256083
8256128
8256956
8257838
8258622
8260291
8260676
8260732
8260734
8266063
8269065
8270959
8271117
8273286
8273304
8275888
8277079
8277209
8278662
8278820
8280835
8283446
8285560
8286917
8286931
8288376
8288910
8289486
8289819
8290530
8290556
8291071
8291386
8293288
8296196
8296472
8296862
8298635
8299239
8300527
8303872
8304412
8304616
8304886
8305540
8306182
8307514
8310139
8310184
8311075
8311275
8312144
8312517
8313389
8315677
8317296
8317432
8318021
8319833
8322011
8323086
8323296
8323583
8324082
8329030
8330113
8330967
8331661
8332029
8333100
8333251
8334361
8334992
8336021
8337335
8338019
8338370
8338884
8342544
8343280
8343480
8343782
8344851
8347805
8349533
8349850
8352489
8356856
8357107
8357218
8357693
8358219
8358986
8360577
8360757
8363166
8363178
8363469
8364206
8364362
8365699
8365806
8366948
8367502
8368028
8368545
8368764
8369260
8371394
8371650
8373182
8373740
8373771
8375736
8376585
8379244
8379392
8379468
8380115
8381221
8381443
8383201
8383464
8384019
8385267
8387190
8387488
8388346
8389697
8391768
8391782
8391983
8393234
8394302
8397141
8400577
8400845
8401575
8402277
8403188
8403275
8403995
8404416
8404561
8408756
8411443
8411807
8412569
8412608
8414926
8416168
8416312
8417361
8418131
8419091
8419187
8419845
8421769
8422075
8422547
8422570
8422682
8422911
8423603
8425291
8427809
8428145
8430230
8430835
8431594
8431763
8434193
8436180
8437665
8437963
8439797
8440011
8440849
8441634
8442073
8442917
8443101
8443333
8445159
8445300
8445684
8446457
8446955
8447372
8447998
8448343
8448519
8449764
8450421
8450954
8451589
8453003
8453057
8454106
8454335
8454357
8456393
8456453
8457021
8458775
8459115
8459479
8460959
8464713
8467920
8468634
8469059
8471756
8471892
8472831
8473209
8475104
8475968
8476475
8477029
8477480
8479714
8481518
8483585
8484091
8484490
8486811
8488026
8488389
8491435
8493208
8496371
8496917
8498678
8499524
8499621
8500685
8503529
8504470
8505366
8505794
8508558
8509349
8511012
8512399
8512415
8513071
8513152
8513514
8513682
8514219
8514962
8517318
8517906
8520034
8520699
8524398
8524415
8524822
8525423
8525481
8528682
8528973
8529284
8531051
8531476
8532318
8533203
8533332
8536331
8539238
8540367
8541092
8541504
8541615
8542227
8542868
8544663
8544970
8545870
8547926
8548429
8550054
8551020
8551415
8551464
8552625
8553115
8554624
8555398
8557104
8557767
8558741
8560091
8560272
8561987
8562718
8563764
8564307
8566677
8567627
8567640
8568617
8570240
8572562
8573502
8575668
8575936
8576293
8577307
8578679
8579699
8581774
8582550
8583536
8583861
8584306
8584766
8586563
8588356
8589227
8592317
8592634
8594471
8595080
8595345
8595420
8595658
8595824
8597635
8597683
8599810
8600844
8603590
8604501
8604528
8606491
8606553
8607378
8607911
8608975
8609366
8611511
8612491
8613863
8614051
8615425
8615691
8616114
8616236
8616442
8620186
8620281
8620738
8620901
8622127
8623733
8624238
8624868
8625479
8626048
8626127
8626133
8627019
8627140
8627854
8628478
8628612
8628753
8629004
8629030
8634924
8635295
8637720
8639574
8639843
8640080
8640476
8645828
8646706
8648674
8649331
8650172
8650518
8652309
8652439
8652694
8652823
8655717
8656351
8657362
8657912
8658372
8658395
8660615
8660628
8661545
8662448
8663337
8664295
8665703
8666116
8667423
8667834
8668756
8672082
8672673
8673002
8673699
8675002
8679738
8680255
8680557
8680654
8680839
8681753
8682078
8682280
8682368
8683202
8685712
8686004
8688362
8688691
8688877
8689499
8689574
8692499
8694323
8695586
8697774
8699091
8700386
8700462
8700806
8700847
8700977
8701725
8702242
8704893
8707082
8707731
8708349
8709075
8709345
8709392
8709698
8710939
8711721
8712123
8712809
8712861
8714364
8714425
8714845
8715399
8715909
8717096
8717598
8718625
8719777
8721245
8722728
8724005
8725081
8725786
8726694
8728455
8728488
8728599
8730525
8730722
8731745
8733249
8733434
8735137
8736054
8736179
8737066
8737759
8738937
8742543
8744884
8745989
8747884
8748618
8749044
8750692
8751771
8754918
8755471
8755694
8756530
8756733
8758270
8760997
8761604
8763671
8763772
8765723
8766246
8767455
8767777
8768474
8772186
8772787
8773502
8774419
8776408
8776944
8779538
8780169
8781340
8782811
8783705
8784399
8784967
8786219
8786363
8790221
8790661
8790930
8792647
8794168
8794329
8795010
8795761
8797915
8798399
8800875
8801168
8801461
8801939
8802095
8802158
8802523
8802778
8803230
8803749
8803754
8804176
8806493
8807857
8808544
8808874
8811483
8811934
8813056
8816965
8817375
8817747
8817889
8818426
8820872
8820947
8821380
8822542
8822788
8827040
8830090
8831106
8831601
8832595
8832596
8832606
8832671
8833485
8837797
8840118
8840255
8842456
8842761
8845407
8845900
8846381
8846643
8847406
8847772
8848240
8849475
8850133
8850299
8851635
8852371
8853374
8853689
8854110
8860995
8861671
8865255
8866105
8867573
8867867
8869842
8870397
8870512
8870543
8872088
8872336
8872364
8872969
8873155
8873800
8874067
8874234
8874632
8874680
8874683
8875228
8875953
8877962
8878251
8879799
8881561
8881845
8882912
8884616
8886145
8887211
8887963
8888655
8891595
8892137
8894016
8895420
8895466
8895499
8897004
8899817
8900008
8901705
8902394
8902793
8902880
8908530
8911164
8912078
8912962
8912992
8913005
8913381
8914096
8915373
8916982
8918243
8921157
8921821
8923175
8923584
8925094
8925816
8926206
8926856
8927465
8927498
8927868
8928961
8930368
8930687
8931266
8932185
8932434
8932581
8932608
8933099
8933261
8933298
8933941
8934563
8935528
8935773
8935985
8936216
8936554
8938104
8939880
8940208
8940931
8941283
8942725
8943359
8944447
8944801
8945844
8946674
8947363
8950779
8951756
8952130
8953812
8954066
8955341
8955598
8957352
8958059
8958980
8959608
8961417
8962022
8962173
8962233
8962340
8963226
8964742
8965763
8966211
8966254
8966784
8966800
8966955
8967028
8967728
8967907
8968104
8971155
8972540
8975450
8976397
8977426
8979172
8979431
8982269
8985566
8986872
8987580
8987864
8989481
8991650
8992027
8992648
8993423
8994597
8994697
8995683
8996383
8997410
8997643
9000866
9002762
9004089
9005307
9005488
9006005
9006988
9006997
9007151
9008719
9009034
9013277
9013382
9013600
9013927
9014669
9015040
9015060
9015694
9020124
9020176
9021322
9022949
9024508
9025336
9027819
9028089
9029808
9030163
9030884
9031556
9032762
9033908
9034514
9034883
9036993
9037142
9037684
9040560
9041303
9042406
9042546
9045949
9047787
9049072
9049810
9050663
9050726
9051556
9051722
9057763
9059095
9059557
9059803
9060567
9060959
9061651
9062662
9063647
9065137
9065302
9066292
9068088
9069243
9070552
9070641
9071647
9076518
9077282
9077976
9081084
9081964
9082155
9082289
9082905
9084299
9084313
9085305
9085584
9085678
9086623
9086707
9089496
9091128
9094113
9097712
9097777
9098095
9098252
9098502
9101189
9101207
9101483
9104811
9104828
9104891
9105059
9105781
9106258
9107606
9108444
9109817
9109971
9110868
9111121
9113905
9114224
9114815
9115123
9115802
9116229
9116905
9118873
9119490
9120280
9121045
9121930
9122790
9123519
9125418
9125505
9125710
9127092
9128292
9130310
9132247
9132313
9134010
9134254
9135724
9136770
9138026
9138951
9139670
9143824
9146756
9146809
9147188
9147324
9148618
9149688
9149756
9151823
9151861
9153759
9154432
9154521
9156939
9159292
9160597
9161399
9162196
9163452
9164148
9164324
9164511
9169252
9170912
9180209
9181722
9185281
9185369
9186211
9188472
9188840
9190175
9190214
9190394
9191212
9192783
9192879
9193845
9194411
9195570
9195783
9196331
9196799
9198983
9202392
9204710
9205190
9205552
9205721
9206242
9207001
9208248
9208305
9209439
9209650
9210132
9211682
9211971
9212453
9212480
9212926
9213761
9214618
9215073
9216359
9216898
9217296
9218126
9219290
9219928
9220152
9221302
9222704
9224089
9224324
9224681
9225287
9225338
9226732
9226736
9227011
9227453
9227950
9228464
9230442
9230452
9230577
9230635
9231595
9232789
9233003
9234558
9236108
9236242
9236594
9238997
9239406
9239500
9240098
9240527
9241609
9242805
9242844
9243297
9243811
9245138
9246987
9247939
9248082
9253124
9254366
9254745
9256509
9259709
9260902
9261869
9261928
9262705
9262912
9263184
9263572
9264023
9264223
9264819
9264872
9264890
9265875
9265991
9267162
9267346
9268333
9268993
9269389
9270733
9273463
9273828
9275145
9276359
9276446
9276483
9276868
9277007
9278909
9279325
9281420
9281576
9281671
9284946
9285204
9287973
9288257
9288267
9289704
9290156
9291628
9295414
9296334
9297107
9297331
9298485
9302248
9302448
9303158
9304824
9305734
9306111
9306493
9307721
9311058
9311303
9312140
9312685
9314294
9314708
9315301
9315551
9316799
9317378
9320121
9320181
9323445
9324301
9324968
9325044
9326506
9327145
9328478
9329953
9330571
9330712
9331132
9333536
9334756
9335797
9336016
9336430
9339902
9341602
9341811
9342567
9343425
9343942
9346781
9350265
9350646
9351674
9352373
9354467
9354693
9355199
9358617
9358895
9359716
9359765
9363047
9364065
9368007
9368838
9370770
9371785
9372974
9373186
9374847
9376041
9376130
9376654
9379460
9381520
9381817
9381985
9382343
9383724
9384077
9384163
9384445
9384814
9389195
9389747
9391322
9393523
9393762
9396031
9396450
9396557
9398745
9399786
9400306
9401334
9401453
9405767
9406425
9407972
9408051
9408736
9411480
9412252
9412562
9414543
9416663
9416807
9417173
9420825
9421218
9421452
9421845
9422183
9422869
9422877
9423099
9423171
9423762
9424008
9425111
9431828
9432125
9432190
9432556
9433816
9433905
9434565
9437556
9438559
9439452
9441576
9442237
9442557
9442564
9443241
9444309
9445602
9445776
9445795
9445942
9446886
9447307
9447835
9449341
9450312
9450627
9450905
9451065
9453035
9455260
9455443
9455732
9455841
9456887
9457880
9458244
9458260
9459994
9461181
9461560
9462090
9463926
9464251
9464265
9464424
9464483
9464656
9464703
9468252
9468503
9468585
9468896
9468979
9471240
9474422
9477277
9477844
9480611
9480783
9481668
9482596
9483285
9484869
9485014
9485193
9487702
9488455
9489613
9492605
9493556
9494295
9494969
9496677
9497740
9499636
9499778
9499857
9503114
9503259
9504683
9506051
9507982
9508049
9509658
9509733
9510833
9510877
9511078
9512582
9512962
9513859
9517337
9519307
9519695
9519863
9520493
9522430
9524450
9525683
9526610
9529151
9529582
9530508
9530527
9530646
9531033
9531614
9531823
9532568
9532783
9532884
9534455
9536238
9536898
9538470
9539442
9540193
9540546
9542517
9542888
9543923
9544385
9545208
9545393
9545712
9547358
9547974
9548661
9548682
9548764
9548825
9551311
9555260
9555844
9556893
9557209
9557979
9558433
9559787
9561838
9563062
9567258
9570994
9571379
9571615
9573329
9573412
9573802
9574576
9575352
9575492
9575522
9578337
9579639
9579817
9580594
9580599
9581727
9583230
9583232
9583531
9583901
9584074
9585920
9586128
9587004
9587969
9588313
9589321
9589513
9589592
9589702
9589900
9592033
9592357
9592460
9592750
9592887
9594629
9594855
9595714
9596090
9596239
9596290
9598064
9598840
9598972
9599170
9599546
9600868
9602506
9602938
9603137
9603307
9604596
9605408
9606535
9609053
9609816
9610956
9610986
9611716
9611851
9612561
9613002
9613058
9613583
9613869
9614123
9614307
9614603
9615541
9615949
9616780
9617902
9618041
9619670
9619676
9620544
9621009
9621180
9621641
9622321
9623044
9623726
9624197
9624663
9624870
9625304
9627189
9627688
9628532
9628803
9629358
9630637
9631239
9631938
9632451
9635616
9636159
9639024
9642245
9642361
9643194
9643789
9646314
9646808
9647594
9648569
9649356
9650785
9651263
9651760
9652186
9652306
9652796
9653279
9653601
9655531
9657381
9659391
9660363
9660656
9661008
9661196
9661952
9665326
9665934
9667174
9668177
9670492
9672296
9674748
9675046
9675308
9675561
9677027
9679573
9681582
9684243
9684380
9684700
9685153
9685334
9685462
9686933
9688477
9689068
9689581
9690482
9691614
9692339
9693154
9693830
9694088
9696153
9696627
9696756
9701277
9701670
9701695
9702459
9706095
9706997
9708584
9709629
9709814
9712914
9713229
9713284
9713514
9713574
9715999
9716321
9716949
9716963
9717934
9719654
9720044
9721021
9722970
9725219
9725340
9725471
9726617
9729035
9729217
9730050
9731225
9731523
9732075
9735322
9736421
9737262
9741669
9742335
9742385
9743434
9743466
9744250
9744312
9747072
9747805
9748757
9749154
9749879
9749892
9751772
9752074
9752374
9753739
9754919
9754982
9758854
9762826
9762838
9763714
9764100
9764426
9764578
9765200
9766078
9766960
9768502
9770079
9771203
9772377
9772559
9773575
9774750
9775488
9777138
9777639
9779858
9780458
9781093
9781191
9782549
9785475
9787097
9787998
9788192
9790168
9790210
9790425
9790668
9791856
9792059
9792273
9794375
9795213
9795932
9796659
9797144
9798649
9800313
9800673
9801813
9802130
9803096
9803828
9803846
9803949
9804228
9807382
9807581
9808320
9808876
9810561
9810727
9811255
9814610
9814802
9815217
9818348
9818711
9818873
9821555
9823491
9825222
9825450
9825968
9829346
9829388
9829439
9830530
9830948
9831443
9832460
9835149
9835704
9835809
9836044
9837062
9837363
9837377
9837626
9840761
9841456
9841743
9842626
9845520
9846179
9846316
9848032
9848300
9849051
9852009
9853208
9853717
9854590
9854722
9855286
9856006
9856191
9856401
9859917
9860186
9860633
9860763
9864779
9865939
9865978
9866523
9866537
9867008
9868263
9869389
9871947
9873256
9874908
9875777
9877613
9880006
9881072
9881458
9883494
9888378
9889875
9890486
9890776
9892659
9893741
9893856
9895549
9897876
9898146
9901669
9902423
9903338
9903548
9907918
9908132
9908192
9909860
9910233
9910407
9910429
9912743
9913471
9917702
9918390
9920121
9920244
9922641
9922660
9922704
9922824
9923453
9927920
9928154
9928523
9929452
9929539
9931330
9932745
9933934
9934359
9935394
9940457
9940583
9940993
9941771
9942110
9942224
9944524
9944564
9945538
9948226
9949764
9950866
9955770
9955877
9956172
9958174
9960094
9960469
9961037
9961227
9961760
9964626
9964950
9965381
9965716
9966465
9967552
9967676
9968746
9969464
9969570
9970288
9970365
9972329
9972716
9972972
9973580
9974163
9974246
9974267
9977982
9978894
9979399
9979506
9979699
9980491
9980603
9981498
9982939
9983360
9983565
9987195
9987523
9988574
9989211
9989906
9990159
9990664
9993107
9993902
9994804
9997765
9998324
9998643
9999194
9999366
