211
902
3314
6166
6169
6859
7246
7365
7524
11765
12191
12196
12530
13706
14572
15465
15850
16587
16828
17148
17610
18726
19281
21030
21035
22190
24738
25026
25797
26881
27149
27586
28137
29900
29916
29945
31389
33362
34094
34194
34773
36600
37238
37242
39669
40946
41197
41394
43781
44481
44929
45057
45599
46227
46672
48318
49539
50712
51169
51453
51993
52161
53483
56412
61310
61447
65883
67441
68772
70608
72120
72798
73694
73881
74537
75202
76696
77267
79600
79687
81507
82027
83418
84266
84902
86035
89092
91353
92282
92288
92464
93146
93572
96079
96493
96716
98195
98460
99087
99492
100013
101387
102339
104971
105136
107699
107839
108189
108330
110475
110991
111806
119248
119861
120570
121161
121532
123040
123884
123900
124544
126029
128075
129730
132105
135274
135747
137369
138331
138551
140848
141418
142154
143368
144807
144851
145174
145464
146675
147089
147760
147930
149793
151215
152739
152798
154247
156755
157742
161953
164069
164381
165186
169428
169768
173207
178962
179816
180366
181448
181796
182833
183362
184220
187683
188921
191867
192644
194396
195686
196808
199053
199882
200929
201589
201867
202389
202938
206158
206566
206988
208904
209942
210435
210813
210987
213326
213465
214960
218342
219071
220288
222697
222756
222764
223639
223815
224590
225257
225720
225880
227526
228297
229136
230013
230568
230918
231676
231808
232980
233620
234304
235565
236778
237106
237498
239206
240215
240313
241324
242213
242618
243195
245882
246649
246751
247505
248584
248605
248775
249169
249890
249992
250765
251111
251164
251561
252910
254056
255384
256030
256691
257074
257266
257313
259930
263360
264097
264638
265571
265577
265578
266078
266748
268474
268644
269120
271828
272064
273714
274372
275617
276699
277603
278135
278792
281861
282085
282150
283675
286089
286184
287994
288015
289855
290604
290764
295274
298590
299039
301284
301611
301977
302059
303036
305332
307942
308250
309219
310512
312127
313330
313602
314436
315177
315329
315959
316300
318701
318713
318906
318962
319065
319101
319155
323029
323300
324810
326047
326696
328008
329878
332358
332606
332677
335358
335482
336509
338080
338126
342100
345224
351219
352204
353539
354200
354391
354634
357196
357539
359224
359860
361254
361291
362129
362226
366523
366893
367052
367916
370285
371369
372159
372178
372394
372746
374457
374685
374756
375057
375583
377827
378381
378477
380074
380307
381237
383542
384687
387336
388776
389100
391409
391835
392548
393567
394407
394656
395825
395836
397319
398373
399618
399649
399959
401110
401714
402095
403232
404790
406260
406958
407816
407950
408365
408620
409191
410951
411339
411382
411491
412083
413096
413631
414303
415620
416961
419268
419331
420184
420804
423658
423948
424059
426002
426995
427351
427529
428189
428205
429761
432036
432087
434770
436554
436800
437647
438418
439232
439289
440492
440789
441111
441493
445054
445097
445909
449340
450412
450588
451192
454399
455236
456124
458405
458469
459586
460434
461230
462316
463046
463206
464282
466225
466704
468342
469467
470863
471110
471150
472017
474666
475943
476464
478265
479058
480030
482173
483133
483336
486673
488279
489081
489176
489867
490943
491901
492275
492520
498799
500886
501474
501724
501803
502665
502690
503062
503768
504373
506753
506950
510698
511595
513417
514459
514627
514999
515258
517390
517532
518683
519843
521329
524142
524916
526756
528082
528955
529171
529677
529707
530436
531002
532522
533191
536817
537609
538280
539934
539939
541150
543103
544735
546323
547651
548308
551089
552496
554056
555019
555493
555632
557176
557284
558310
558385
558398
559687
559813
560215
560372
561479
561731
563379
564386
565338
566069
566103
569540
570586
572320
572779
573678
575238
577338
577720
582417
584401
585491
585549
586219
587147
588228
589393
590334
590750
590971
594700
594819
595153
596574
596794
596868
596967
597609
599096
600049
600068
600250
600716
601536
601906
602610
604908
605077
605675
608000
608060
608547
609577
609794
610494
611125
617722
617734
619242
619883
620415
622078
623148
623582
623879
625066
625317
630026
631309
631530
631612
631979
633578
633855
635644
636034
636245
636474
636916
638041
638100
638747
638790
639442
639531
640613
643207
644004
644232
645201
647775
649864
651755
651963
653544
654871
655700
658461
660379
660671
661280
661284
661953
662477
662698
665123
665582
668253
668725
669106
669195
669417
671360
672042
674790
674846
675346
675420
675471
677215
677816
678180
679565
680027
681334
681426
682729
682991
684266
684971
685082
686804
690201
690615
695203
695889
696809
697480
697787
698137
698728
700311
701547
703953
704022
704113
704125
704145
704426
705225
705389
706459
707020
707758
708590
709125
710049
711181
714972
715396
716270
716535
716922
717328
717404
718016
718239
719910
720357
722996
725916
726150
726205
726823
728407
728482
729202
734956
736050
736977
738905
740423
740779
740976
741008
741718
742259
744114
744528
745102
748549
749544
750487
750653
751148
753022
753472
754304
756555
756662
757056
758859
759199
759574
760172
760821
761634
764107
765800
766018
768319
769420
769485
769517
770067
770304
771507
772202
773011
773321
774239
774641
775493
776370
777138
777241
777757
777884
778126
778575
779481
779573
781557
782307
783779
784298
785123
787800
788477
788482
791478
792676
793458
793469
794258
795732
797213
797258
797527
798790
800076
800225
800404
802983
803920
803977
806985
807312
809123
809484
809804
811096
811904
811909
812167
812439
815006
815283
815509
816038
817006
820254
820404
824012
824161
824720
827202
831467
832446
836138
836180
836226
836880
840458
842974
843522
844319
844395
846485
848973
849542
850380
853059
855269
856373
857017
857919
859506
862355
864581
865675
867424
867937
868598
868634
868767
870166
870957
871454
871638
871951
872228
872501
872995
873671
873989
874146
875813
875843
877985
878076
881034
884086
886286
886684
887591
889297
889570
891734
892307
893430
893596
894114
894666
895821
898168
899640
903073
903988
905939
906619
906881
908620
908802
909165
912423
913978
914123
914508
914602
915212
915694
917711
917989
918460
922375
925974
926468
927057
928421
929062
929412
929877
931955
932012
932891
933701
935669
936580
938484
938983
939027
941441
941629
942363
942944
943401
944398
944687
946752
946999
950907
951089
951306
952396
954399
956279
958430
958683
959540
961372
961667
961936
965282
966442
966746
967339
968143
969214
969239
969918
969988
970241
971270
973025
973959
974411
978812
979453
981479
982192
982797
983547
984846
985159
990000
991724
993967
994813
996360
998359
1000521
1002903
1004502
1004926
1006603
1009163
1011359
1012216
1013414
1014302
1014461
1014490
1014866
1015221
1015353
1015772
1016613
1017513
1017790
1018273
1018464
1019149
1019760
1020404
1021053
1021656
1022216
1022823
1023153
1023635
1025415
1026962
1027174
1027537
1028498
1028534
1029832
1031276
1032038
1033532
1033622
1034775
1036085
1036783
1037194
1038289
1040408
1040575
1040856
1041609
1041852
1043327
1044445
1044655
1045328
1045623
1046044
1046218
1049071
1051684
1054212
1057807
1059654
1059689
1059866
1062021
1062866
1063748
1064233
1064600
1066337
1066725
1067296
1068045
1068371
1069689
1071014
1072325
1072377
1072616
1074445
1075164
1078095
1080798
1081497
1081607
1081831
1082233
1082336
1082441
1082539
1082868
1085407
1086046
1088470
1091233
1093058
1093324
1093470
1093695
1094997
1095020
1095477
1099941
1101404
1101785
1102176
1102787
1104638
1106916
1107594
1107900
1110541
1110804
1110979
1111300
1111558
1111798
1113264
1113297
1113425
1113806
1113937
1114258
1114703
1116517
1120194
1120298
1120450
1121297
1122291
1123145
1123941
1124349
1124660
1124729
1126556
1127575
1127945
1128307
1128707
1129618
1131631
1132235
1132427
1133877
1137144
1137233
1137268
1138499
1140996
1142646
1142910
1142960
1144501
1144689
1145299
1145551
1146823
1148264
1149075
1149564
1151654
1151679
1152403
1154156
1154573
1155351
1155873
1156148
1156239
1156389
1157637
1157669
1157793
1158353
1159351
1160018
1163913
1164961
1166701
1167358
1169262
1169853
1170736
1171310
1174824
1184328
1184906
1185158
1185201
1187739
1189066
1190197
1191366
1191833
1192261
1192766
1194070
1195315
1197033
1197369
1198105
1199419
1199508
1201204
1201357
1201384
1201946
1203269
1204292
1206672
1206961
1207482
1207746
1208121
1208477
1209453
1210477
1212224
1216576
1216677
1220047
1222078
1222200
1222495
1222835
1225586
1228692
1228780
1229867
1233426
1233944
1234139
1234455
1235022
1235359
1237993
1240822
1242112
1244040
1245861
1247247
1247864
1251450
1251542
1252411
1253334
1253838
1254662
1255172
1256672
1257344
1258387
1259594
1261000
1263076
1263839
1266656
1267053
1267330
1267973
1269472
1269658
1270825
1272737
1273141
1273241
1275900
1276330
1277541
1278451
1278839
1278859
1283489
1286016
1286205
1286753
1287962
1289744
1289820
1291575
1293158
1295228
1296886
1296898
1297016
1297801
1298060
1298767
1299438
1300314
1300555
1301645
1302351
1303616
1303962
1304022
1304178
1304372
1306186
1307789
1308045
1310174
1310510
1310974
1311593
1311835
1312206
1313332
1313420
1314345
1316689
1316792
1318728
1321036
1321834
1322359
1323276
1326845
1327254
1327533
1328128
1332456
1332971
1333309
1333784
1334664
1335784
1335939
1338029
1338514
1339097
1339741
1341832
1346715
1346887
1347946
1350157
1350627
1353572
1353807
1354020
1354447
1354469
1356429
1356537
1357593
1359125
1360746
1361369
1361684
1362534
1363544
1364680
1365184
1365790
1367822
1369263
1369669
1370790
1371892
1372203
1373472
1373491
1374984
1376907
1377105
1381960
1385112
1385385
1385931
1386212
1387590
1388294
1388757
1389810
1391029
1391585
1391855
1392572
1392984
1393286
1395524
1401470
1402507
1403468
1403479
1404006
1404170
1406829
1409051
1410454
1412822
1413042
1414254
1414839
1416371
1420782
1421874
1422547
1423637
1425452
1426234
1427300
1428357
1429001
1429988
1430935
1430994
1431014
1431042
1434327
1434493
1435408
1437734
1438886
1439114
1440751
1441400
1441484
1443471
1443894
1444001
1445002
1446437
1448390
1449025
1449181
1451498
1453472
1453545
1453625
1454088
1457552
1458105
1458361
1458739
1460489
1460690
1462199
1462822
1462993
1463635
1464592
1464747
1466744
1467212
1468166
1469944
1471408
1472364
1473401
1474790
1478004
1479549
1483499
1483711
1485263
1488429
1488858
1491258
1492793
1493392
1494997
1495740
1497009
1500063
1500389
1500708
1501836
1502842
1504134
1504145
1504440
1505609
1506508
1507231
1512151
1512510
1512568
1513937
1516881
1518694
1518746
1520895
1521352
1522018
1522550
1524729
1527221
1527621
1528643
1530182
1531673
1532967
1535205
1535340
1537418
1539739
1541748
1542614
1543707
1543898
1545546
1545768
1550701
1551505
1552109
1552460
1553456
1555432
1556971
1557053
1557441
1557814
1558329
1558692
1560263
1560575
1563938
1564272
1564352
1564385
1564638
1566532
1566607
1567157
1567816
1568268
1568989
1569191
1570506
1572194
1572481
1573063
1574234
1575446
1575681
1575743
1578578
1579452
1579498
1580519
1582655
1584550
1584865
1585653
1586006
1588934
1589389
1590035
1592131
1593347
1593833
1594801
1595957
1596347
1596525
1597126
1598514
1601502
1601676
1605458
1605941
1606315
1606538
1608151
1609462
1610605
1611868
1612029
1612374
1612861
1613508
1613668
1614083
1614463
1616071
1617474
1618363
1618400
1619404
1620784
1621843
1622416
1623533
1627694
1627786
1629772
1630567
1630604
1630735
1631519
1632826
1632966
1633011
1634251
1635429
1635712
1638207
1638848
1640810
1641275
1641529
1642258
1642911
1643457
1643779
1645791
1646186
1646992
1647346
1647829
1649350
1650827
1650831
1653559
1654118
1654255
1654626
1654907
1654947
1655095
1657528
1658679
1658705
1659843
1660180
1662315
1662485
1662965
1663648
1664523
1665769
1667997
1668076
1668491
1669837
1671996
1673043
1673494
1675866
1676056
1676282
1676339
1678622
1680483
1680573
1680861
1682260
1685029
1685684
1686893
1687100
1688020
1688369
1689744
1695032
1695796
1697551
1699017
1699497
1700701
1701959
1703431
1704283
1706211
1707121
1707261
1709255
1712329
1713431
1713941
1714178
1714805
1714840
1715615
1716611
1717354
1718118
1718520
1718592
1719450
1719719
1721373
1721433
1722209
1724028
1725812
1726511
1728662
1730081
1732088
1734102
1735605
1736917
1737559
1742107
1742912
1743812
1745262
1746426
1746799
1751303
1752487
1754312
1754513
1754574
1757295
1758102
1760398
1760553
1761855
1762315
1763085
1763099
1763433
1765479
1766029
1766394
1766423
1766677
1766810
1767458
1769388
1769631
1769925
1770514
1770689
1771281
1771667
1772737
1773851
1773891
1774967
1775089
1776720
1777311
1777452
1777953
1778713
1779008
1779846
1780013
1780487
1782783
1783380
1785235
1785564
1786905
1788914
1790361
1792017
1792109
1792568
1793069
1795151
1796301
1796351
1796874
1797593
1798913
1799956
1800606
1801539
1802720
1803394
1804952
1806476
1807047
1807314
1810626
1811752
1811980
1813424
1814839
1815375
1816599
1818980
1819960
1819996
1822803
1823828
1824161
1826060
1826061
1826288
1826353
1826826
1829286
1830141
1832109
1832273
1832475
1832582
1832840
1833102
1833902
1833967
1835672
1835846
1836222
1836955
1837544
1837971
1838878
1839024
1840118
1840393
1841245
1842814
1843560
1844046
1844510
1845239
1845488
1845696
1847994
1848056
1849579
1849620
1850206
1855732
1855811
1855813
1857618
1857654
1858604
1859516
1860166
1860674
1860999
1861489
1861914
1865806
1867302
1868257
1872920
1873360
1874302
1874952
1876073
1877158
1877660
1878372
1879222
1879754
1880111
1880379
1880532
1880684
1880731
1882588
1883181
1885265
1885953
1886374
1886932
1887384
1888699
1888751
1889214
1892489
1892915
1893033
1894444
1895912
1896365
1897674
1897781
1897998
1898353
1899943
1900354
1902992
1906190
1907230
1907625
1908963
1909098
1909176
1910014
1911880
1912130
1912784
1913641
1913782
1913944
1915904
1915998
1916991
1917357
1917971
1918501
1918692
1920813
1921117
1921143
1921239
1923107
1923363
1923472
1926301
1926688
1927376
1929656
1930304
1930543
1931789
1933577
1935230
1936793
1939260
1939282
1939836
1940250
1941844
1944245
1944769
1944898
1945150
1946010
1946267
1946278
1946334
1948257
1949177
1949406
1950014
1950030
1951731
1951940
1952729
1953111
1953947
1956891
1959998
1961630
1963589
1967666
1968356
1969544
1979313
1979533
1979631
1979893
1981825
1981872
1982434
1983330
1983552
1985762
1986776
1987006
1987392
1988155
1989563
1990466
1990758
1991240
1991255
1991658
1991661
1991688
1993047
1993192
1995914
1997267
1997270
1999275
1999576
2001548
2002472
2003647
2004315
2004984
2006775
2007364
2007733
2009616
2010357
2010628
2011080
2013003
2015055
2015374
2015627
2016613
2016652
2017367
2018669
2020412
2021021
2021607
2023620
2023820
2024113
2025068
2026202
2027733
2029360
2030775
2031396
2032384
2036203
2038218
2038732
2039431
2041447
2042300
2043341
2046029
2049106
2049330
2049566
2050129
2050158
2050352
2050512
2052013
2055771
2055945
2057735
2058636
2059207
2061967
2062225
2062456
2062832
2063088
2064038
2064494
2065333
2066580
2066615
2066704
2069610
2069757
2070114
2070987
2071144
2072544
2072678
2073383
2075336
2076017
2076315
2077184
2079119
2079622
2079985
2080066
2080665
2081022
2081817
2081945
2082091
2082467
2082625
2084780
2084882
2084914
2085703
2085816
2086752
2089880
2090255
2091060
2091208
2091458
2092078
2092117
2092875
2094521
2094675
2096176
2096826
2097895
2100023
2100834
2102552
2102564
2103567
2104424
2105047
2105327
2105834
2106357
2107166
2108044
2108492
2108864
2110311
2110991
2112041
2112373
2112450
2118190
2121588
2122323
2123115
2123404
2124171
2125881
2126245
2128212
2128812
2131048
2131517
2132341
2132927
2133520
2133983
2134672
2135947
2136365
2136976
2137462
2138449
2138883
2140293
2140596
2142187
2143078
2144330
2145349
2145698
2146710
2146770
2147352
2149134
2149288
2150281
2152339
2152351
2152488
2157461
2157764
2157808
2158567
2158771
2160444
2161008
2161506
2162263
2163342
2164419
2165183
2165442
2165799
2166265
2167469
2170055
2170096
2170262
2170577
2170919
2171464
2172221
2172426
2172504
2173736
2174872
2181508
2182102
2182534
2182912
2184510
2185174
2185214
2185782
2187002
2189272
2189401
2189479
2190101
2190225
2190448
2190805
2191179
2191426
2192027
2193949
2194379
2195371
2195405
2195569
2195648
2197079
2197683
2198932
2203399
2203704
2206059
2206940
2207615
2207940
2207996
2208696
2208733
2211071
2211138
2213625
2216071
2216477
2216512
2220473
2221372
2224425
2225797
2227747
2228511
2228553
2228576
2228751
2229659
2230683
2230885
2231221
2231723
2232287
2232522
2233524
2233689
2235310
2242458
2243754
2243755
2245313
2246398
2247265
2247361
2249755
2251734
2255099
2255256
2255303
2255499
2256180
2256379
2256821
2257536
2257852
2259855
2262033
2264129
2264576
2264647
2264668
2264710
2266948
2267635
2267659
2268467
2268545
2269713
2270259
2270922
2272111
2274123
2275008
2275775
2275822
2275971
2276663
2276718
2277858
2280015
2280377
2280794
2280940
2282764
2285255
2287254
2289406
2289443
2291691
2293850
2294229
2294761
2297876
2299158
2299860
2299985
2301451
2301566
2302470
2302561
2304699
2305967
2307199
2309795
2312096
2312593
2313351
2313822
2314008
2314533
2315818
2316285
2317319
2318198
2319180
2319231
2320784
2321314
2321585
2321948
2321974
2322890
2322966
2324797
2325987
2326281
2326482
2327661
2328248
2329161
2331027
2331386
2331911
2332082
2332555
2334391
2334456
2334572
2335903
2337014
2337549
2337582
2338044
2338211
2338382
2341910
2342229
2342439
2343396
2344395
2346440
2348083
2348114
2349537
2351420
2351696
2354748
2355859
2358930
2359999
2361311
2364088
2364478
2364840
2365674
2367353
2368458
2368643
2368981
2370327
2371664
2371754
2372751
2373259
2373461
2373751
2379876
2381138
2381630
2383759
2384161
2384289
2385327
2385551
2385662
2386004
2389009
2389815
2389997
2390622
2390669
2394403
2394547
2394991
2396438
2398040
2398059
2398679
2399238
2400634
2401027
2401753
2401816
2401831
2402688
2402989
2405583
2405768
2406635
2407362
2407818
2409570
2409712
2409805
2410559
2412775
2416591
2417984
2418430
2420465
2422980
2423045
2423229
2424374
2425079
2426638
2427303
2427904
2427916
2428017
2428769
2429859
2434236
2435897
2436501
2436746
2437251
2439029
2439853
2441330
2441543
2441946
2443243
2443437
2443626
2444744
2444790
2445929
2446042
2447569
2447726
2447821
2448510
2448611
2448819
2451986
2452069
2453392
2454087
2455475
2457295
2458780
2460338
2462110
2465947
2466109
2466551
2466837
2466843
2467369
2467606
2467839
2468512
2468647
2471500
2471555
2471735
2471865
2473367
2475546
2478805
2478888
2480197
2481769
2481903
2483268
2483566
2483887
2484297
2486179
2488320
2490279
2490634
2492368
2492536
2493163
2494192
2495014
2495070
2495343
2496270
2496570
2498383
2498534
2499160
2501121
2501987
2502048
2503800
2504196
2504407
2504629
2504744
2505286
2505325
2505506
2507122
2507864
2508154
2508771
2510618
2512363
2512838
2514365
2515123
2515856
2515997
2519911
2520307
2520390
2522474
2523399
2525275
2525609
2526897
2527854
2528731
2529965
2530453
2531926
2532058
2532778
2534847
2535009
2535219
2535360
2536157
2536337
2536517
2537079
2538077
2538650
2538675
2538787
2540073
2541418
2541967
2542794
2542886
2542943
2543345
2545080
2545810
2547560
2547599
2548386
2548654
2549242
2550153
2551510
2553458
2554785
2554998
2556001
2559641
2560072
2560145
2560254
2563987
2564435
2564569
2565300
2567344
2567741
2567895
2569375
2570430
2570448
2573090
2574087
2574645
2581221
2581900
2584546
2586416
2587137
2590555
2590766
2591236
2591266
2595455
2596092
2597011
2597646
2598600
2598902
2598909
2599377
2600670
2602736
2603192
2603504
2604685
2605187
2606479
2608245
2608792
2609042
2609846
2613312
2614119
2615069
2615259
2615979
2616781
2616951
2617342
2619107
2619837
2620341
2620482
2620554
2621442
2623145
2624081
2626971
2627519
2627646
2628038
2629369
2630401
2630759
2631059
2631245
2631405
2634115
2635949
2636168
2638550
2640936
2642902
2643357
2643566
2644102
2644311
2645266
2649978
2651089
2652445
2652496
2654472
2654488
2655835
2658644
2660025
2662176
2662999
2663073
2663456
2665419
2666717
2667296
2667299
2667461
2668383
2668873
2669017
2670645
2673174
2673949
2676234
2677662
2677810
2678071
2678083
2678298
2679291
2680698
2685455
2687070
2687550
2688720
2690109
2690734
2691798
2691825
2691916
2693181
2693514
2694057
2694185
2694480
2696327
2696773
2697093
2697104
2697470
2699219
2699488
2701046
2701151
2702209
2702661
2702691
2703549
2703640
2703695
2703775
2705069
2705659
2707429
2707682
2707932
2710853
2711420
2711559
2711599
2711814
2711840
2713392
2713602
2714486
2714675
2715139
2716158
2716788
2719051
2719302
2720183
2721157
2721583
2723073
2723165
2725736
2726816
2726888
2728082
2728275
2728518
2729504
2730050
2732722
2732959
2737796
2738525
2738909
2739304
2741540
2741687
2742245
2742775
2743748
2745285
2745722
2750330
2750450
2750472
2750606
2750711
2751027
2751328
2751516
2751897
2752380
2753081
2754429
2755717
2756152
2757372
2758677
2759221
2760705
2760851
2762459
2763603
2763831
2764174
2764384
2764421
2764770
2764924
2766420
2766755
2768182
2768391
2768547
2769317
2771755
2772913
2775677
2776507
2776528
2777036
2778120
2778760
2778892
2779051
2779414
2780125
2781039
2781820
2782452
2783698
2784624
2786157
2786583
2788701
2790554
2790840
2791729
2792110
2793306
2794417
2795231
2795604
2801380
2801390
2804639
2804902
2805328
2805469
2806182
2807608
2808072
2808298
2809369
2810534
2812255
2815283
2816149
2816366
2816442
2816525
2817154
2819055
2819074
2819993
2821380
2821587
2822878
2823393
2823412
2824757
2827250
2828839
2830170
2830859
2832227
2832358
2832390
2832615
2833105
2835119
2835666
2835824
2836089
2838307
2841752
2842094
2842448
2842676
2844265
2844561
2845047
2845271
2846184
2847205
2847441
2849530
2849689
2851719
2853547
2853626
2854779
2855709
2860301
2860785
2862359
2862581
2863275
2864013
2864234
2864311
2864672
2864831
2865247
2866921
2867390
2867458
2868930
2869110
2869272
2869717
2871252
2871721
2871741
2873031
2875171
2876045
2876989
2877449
2877462
2878702
2878719
2879522
2879523
2879716
2880064
2882160
2883140
2883183
2884519
2886262
2887133
2888096
2889542
2889654
2890741
2892566
2892765
2894580
2896119
2898515
2899437
2901039
2902043
2902166
2902425
2902768
2906605
2906813
2906976
2907118
2907772
2908942
2911111
2911272
2915204
2917110
2917185
2918882
2918960
2919069
2919393
2924236
2925064
2928089
2928197
2930021
2930524
2933659
2934181
2936471
2936695
2936952
2938145
2938441
2940170
2940666
2941391
2941841
2942613
2943065
2944211
2946013
2946425
2946460
2946696
2948398
2948938
2949225
2949499
2951055
2951219
2951384
2951479
2952012
2953273
2953680
2954743
2955631
2957186
2957574
2958055
2960491
2960676
2961473
2962574
2963982
2965600
2966678
2967732
2967937
2970094
2970893
2971352
2974895
2974920
2975709
2975893
2980047
2980141
2980366
2980842
2982488
2983749
2985824
2986708
2991210
2992622
2992801
2992807
2995084
2996936
2998284
2998666
2999218
3000358
3001434
3001447
3002200
3003833
3004100
3006808
3007161
3007250
3008329
3008910
3010824
3012325
3012790
3013994
3014533
3015754
3016647
3018020
3018967
3019789
3019939
3020312
3022053
3024158
3025852
3028397
3029941
3031932
3032209
3033311
3034612
3034974
3036470
3036719
3037155
3037319
3037965
3038668
3039068
3041420
3041812
3042018
3042517
3043983
3044368
3044391
3044893
3045835
3045954
3047234
3048127
3049321
3051196
3051893
3052597
3052943
3054289
3055719
3058087
3059595
3060351
3060866
3062276
3064896
3065014
3065116
3065929
3067356
3068379
3069848
3069968
3070233
3072037
3072181
3072780
3073445
3074558
3075467
3075627
3077067
3078507
3080212
3081187
3084006
3084258
3085140
3085241
3086040
3088092
3089335
3089592
3091688
3092214
3093120
3093993
3094569
3095820
3097244
3097805
3097816
3099336
3100219
3101773
3102416
3102925
3104711
3105551
3105816
3107961
3112383
3113251
3113515
3116433
3118166
3118555
3119275
3119374
3121693
3122775
3125800
3126646
3127799
3128146
3129474
3129499
3131988
3133266
3133346
3134034
3134478
3135709
3135862
3136066
3136724
3139883
3141749
3142052
3143175
3143411
3144541
3144557
3144572
3144715
3144755
3144972
3147152
3150387
3151214
3151262
3152906
3153271
3153567
3154491
3154807
3155597
3156199
3156216
3158355
3160315
3161346
3161623
3162030
3162791
3162886
3164509
3165079
3165132
3165182
3166136
3166423
3166558
3166718
3167152
3168779
3169820
3170288
3172147
3173247
3173431
3174128
3174874
3177816
3179593
3180183
3180283
3180515
3181652
3182889
3185310
3186746
3186997
3187431
3189415
3192162
3193012
3193792
3194050
3195333
3196279
3197548
3197634
3200698
3201091
3202139
3203210
3203730
3205033
3205334
3206354
3206816
3206938
3207040
3207062
3207300
3207482
3207526
3208860
3210347
3212214
3212501
3214603
3215624
3217060
3218148
3218247
3218299
3218370
3219006
3220679
3221032
3221054
3221104
3222616
3224443
3224569
3226166
3228957
3230024
3230495
3230657
3232394
3232701
3236001
3237792
3238820
3241397
3242439
3243730
3243879
3244305
3246127
3246567
3248072
3248263
3248700
3249609
3250445
3250491
3250853
3251258
3252210
3253930
3254809
3256066
3256110
3257318
3257861
3258115
3258186
3258561
3258882
3259506
3259872
3260559
3263128
3263208
3263446
3265219
3266345
3266737
3267051
3267094
3267177
3268161
3269127
3269329
3270773
3272214
3274203
3274212
3274225
3275585
3276172
3277285
3277329
3278012
3278439
3279204
3279969
3280033
3280212
3283164
3283616
3285151
3285804
3286297
3286586
3286719
3288552
3289283
3289463
3289990
3290518
3291067
3291791
3292398
3295156
3296265
3299395
3300837
3301644
3302670
3303190
3305894
3308597
3309539
3312633
3313011
3313280
3313520
3314220
3314497
3314539
3315045
3316107
3316204
3317391
3317906
3318511
3319624
3322488
3322859
3323518
3324009
3326421
3329029
3331638
3331694
3333772
3339265
3339974
3340256
3341493
3342080
3342644
3343266
3343272
3345092
3345493
3345911
3346660
3348262
3348503
3349576
3350340
3353190
3354034
3355830
3355833
3356056
3358148
3358207
3359181
3360069
3360214
3361100
3361919
3364051
3366678
3369318
3370823
3371964
3373526
3375523
3376131
3376694
3380320
3381294
3381796
3385363
3386873
3387307
3390421
3392211
3392262
3393600
3394099
3394450
3395327
3399382
3399679
3399699
3400419
3402488
3404499
3404516
3404964
3407598
3408469
3409552
3411475
3411718
3412508
3412738
3413041
3413585
3413976
3417722
3420378
3420851
3429331
3432565
3433776
3433976
3434237
3437351
3439959
3442375
3442570
3444172
3445597
3445641
3446591
3447098
3448300
3448984
3449077
3450620
3453734
3454389
3455268
3455570
3455981
3459223
3459744
3461347
3463275
3463701
3466417
3467025
3467822
3468493
3469583
3470173
3471467
3471824
3472664
3473022
3473597
3473844
3474654
3477017
3478330
3478518
3478730
3479497
3479578
3480489
3482314
3483837
3488522
3494838
3495977
3497161
3497964
3498840
3499217
3499344
3499500
3502051
3502078
3502680
3505018
3506368
3507182
3507847
3507963
3508237
3511301
3511598
3512861
3513001
3516669
3517886
3517971
3518037
3518319
3518801
3518913
3519167
3519822
3520128
3520736
3520826
3523837
3523902
3525258
3526205
3527571
3527685
3527894
3528676
3529507
3530998
3531409
3531519
3532419
3534043
3537034
3537086
3537964
3538287
3539072
3541556
3541567
3541807
3542502
3543792
3543959
3543992
3544374
3545449
3548347
3548611
3548909
3550568
3550579
3553242
3553509
3554908
3554961
3555305
3555437
3555867
3558179
3560062
3562633
3566752
3567259
3572828
3573257
3576170
3576980
3577481
3580083
3580351
3581121
3581808
3582281
3582569
3584751
3584983
3585253
3589486
3589760
3590670
3591538
3591831
3592089
3593080
3594208
3594293
3595457
3595554
3596409
3596642
3597083
3598297
3598308
3599848
3600992
3601745
3602022
3602235
3603624
3608445
3609686
3609882
3610779
3611104
3612289
3613479
3614307
3615018
3615249
3616900
3617591
3618586
3619404
3620108
3620475
3622209
3624512
3625046
3625290
3625649
3626372
3627038
3627048
3628580
3629449
3630328
3631816
3631987
3632078
3632980
3633581
3634424
3637724
3639980
3640286
3642095
3643253
3643623
3643814
3643843
3643902
3643937
3645689
3647188
3648281
3648769
3648939
3649279
3650283
3650984
3651062
3651185
3651962
3653545
3653669
3654244
3656542
3659001
3664981
3665782
3667863
3670567
3671527
3671901
3671972
3675976
3676512
3677124
3681217
3681721
3682112
3682372
3683906
3686158
3686707
3687097
3689310
3689973
3691425
3692280
3695048
3695168
3696478
3696622
3696704
3697246
3698043
3699950
3700686
3701918
3703069
3703139
3706392
3708407
3708840
3711306
3713598
3713881
3714439
3715044
3715422
3717643
3717876
3722532
3724169
3725179
3727260
3728242
3728419
3728590
3728970
3730238
3731500
3732443
3734117
3734170
3736324
3737970
3738239
3738749
3738951
3739179
3739600
3744427
3744752
3745095
3745448
3748467
3749781
3750646
3753593
3755079
3756686
3757824
3758027
3758548
3759051
3760090
3760759
3763586
3764682
3764971
3766620
3767245
3767361
3767409
3772511
3772937
3773479
3773960
3775027
3775478
3775940
3777693
3778294
3778853
3779201
3779338
3780829
3781616
3782064
3782565
3782906
3782927
3783099
3783310
3783923
3784260
3785034
3785469
3785594
3785675
3786128
3786860
3790957
3792251
3792638
3795184
3796829
3797803
3798150
3802656
3803649
3804417
3805545
3805724
3806986
3808492
3808612
3810125
3810623
3814965
3815540
3815564
3817872
3818462
3818839
3819288
3819938
3820758
3821609
3826120
3829596
3830151
3831744
3832149
3832324
3832457
3835253
3835996
3836084
3837827
3838085
3838208
3838312
3840936
3842395
3842609
3843127
3844114
3844565
3844979
3845749
3848063
3848878
3851599
3852172
3853030
3853039
3853447
3854286
3855024
3859789
3862081
3863270
3864596
3865483
3865958
3866908
3867579
3868945
3869120
3870167
3872316
3873139
3874283
3874862
3876673
3877723
3877867
3878507
3880257
3881192
3881568
3882107
3882475
3882579
3882777
3884028
3884154
3886129
3887204
3887247
3888024
3888428
3889012
3890189
3892347
3893039
3893200
3894650
3895324
3895748
3895788
3896298
3898600
3899401
3899836
3900154
3900822
3902648
3902880
3905199
3906801
3909754
3909963
3911769
3913858
3916228
3916788
3919452
3919906
3920228
3921246
3922974
3923481
3928611
3929872
3930801
3932932
3934074
3934188
3935530
3935545
3936154
3938531
3938878
3938944
3940233
3940396
3944959
3946119
3948174
3948242
3950911
3952766
3953303
3953329
3954026
3955457
3955693
3956747
3957307
3958236
3958372
3959100
3959712
3960283
3961560
3962162
3967078
3967850
3968109
3969040
3970245
3970316
3970318
3970621
3971019
3971084
3976028
3976245
3977066
3977658
3980782
3982939
3983478
3986091
3987364
3987647
3990646
3994375
3996427
3999725
4001303
4002297
4004956
4005337
4005722
4008716
4011167
4011538
4012548
4012555
4013068
4013196
4013483
4015530
4015817
4017805
4017875
4018107
4018915
4019677
4021617
4023211
4023328
4024259
4025929
4025954
4027679
4027748
4030703
4031379
4032498
4033779
4034495
4034497
4036569
4039767
4040293
4040348
4042589
4043380
4043658
4045606
4045971
4047270
4049961
4049971
4051614
4053227
4053838
4054092
4055229
4056417
4056995
4057518
4058178
4058473
4060371
4062424
4064388
4065100
4066317
4066335
4067195
4068299
4070964
4071649
4072472
4073091
4073626
4075225
4076136
4076965
4078312
4078900
4079238
4080122
4081220
4081224
4081286
4081651
4081820
4082566
4082753
4083341
4083777
4086930
4087779
4088123
4089769
4090807
4092272
4093083
4094175
4094520
4094627
4094938
4095140
4096123
4096565
4096749
4098679
4099118
4100054
4100707
4101249
4101844
4101893
4102542
4104363
4104602
4105103
4105113
4105163
4105601
4105891
4107663
4107756
4109594
4111062
4111141
4111740
4111980
4112222
4112809
4113669
4114508
4115490
4116231
4116301
4116407
4119562
4120796
4122037
4122241
4122790
4123879
4125627
4127031
4129678
4130552
4130759
4131333
4131602
4131625
4131652
4132670
4134557
4138713
4138788
4140917
4142079
4145371
4146975
4147035
4147351
4148200
4148684
4149669
4151676
4152176
4152251
4154085
4154539
4154578
4155174
4155290
4156173
4157716
4158391
4158935
4159032
4159441
4159503
4160902
4161435
4161999
4162032
4163331
4165947
4166036
4168296
4168861
4168894
4169106
4171986
4172577
4174273
4174516
4177583
4177597
4177609
4179183
4180589
4182081
4182097
4182655
4184132
4184138
4187976
4188586
4190795
4192397
4193975
4194317
4194404
4195360
4195788
4195867
4197308
4198032
4198253
4198263
4200447
4203251
4203725
4204638
4206854
4208044
4209735
4210974
4211410
4211472
4211764
4212979
4213061
4214190
4216986
4217732
4218623
4219922
4220404
4221534
4224593
4224715
4227492
4227840
4229029
4229606
4229932
4230795
4231323
4232768
4233282
4233379
4233391
4234704
4236853
4236998
4239883
4240476
4241030
4241590
4241630
4243673
4244389
4244559
4246142
4246968
4248925
4249154
4250345
4251261
4252904
4253371
4253460
4254245
4255743
4259213
4259322
4259745
4259809
4261097
4261797
4261934
4262018
4262847
4262940
4263170
4263886
4264195
4265996
4266329
4266556
4267357
4267420
4267718
4269382
4270116
4270498
4271183
4271247
4272236
4272835
4273035
4273083
4274040
4275252
4275350
4275593
4275971
4276052
4276258
4280663
4283062
4283757
4284283
4284604
4285488
4285523
4286175
4287997
4288523
4293187
4295218
4295409
4296080
4296643
4296769
4297980
4298202
4299008
4299277
4299296
4302423
4303343
4303391
4303552
4303590
4304126
4304597
4304853
4306537
4307216
4307420
4307678
4309684
4310039
4311515
4311556
4311714
4311860
4314155
4315464
4316564
4317225
4317296
4318186
4318943
4319084
4320606
4320619
4321721
4321779
4322108
4322802
4323027
4323073
4324280
4324446
4325584
4326012
4327401
4328198
4328396
4328732
4330468
4332598
4333820
4334661
4336477
4336529
4338230
4338380
4338405
4340036
4341251
4341429
4341443
4342139
4344733
4345298
4347661
4347829
4347960
4348317
4348365
4349848
4350346
4350491
4351062
4352091
4353996
4355478
4358858
4359416
4359898
4359948
4361108
4361210
4362231
4364263
4364321
4365395
4365972
4372597
4373209
4376093
4376120
4376191
4377079
4378461
4379226
4379259
4379776
4380180
4387100
4387459
4387902
4389658
4390393
4390568
4391425
4394301
4394730
4394926
4394954
4395864
4396078
4396573
4396580
4396888
4397072
4399388
4400773
4401008
4402118
4402155
4405189
4406594
4406686
4407228
4407355
4409304
4411556
4412683
4413460
4413638
4413966
4413978
4414952
4416412
4417369
4417721
4417813
4418083
4419467
4419583
4420231
4421640
4421958
4422362
4422519
4422693
4423271
4424762
4424986
4425222
4425944
4427154
4427258
4428594
4429250
4430424
4430540
4433110
4433272
4434509
4434958
4437473
4438459
4439522
4439712
4441754
4442472
4443091
4443488
4447728
4449520
4450123
4452469
4454253
4457429
4457665
4457960
4458561
4459116
4459887
4460095
4460631
4462150
4464429
4465474
4466049
4466111
4467118
4470573
4471303
4473923
4475478
4475801
4476838
4476956
4477287
4479894
4480398
4481084
4482898
4483706
4484321
4484985
4485833
4486073
4486244
4486927
4489260
4490579
4491864
4491965
4492900
4494036
4495252
4496990
4497885
4500460
4500860
4501374
4502725
4502751
4503147
4503318
4505303
4505985
4507609
4509103
4509259
4510812
4511000
4511932
4512213
4512445
4512446
4512466
4512724
4512988
4513082
4513421
4514049
4515055
4515372
4517117
4519132
4519355
4519859
4521156
4521375
4521914
4522074
4523384
4523568
4524151
4525359
4526374
4526562
4527182
4532159
4532250
4534155
4534303
4536351
4536386
4536425
4537539
4537789
4538285
4538335
4538575
4540115
4540782
4541862
4545848
4545951
4546723
4546797
4547029
4548518
4550556
4551033
4551135
4551261
4553354
4555212
4555850
4558192
4559056
4559997
4561102
4562053
4563952
4564145
4564990
4566170
4566257
4568553
4570144
4571451
4571852
4571863
4572304
4575948
4575967
4576957
4577818
4580083
4583308
4583825
4586372
4587050
4587517
4587997
4588004
4590638
4591805
4592173
4592723
4592922
4593000
4593383
4593519
4593945
4595829
4596776
4596906
4597268
4600042
4601043
4602031
4602144
4602712
4603054
4603354
4603777
4604185
4604970
4606237
4607284
4607674
4610157
4611423
4611984
4612971
4613619
4618048
4620090
4620463
4622768
4623667
4624973
4625530
4626873
4626955
4627064
4627949
4629312
4630965
4633687
4633883
4634998
4635614
4635645
4636071
4636830
4637361
4637788
4637819
4637884
4638077
4638194
4638253
4640320
4641350
4641968
4642413
4642701
4643060
4644348
4644433
4644972
4645583
4646320
4646542
4646598
4646845
4647839
4648124
4651284
4653350
4655590
4656101
4657179
4658600
4661080
4662135
4662362
4663003
4664908
4667008
4668663
4668917
4669190
4670891
4671243
4671924
4672667
4672924
4675010
4677508
4678841
4679667
4681085
4682835
4685411
4685661
4686251
4686253
4687756
4689218
4689768
4691812
4692861
4695235
4695730
4697832
4698234
4698389
4699127
4699322
4699808
4700644
4701824
4701839
4701959
4702171
4703663
4703744
4704534
4705634
4705885
4706040
4707614
4708814
4709215
4709680
4710385
4710699
4711702
4712786
4713051
4713403
4713873
4714084
4714888
4715103
4716441
4717282
4719062
4720082
4720370
4720601
4720605
4721424
4721514
4725060
4726895
4729493
4731624
4731980
4732283
4732737
4735075
4736305
4736411
4736569
4737808
4738303
4738937
4739215
4743748
4744286
4749594
4750443
4752607
4757380
4757418
4759285
4760173
4760747
4762514
4762679
4763258
4763819
4764174
4765611
4766386
4766486
4767082
4767394
4767956
4767965
4769111
4772875
4776216
4778087
4779610
4779673
4780308
4780769
4783894
4784189
4786340
4789307
4789702
4790266
4790632
4791813
4793126
4795087
4795454
4795527
4796173
4796242
4796589
4797945
4800863
4800897
4802975
4804155
4805357
4805600
4807380
4808451
4811163
4813399
4813942
4813960
4814618
4817120
4817811
4817840
4820645
4824851
4826559
4827182
4828131
4828309
4828606
4832801
4833703
4834189
4838188
4840315
4840368
4840411
4840450
4840873
4842133
4844567
4845815
4847048
4847618
4851635
4852421
4852423
4852771
4852912
4853580
4854138
4854389
4854848
4854875
4855297
4855518
4856726
4858682
4861852
4864075
4865821
4865993
4866472
4867009
4867274
4869932
4871911
4872215
4874013
4874321
4874658
4875514
4876262
4876883
4877932
4878005
4878539
4879831
4880692
4881195
4882545
4883247
4884148
4885424
4885589
4886038
4887846
4889380
4889934
4890296
4895209
4895279
4895416
4895783
4898172
4899190
4900116
4901383
4902874
4903030
4903712
4905343
4909093
4909793
4909948
4910794
4911768
4913059
4913220
4913650
4913809
4914559
4914875
4916039
4917593
4919423
4919762
4920832
4921420
4921447
4927862
4928403
4930092
4930384
4931205
4931330
4935721
4936926
4937958
4938900
4939138
4939786
4940264
4946805
4947299
4947667
4948470
4950677
4953399
4955223
4956408
4956801
4957629
4958499
4959418
4961259
4961553
4961647
4962384
4964133
4965190
4966612
4967720
4968003
4968764
4969299
4969441
4969945
4970637
4971434
4971441
4971644
4972363
4972842
4972956
4974290
4975730
4978030
4978173
4978272
4978969
4979589
4980191
4980442
4980684
4981679
4982508
4985120
4985558
4985692
4988695
4989188
4990578
4995556
4995709
4996593
4996873
4998059
4998324
4999549
5000266
5000659
5005920
5006155
5006270
5006528
5007292
5007440
5008734
5009943
5010155
5010236
5010406
5010491
5014452
5014765
5017219
5019556
5020934
5021452
5022336
5022439
5022469
5023887
5024024
5025589
5026674
5027026
5027269
5027937
5028797
5028798
5030356
5032514
5033006
5038307
5039468
5039529
5040509
5042477
5043865
5047206
5047304
5050966
5051322
5052162
5056447
5056550
5056892
5059265
5059704
5061132
5061267
5062286
5062559
5064190
5064904
5065500
5066126
5068019
5068305
5069311
5069545
5071500
5072298
5073182
5074198
5074203
5074452
5076639
5077195
5077267
5078320
5083579
5084861
5085498
5086718
5089599
5090059
5091064
5092534
5093172
5093395
5093579
5093638
5095660
5096124
5096999
5097010
5097032
5097556
5097569
5098291
5098815
5099093
5100921
5100948
5101236
5102459
5102895
5102950
5102993
5103289
5103445
5103518
5104143
5105553
5105789
5106794
5107650
5108474
5108688
5109548
5109641
5111001
5111884
5112747
5114643
5116299
5116320
5117237
5117651
5118186
5118424
5118733
5121614
5122033
5123283
5124504
5124580
5125052
5125416
5127687
5128528
5129341
5130147
5131391
5131700
5132939
5135374
5136789
5137676
5138619
5138732
5143476
5143517
5143806
5147187
5148521
5149732
5150067
5150195
5150946
5151004
5152136
5153367
5153906
5155024
5155228
5155835
5156749
5157288
5159273
5159365
5160706
5163132
5163327
5165662
5167460
5167655
5169956
5170848
5171059
5171386
5171762
5172615
5174147
5174288
5175064
5176225
5177291
5177354
5177912
5180201
5180240
5180612
5181091
5183672
5183686
5183774
5184630
5185716
5185979
5186399
5187571
5187990
5188532
5189086
5189664
5191020
5191618
5192139
5193278
5193512
5193609
5195627
5195834
5197986
5198531
5199598
5199801
5200298
5200616
5200743
5201224
5201291
5202631
5203433
5205235
5206251
5208642
5210016
5210367
5211410
5211929
5212890
5213791
5217364
5219572
5219711
5220626
5221520
5223082
5223895
5223983
5224877
5225149
5225367
5226100
5226276
5226937
5227708
5228226
5228917
5231384
5232287
5232904
5233112
5233687
5236343
5236400
5237189
5237211
5237404
5237414
5237576
5238217
5241078
5241376
5242487
5242885
5243923
5246240
5246276
5247438
5247854
5248711
5248733
5248788
5250216
5250335
5253438
5253567
5254153
5254253
5256189
5257313
5258011
5260089
5261751
5263319
5263594
5263899
5264332
5267128
5267177
5268438
5269113
5269635
5270470
5270488
5270826
5271131
5272798
5272802
5273378
5273741
5274015
5274850
5275792
5276334
5277359
5278070
5278506
5278951
5279476
5279840
5281668
5283005
5283077
5283326
5283508
5284166
5284391
5284795
5285572
5286289
5286507
5286833
5286895
5288739
5289105
5289687
5290182
5291368
5292363
5295623
5296824
5297098
5298637
5298751
5299396
5300566
5301034
5301717
5302510
5306219
5307159
5308964
5309901
5311028
5311142
5311556
5311696
5311706
5311736
5312248
5313895
5314064
5316007
5317242
5317817
5318455
5320655
5320856
5321604
5322221
5323190
5323672
5325705
5327605
5328698
5330107
5333671
5334213
5334327
5334627
5335037
5335281
5335743
5337589
5338134
5338848
5339048
5342965
5343566
5344197
5344383
5345407
5346857
5347026
5347503
5348316
5348495
5348787
5348952
5350076
5350120
5350310
5350562
5352288
5352757
5353335
5356424
5357029
5358455
5360552
5362541
5362664
5364217
5364858
5367588
5368791
5369861
5375471
5376888
5377731
5377824
5377973
5380563
5382850
5385047
5385217
5385899
5385916
5387601
5388031
5388201
5389033
5389368
5391725
5392548
5394530
5395985
5396402
5397200
5399615
5401139
5401360
5402187
5402452
5403224
5404090
5405557
5405971
5407144
5407309
5408029
5408071
5408484
5411192
5412140
5412832
5412851
5413427
5414772
5414773
5414898
5415344
5415415
5416473
5417425
5417926
5418511
5418599
5418699
5420393
5422378
5422947
5423286
5423607
5425867
5427101
5427909
5428146
5428921
5429651
5429655
5430645
5430890
5430964
5431547
5431719
5432382
5432543
5433119
5435540
5438331
5443371
5443477
5446728
5447781
5449302
5449537
5449579
5451148
5452676
5453296
5453466
5455957
5456553
5457934
5458382
5461184
5461331
5461536
5462365
5464169
5464173
5466745
5466913
5469608
5469793
5470182
5470269
5473483
5474125
5474905
5475580
5476700
5477938
5478122
5479365
5479631
5480114
5480895
5482145
5482191
5483925
5484228
5484921
5485592
5485595
5486665
5486741
5487538
5487659
5489362
5489422
5489901
5491094
5491431
5492596
5493044
5493098
5493199
5494846
5496428
5498433
5499063
5499242
5500416
5502535
5502762
5502910
5504201
5506604
5507478
5508017
5508711
5509320
5511280
5511526
5512289
5512837
5513826
5517968
5518411
5518549
5521634
5526979
5527371
5527471
5527535
5528781
5529008
5529227
5529423
5529497
5530744
5531205
5531389
5531535
5533256
5533799
5533871
5534294
5534509
5534714
5534990
5535506
5535545
5537866
5538147
5539066
5539188
5539677
5540954
5541057
5541444
5542023
5542846
5542952
5544244
5544346
5545360
5548290
5549650
5552395
5554915
5558198
5558908
5561612
5561810
5562283
5562426
5562740
5564173
5566447
5566616
5566926
5567396
5567438
5568827
5569400
5570439
5570577
5571089
5571496
5571826
5572864
5573641
5574471
5575118
5575530
5579983
5580241
5580879
5581588
5581648
5583838
5585368
5585373
5585417
5585553
5586486
5586599
5587211
5587720
5587750
5587792
5588060
5588273
5589108
5590107
5591449
5591563
5593806
5594230
5594503
5594967
5595365
5598137
5599271
5599980
5600525
5601119
5601464
5603652
5604312
5604401
5604935
5606899
5608558
5608670
5609275
5609691
5609710
5610581
5610623
5611055
5611265
5611623
5612652
5613316
5613549
5614211
5616366
5617732
5618345
5618806
5619210
5620379
5621285
5621313
5622536
5623001
5623584
5624952
5627029
5630659
5630805
5631516
5634612
5634662
5635032
5635074
5636974
5638939
5642594
5642916
5643302
5645517
5646714
5646949
5647843
5649510
5651351
5655885
5656054
5656627
5656980
5658340
5660462
5660864
5661863
5662933
5663245
5663354
5663585
5663685
5664911
5665028
5666741
5669186
5669202
5669230
5671122
5671575
5671616
5672749
5672761
5675331
5675349
5675369
5675787
5676058
5676580
5677372
5680526
5680758
5681418
5682254
5682621
5684110
5685381
5685526
5686608
5686667
5687399
5687822
5689426
5691881
5692150
5692850
5694348
5694493
5694614
5695574
5696147
5696526
5696906
5699937
5700181
5702768
5703019
5704352
5704544
5705277
5705898
5706489
5706513
5707466
5707621
5708717
5709347
5709949
5711407
5711440
5712824
5715748
5716637
5716677
5719067
5719068
5719913
5720045
5720142
5722090
5722141
5722729
5722983
5724749
5725929
5726571
5727375
5728055
5728322
5728660
5729288
5729912
5735260
5736349
5738125
5743549
5743779
5744423
5744464
5744718
5744992
5745413
5746434
5747682
5749095
5751401
5751568
5752062
5756043
5756910
5756942
5757851
5758438
5759892
5760546
5760653
5760943
5762882
5763062
5763398
5769415
5772031
5773618
5775283
5776194
5776476
5777289
5779061
5779376
5779575
5779647
5780620
5780988
5783643
5785274
5785436
5786754
5788548
5788788
5788928
5789522
5789870
5790767
5791209
5791333
5792193
5793063
5794151
5794504
5794832
5795931
5798705
5799283
5800764
5800852
5802628
5802715
5804041
5804193
5806277
5806555
5807564
5808715
5810003
5812923
5812967
5815460
5815699
5817000
5817100
5817107
5817496
5818324
5818438
5819911
5820051
5820300
5821112
5821966
5822446
5822600
5822767
5823412
5823774
5825199
5825934
5826413
5826451
5827164
5829035
5832155
5832411
5832727
5833133
5834743
5835166
5837778
5839083
5839836
5840587
5841122
5842387
5843658
5844655
5845179
5849438
5850583
5851792
5851907
5852085
5852153
5854202
5854545
5854730
5855050
5855128
5855686
5856670
5858982
5862110
5862594
5864110
5864239
5865596
5866319
5866461
5867677
5867767
5869703
5870150
5870524
5872998
5873187
5875738
5877047
5877155
5878088
5878570
5881239
5882610
5882636
5884217
5885968
5887117
5888734
5889713
5892085
5892165
5892919
5893695
5894214
5895170
5897259
5897710
5899827
5901849
5902186
5902424
5902687
5902879
5903525
5904495
5905132
5905229
5905264
5906649
5907062
5907938
5908405
5908609
5909700
5911431
5911452
5912525
5913487
5915020
5915400
5915818
5916596
5917886
5918417
5919122
5919862
5920400
5921494
5924990
5925312
5926285
5926862
5927083
5928310
5929167
5930058
5931404
5933700
5935246
5936680
5938323
5938633
5939316
5939477
5941546
5942528
5944146
5947271
5948408
5948930
5951986
5952027
5954481
5954620
5957410
5960326
5961127
5962460
5962625
5964938
5965187
5968720
5969589
5969666
5969724
5971453
5971676
5972040
5972180
5972410
5972891
5974793
5975815
5976455
5976627
5977149
5978380
5978700
5982520
5983918
5984092
5984334
5986581
5987194
5987663
5988349
5989943
5990465
5990707
5992008
5992255
5992963
5993476
5993789
5994864
6000427
6003353
6007562
6008740
6009217
6009355
6010608
6011420
6011499
6013828
6015486
6015619
6016090
6017301
6017574
6018291
6018810
6019240
6020024
6020381
6021009
6022162
6022198
6023934
6024523
6024592
6025269
6027190
6027329
6028266
6028354
6029714
6030325
6030956
6031950
6032127
6034318
6034625
6034627
6035940
6036440
6037324
6040074
6042914
6043018
6046418
6049057
6049341
6049407
6050621
6051009
6052199
6052888
6053113
6054166
6054206
6057814
6059750
6062625
6064073
6066022
6068235
6070129
6070929
6071197
6073445
6074070
6074942
6076342
6076392
6078272
6081602
6082818
6083023
6083542
6083860
6084054
6084446
6084525
6086516
6087476
6088079
6088135
6089481
6091438
6093415
6094614
6094782
6095096
6095342
6096866
6096962
6097247
6097259
6097722
6099376
6099760
6102006
6102328
6103010
6103377
6107493
6107986
6108168
6108439
6109248
6109307
6109581
6109893
6110368
6110983
6111104
6112796
6113169
6116422
6120265
6120848
6121848
6122957
6124906
6125659
6126201
6126345
6127371
6128556
6129556
6131543
6131790
6134500
6134873
6136526
6137817
6138156
6140997
6141961
6144513
6144813
6146317
6146672
6146979
6147741
6149152
6149428
6151416
6151471
6152462
6152766
6153283
6153957
6154583
6154951
6155909
6158131
6158413
6159115
6159727
6162637
6162642
6162791
6163288
6164692
6165967
6166948
6168570
6171665
6175209
6176658
6179275
6180588
6183492
6185417
6185917
6186502
6186597
6190044
6190133
6190292
6190504
6191584
6191808
6192920
6193116
6193615
6193819
6197787
6198527
6200351
6200561
6201346
6206388
6207615
6208276
6208474
6208984
6213443
6215154
6215293
6215771
6217144
6219918
6221055
6223020
6224262
6224748
6224850
6225013
6225083
6225859
6225981
6227784
6230885
6232243
6232666
6233073
6233291
6235265
6238255
6239437
6240498
6242211
6242321
6242549
6245250
6245633
6246895
6248799
6251347
6253145
6254099
6254323
6255040
6256257
6256735
6258228
6258274
6258607
6259007
6260116
6260395
6260604
6262262
6262463
6264566
6264815
6265214
6265733
6266942
6267114
6267777
6268690
6270071
6270728
6270926
6273881
6274023
6274299
6275954
6276627
6278110
6278321
6280007
6280405
6281490
6281587
6282632
6282644
6282860
6283093
6283738
6285395
6287710
6288135
6288288
6290540
6291491
6292444
6293295
6294127
6295377
6295958
6296076
6296254
6299276
6300895
6301000
6301112
6301252
6302782
6303175
6303282
6304622
6304973
6305069
6305092
6305272
6305327
6305892
6307182
6307465
6307471
6307879
6309513
6310502
6311634
6312543
6313258
6314129
6315851
6320323
6321171
6322146
6322772
6322840
6323143
6325104
6325400
6325916
6327457
6330544
6332113
6332576
6335800
6338771
6338787
6339263
6340241
6341889
6342425
6344705
6345171
6345293
6346289
6346423
6346454
6347774
6349705
6351380
6351441
6351993
6352225
6355997
6356811
6358447
6358814
6361443
6361637
6362550
6363054
6364172
6364638
6366008
6366198
6366620
6368627
6369257
6369557
6370496
6371232
6371714
6372332
6373390
6373595
6373654
6374033
6376819
6376998
6378433
6378738
6382099
6382179
6382317
6382442
6383942
6385123
6386572
6386581
6387084
6388206
6390460
6390628
6391685
6394158
6394801
6395736
6397141
6397450
6397639
6399145
6399482
6400561
6405885
6406759
6407371
6407630
6407984
6408434
6409951
6410379
6410384
6412393
6415630
6415791
6416907
6417331
6418595
6419468
6419487
6419653
6420413
6421972
6423302
6424474
6426152
6427368
6428860
6430798
6432150
6432499
6434042
6434058
6434608
6435638
6436108
6436411
6436449
6438340
6438689
6438806
6440066
6440503
6441077
6441209
6442333
6443299
6444158
6446582
6446654
6448090
6450190
6452353
6452734
6452736
6454861
6455430
6455672
6456789
6456822
6458055
6461321
6463389
6464229
6465258
6470919
6471280
6471455
6472866
6473825
6475253
6475523
6476588
6476712
6478605
6479802
6480371
6480773
6482904
6483226
6483632
6485227
6486007
6486035
6486088
6487965
6489255
6490952
6492001
6493698
6494171
6494285
6494756
6495963
6496235
6496414
6496484
6497303
6497783
6497989
6499324
6499605
6502499
6503745
6504797
6505352
6506289
6506980
6507577
6507834
6508979
6509776
6510620
6511120
6511604
6513288
6513501
6515433
6516997
6517600
6517627
6519743
6520181
6520574
6520660
6521369
6523589
6523663
6524366
6526206
6526465
6527082
6527482
6528390
6528868
6529361
6529907
6530380
6531456
6533400
6533840
6534852
6534893
6536429
6536949
6537212
6537602
6537630
6537979
6538923
6539656
6541280
6541413
6541577
6544272
6544996
6545864
6545881
6546154
6546241
6546411
6546635
6547068
6548034
6549344
6551024
6553551
6560220
6560243
6560815
6563979
6564915
6565101
6566054
6567066
6567269
6568921
6569774
6570184
6570683
6570749
6572567
6573977
6574110
6575800
6576219
6576354
6578337
6578823
6582391
6582798
6583193
6585144
6586507
6586597
6587069
6590034
6590979
6591313
6592002
6593760
6594632
6595122
6598917
6599465
6599610
6599873
6600028
6600377
6600537
6600581
6600631
6601400
6602470
6603234
6603665
6603777
6604246
6605537
6607792
6610078
6610215
6610729
6612370
6612557
6614175
6616043
6616111
6616114
6617801
6617872
6619290
6621181
6624119
6624823
6625630
6626119
6626213
6632977
6635512
6636911
6637080
6639050
6641909
6642652
6643600
6643963
6644884
6645080
6645152
6645842
6648119
6648413
6649079
6649495
6649789
6650969
6651292
6652886
6653104
6654789
6655139
6655307
6657542
6659570
6662080
6664775
6665061
6666248
6667014
6667051
6668721
6670209
6672369
6672419
6673144
6674011
6674977
6675195
6678165
6679368
6680395
6680586
6681955
6682546
6683504
6684966
6685270
6685336
6686492
6686909
6688878
6689242
6690382
6691803
6695890
6697578
6697833
6697842
6698219
6699531
6699729
6700065
6702082
6704731
6704862
6705594
6707241
6707466
6709027
6710382
6711595
6711755
6712114
6713627
6714811
6716265
6716539
6716654
6717065
6717785
6718597
6719157
6719616
6721403
6721907
6722653
6722921
6724356
6725828
6726358
6726447
6726475
6727095
6727939
6729370
6731573
6737330
6738706
6741607
6742356
6742953
6743142
6743857
6744632
6744728
6745885
6745940
6746100
6747713
6749548
6749598
6751766
6751776
6753150
6753167
6754138
6754542
6754695
6755382
6756265
6756345
6758350
6758758
6758985
6761730
6762599
6764233
6764276
6765588
6766396
6766447
6767032
6767272
6769396
6770288
6771420
6772760
6772980
6773131
6775718
6775877
6776049
6777645
6778287
6779165
6780777
6781765
6782197
6784941
6789136
6789560
6792283
6793808
6794268
6794641
6795921
6797690
6798201
6798503
6799153
6801004
6802324
6804323
6805270
6806303
6806711
6807976
6808477
6810168
6810539
6810567
6810732
6811161
6811497
6811882
6812910
6814223
6814347
6814794
6815534
6815835
6816029
6816267
6816360
6816673
6818363
6819445
6819502
6820405
6823743
6826382
6826749
6827284
6829834
6830502
6830707
6833166
6833768
6835008
6835622
6836245
6837879
6837962
6838169
6838340
6842260
6842555
6843984
6845329
6846634
6848173
6848175
6848578
6848744
6850030
6851559
6854025
6855606
6856423
6856937
6859548
6859956
6860413
6861241
6861386
6862366
6863354
6864185
6864914
6865466
6871790
6872716
6874009
6874823
6876625
6877276
6877622
6878042
6880227
6880328
6881448
6882582
6883657
6885528
6885752
6888809
6888952
6889258
6891295
6891978
6892832
6892991
6893998
6894048
6894545
6894680
6895369
6896865
6897159
6897729
6897910
6899332
6899892
6903276
6905362
6906369
6906472
6906574
6907154
6907240
6907741
6908413
6909000
6912023
6913220
6913316
6913331
6914897
6914999
6915254
6916114
6916505
6917885
6918749
6919580
6919731
6919961
6920070
6920310
6920947
6921638
6922183
6922474
6923057
6925933
6926622
6926856
6926963
6929776
6931353
6931689
6935312
6938301
6941800
6942046
6942717
6944633
6945803
6946819
6950349
6951377
6952088
6952261
6952333
6952996
6954690
6956971
6957466
6957520
6957932
6958007
6958754
6958875
6959496
6962847
6963336
6964714
6965606
6965644
6968018
6969173
6969253
6972080
6972767
6975254
6975285
6976012
6976065
6977080
6977743
6979001
6979233
6979872
6980667
6980895
6980900
6982238
6983076
6983328
6983910
6984693
6985219
6985378
6987673
6987930
6988754
6988897
6990360
6990568
6992240
6994598
6994827
6995094
6997980
6998692
7000505
7002009
7002864
7003030
7004973
7006607
7007224
7009062
7009508
7012280
7014066
7014314
7017359
7018316
7019371
7022765
7023310
7023854
7024774
7026669
7026721
7027408
7027504
7028474
7028551
7028630
7030127
7033299
7035052
7036086
7036207
7036576
7038022
7040044
7040468
7041329
7044430
7044945
7045099
7045729
7047055
7047825
7049227
7049827
7050770
7051767
7051793
7053874
7054626
7054857
7054927
7055736
7057726
7059104
7059707
7059891
7060052
7060100
7060212
7064844
7064912
7066095
7066302
7068591
7070150
7073344
7073567
7074373
7075429
7078391
7080149
7080831
7083367
7084142
7085058
7085434
7085605
7087535
7087723
7091554
7092428
7093876
7094379
7094662
7094804
7094835
7095366
7095411
7095418
7096171
7096460
7097145
7097625
7097711
7098485
7100346
7100495
7101146
7104311
7105732
7105776
7107207
7107368
7107990
7108885
7109156
7109683
7110566
7110590
7111631
7111979
7112295
7113910
7114115
7114695
7115627
7116206
7118401
7118721
7118799
7118967
7119692
7122003
7123134
7123955
7126913
7127330
7127751
7129374
7129776
7130236
7130608
7130713
7132963
7133223
7134383
7134936
7134950
7136208
7138908
7139637
7140692
7141100
7146679
7147852
7148655
7152467
7153661
7154887
7156367
7157775
7158949
7160054
7161952
7164847
7165374
7166661
7168068
7170468
7171279
7171467
7172227
7172253
7175471
7176590
7176908
7177489
7177800
7177927
7178604
7178799
7178827
7179406
7179412
7180847
7182997
7185238
7186749
7188985
7189827
7190318
7190714
7190848
7191665
7194246
7194569
7195330
7197783
7199022
7199067
7199208
7200577
7201575
7202555
7203749
7204719
7204778
7204780
7204908
7205686
7205803
7207243
7207793
7208049
7209146
7209363
7210352
7210489
7211079
7212744
7213500
7214446
7215725
7215946
7216010
7216769
7216785
7218659
7219023
7219383
7220509
7220939
7222480
7223641
7224536
7226229
7226629
7227034
7227688
7228521
7230067
7230892
7231670
7231770
7231952
7232395
7232499
7234291
7235625
7236817
7237583
7239620
7239833
7241157
7242784
7243252
7246891
7247807
7248202
7252388
7253127
7253875
7256701
7257033
7257128
7258218
7258870
7259627
7260335
7261189
7261771
7264440
7264666
7266960
7267781
7268211
7268566
7270165
7270314
7271737
7272924
7275502
7276090
7277243
7277881
7277953
7278456
7280345
7281291
7281957
7281995
7282673
7283187
7284903
7284910
7285183
7285440
7286054
7286188
7288443
7289313
7289564
7292545
7292714
7293928
7296176
7297116
7298579
7298812
7302023
7303994
7304138
7304354
7306849
7306937
7307109
7308157
7309545
7309777
7310502
7311329
7311537
7311766
7311787
7314133
7314309
7314528
7315202
7315820
7316222
7317112
7320906
7320911
7321857
7322017
7325772
7326376
7327087
7329784
7329863
7329978
7331028
7332019
7332056
7332838
7333508
7333614
7336367
7338225
7338281
7338542
7339809
7339822
7340921
7341682
7342079
7343111
7343234
7344106
7344432
7346053
7346984
7348811
7350396
7352643
7352833
7353407
7355765
7356799
7357086
7358201
7358524
7358799
7359651
7360089
7362810
7362830
7364185
7364661
7366214
7366313
7367186
7367409
7368033
7369889
7370279
7371334
7371491
7373149
7376109
7379578
7381403
7382407
7383862
7385308
7386811
7387905
7391493
7392221
7392273
7393696
7395159
7395428
7398352
7401710
7401962
7404058
7404358
7405436
7407586
7408603
7409615
7410054
7410637
7410697
7412571
7413784
7414336
7414849
7416202
7419991
7421607
7424028
7424330
7425554
7425680
7428861
7429313
7430043
7430565
7431635
7432476
7433092
7433472
7433493
7434172
7434849
7438453
7438990
7440163
7440758
7440878
7441352
7442435
7442486
7442754
7444115
7447091
7448004
7448122
7449193
7449340
7450370
7451107
7451881
7452424
7452602
7453239
7453699
7453769
7454130
7457391
7459039
7460988
7461041
7461130
7461712
7465738
7467279
7467361
7467366
7467543
7468148
7469318
7469641
7470871
7471980
7473035
7473778
7479805
7480063
7480351
7482124
7483297
7484199
7485471
7486207
7490526
7490695
7490769
7491007
7491999
7492321
7493259
7494480
7494920
7496285
7496367
7499978
7505170
7505685
7506255
7507189
7507757
7509986
7510605
7511524
7511619
7512414
7513059
7513390
7515212
7515622
7518456
7518519
7518581
7518872
7519278
7520295
7523491
7523613
7524075
7524985
7525412
7526191
7526217
7526304
7527025
7528078
7529211
7529447
7530576
7531928
7532087
7532599
7533757
7534048
7534293
7535376
7536118
7536538
7536747
7537073
7538126
7539191
7540054
7540186
7542909
7542958
7543307
7545803
7545882
7545893
7547361
7548165
7549043
7550762
7550861
7551185
7553553
7554196
7554278
7555278
7556724
7559390
7561951
7562054
7563696
7564583
7565305
7565913
7568748
7568776
7569891
7570151
7570215
7572122
7572215
7574226
7574667
7576222
7577136
7577705
7580054
7580829
7580844
7581025
7582446
7582779
7583109
7583510
7584382
7585865
7586716
7587356
7587962
7590954
7591548
7592626
7596834
7602656
7603390
7603691
7603738
7606085
7607100
7609426
7609591
7611693
7612262
7613526
7614933
7615292
7616508
7617650
7618534
7619176
7621648
7621672
7621755
7623079
7623875
7624505
7624595
7624706
7625343
7625378
7629821
7631289
7631777
7632294
7632531
7634693
7635121
7635658
7637291
7637314
7638714
7639302
7641517
7641735
7642673
7643250
7643542
7644112
7644852
7645431
7645860
7645863
7646076
7646839
7646894
7647142
7647561
7647756
7648131
7649125
7650985
7651360
7651959
7653045
7653576
7653856
7654740
7655139
7657709
7658000
7659256
7660261
7661938
7662839
7664174
7668094
7669312
7669341
7671187
7672708
7673010
7673109
7673732
7675260
7675362
7678334
7678815
7679615
7680079
7680130
7681559
7682042
7684275
7686328
7686381
7686717
7687005
7689779
7689854
7689992
7691342
7691775
7693351
7693645
7694515
7696342
7696740
7696752
7697041
7699165
7699657
7702222
7703600
7707154
7708613
7710762
7712098
7712432
7716468
7717805
7717905
7717939
7718442
7720619
7720865
7720991
7724269
7724998
7725898
7727497
7734029
7735448
7736218
7736811
7737156
7737474
7739143
7739149
7739819
7741283
7742093
7743408
7745443
7746082
7746425
7746541
7747661
7748740
7748767
7748789
7749445
7749943
7750419
7750557
7750566
7751011
7753047
7753959
7755882
7756851
7757278
7759452
7761533
7762535
7763071
7763799
7765211
7765824
7766496
7769160
7769449
7771483
7771649
7773163
7774375
7775488
7776234
7776360
7777227
7777342
7777653
7777693
7778895
7779560
7780047
7780105
7781215
7781356
7782041
7784051
7785544
7789117
7790040
7790660
7791527
7792930
7793282
7793479
7794122
7796337
7796790
7797897
7798822
7799054
7799679
7801111
7801850
7802001
7804303
7804898
7806091
7806522
7807824
7808719
7810023
7810311
7811871
7813634
7814802
7815324
7816725
7817135
7817489
7817530
7818274
7818490
7819041
7819558
7821414
7821840
7821899
7823281
7823451
7824022
7826340
7827388
7827833
7828316
7829856
7831070
7831648
7831843
7832627
7833173
7834430
7834748
7835343
7838244
7838767
7839176
7839457
7839621
7839966
7840613
7843188
7845523
7846446
7846688
7850666
7850831
7851457
7852250
7852581
7852997
7854290
7854537
7855212
7855680
7855768
7857753
7858101
7859918
7860716
7861355
7863502
7864559
7864808
7864845
7865852
7866636
7867271
7867848
7868106
7868359
7868969
7869187
7870117
7870502
7871673
7873313
7874422
7877559
7878696
7879002
7880123
7881396
7882242
7882335
7882635
7883630
7884409
7885502
7886149
7887215
7888649
7889349
7890814
7892274
7892384
7892859
7894152
7898292
7899053
7900313
7902281
7903326
7903880
7904001
7906785
7907731
7908219
7908560
7910722
7912817
7913299
7914407
7914991
7915164
7915396
7916142
7916472
7920273
7921026
7922438
7922823
7925747
7926377
7927225
7931295
7932437
7933278
7934022
7936428
7936817
7937241
7937892
7938060
7938148
7939858
7941193
7941900
7942870
7943264
7944028
7945852
7946681
7946807
7947698
7948160
7949781
7952464
7954278
7954283
7956128
7956360
7956493
7957776
7957799
7959642
7960500
7960733
7962610
7964728
7964766
7965145
7966885
7967946
7969349
7969550
7969875
7970081
7972107
7973403
7973863
7977122
7978225
7978403
7978604
7979451
7981466
7981804
7982158
7982666
7988381
7988463
7988652
7988692
7989591
7989790
7990089
7990374
7992712
7993062
7995100
7995636
7996876
7996939
7997480
7998196
7999910
8001276
8002974
8004184
8004471
8004775
8007716
8008572
8010410
8010629
8011235
8012902
8013166
8013206
8014498
8015515
8015541
8015770
8015778
8016195
8016799
8017993
8020047
8021100
8021453
8022280
8023834
8024836
8025086
8027920
8028948
8029118
8029927
8030112
8030147
8030177
8030302
8031096
8031228
8031642
8031907
8032055
8032195
8032843
8033754
8034829
8034995
8036672
8042959
8043875
8044166
8044770
8045202
8045559
8048084
8048947
8048973
8049366
8050213
8051276
8051643
8051881
8052400
8054141
8055697
8056114
8056878
8057152
8058304
8060071
8061478
8062185
8062326
8062358
8063037
8064901
8065243
8065276
8065748
8067736
8067883
8068769
8069131
8069557
8071660
8073728
8076423
8077741
8082021
8082097
8082261
8082647
8083810
8084391
8084870
8085175
8085464
8087909
8090318
8090362
8094095
8095394
8096409
8096775
8097023
8098482
8098547
8102437
8102782
8104782
8105551
8105655
8105909
8106402
8107486
8110428
8112860
8113890
8114567
8115776
8118557
8118896
8120855
8121526
8123100
8123181
8123393
8124216
8125046
8125721
8126617
8127501
8129442
8129722
8129964
8130256
8130532
8130867
8131584
8131754
8133638
8134451
8135024
8138878
8139405
8139424
8139790
8141309
8142270
8142778
8143005
8143249
8145808
8146999
8149600
8151491
8151621
8151888
8153137
8154158
8155322
8155989
8156196
8157031
8157277
8157373
8159361
8160404
8162324
8164598
8167474
8168026
8168065
8169161
8170128
8170290
8170654
8172275
8172618
8176699
8178961
8179677
8180608
8180797
8182837
8183246
8184189
8184237
8184768
8186504
8188441
8189320
8190438
8190982
8193948
8194775
8195107
8197296
8197778
8198096
8198270
8200842
8202699
8203879
8204081
8205155
8205170
8206041
8206243
8207288
8208127
8208287
8210031
8210814
8211623
8211682
8211688
8212921
8213943
8214499
8216637
8216899
8217200
8217495
8218006
8219912
8220814
8221402
8221502
8222374
8223831
8223938
8224190
8224957
8225364
8227151
8227193
8228206
8229900
8230221
8230937
8231636
8232058
8232435
8233132
8233684
8234325
8237152
8238433
8240271
8240278
8241346
8244437
8244937
8246805
8247465
8250476
8251064
8251536
8251902
8254435
8255664
8259568
8264804
8267277
8269923
8273486
8274839
8275031
8275535
8278097
8278434
8279569
8280233
8280859
8282697
8284983
8286305
8286355
8287532
8287807
8290283
8290428
8290768
8291240
8291588
8295612
8297766
8298250
8299253
8299692
8300006
8300963
8301367
8301870
8302454
8302802
8307566
8309328
8309433
8309991
8310544
8310707
8311412
8312668
8314230
8314324
8316356
8316810
8317473
8317782
8319615
8320006
8321150
8321420
8322087
8323245
8324148
8326118
8330166
8330294
8330750
8334139
8335423
8337460
8337791
8340853
8341747
8342530
8342998
8344516
8347231
8348116
8352887
8357014
8357788
8358857
8359181
8359263
8360937
8363191
8364405
8366796
8367241
8367934
8368006
8370602
8372335
8374293
8375585
8375879
8376203
8376273
8376944
8377005
8378163
8378565
8381143
8381468
8382681
8383651
8383680
8383985
8385363
8386335
8387902
8388761
8390868
8391827
8395955
8396021
8400334
8400871
8401593
8403179
8403687
8404237
8404321
8404492
8405515
8407015
8407314
8407594
8408338
8409887
8409900
8410577
8410607
8410790
8411204
8412539
8412644
8412752
8413276
8414228
8414517
8414739
8415206
8416111
8416709
8417112
8417415
8417867
8420206
8420374
8421087
8421118
8424730
8425364
8426388
8426723
8427248
8427540
8428591
8428667
8430395
8431597
8433023
8434353
8434655
8437540
8437644
8440940
8441966
8447533
8447734
8449076
8452517
8454563
8454729
8456495
8457090
8458154
8458762
8459254
8460247
8460609
8461422
8462978
8463562
8464304
8464728
8464968
8465502
8466255
8466684
8467270
8467455
8467635
8468723
8468931
8469740
8469841
8469966
8471573
8472068
8476447
8480883
8481484
8481857
8482903
8483616
8483655
8484436
8484517
8484600
8485381
8485918
8489261
8491731
8492149
8493215
8493260
8495354
8495787
8495802
8496528
8498543
8500170
8500827
8502363
8502418
8502572
8503857
8505779
8506987
8507064
8508008
8509105
8509109
8509357
8509926
8510574
8513373
8513713
8513827
8514494
8514669
8514765
8516399
8517370
8518287
8519140
8520310
8521165
8521776
8522451
8523935
8526112
8526273
8529629
8530167
8531048
8531824
8532606
8532611
8534481
8535031
8536532
8536997
8537594
8538028
8538511
8538891
8539941
8540357
8544045
8544461
8544737
8545081
8546773
8548464
8549408
8550141
8550315
8552273
8552958
8553210
8554091
8554835
8554891
8555514
8557229
8560237
8560255
8561738
8563978
8564506
8564826
8569192
8572029
8572738
8574157
8574258
8574904
8575234
8575935
8577187
8578789
8579728
8580766
8588825
8589021
8590822
8591162
8593316
8593730
8594275
8594719
8594818
8596231
8597700
8600831
8600984
8601562
8602216
8602670
8607136
8607162
8608481
8609653
8611885
8614293
8615255
8616638
8617061
8618313
8618608
8621029
8622045
8622297
8622453
8623331
8625269
8625746
8625939
8630208
8631745
8632278
8633018
8633198
8633355
8634216
8634272
8634694
8635260
8636207
8636813
8636829
8637957
8638539
8639394
8642616
8643394
8644850
8645683
8647127
8648145
8648234
8648491
8650264
8650448
8650690
8651067
8651239
8657242
8657379
8657889
8660140
8660612
8661297
8662170
8663092
8663887
8668374
8669280
8669790
8670847
8671914
8672225
8673175
8673225
8673985
8674323
8674490
8675438
8676230
8678386
8679539
8680059
8680652
8681513
8682211
8682870
8684434
8687039
8688929
8689185
8689413
8689801
8691442
8694647
8695053
8696553
8698502
8700396
8700498
8700723
8701418
8701674
8703208
8703309
8703434
8704376
8704579
8704770
8706454
8708041
8708797
8709910
8710735
8712735
8714262
8715715
8716408
8717274
8719547
8726771
8729259
8729322
8730927
8730958
8731425
8732941
8733433
8735168
8735686
8735908
8735989
8737741
8738986
8739576
8740468
8741196
8744074
8744175
8745854
8748452
8748780
8749108
8752011
8752316
8752691
8753688
8756168
8758534
8760498
8760656
8761118
8761628
8762705
8763090
8763326
8764000
8764898
8765085
8767754
8769281
8769382
8770674
8773357
8774125
8775421
8776157
8776853
8776995
8777498
8778581
8780504
8781109
8781557
8782246
8782647
8784594
8785011
8785727
8785847
8786210
8786365
8786459
8787719
8790015
8790219
8790246
8790287
8790461
8790857
8791314
8791505
8792668
8793236
8794417
8794773
8796122
8797619
8797748
8798532
8799457
8800080
8802812
8803271
8803688
8805058
8805312
8805460
8805586
8805745
8806564
8807621
8807872
8809762
8809845
8810073
8810281
8811608
8812995
8813789
8814126
8817066
8817549
8817613
8817691
8819365
8820714
8821901
8822985
8823315
8825878
8827110
8827272
8827949
8828167
8828805
8830533
8830867
8831012
8832431
8835549
8835776
8835803
8837297
8841473
8842960
8844743
8846728
8846954
8848423
8849389
8849751
8849920
8850583
8851089
8851744
8851999
8852016
8853902
8853972
8854323
8854972
8854982
8855307
8856355
8856944
8857034
8858248
8859554
8860083
8860937
8861690
8863322
8864121
8865714
8866738
8869214
8869375
8869682
8873274
8874161
8875245
8875255
8875907
8876068
8877102
8878371
8878495
8878631
8879325
8880083
8880961
8881959
8882720
8883629
8884207
8884364
8885469
8886294
8886558
8887536
8887790
8888004
8889002
8889322
8890404
8892537
8895077
8896526
8896614
8900135
8900356
8901621
8901872
8902268
8902666
8902891
8903531
8904829
8907268
8907300
8907688
8907874
8908338
8908461
8910991
8912643
8913403
8913926
8913946
8914284
8919209
8919350
8920175
8920381
8921418
8923832
8924830
8925025
8925146
8927669
8927997
8928078
8928593
8929071
8930129
8931337
8932254
8933282
8934223
8934701
8935290
8935387
8935841
8936386
8938430
8938857
8939519
8940275
8940719
8942297
8943362
8944155
8944839
8944912
8945468
8945811
8946218
8946750
8947401
8947405
8949453
8950380
8953751
8954419
8955072
8957689
8958140
8958247
8958681
8962634
8963031
8964270
8964732
8964984
8966618
8966744
8967255
8969271
8969282
8970359
8972070
8972157
8973398
8976112
8976630
8976678
8976942
8978781
8979432
8979680
8980771
8980892
8982077
8983789
8985576
8985783
8988333
8991035
8993301
8993491
8995987
8997871
8997901
8997999
8999201
8999851
9000325
9000452
9000787
9001039
9001535
9001827
9002515
9002931
9003579
9003913
9004171
9004673
9005772
9007675
9008698
9009980
9010584
9011258
9012290
9012546
9012965
9012992
9015347
9015392
9015634
9016706
9016950
9018276
9018469
9019107
9019318
9019329
9020547
9020616
9021872
9022989
9023010
9024137
9025061
9026080
9026908
9028280
9028835
9028959
9029185
9029455
9032601
9033661
9033846
9034256
9034499
9035289
9036849
9037307
9037993
9038602
9038947
9039508
9040357
9040693
9040817
9041462
9041887
9042103
9042136
9042597
9043526
9043640
9044349
9045036
9045724
9046248
9046913
9048752
9050846
9050960
9051093
9051647
9051799
9051963
9052130
9052655
9053853
9054101
9054700
9055267
9057059
9057600
9057793
9057819
9058824
9059760
9060265
9060339
9060513
9060759
9063208
9063316
9063958
9064218
9065577
9066796
9067660
9067822
9068530
9069368
9072207
9073632
9073682
9074140
9075046
9076065
9078126
9078849
9080446
9084516
9085294
9088173
9088597
9088664
9089912
9093468
9093907
9095203
9096279
9097169
9098796
9098992
9099066
9099989
9102354
9102636
9103932
9104808
9105104
9106792
9107179
9107385
9108611
9112988
9114283
9115206
9115229
9116152
9116757
9117617
9118002
9118937
9119824
9120433
9121431
9121625
9122179
9122274
9122702
9124013
9124423
9124434
9124779
9125419
9126078
9126142
9128750
9129917
9130770
9130778
9132725
9134782
9135175
9135699
9135743
9136466
9138806
9139721
9141075
9141863
9143166
9143179
9144558
9146323
9146649
9146661
9147111
9148366
9148422
9148628
9150013
9153682
9154238
9155078
9155288
9155432
9159938
9160449
9161257
9162370
9162590
9162934
9162995
9164030
9164350
9165262
9165386
9166672
9167808
9167992
9168958
9169462
9171015
9171798
9172614
9173950
9175191
9178918
9178961
9180523
9183290
9185502
9188484
9189691
9189877
9190372
9191719
9191964
9192035
9192610
9193782
9193979
9194778
9195483
9195494
9195917
9196328
9197060
9198350
9200513
9201372
9201922
9203618
9204473
9204596
9208575
9210507
9210538
9210611
9211267
9212066
9212709
9213193
9215521
9216596
9216829
9218466
9219432
9219469
9221554
9221938
9223805
9224146
9224153
9225892
9225976
9226902
9228095
9228679
9231547
9235705
9238511
9239190
9239992
9241765
9242265
9243647
9244684
9244788
9247212
9247223
9249517
9252032
9255463
9256564
9257408
9257457
9257960
9258705
9260059
9261540
9263746
9264693
9265001
9266085
9268195
9274239
9275192
9278008
9278507
9278830
9281159
9281245
9281284
9281656
9284434
9284786
9285350
9286586
9288293
9288468
9288710
9290038
9290316
9290764
9290943
9291020
9293961
9294444
9296528
9296545
9297637
9298984
9299546
9300302
9302656
9303040
9304127
9305886
9309559
9309927
9309937
9310698
9312586
9314178
9314639
9316863
9318664
9318842
9321181
9324391
9325118
9325975
9326108
9327644
9328837
9329741
9331268
9331633
9332914
9334675
9334691
9335752
9335921
9336150
9336578
9336658
9336701
9336767
9338405
9340134
9340821
9341580
9342687
9343626
9344932
9347304
9347358
9347868
9348108
9350485
9352478
9353851
9355812
9357946
9358464
9358569
9360120
9361958
9362269
9362879
9363740
9363743
9364298
9364902
9365483
9366555
9367110
9367331
9369874
9370063
9372222
9372764
9372810
9373212
9373328
9374349
9376135
9377123
9378472
9378654
9379228
9379523
9379710
9380697
9381046
9381076
9384239
9385356
9385629
9388484
9388537
9389576
9391083
9392700
9394593
9395886
9396071
9396872
9401784
9402472
9406792
9408494
9408965
9409252
9410185
9410546
9410679
9411569
9411877
9411927
9414392
9414708
9415518
9417094
9417299
9417576
9418677
9422121
9422641
9427891
9428103
9428306
9428545
9429483
9429865
9429947
9430130
9431446
9432313
9432809
9433720
9434416
9434714
9434818
9435857
9438368
9439620
9439876
9440683
9440865
9441024
9442119
9442546
9443004
9443416
9445614
9447190
9447259
9447880
9447998
9449949
9451298
9452364
9453266
9456871
9458166
9458171
9458792
9459526
9461116
9462469
9463333
9463987
9464178
9464794
9465484
9467468
9467774
9467804
9468117
9468195
9468200
9468491
9468766
9469196
9471628
9472036
9473384
9477122
9477179
9479801
9480129
9482067
9482560
9482658
9482796
9482830
9484502
9485662
9486188
9486945
9488079
9491634
9494800
9495004
9495132
9495959
9496961
9497716
9497944
9499479
9500367
9500913
9500948
9501736
9503596
9505169
9506516
9506575
9509530
9510775
9512549
9515804
9515973
9516321
9517186
9517958
9518230
9518494
9519233
9519608
9522128
9522257
9522331
9523009
9523097
9523945
9525513
9527127
9527145
9527319
9529791
9530510
9531003
9532162
9532423
9532553
9533275
9533360
9533420
9533921
9533934
9535144
9535295
9536036
9537383
9538686
9538750
9540462
9540958
9540980
9542760
9543307
9543974
9544602
9546043
9546457
9546596
9547272
9548887
9549308
9550044
9550414
9550931
9550935
9552189
9554019
9559992
9560561
9561803
9561849
9562166
9562573
9563967
9564370
9566583
9568339
9569205
9569381
9569523
9569749
9570623
9570943
9571048
9571636
9571687
9572536
9574335
9575044
9577033
9577486
9578248
9580381
9581479
9583399
9584072
9586120
9589130
9590495
9590857
9591169
9591475
9591504
9591803
9591876
9591969
9592094
9593495
9593504
9594865
9596580
9598134
9599073
9600362
9602008
9602722
9604626
9605119
9606199
9608506
9609056
9610413
9610586
9610733
9611203
9611904
9612357
9613525
9613736
9614511
9614569
9614779
9615255
9618777
9619462
9620326
9620834
9621153
9622658
9625314
9627135
9627742
9629733
9631342
9632484
9635003
9635032
9635103
9636259
9637176
9637602
9638182
9638442
9638836
9638918
9639633
9641772
9642784
9643658
9645134
9647216
9648407
9650312
9652817
9653275
9653489
9653736
9655083
9656111
9657097
9658154
9659685
9659997
9662367
9662744
9664151
9665589
9667232
9668454
9669096
9669532
9672359
9672716
9675891
9679590
9679771
9681287
9681943
9683310
9685017
9685018
9685128
9685178
9687461
9688114
9688154
9688375
9688618
9689072
9689424
9691334
9691483
9691749
9692338
9693223
9693618
9693678
9693867
9694007
9695114
9696021
9697313
9697374
9697727
9699198
9699920
9700007
9700268
9701866
9704639
9705967
9706699
9707033
9707132
9707647
9709213
9709843
9712078
9713138
9713152
9713672
9713827
9714377
9714909
9716538
9717787
9718296
9718435
9718869
9719084
9719341
9720196
9720756
9721609
9723119
9723592
9724735
9724883
9725524
9726082
9726204
9726734
9727189
9728190
9728574
9728745
9728993
9730935
9731661
9733068
9733081
9733801
9734831
9734833
9735474
9735611
9735985
9736799
9737061
9737234
9738835
9739268
9739709
9741179
9741906
9743617
9744592
9747570
9749071
9749668
9750606
9751091
9752263
9753120
9753614
9755166
9756566
9757506
9757980
9758016
9759270
9762093
9764188
9766721
9767646
9770545
9770579
9771140
9771938
9773667
9773696
9775453
9776413
9777145
9779447
9780040
9781330
9781335
9783571
9783748
9784040
9785540
9787127
9787510
9788459
9788953
9790395
9791217
9791704
9792643
9794331
9795369
9795450
9795624
9795633
9795668
9796450
9797432
9798155
9799705
9800100
9804135
9804990
9805126
9805797
9807874
9809163
9810696
9814208
9815819
9818041
9819025
9820210
9822398
9826996
9827736
9831857
9831934
9831998
9833576
9834433
9834874
9835202
9836366
9838027
9838190
9838218
9839539
9842778
9844089
9844803
9847563
9848210
9848526
9848770
9849203
9850225
9851248
9851390
9851594
9852969
9853310
9853632
9854202
9854732
9854902
9857287
9860387
9861614
9861624
9861730
9863413
9864177
9865195
9865352
9865547
9866662
9869811
9869900
9870355
9872885
9875636
9876354
9877635
9877832
9878352
9879219
9879718
9881726
9881952
9883161
9884163
9884336
9884705
9885285
9886610
9887374
9887828
9888035
9889102
9889617
9890690
9890706
9893474
9896411
9897523
9897696
9899937
9900280
9901239
9901401
9901848
9906060
9908024
9908180
9908581
9909472
9910742
9910760
9911864
9913218
9914158
9914433
9914512
9915580
9917281
9917662
9918739
9921460
9922263
9922273
9923005
9925675
9927668
9928022
9928257
9929666
9930947
9931122
9931875
9933185
9933638
9936809
9937435
9938230
9938488
9940492
9940644
9940740
9941314
9941763
9943157
9943507
9944359
9945552
9946479
9947925
9948223
9949683
9950637
9950733
9950802
9951060
9952287
9952958
9954197
9954688
9954785
9955367
9956781
9959737
9960275
9961322
9962485
9964158
9964362
9964958
9965481
9968628
9969061
9969623
9970828
9971299
9973294
9973774
9973889
9976364
9976807
9977088
9977136
9978023
9978102
9979400
9979716
9979750
9980287
9982517
9983866
9984348
9984783
9987591
9988264
9988271
9990007
9991846
9992391
9994039
9996486
9997285
9999332
