736
2206
2703
3213
4533
4713
6993
7176
7463
10565
10576
10922
13292
15637
16095
17667
19432
19505
19787
20228
20409
21824
23261
25502
26990
28055
28597
31014
34334
35013
36319
36865
39023
39617
39988
40511
41187
42625
42674
46699
48163
48399
50104
52141
53999
54071
54199
56509
56738
57259
58663
59263
59677
60555
61357
61740
61876
62427
62716
68208
69033
70852
72613
72825
72853
74325
74692
75315
81020
81702
81898
84013
84108
85759
86206
87046
91323
92113
92885
92942
92991
93492
98491
99156
99415
101865
103630
104738
104782
105059
105922
106987
108155
108903
109404
110096
110393
110506
113386
114272
114414
115649
116762
116980
119482
120552
121272
123013
123725
124053
125175
126189
126594
126707
127398
129017
129383
132571
132598
133156
133934
134958
136520
138842
139360
140758
145858
147315
148617
148644
148842
148861
149509
149556
150173
151231
152682
153671
155252
156442
156564
156721
156761
156904
159158
160957
160979
162247
162800
163815
164592
166193
166767
167046
170441
171215
173798
174597
177854
178470
178718
179953
180448
180857
181202
181832
182193
184503
185015
186087
187081
187217
187413
188017
189110
190349
192448
192709
193436
197699
198496
200574
200764
200793
202302
202865
203287
205876
206410
206785
208202
209345
209980
210022
210085
210910
211513
212127
212225
212695
212700
213544
214894
215761
219490
221422
222112
224009
225476
225813
228759
230068
230218
230853
232630
233371
233718
234449
234823
237823
239454
240183
241362
241569
243056
244478
244569
245224
245766
246912
248030
249013
249298
252307
254312
254618
255821
256756
256851
261153
261760
264672
264707
264740
264959
266840
267585
269122
271624
273386
273991
275722
275822
277528
277575
278134
280772
281474
282005
282182
282295
283059
285210
285900
285959
286317
286320
286331
287013
287442
289427
291839
293391
293985
295723
297377
298918
299109
299287
300122
301106
301280
304546
306256
307661
308137
308672
309421
310766
311430
312691
314801
315371
316679
317851
318530
318918
319687
319860
320185
320392
320834
323856
325314
326351
328017
328293
328435
329274
329871
330894
331475
332355
334420
334667
335227
335408
337102
338542
338745
339091
340102
340417
342920
343360
343549
343945
344022
344596
344712
345168
345761
346323
347967
348235
348298
348376
348474
351114
351343
351538
351873
351969
352690
354452
357283
358733
359498
361551
361594
363423
364144
364330
365233
365558
367256
367417
367977
368824
369631
370344
371101
373024
374068
376706
377995
381966
383645
383975
385533
385610
388499
391392
392215
394722
394790
395155
398144
399023
399994
400548
400873
403013
403784
405415
405569
408839
409445
411508
412558
413196
413929
415949
417511
417764
418499
418671
419552
421020
421114
423130
425927
426613
427621
429218
430027
431122
432375
432459
434385
434390
435220
435673
435997
438111
439327
439534
439682
439710
441182
441750
442193
442606
444501
445564
445592
445972
446757
447182
447209
448149
448305
448374
448568
449468
451615
451740
452414
453198
454633
456091
456469
457556
459630
460424
461414
463868
464331
465386
467949
467983
468010
468383
468711
469388
469516
469993
470052
470558
471453
471608
473138
473197
473733
474163
474795
475130
475743
475764
475845
476880
479434
479559
479780
480025
480087
481311
484757
484996
485176
485759
487781
487965
490055
491390
492367
492608
492652
493740
494139
494946
496211
496382
496729
497246
499776
500533
503574
503814
503886
504192
507787
508971
509650
510308
515458
516427
517652
517832
520409
520543
520864
521681
522116
523614
524517
525652
527553
528870
530463
532137
532518
534472
535812
536166
536925
537253
537962
538503
539966
540567
541543
543652
543941
544415
544872
545167
545316
545677
546417
547992
549098
550476
551068
551492
551557
552774
553880
554054
555533
557801
559983
560278
561222
563308
563624
565012
565892
566680
566880
567607
568324
569739
569791
571974
574081
574135
574656
578029
578765
579133
580117
581064
582738
584478
585325
586512
587427
590666
591347
591793
594977
595148
596022
596391
596538
598932
599537
600119
600794
601056
606596
607324
608887
610149
611800
611823
612379
612470
612516
613473
617141
617742
617769
618032
618141
618366
618830
619377
620246
620859
621020
622074
622931
623800
626618
628006
628656
628970
629088
630980
633944
634210
638027
639529
641316
641567
641964
643946
644146
644354
644607
645179
646635
647028
647831
648679
648918
649634
650002
650143
653044
655197
655851
655868
656495
657119
658762
659825
660178
660486
660547
661823
663600
665464
666581
666857
667626
668282
670296
673629
674441
674770
677357
680555
681302
681710
683814
684691
684692
684985
688331
688760
689648
690601
693477
694837
695479
696839
697358
697995
699143
700410
701304
701769
702163
702469
702853
703875
706001
706206
706685
707842
708369
708952
709513
710050
711024
711422
711926
711958
712359
712971
713959
715730
718810
719904
719906
720930
721424
721564
721717
722004
722366
722973
724907
725161
725612
727348
727470
727589
727767
730977
731431
732593
733504
733579
734012
734750
734830
737166
737386
738108
738973
739543
739868
743739
744396
745581
747466
751130
751960
753476
755160
755439
756350
757474
757667
757897
759971
760572
761272
765506
771457
773097
774737
775060
775076
775484
781393
783467
785907
786246
789531
790263
790809
791319
793778
794989
795448
797775
798296
798492
799048
799132
800168
800970
801038
801423
804088
806110
808476
808833
810550
810853
811287
812743
816531
817188
818312
818429
824711
825465
828934
829125
829924
830363
831741
835694
837124
838808
838958
839748
840856
841703
843302
843439
844196
844225
844715
844985
845105
845177
845570
845738
846363
846810
847786
848395
848536
849026
852965
853090
853213
853977
857464
857719
858153
858501
861224
861906
862051
862201
863597
864892
865325
865904
869233
870846
871745
871994
872437
872989
873750
874442
875103
877619
878503
878520
879363
879919
880105
883477
883678
883687
883856
885122
886082
887274
888298
888802
890573
891501
892903
893770
895118
895538
895937
896439
897950
900541
900687
901089
901115
901942
902497
903360
903621
904795
906172
906781
907514
908264
909574
910823
911598
915276
917586
918574
920795
921068
921671
921983
924941
925655
925762
928111
929855
929949
930074
930667
931228
931966
932649
934455
934467
934927
935161
935813
936105
937470
937772
939477
939581
939854
939911
940251
940293
940513
940797
942095
943459
944500
944864
945117
945809
946400
948285
949598
950098
950456
950653
950796
951617
953125
957557
957927
959302
960027
960426
960865
961868
962514
962640
965330
965847
967579
968442
971837
973349
975574
976558
976635
977810
977905
978694
979588
980046
980876
981691
981707
981975
982583
984688
985889
986724
987431
989357
990613
991771
993331
993968
994692
995621
996439
999050
999252
1002295
1003008
1003493
1006168
1007687
1008679
1009919
1010946
1011031
1011512
1012548
1015319
1015417
1015605
1016184
1017716
1017813
1018587
1018810
1020338
1020459
1020469
1020690
1021077
1021498
1022352
1024531
1024842
1025315
1025442
1026646
1026786
1028058
1029637
1029945
1030235
1031772
1032233
1032964
1033259
1034812
1037355
1037440
1037581
1037869
1038297
1039263
1040011
1040142
1041282
1043349
1043975
1045323
1045861
1045971
1047254
1049147
1051999
1052811
1053691
1054297
1054724
1055915
1055973
1056026
1056229
1057557
1057987
1061320
1062357
1063592
1063858
1064196
1065519
1066314
1069054
1069360
1069464
1070902
1072783
1073927
1074007
1075271
1075313
1078963
1081127
1082484
1083150
1085121
1085391
1085455
1089438
1089978
1090927
1091723
1092645
1092935
1093173
1095655
1095842
1096057
1097673
1098195
1099818
1101500
1102424
1104157
1105044
1105442
1106889
1108857
1108960
1109609
1110600
1113332
1113595
1113691
1116512
1117346
1118087
1118213
1118501
1121934
1122577
1122641
1123135
1128195
1128206
1128443
1128766
1128781
1129301
1130228
1130970
1133086
1135187
1135416
1135503
1136071
1136366
1136572
1137280
1138078
1140358
1140924
1141548
1142763
1143488
1145365
1146125
1148226
1148616
1149315
1150096
1150366
1151017
1153527
1154070
1154909
1155847
1156256
1163837
1164442
1165321
1165965
1166016
1166032
1166490
1167560
1167828
1167872
1167967
1168797
1171876
1172980
1174193
1174792
1177933
1178900
1178965
1179392
1182347
1184165
1186304
1186630
1186641
1186872
1188600
1188936
1190076
1191133
1191751
1192123
1192590
1192933
1194864
1195198
1195813
1195965
1196869
1197088
1198102
1198585
1199445
1199591
1200952
1201163
1201707
1201880
1202657
1204438
1205369
1207429
1208499
1208880
1210018
1212167
1214006
1214437
1214440
1215574
1217185
1217224
1219986
1220425
1221403
1223178
1223230
1224921
1224951
1225210
1225607
1225615
1225789
1227913
1230381
1230493
1230906
1232147
1232601
1232620
1234080
1234553
1234650
1235375
1237767
1238099
1238849
1241120
1241122
1243101
1244603
1245952
1247154
1248892
1249280
1250416
1250469
1250559
1253654
1256551
1256791
1256796
1257923
1262362
1262514
1263271
1263581
1264404
1265286
1266539
1267034
1267424
1267702
1268716
1269419
1269498
1271207
1273747
1274054
1274638
1274983
1275527
1275566
1275907
1276455
1276677
1278845
1279417
1280011
1280587
1280970
1281332
1281754
1282942
1284315
1288299
1290010
1290449
1292706
1292930
1296545
1296848
1296892
1297657
1297942
1298007
1302209
1302870
1305617
1305873
1307330
1311368
1312485
1313892
1315029
1316395
1318838
1319807
1320029
1320647
1321855
1323155
1324892
1325784
1326072
1326162
1326777
1328306
1329596
1329828
1331266
1331487
1332087
1333280
1333392
1333438
1333778
1334651
1334748
1336076
1336659
1336674
1339301
1339826
1341136
1341663
1343936
1347836
1349191
1350442
1351020
1351796
1354011
1354262
1355117
1356122
1357323
1358005
1359782
1360544
1361529
1363025
1366616
1367966
1368939
1372081
1373509
1374556
1375422
1378268
1379144
1379936
1380045
1381545
1384897
1385051
1385634
1386707
1386972
1387124
1391513
1391635
1391970
1392581
1392743
1394232
1394504
1396204
1396978
1400242
1401436
1405918
1406720
1407535
1408809
1409150
1410672
1411360
1412396
1412407
1412952
1413010
1413055
1414024
1414639
1414910
1414917
1415537
1415689
1416166
1416235
1418902
1419220
1421228
1422033
1423229
1425819
1426488
1430953
1432228
1432345
1433113
1433564
1436120
1437078
1437522
1438571
1439098
1439240
1439292
1439336
1441586
1441732
1442378
1443356
1443514
1444351
1444618
1445484
1445738
1445747
1447544
1448559
1449957
1450143
1450449
1451088
1451317
1451727
1452084
1452569
1453235
1453799
1454509
1457483
1458920
1460009
1461713
1463446
1464080
1464408
1465075
1465199
1466463
1467306
1468451
1470590
1470682
1470906
1470979
1472409
1472780
1474338
1476743
1476969
1477173
1477240
1477490
1478339
1481204
1482099
1482350
1483706
1483757
1483827
1483949
1485466
1485881
1486265
1486697
1486883
1486892
1486973
1488107
1488324
1488501
1491080
1491850
1492457
1492712
1494665
1494790
1495698
1496503
1498183
1498301
1498885
1500106
1501255
1501294
1503701
1506621
1507882
1513900
1515128
1515889
1519074
1520463
1522046
1522392
1524095
1524368
1525942
1526096
1527602
1528096
1528629
1531123
1532438
1533059
1533381
1534032
1534198
1534995
1538782
1539032
1539755
1540446
1540506
1542100
1544115
1546410
1547139
1548606
1550594
1552298
1553571
1556660
1557699
1558931
1560716
1562118
1562609
1563856
1564089
1564280
1565299
1567296
1569327
1569862
1572880
1574274
1574498
1576182
1577483
1582236
1582656
1585117
1586513
1588225
1589401
1590050
1590774
1592181
1593931
1594661
1595648
1596403
1596537
1597317
1598450
1598667
1598911
1600498
1600999
1601041
1602680
1603030
1604241
1604552
1605113
1605357
1605800
1605903
1606415
1607080
1608491
1608574
1608816
1610029
1610594
1610816
1611824
1612708
1612772
1613983
1615244
1616070
1616582
1617578
1618377
1619930
1620547
1622038
1622722
1622773
1625380
1625642
1625923
1626179
1626476
1627850
1629814
1630683
1631766
1632778
1636193
1636241
1637010
1637264
1639348
1639674
1640287
1641599
1641704
1642148
1642836
1643604
1643657
1644171
1644871
1646620
1646765
1648148
1648398
1649526
1651567
1654474
1654713
1655215
1658277
1663231
1663682
1663921
1665233
1666662
1666671
1667626
1668391
1669339
1669882
1669886
1670813
1670906
1673670
1676184
1676200
1677443
1678104
1682144
1683592
1685461
1688019
1688855
1688972
1690397
1690949
1692289
1692666
1695622
1697655
1698989
1699761
1699954
1705168
1705966
1708575
1710284
1711079
1711736
1712479
1713135
1713417
1715630
1715719
1719659
1719965
1720295
1721841
1722706
1724313
1724511
1724680
1725217
1725379
1725703
1726589
1728351
1730910
1731429
1733002
1733069
1733468
1734446
1734795
1737115
1738943
1739514
1740248
1741724
1746017
1746159
1747871
1748799
1750898
1752120
1752253
1754536
1755054
1755349
1755589
1756061
1757196
1757547
1758180
1758725
1760108
1760956
1761474
1761701
1761956
1762041
1764240
1764900
1765070
1768869
1769611
1770797
1773257
1773886
1773957
1774657
1774996
1775480
1778454
1779132
1779907
1782713
1785505
1785535
1786780
1787495
1787565
1790034
1791525
1792521
1792546
1792937
1793518
1794480
1797049
1798576
1799891
1801216
1801811
1803346
1803548
1804311
1805675
1807393
1807948
1808220
1808294
1808339
1809820
1811269
1811372
1812125
1812552
1812678
1813246
1813881
1814088
1814380
1814500
1814693
1815222
1815838
1816101
1817901
1820118
1820324
1820708
1820824
1820836
1823139
1825013
1825496
1826126
1826381
1826461
1826788
1827568
1829969
1830461
1830541
1830581
1832133
1833778
1835182
1836520
1837756
1838624
1839005
1839842
1841278
1843260
1843662
1845031
1845292
1846736
1847233
1848177
1848602
1848926
1849181
1849913
1850034
1854662
1855193
1856798
1858300
1858655
1859399
1860000
1860012
1861216
1862564
1863360
1866466
1867837
1868278
1870146
1871589
1872177
1873581
1874492
1874526
1874676
1874935
1875549
1876337
1878032
1878324
1878463
1879170
1879723
1881048
1881210
1882049
1883947
1884242
1884641
1885045
1886384
1888097
1888307
1888524
1889949
1891428
1892432
1897157
1897181
1897675
1897960
1898496
1898557
1899137
1900098
1900535
1902403
1902540
1903037
1904725
1906861
1906993
1907094
1909248
1909429
1909476
1909958
1912483
1913209
1914595
1914676
1914735
1914919
1919908
1922110
1922235
1923000
1924465
1926315
1926320
1927256
1927363
1927773
1927902
1928005
1930151
1931875
1933629
1934776
1935157
1936500
1937034
1937234
1937640
1938464
1940918
1941008
1941158
1942274
1943362
1943794
1945822
1945928
1945988
1947651
1948712
1948966
1949217
1950195
1950651
1951242
1953169
1953575
1954758
1956064
1956128
1956242
1956574
1956797
1957983
1959190
1960930
1962570
1963229
1964427
1964644
1966217
1966779
1968210
1971339
1971419
1971805
1972907
1975682
1977671
1977800
1979578
1979601
1981541
1981801
1982485
1984529
1985287
1986245
1986323
1987357
1987660
1987859
1988881
1989145
1993668
1993676
1994035
1995763
1997135
2001287
2001672
2004060
2004395
2007848
2008792
2009361
2011012
2011278
2012679
2015129
2017407
2018701
2019237
2019383
2020930
2020937
2022771
2023741
2025385
2025824
2026081
2031917
2033257
2033988
2034299
2036375
2036967
2037511
2038641
2041105
2042280
2044841
2045887
2046245
2047013
2047090
2047313
2047684
2047725
2050279
2050502
2051707
2052277
2053801
2056424
2059443
2060690
2060891
2061250
2061929
2062203
2063757
2065896
2065911
2066646
2067597
2070583
2074223
2074501
2075087
2076856
2082489
2087910
2093965
2095737
2097339
2097906
2098014
2098086
2099111
2100260
2101698
2101802
2101835
2102201
2102693
2103333
2105846
2108079
2109580
2109744
2110252
2110905
2113119
2113265
2113305
2116064
2119174
2119514
2119704
2121139
2123139
2124454
2125488
2126509
2127667
2128069
2129625
2129959
2131684
2135758
2136472
2139680
2139720
2140012
2140837
2141777
2141937
2144836
2145335
2145548
2145578
2146051
2146231
2148290
2148621
2149340
2150193
2150288
2150896
2152165
2153230
2154856
2155193
2156160
2158064
2158249
2159210
2160013
2160104
2160600
2160885
2161257
2161445
2162420
2164779
2165521
2165783
2168998
2171685
2172767
2174860
2175021
2178146
2179321
2180377
2182025
2183138
2185796
2186194
2188783
2189730
2190932
2190977
2193177
2193869
2196116
2197141
2197264
2197516
2199241
2199590
2201410
2202221
2203289
2203962
2204103
2204937
2205698
2205970
2207103
2207578
2208314
2209260
2209731
2211904
2214520
2215006
2215718
2216407
2216969
2217144
2218235
2218267
2219835
2220819
2221267
2221594
2224258
2224367
2226666
2227683
2229777
2229865
2230121
2231233
2232821
2233491
2233703
2235648
2236061
2236255
2238360
2240006
2241962
2242610
2243217
2243321
2244364
2244636
2247781
2249008
2249218
2250276
2254013
2254087
2254928
2256447
2256692
2257309
2257691
2257761
2258977
2260189
2260372
2260924
2262241
2262640
2262881
2264194
2266794
2267520
2267540
2268276
2269162
2270190
2270476
2270905
2271290
2275448
2276000
2276501
2277350
2277521
2277527
2278132
2278986
2279360
2279435
2281281
2282723
2284088
2284579
2287349
2288512
2289847
2290121
2290771
2292649
2294332
2298665
2298914
2300263
2300303
2300538
2301411
2304081
2304768
2305496
2307694
2308115
2308531
2308587
2309570
2310733
2312406
2312970
2313032
2313154
2314105
2314295
2315454
2315456
2316691
2317614
2317788
2319441
2319594
2320385
2322175
2322451
2322813
2323640
2323860
2323874
2325204
2325320
2325820
2330469
2330813
2331337
2331438
2331701
2331796
2332379
2333254
2333944
2334290
2334729
2334940
2335648
2336357
2338629
2338700
2339880
2341095
2341198
2345132
2346375
2346542
2346703
2348220
2348257
2348432
2348633
2348852
2349009
2353771
2355167
2359495
2359957
2360138
2361269
2362038
2362513
2365549
2366924
2367148
2368195
2368920
2369240
2369512
2369872
2372227
2372949
2373442
2374874
2374906
2375644
2375964
2376435
2376829
2378597
2378773
2379049
2380773
2381785
2381887
2382020
2387414
2387419
2387974
2388472
2389735
2394495
2396380
2397153
2397464
2399875
2401949
2402649
2402824
2403085
2403598
2403902
2405460
2406503
2407169
2408827
2408906
2410634
2410798
2415005
2416366
2416733
2417759
2417901
2418373
2418738
2419177
2421288
2423311
2424274
2424776
2425433
2425957
2426521
2428458
2428862
2429569
2429966
2433019
2433866
2434428
2435211
2436196
2437180
2438112
2438354
2439093
2443668
2445737
2445783
2447737
2448358
2449576
2450587
2451095
2453730
2454068
2455175
2455493
2455643
2457312
2457547
2457732
2457800
2457943
2458698
2459191
2459506
2459575
2459988
2461173
2461767
2462944
2463252
2463478
2464736
2465825
2468775
2469571
2470573
2472160
2472374
2473002
2473247
2473374
2473439
2473913
2474045
2475377
2475664
2475735
2478137
2478999
2480900
2484351
2484654
2487410
2488002
2488091
2489090
2489601
2489969
2490732
2491215
2491234
2492637
2492831
2495734
2495992
2497827
2499540
2500839
2501067
2501128
2501815
2503231
2505253
2505259
2506381
2506931
2507059
2507503
2507595
2508553
2508716
2509250
2509884
2510452
2514391
2514940
2515519
2515775
2516288
2517525
2518190
2519030
2519812
2520248
2521269
2522620
2523648
2524242
2524604
2526248
2527148
2528679
2528960
2530613
2531442
2531992
2532271
2532307
2532963
2533496
2534019
2534211
2538415
2538656
2541546
2541649
2542717
2543032
2543156
2543886
2544807
2544920
2547450
2547844
2547889
2549478
2549732
2549747
2550305
2551715
2552514
2552790
2553757
2554053
2554153
2554575
2555563
2555824
2558711
2563118
2563309
2563831
2565030
2567080
2567115
2568249
2569895
2570526
2570571
2572694
2574435
2577670
2577944
2578295
2579054
2579512
2579630
2580882
2582130
2583785
2584394
2585083
2586361
2587359
2587430
2589502
2589841
2589915
2592307
2592411
2593041
2593717
2596187
2596274
2596483
2597356
2600467
2601783
2601901
2602081
2602115
2602530
2607256
2607754
2609199
2611288
2612509
2615133
2615206
2616357
2616392
2617651
2618549
2619080
2623262
2628649
2629208
2629364
2629649
2630060
2635178
2635852
2637796
2638095
2643009
2646011
2646642
2647560
2651750
2652619
2653153
2653561
2653576
2653623
2656092
2656399
2656678
2657384
2658323
2662788
2663075
2667332
2667821
2667993
2667998
2668276
2670887
2671183
2674731
2674906
2675182
2675367
2676295
2676532
2677015
2680309
2682428
2683150
2684239
2685198
2685476
2686970
2687272
2687446
2687543
2688357
2688788
2690331
2690649
2691197
2691941
2692852
2693490
2694021
2694437
2695202
2695822
2696784
2697329
2698995
2700006
2700412
2700658
2705996
2706186
2706538
2706547
2706784
2707194
2707638
2708238
2709965
2710179
2710665
2711061
2711414
2712422
2712972
2713375
2713615
2713643
2714553
2714897
2717717
2720257
2721210
2721811
2722641
2723202
2723245
2723258
2723525
2723553
2724890
2726066
2727697
2729308
2730210
2730412
2731872
2731882
2733900
2735097
2736881
2739133
2739340
2739341
2739439
2741456
2741941
2745166
2745607
2745901
2747798
2748073
2748409
2749502
2749588
2750800
2751984
2752402
2753241
2753429
2755030
2755656
2755943
2760275
2760387
2760709
2762045
2763310
2764383
2764550
2765545
2766535
2770582
2771215
2771543
2772387
2773476
2774069
2774527
2774840
2774931
2778299
2779419
2781346
2782225
2783517
2784443
2784719
2784998
2788227
2789600
2789606
2790392
2790678
2791598
2791895
2793009
2793229
2793232
2793807
2794961
2796956
2797114
2798454
2798753
2799401
2799588
2802026
2802425
2805944
2808042
2808628
2808764
2811161
2812717
2814837
2817549
2818757
2820286
2822703
2822916
2822955
2823032
2824869
2827681
2827960
2829026
2829157
2830197
2830213
2830914
2832545
2833768
2836670
2838042
2839055
2839478
2840093
2840474
2841947
2842031
2842399
2846830
2847398
2847420
2849718
2850024
2850300
2850567
2851011
2851279
2852383
2852476
2852745
2854944
2857259
2857434
2857747
2859640
2861084
2861267
2861289
2862360
2864152
2864836
2864867
2865285
2870128
2871974
2874222
2874871
2875791
2876742
2877837
2877841
2878940
2879181
2881051
2882257
2883510
2886383
2886933
2887040
2887214
2887688
2889381
2889555
2889607
2890467
2890494
2891383
2892353
2893229
2894254
2894430
2895603
2895751
2897048
2897974
2898629
2899220
2899662
2900553
2902251
2904008
2905138
2905220
2905345
2905638
2906153
2907005
2907036
2908371
2909030
2909659
2911611
2912835
2915200
2915315
2915726
2915749
2917221
2917877
2919991
2920301
2920962
2921110
2921437
2922787
2923538
2924211
2924456
2924792
2926178
2926284
2928746
2932127
2932309
2933620
2934937
2935091
2937452
2937875
2938100
2938225
2938289
2940200
2941450
2942673
2943892
2945446
2946384
2946909
2948387
2950716
2950762
2952499
2954297
2954496
2955155
2955261
2956136
2958179
2959847
2960875
2961246
2961683
2962240
2962683
2962737
2965813
2965996
2967621
2968363
2969086
2970818
2972582
2973527
2974727
2976093
2976127
2976684
2978092
2980418
2980420
2980483
2982234
2982785
2982876
2983402
2984392
2984711
2986177
2986203
2987294
2989166
2989629
2989769
2989772
2989828
2990117
2991354
2991786
2991840
2992354
2994214
2995015
2995538
2997311
2997588
2998658
2999136
3001021
3001689
3001944
3002062
3002326
3003273
3004045
3008283
3008938
3010076
3010450
3010749
3012070
3014434
3016022
3016612
3017232
3017366
3017417
3018151
3018336
3018415
3019445
3020580
3021064
3021734
3022684
3023149
3023588
3023847
3024907
3025098
3025822
3027463
3031095
3035537
3035598
3036767
3036803
3036931
3037007
3037398
3038206
3038656
3038708
3038785
3039628
3040941
3041076
3044332
3044807
3045030
3046391
3046699
3047639
3048914
3049501
3050113
3050850
3054168
3054843
3055530
3056102
3056623
3059772
3059839
3060231
3060261
3060395
3062950
3063413
3063424
3063520
3063728
3064438
3064796
3065489
3065827
3066462
3066839
3067053
3067109
3069657
3072649
3072664
3073721
3074299
3074562
3077744
3079714
3079994
3081285
3082486
3084210
3086223
3087307
3087558
3088145
3089065
3089714
3092019
3092741
3095699
3095860
3095944
3095997
3096410
3098323
3099642
3100951
3102256
3103080
3104164
3105312
3105542
3106307
3106920
3112825
3113000
3114533
3115411
3115745
3116062
3118205
3120227
3121522
3126414
3127115
3128629
3128822
3128833
3131311
3132387
3132494
3132732
3133977
3135447
3137484
3137704
3138155
3138452
3139257
3140500
3140978
3141076
3141233
3141465
3143042
3143050
3143604
3147524
3148253
3148715
3148790
3149073
3149553
3151190
3152153
3154863
3157848
3159479
3160444
3163215
3163476
3164777
3166541
3166971
3167570
3168293
3169068
3169920
3170600
3171288
3172615
3173803
3174712
3175865
3175915
3176204
3176831
3179487
3180564
3181300
3181400
3181799
3181835
3182189
3182749
3183307
3183310
3184533
3186247
3186355
3187579
3189333
3189792
3190385
3191161
3192867
3194156
3196211
3197910
3199289
3200083
3202719
3202999
3203384
3204444
3204580
3205498
3209358
3210401
3210622
3212660
3212731
3213363
3214212
3215425
3216164
3217602
3217819
3218050
3218550
3223083
3225384
3225828
3227092
3227755
3228444
3228776
3229981
3232980
3233924
3234876
3238263
3238524
3238702
3240577
3241334
3242138
3243540
3244139
3245696
3246884
3247097
3248095
3248348
3248443
3248685
3250679
3250833
3251178
3251589
3251685
3252261
3252330
3253722
3256272
3257457
3258309
3259225
3259728
3260275
3261354
3261969
3262578
3262753
3263951
3265920
3266334
3268590
3268732
3269043
3273198
3273394
3274012
3279134
3281042
3281062
3281890
3284058
3285819
3286664
3287063
3288082
3288458
3288883
3290011
3290986
3291220
3295016
3295125
3296164
3296286
3300336
3300536
3300577
3300698
3303329
3303427
3304800
3304808
3307098
3309069
3311526
3312009
3312232
3312361
3313214
3316678
3319191
3320071
3322067
3322844
3325320
3325620
3326089
3328267
3328767
3329133
3329965
3330466
3331878
3332572
3332877
3333536
3334223
3335085
3335617
3336115
3336418
3341958
3342134
3346005
3346039
3347660
3347754
3348003
3348729
3349397
3349643
3350936
3351539
3352234
3352866
3353997
3354617
3354663
3354988
3355115
3356465
3357152
3359199
3359387
3360307
3360782
3362481
3362975
3365574
3365587
3366282
3366643
3366924
3368826
3371633
3372086
3373442
3373836
3375318
3378764
3378813
3381556
3384425
3387289
3387849
3387953
3388116
3388124
3389599
3389721
3392759
3392885
3393292
3393994
3396839
3397236
3397767
3397981
3398609
3398935
3400512
3400845
3401009
3401710
3402615
3402866
3402897
3402954
3406728
3407092
3407818
3408764
3408823
3410486
3412424
3413072
3413758
3414281
3414332
3415419
3416549
3416989
3417161
3418425
3418592
3418697
3421358
3421405
3422348
3423339
3423402
3424484
3426233
3427500
3427939
3428839
3429632
3431944
3434334
3434716
3434936
3435669
3436004
3439523
3440784
3441135
3443376
3444078
3446401
3449718
3450577
3451491
3452271
3452416
3453703
3454508
3454523
3455583
3456715
3456954
3457224
3457764
3459610
3460060
3460225
3460892
3461675
3463194
3465902
3468646
3473577
3473893
3474096
3475834
3477123
3477362
3477817
3479625
3481559
3482630
3484129
3485914
3487662
3488461
3489059
3489513
3489802
3490341
3490440
3490445
3490829
3490886
3492090
3492333
3492368
3493234
3493958
3494702
3495217
3495398
3496448
3497133
3497199
3498097
3498393
3499846
3500377
3500608
3501056
3501498
3501574
3502528
3505286
3505375
3508354
3508788
3508865
3509095
3509145
3509436
3512846
3513186
3514191
3516079
3518268
3518711
3519635
3519940
3520182
3522314
3523061
3523089
3526494
3529679
3529731
3531074
3531753
3531995
3534009
3535520
3536465
3537371
3540471
3540980
3541397
3541772
3542275
3544864
3546743
3548224
3548650
3548788
3550176
3550883
3552247
3552427
3552659
3553668
3555382
3555695
3556026
3557086
3557230
3558590
3559666
3560345
3560384
3561137
3561407
3561571
3564440
3565142
3566013
3567812
3567837
3568035
3569558
3574051
3575138
3576084
3576838
3577657
3577807
3579021
3580203
3580312
3581626
3581930
3582089
3582914
3583385
3583847
3586111
3588918
3589514
3589793
3594123
3594546
3596148
3596775
3598214
3599300
3599444
3600975
3600996
3602317
3603503
3604153
3606317
3606805
3607563
3608709
3608968
3610617
3611612
3612329
3612706
3613867
3616596
3616885
3617280
3617854
3618657
3622490
3624079
3624442
3624910
3625219
3625336
3625558
3627095
3627097
3627230
3627297
3628791
3628844
3629099
3632806
3633588
3635402
3635429
3635815
3636705
3636899
3637183
3638311
3639200
3639388
3640132
3641548
3641714
3643281
3644722
3645642
3648216
3649524
3651009
3651562
3652761
3653887
3653922
3654039
3654904
3656869
3659960
3661137
3662614
3664591
3667840
3668065
3668244
3673364
3675173
3676082
3676578
3677279
3677551
3679635
3679966
3679998
3680481
3682389
3685173
3686548
3686560
3689131
3690712
3691006
3691487
3692667
3695099
3697331
3698241
3698885
3703859
3705041
3708149
3710188
3711555
3713395
3713643
3714106
3714236
3715207
3717501
3717568
3717840
3719186
3719269
3721971
3722008
3725289
3727104
3727480
3727997
3730409
3731151
3732951
3734033
3734937
3736003
3737412
3738580
3740210
3741331
3741706
3745511
3749153
3749931
3750522
3750804
3751327
3753779
3754136
3756064
3756245
3757012
3757875
3757997
3759218
3759978
3760131
3761463
3762640
3763510
3763823
3764734
3765600
3765967
3766140
3766388
3768673
3771752
3773551
3773588
3773660
3775888
3776135
3777299
3779349
3779405
3779739
3781199
3781811
3782270
3782806
3785793
3786186
3786285
3786379
3786917
3787255
3788868
3790880
3792181
3793038
3793263
3794460
3795234
3796352
3796806
3799382
3801257
3801701
3802037
3802767
3803616
3803747
3803842
3803990
3804115
3804462
3806928
3807326
3808839
3809075
3810095
3810253
3810615
3812768
3813477
3814031
3816934
3819910
3822795
3823308
3824531
3824712
3825669
3827734
3829416
3832056
3832557
3834008
3834180
3834715
3834881
3836180
3836888
3837707
3837880
3838145
3838396
3841050
3842909
3843085
3843344
3844411
3846897
3851718
3854751
3855685
3856134
3857056
3857060
3859468
3859667
3861579
3862093
3863205
3864028
3864416
3864868
3865138
3865777
3866779
3867244
3867984
3868436
3869789
3870202
3871025
3871065
3872291
3872354
3872378
3872888
3873728
3876222
3876574
3877059
3877293
3879115
3881066
3881471
3881833
3884749
3884855
3884981
3885908
3890105
3890427
3892549
3893683
3893706
3894207
3894709
3894800
3894884
3895403
3895447
3896115
3896910
3897216
3898899
3900408
3901242
3901269
3901556
3901987
3902764
3902779
3903099
3903410
3905597
3905775
3906531
3907118
3908329
3908351
3910119
3910151
3910332
3911442
3911447
3911677
3912331
3912441
3912449
3913067
3913652
3915925
3916872
3917301
3918634
3919289
3919859
3920022
3920457
3922853
3924536
3924986
3926973
3927030
3927676
3929096
3929663
3929723
3931693
3932074
3933993
3934398
3935107
3935564
3937060
3938116
3938363
3939042
3939969
3942004
3943078
3945777
3947397
3947614
3947831
3948321
3949306
3949454
3950480
3950508
3950641
3950940
3951692
3952045
3954230
3954279
3955055
3955057
3955432
3956481
3956947
3957117
3959597
3960227
3961126
3961619
3965285
3965748
3966464
3966891
3967004
3967868
3968598
3968754
3970552
3972858
3973240
3977106
3977605
3977662
3978074
3978656
3978906
3982250
3982583
3983575
3987887
3988633
3991681
3992257
3992721
3993686
3994547
3995128
3996804
3997063
3997522
3997761
3998520
3998711
3998836
4002089
4002128
4003763
4004555
4005015
4005786
4006159
4006479
4007332
4007818
4011101
4011797
4012188
4012531
4013669
4016325
4018373
4019203
4019778
4021285
4021432
4021768
4021925
4022089
4024324
4027302
4027450
4027668
4029268
4033860
4034242
4034676
4036094
4037671
4039016
4039496
4044654
4046129
4048126
4048754
4051376
4051423
4051447
4051974
4052131
4052143
4053310
4054911
4055350
4056205
4057156
4059514
4060204
4061577
4063577
4063774
4064414
4064843
4065019
4065472
4068850
4068943
4069124
4072113
4072496
4073648
4074238
4074539
4076075
4076641
4078380
4078987
4079135
4079809
4080046
4080310
4080811
4082461
4082968
4083088
4083724
4083905
4084290
4084701
4084850
4084867
4085585
4086650
4087429
4087810
4091084
4091889
4093229
4093810
4093817
4097144
4097528
4098808
4099143
4099196
4099972
4101537
4102027
4102151
4102414
4103202
4104039
4104292
4105697
4106596
4107260
4107673
4109031
4109539
4110346
4110396
4110603
4111350
4112320
4112905
4114875
4115037
4116623
4116803
4117435
4120109
4120633
4123570
4124019
4124061
4124150
4127179
4127513
4127636
4129363
4130009
4130806
4133502
4134490
4135349
4137689
4139139
4141530
4142393
4143159
4143262
4144691
4146083
4146717
4149825
4150106
4155778
4155900
4157146
4157149
4157218
4158780
4160865
4162055
4162160
4162564
4164113
4164226
4164292
4164751
4165890
4166415
4166865
4166963
4167919
4169080
4171202
4171461
4172104
4174136
4176064
4176522
4177411
4177666
4179096
4179289
4180554
4180709
4181042
4181072
4181613
4182997
4183770
4184695
4186513
4186970
4187029
4187308
4188446
4189242
4189627
4190944
4192246
4192465
4194433
4194455
4199635
4199712
4201714
4201924
4202708
4203119
4204557
4204772
4205114
4205150
4205547
4206314
4206444
4208063
4208268
4208496
4209331
4209616
4210588
4212540
4216224
4218654
4219914
4220766
4221101
4221444
4221913
4222591
4223277
4223514
4224021
4224096
4224439
4224913
4225358
4226180
4227006
4227592
4228745
4229594
4230264
4230607
4231826
4231858
4233040
4233764
4234085
4235000
4235936
4236908
4236939
4237156
4237503
4237723
4241100
4241191
4241635
4241934
4242331
4242399
4243452
4243866
4245226
4245706
4246947
4248160
4248386
4248923
4249341
4249403
4250244
4250852
4251074
4251734
4257157
4257584
4260639
4260856
4262043
4262594
4265645
4266369
4266620
4267428
4269197
4271232
4271402
4273244
4273577
4276610
4276860
4277075
4277170
4277611
4277779
4279892
4282069
4284387
4285222
4286093
4286581
4287208
4287332
4287788
4288018
4288668
4289499
4290764
4291606
4292482
4293184
4293939
4300698
4301135
4301816
4301885
4301977
4302420
4302576
4303083
4303119
4303704
4304042
4305563
4305687
4305853
4305987
4306604
4307416
4307525
4307594
4308155
4308236
4308671
4310230
4310808
4311184
4311654
4311774
4312585
4315256
4315852
4317486
4317922
4319067
4319735
4321589
4321714
4322543
4324331
4325391
4326739
4326877
4326942
4328083
4328192
4328610
4329711
4331093
4332711
4334888
4335551
4336882
4337801
4338295
4340282
4342065
4342158
4343416
4343937
4344501
4344573
4344934
4346098
4346696
4349076
4349447
4350866
4352611
4352936
4358530
4361967
4362066
4363692
4364498
4365336
4365604
4366467
4366918
4367274
4369464
4370358
4371701
4371963
4372355
4372797
4373090
4373573
4374548
4374778
4374881
4375232
4375285
4375538
4375668
4376041
4376298
4378787
4379213
4381054
4381343
4381532
4381656
4382440
4383007
4383838
4384815
4385634
4387141
4387842
4387911
4388378
4389536
4389638
4390301
4391113
4391253
4391624
4393352
4395415
4395645
4399995
4400811
4400932
4401198
4402179
4403777
4404410
4406020
4406234
4408446
4409246
4409885
4410512
4410633
4411843
4413848
4415064
4415267
4415361
4416845
4417422
4417951
4419372
4419814
4420032
4420261
4420647
4422089
4422351
4423879
4424579
4424719
4424774
4424908
4427117
4431703
4432140
4435102
4435969
4436629
4436690
4436842
4437757
4439073
4439529
4442343
4443572
4447214
4447696
4448483
4448604
4449193
4450018
4450539
4450796
4450819
4456771
4457353
4458905
4460225
4461640
4462415
4462842
4463229
4463237
4463296
4464696
4466034
4466754
4466811
4469605
4469853
4469976
4470224
4470455
4471194
4471323
4472269
4474325
4475786
4476443
4476523
4478315
4478336
4478909
4480862
4482731
4483229
4483842
4487054
4487171
4488074
4491074
4492821
4492841
4492941
4493204
4493717
4494382
4494861
4495114
4496197
4497428
4498588
4500784
4501197
4503498
4505652
4506229
4506986
4508973
4509019
4512391
4512669
4512715
4517066
4518487
4519612
4520888
4521341
4527777
4528567
4529163
4530818
4531784
4532586
4534917
4537163
4538046
4538636
4539805
4540324
4540866
4542552
4543397
4543587
4546718
4546902
4547106
4547425
4548338
4548409
4553363
4553580
4553642
4553656
4553746
4554965
4559225
4559677
4562547
4564450
4565666
4565910
4568002
4568153
4569070
4570523
4572098
4573716
4574571
4575238
4576759
4577342
4578531
4578943
4581115
4581223
4582238
4583883
4584225
4585317
4585544
4590183
4590255
4590362
4590854
4592034
4593866
4595526
4597252
4597729
4597817
4598607
4599724
4599869
4600064
4600348
4600455
4601792
4601888
4602358
4602368
4602596
4603820
4603872
4603952
4605673
4606420
4609205
4609374
4611129
4612050
4614126
4614347
4615471
4616360
4617040
4617631
4618307
4621073
4621520
4622215
4622786
4624120
4625292
4625761
4625956
4627878
4629392
4629801
4629945
4629976
4630106
4631008
4631870
4633152
4633642
4633750
4635848
4638812
4639258
4639596
4639736
4639822
4640509
4640693
4641604
4642455
4646035
4647555
4648411
4648951
4650666
4651015
4651384
4651765
4652242
4652698
4652967
4653966
4655096
4655430
4657481
4657866
4661613
4662350
4664115
4664347
4665183
4668192
4668230
4669714
4669873
4671499
4672939
4673215
4674540
4674935
4677173
4679069
4679263
4679712
4682190
4683029
4683304
4686605
4687668
4689016
4689237
4689494
4689654
4690589
4690715
4693061
4693142
4697375
4697477
4700482
4701197
4701515
4703956
4706347
4708236
4708326
4708826
4708916
4709250
4710178
4710565
4711987
4712038
4713031
4713189
4713331
4713452
4714298
4714371
4715405
4716815
4717269
4720120
4723290
4724731
4728529
4729815
4730561
4731139
4731778
4733241
4733773
4734391
4735046
4735449
4736311
4738230
4738983
4739993
4743109
4744145
4744706
4745039
4745152
4746670
4746673
4752600
4755665
4756647
4758754
4758904
4760133
4761973
4762927
4763042
4763303
4763955
4766681
4767235
4768170
4768181
4768268
4774618
4775625
4775775
4778209
4778690
4780010
4781085
4783406
4784055
4784815
4785438
4785496
4785592
4786234
4787054
4787815
4788352
4788418
4788534
4788737
4789691
4789745
4793380
4794701
4800114
4800438
4801036
4802566
4803259
4803619
4803771
4804433
4805070
4805530
4805725
4806400
4806785
4807777
4808270
4809897
4811735
4814302
4814536
4814982
4815875
4816266
4816834
4816992
4819529
4820966
4822000
4822005
4825640
4825818
4826245
4827474
4828938
4829241
4830327
4830419
4830470
4830923
4831104
4832018
4834491
4834565
4835558
4836830
4837904
4838006
4838774
4839986
4840000
4840018
4841421
4845213
4846245
4847042
4847177
4847450
4848498
4849323
4850674
4851428
4852005
4852322
4856086
4856104
4856405
4856760
4857801
4861265
4862280
4862330
4863021
4864446
4866194
4866329
4866911
4867340
4868138
4868568
4869275
4869972
4870213
4871401
4872095
4872858
4874469
4874550
4874701
4874792
4876794
4878309
4880125
4880520
4880874
4881423
4881504
4881688
4882614
4882644
4882847
4882849
4883623
4884849
4887110
4890444
4890868
4890899
4892024
4894383
4894689
4896625
4897285
4897289
4899873
4900835
4901084
4902990
4903000
4903393
4906075
4906247
4906274
4906983
4909874
4912002
4912088
4912293
4912845
4912879
4913353
4914134
4914798
4914882
4916519
4918563
4918897
4919424
4920729
4921622
4921724
4923542
4924250
4924419
4924443
4924678
4925443
4925791
4926107
4926157
4928514
4931161
4931296
4931882
4934049
4935042
4938635
4939380
4939524
4939985
4941008
4941178
4941341
4941782
4941818
4942269
4942808
4944290
4945312
4948118
4953121
4954698
4955038
4956296
4956881
4957470
4958053
4959303
4959536
4963642
4966924
4968359
4969516
4970275
4970416
4971376
4971672
4972954
4974183
4974419
4974881
4976058
4976247
4976999
4977292
4978017
4979267
4979351
4983069
4984058
4985766
4985876
4986439
4986464
4987605
4987748
4990095
4993658
4994423
4995599
4996839
4997556
4997904
4998472
5000487
5000622
5000885
5001677
5001946
5002294
5002381
5003327
5003363
5004477
5005121
5005222
5006803
5007803
5008114
5008394
5009253
5009587
5009718
5010368
5010844
5012408
5012758
5013338
5014599
5015069
5015302
5015433
5015728
5016142
5016489
5019552
5021626
5021844
5021858
5023565
5023606
5023669
5026912
5028069
5030675
5031456
5032321
5032681
5033795
5034230
5035310
5035827
5038084
5038296
5039756
5040286
5040375
5042992
5043445
5043528
5044261
5044891
5046319
5046571
5047418
5048068
5048470
5048480
5048652
5048977
5050280
5051032
5053764
5053924
5054386
5054444
5055881
5057896
5060013
5061161
5062616
5063357
5064529
5066278
5066847
5067814
5068020
5069038
5070967
5071318
5072046
5072631
5072952
5075911
5077027
5078030
5081111
5083385
5084174
5085107
5085460
5087873
5088392
5088466
5088593
5089157
5090098
5090678
5091321
5093782
5094236
5094665
5094676
5095466
5095567
5095631
5096144
5097473
5098350
5098592
5099559
5099674
5099906
5101083
5101861
5102908
5105248
5105926
5106168
5106863
5107000
5107526
5107741
5107828
5107857
5110465
5112266
5112517
5112638
5112841
5112928
5113429
5113837
5114558
5115527
5118783
5119447
5119835
5125579
5126649
5126895
5127547
5128939
5130457
5130879
5131311
5131690
5133100
5133938
5134709
5135513
5135785
5138696
5139659
5140199
5141520
5141572
5141783
5142079
5143036
5144946
5146359
5147618
5148271
5149896
5151024
5153039
5154018
5154402
5157636
5157763
5158107
5158586
5158675
5159420
5159790
5160156
5160907
5161292
5161356
5161412
5161488
5162594
5163553
5167404
5168683
5168818
5168993
5169315
5169569
5170268
5170624
5170797
5171857
5173114
5173197
5173722
5173946
5176658
5180374
5182127
5183960
5187189
5188673
5191373
5192087
5192514
5194000
5194038
5194148
5195146
5196258
5196705
5197611
5199591
5199821
5201958
5205775
5206198
5206603
5208512
5209005
5210727
5211334
5214661
5216383
5217350
5217753
5218322
5219338
5219570
5223489
5227172
5229009
5229027
5229791
5231184
5232680
5235058
5235953
5236583
5237491
5237577
5239635
5239904
5240991
5241102
5241784
5241795
5243030
5244905
5247424
5247973
5248185
5249416
5250824
5251242
5251350
5253951
5254628
5254794
5256209
5257919
5257925
5259159
5259863
5260122
5261933
5267097
5267995
5269178
5272568
5274813
5275403
5276464
5278833
5280183
5280785
5282214
5284775
5285295
5285926
5287161
5289302
5289768
5289814
5294428
5294501
5296168
5296986
5297259
5297793
5297853
5299698
5300847
5302020
5302543
5303393
5304900
5305452
5305461
5305611
5306051
5308388
5309489
5311739
5312503
5313974
5314367
5315147
5316430
5316710
5318870
5319069
5322860
5323748
5325954
5325974
5326200
5326718
5327232
5328628
5329242
5330018
5331234
5331461
5332363
5333088
5333453
5333512
5335131
5335286
5336017
5338147
5338504
5338852
5340222
5343343
5343904
5346540
5347121
5347789
5347834
5350873
5350915
5351002
5351624
5352297
5353105
5354856
5356064
5357219
5360207
5360669
5362102
5362635
5363638
5363648
5365369
5365781
5368788
5369930
5370912
5371403
5373877
5374537
5374876
5375017
5376696
5376731
5377551
5377755
5378540
5379256
5380427
5380465
5382637
5383991
5386159
5388747
5388925
5390403
5391654
5392704
5392827
5393515
5393706
5393820
5399160
5399356
5401422
5401787
5403056
5403312
5404595
5405349
5407244
5408020
5408325
5408967
5409153
5409716
5409812
5410816
5411019
5411944
5411962
5413200
5415047
5415320
5416533
5416993
5418202
5418380
5419829
5421663
5423683
5426171
5428454
5430194
5430891
5432094
5433393
5434214
5436205
5436257
5438017
5438446
5438869
5439055
5440334
5441958
5442349
5443076
5444556
5448070
5448675
5449119
5449552
5451284
5451587
5452160
5452975
5457719
5459259
5460758
5460783
5460870
5461816
5462151
5462899
5463041
5464965
5467103
5467512
5468749
5469395
5471189
5473137
5475239
5477639
5479087
5479490
5483683
5483798
5484115
5485338
5485381
5485600
5485834
5486497
5487110
5489663
5490382
5490505
5490647
5490928
5494564
5495082
5496049
5498711
5498853
5499287
5500430
5500716
5500835
5501708
5503308
5503713
5503931
5504169
5504194
5504220
5504622
5505870
5509578
5510419
5510810
5513206
5514110
5514318
5514710
5515150
5516989
5517837
5519924
5521420
5522954
5523370
5525378
5528162
5530918
5531819
5532305
5533297
5533817
5534806
5537139
5538035
5538087
5538914
5539717
5545852
5546644
5547006
5547179
5548169
5548769
5548799
5548965
5549674
5551134
5552307
5554054
5554126
5554463
5554728
5554819
5555527
5557088
5558190
5558627
5561074
5562141
5562345
5562656
5564665
5565286
5567485
5568124
5569050
5570192
5570475
5570693
5570756
5570857
5572339
5572718
5573559
5573658
5574470
5575489
5576487
5577337
5580836
5581134
5581450
5581573
5583787
5584375
5586653
5587614
5587997
5588270
5588443
5589319
5589967
5590263
5591221
5591249
5591670
5592952
5594328
5595481
5596075
5596263
5597515
5597613
5597993
5601739
5601807
5603784
5604182
5605894
5608481
5608778
5608905
5610089
5610267
5612258
5612849
5613954
5614134
5614269
5615703
5616687
5617332
5618559
5619269
5622771
5622776
5623200
5623669
5624002
5625793
5626714
5628429
5629958
5630637
5630713
5631368
5631907
5632151
5633333
5633963
5635899
5638916
5639619
5640462
5641963
5643294
5645623
5646631
5646692
5646758
5647259
5647594
5647781
5648407
5648735
5649225
5649799
5650556
5653951
5655144
5656168
5657010
5658530
5660715
5661010
5662471
5664089
5664807
5665695
5665935
5666146
5666372
5667273
5667784
5669047
5670162
5670924
5672260
5673210
5673909
5676907
5677585
5677645
5678071
5679238
5679300
5679875
5682526
5683738
5684830
5685826
5686561
5686978
5687186
5688012
5689737
5689902
5691593
5692501
5694269
5694940
5697088
5699296
5699796
5702208
5703389
5703879
5704262
5704696
5704803
5705867
5706140
5706142
5706580
5706946
5707896
5708451
5708688
5709225
5713755
5714585
5714698
5717289
5720011
5720385
5720986
5721188
5722671
5723198
5723204
5723971
5725506
5725585
5728900
5729502
5730022
5730263
5731199
5731674
5732295
5733297
5735250
5735460
5736183
5736835
5736969
5738049
5739882
5740727
5741396
5741542
5742985
5744864
5745198
5750155
5752742
5752760
5752842
5754308
5754341
5755543
5756186
5759242
5762529
5765123
5765350
5765927
5765949
5767926
5769316
5769401
5769722
5769970
5771961
5772605
5773798
5773803
5775080
5775259
5779069
5779326
5779576
5781022
5781103
5784191
5784562
5787456
5788029
5789153
5789660
5790477
5792412
5792778
5794367
5794753
5796409
5797302
5797590
5799231
5799741
5800112
5800765
5801127
5802772
5804033
5804540
5807174
5808583
5810459
5812545
5812572
5813444
5814960
5816236
5816344
5816968
5819368
5819598
5820366
5820982
5821931
5824326
5824627
5825355
5825802
5826893
5828373
5829726
5830998
5832583
5832845
5834207
5835995
5836588
5837912
5839841
5840180
5840195
5841492
5841507
5842609
5842946
5843503
5843557
5844041
5844158
5844697
5844787
5845071
5846562
5847788
5848229
5849841
5850003
5850476
5851010
5851351
5852055
5852821
5852829
5853080
5855207
5855657
5856004
5856787
5859521
5863359
5864591
5865833
5867146
5867575
5868526
5868683
5868764
5868859
5870824
5871573
5872948
5873131
5873770
5873897
5875177
5876685
5876701
5877948
5878447
5881045
5884324
5885306
5887867
5889071
5891773
5892340
5893578
5893737
5893878
5894867
5894888
5896423
5896914
5897673
5897781
5898075
5898758
5899402
5900272
5900279
5902080
5902507
5902641
5903713
5904936
5906262
5906897
5907048
5907152
5907929
5909545
5909549
5910462
5911582
5913358
5913685
5915549
5917514
5918430
5919159
5921174
5922276
5925029
5926046
5926429
5926811
5928444
5930610
5931055
5931535
5934197
5937258
5937638
5937768
5938960
5939825
5940095
5940339
5940617
5941320
5945214
5945241
5945565
5945893
5946937
5947133
5947931
5948551
5949050
5950008
5950199
5950281
5950451
5951634
5952159
5952493
5952961
5956059
5956338
5957671
5958239
5959383
5959417
5959877
5960001
5960942
5961026
5962080
5962291
5962527
5962663
5963410
5966196
5966658
5967510
5967946
5971071
5971123
5971620
5973650
5977881
5978942
5980002
5980292
5980773
5980795
5982341
5983439
5983493
5983579
5983916
5984771
5986203
5988297
5989323
5989918
5990186
5991165
5991412
5991731
5992086
5994942
5995020
5995901
5996182
5997626
5999678
6003260
6003336
6003425
6004560
6005183
6006072
6006794
6006890
6007003
6008011
6009010
6009486
6009654
6010281
6011712
6011839
6013478
6013495
6014673
6015663
6016744
6018911
6020139
6020890
6021523
6022419
6022714
6023312
6023525
6024054
6024949
6025050
6027086
6028838
6029459
6029941
6030321
6031027
6031244
6032423
6033069
6033252
6036799
6036893
6038722
6041174
6044020
6045636
6046272
6046515
6047685
6048181
6049645
6052198
6052358
6053910
6054575
6056112
6056508
6056579
6057474
6058111
6058774
6059377
6059786
6060070
6061831
6062140
6062368
6062872
6062978
6064692
6065496
6065774
6068342
6069123
6070122
6070362
6070408
6071114
6072145
6075078
6076827
6077006
6079340
6080728
6081360
6081606
6083871
6084976
6086292
6089169
6089631
6089846
6091173
6094887
6098760
6098768
6101582
6102378
6102508
6103646
6103781
6104537
6105529
6105655
6106680
6107643
6108747
6110303
6111124
6111399
6112335
6113188
6114017
6114823
6116378
6117050
6117870
6118967
6119394
6120789
6120994
6123937
6125173
6125351
6125998
6126294
6126555
6127199
6128887
6129544
6132266
6133233
6133646
6134032
6134589
6134724
6135873
6136019
6136032
6137639
6139912
6140317
6146177
6146226
6146248
6147616
6148499
6148811
6149122
6149517
6151768
6151966
6157648
6162032
6162366
6162493
6168027
6169145
6170718
6172470
6172698
6173432
6176500
6177565
6177966
6181200
6181381
6183642
6183799
6184223
6185786
6186382
6187197
6188201
6188337
6189459
6190158
6191362
6191587
6193360
6194361
6194416
6195019
6195834
6196022
6196023
6196443
6196635
6200668
6200695
6201229
6201759
6202036
6202630
6203647
6204723
6205130
6205544
6205809
6206731
6207436
6208800
6208837
6210695
6212264
6212654
6213196
6213413
6214006
6215486
6216021
6216128
6216516
6217436
6218032
6218356
6218901
6219406
6221844
6222259
6222618
6222741
6223395
6224000
6224177
6224344
6224462
6225448
6226224
6226617
6227419
6227811
6228423
6230417
6230447
6230516
6231168
6231845
6232794
6233180
6233537
6234538
6235624
6235821
6237227
6237812
6238509
6238857
6240353
6242254
6243256
6243452
6243788
6245421
6247405
6247422
6248895
6250035
6250106
6251179
6251310
6253360
6255273
6255810
6257272
6258134
6258544
6259263
6259528
6261148
6261183
6261345
6261388
6261691
6261859
6262427
6263080
6263336
6263608
6264090
6266435
6267990
6268135
6269907
6271096
6271653
6271694
6272903
6272924
6273175
6274264
6274647
6275547
6276064
6276167
6276771
6277728
6277787
6280128
6282630
6282707
6284611
6285617
6287200
6287348
6287902
6288629
6288965
6289659
6290483
6293109
6293317
6293530
6294793
6295846
6296885
6297841
6300673
6301025
6301802
6305048
6305352
6306615
6306794
6306918
6307388
6307671
6308477
6308530
6308758
6309018
6310723
6311354
6311907
6312435
6313809
6314065
6314756
6314782
6315191
6315777
6315937
6317109
6317487
6317785
6318880
6320531
6321020
6322458
6323911
6324155
6324750
6324959
6326706
6326752
6327146
6327905
6329172
6329395
6330625
6331258
6331449
6331636
6331964
6333733
6335309
6336698
6337056
6337326
6339126
6339951
6340788
6341067
6341179
6343635
6345829
6347288
6347823
6349726
6349877
6350125
6350238
6351799
6353286
6354118
6354401
6356673
6357439
6357579
6358361
6358742
6358983
6359457
6360156
6360654
6365511
6365846
6367668
6368167
6369100
6369574
6371364
6373011
6375449
6375801
6375903
6377791
6378687
6378989
6379089
6379400
6379900
6381346
6381692
6383786
6384016
6384218
6384466
6384918
6385241
6385639
6387104
6387653
6388133
6388138
6388997
6390772
6390977
6391280
6392165
6392182
6392710
6394421
6394602
6395363
6395460
6396623
6396767
6396821
6397149
6398198
6398281
6401107
6401843
6401876
6402570
6405015
6406255
6406305
6407387
6409100
6410695
6411282
6412865
6413182
6413832
6413894
6416608
6419141
6420885
6421226
6421343
6422465
6428711
6429452
6429509
6430638
6430777
6431323
6431645
6433287
6433345
6434937
6435774
6436920
6438283
6438607
6439890
6439975
6440902
6441225
6443849
6446090
6446519
6446963
6447204
6448571
6449815
6451073
6451078
6453736
6454405
6455373
6455453
6455866
6455894
6456315
6457135
6458679
6459466
6460395
6460507
6460932
6461149
6461754
6461762
6462091
6462308
6463188
6464238
6467981
6468665
6468995
6470549
6470570
6470832
6470843
6471377
6471419
6474711
6474822
6476042
6476488
6479738
6480355
6480457
6480746
6481568
6481594
6482039
6482169
6482948
6483591
6486495
6487375
6488306
6488631
6489520
6489579
6489854
6490257
6490673
6491154
6491285
6491331
6491419
6492150
6493327
6494583
6494649
6499624
6501117
6501890
6504270
6504598
6504607
6504712
6504944
6506643
6507191
6507350
6507377
6509748
6510232
6515061
6518339
6518954
6519003
6520336
6521645
6522769
6522805
6524323
6527023
6527423
6528472
6528998
6529261
6530122
6530560
6534880
6535298
6536849
6538246
6538413
6539986
6540670
6541354
6541758
6542323
6546580
6546870
6547726
6548165
6548618
6549358
6550231
6551884
6553131
6554129
6555752
6558712
6558878
6559785
6562831
6564570
6565375
6566208
6568185
6568645
6569881
6571995
6573903
6574272
6574419
6574470
6574535
6574604
6575435
6575759
6575776
6581121
6582054
6582318
6582612
6583516
6587464
6587587
6588007
6588098
6588102
6589221
6590811
6591010
6591640
6592125
6592563
6595209
6596367
6596713
6599682
6601877
6601951
6602732
6604783
6607130
6607330
6607506
6607535
6608205
6609667
6610604
6611663
6611904
6612154
6613298
6613314
6615229
6615725
6617003
6619670
6620233
6620474
6622314
6622811
6624306
6625036
6626131
6626175
6628819
6630632
6630648
6632174
6634598
6635102
6636725
6638247
6638362
6638492
6640286
6640293
6640327
6641712
6642832
6642916
6642976
6644381
6644776
6645057
6649651
6650075
6653435
6655316
6655855
6655930
6657433
6658667
6659280
6659316
6659854
6659938
6662262
6662942
6664115
6665344
6665808
6666669
6668517
6668760
6669391
6669759
6671192
6672242
6673257
6673511
6673887
6677341
6677590
6677969
6678135
6679466
6679880
6680090
6682617
6684156
6685831
6686980
6688224
6691266
6691746
6691969
6692702
6694067
6694655
6695314
6697197
6698236
6698371
6699161
6699445
6702402
6703628
6706373
6707107
6708364
6708441
6710346
6712351
6715155
6715810
6717020
6719098
6720445
6720844
6720993
6722573
6722603
6724060
6724376
6724451
6725296
6725510
6725582
6725749
6726502
6726753
6727058
6729190
6729939
6730183
6731339
6731884
6733124
6733361
6734432
6734644
6734892
6737125
6739063
6742346
6746176
6746516
6748294
6749624
6749669
6750058
6750113
6751465
6752281
6754213
6755165
6757270
6757691
6757716
6758345
6760776
6760799
6761412
6761975
6762006
6762621
6763079
6763273
6764615
6765558
6767512
6771043
6772599
6774285
6774574
6774780
6775055
6776218
6777827
6779521
6780987
6781633
6781796
6782537
6783679
6784010
6784524
6784828
6789634
6790692
6791328
6791670
6791804
6792927
6793134
6795875
6796027
6796367
6797931
6798251
6798837
6799247
6799690
6801118
6802388
6802595
6803429
6804422
6807848
6810334
6810441
6811413
6811460
6812094
6816588
6816757
6818721
6819079
6820071
6821352
6821466
6821716
6823549
6825295
6825985
6826759
6827115
6827569
6828780
6830590
6831476
6833553
6835618
6836404
6836924
6837601
6837895
6838346
6839050
6839232
6842249
6842457
6842799
6844458
6846694
6847423
6847464
6847731
6848780
6850341
6850490
6852304
6852986
6854067
6854859
6855456
6856059
6856119
6857434
6857583
6862389
6864529
6864906
6865383
6866311
6868925
6870380
6872899
6873100
6874821
6874908
6876077
6877014
6877471
6881106
6881398
6881834
6881862
6883288
6883497
6884074
6884148
6884682
6885174
6885474
6885566
6885619
6886033
6888436
6889757
6890592
6890843
6891347
6891468
6892087
6893437
6895118
6897643
6899257
6899999
6900587
6901209
6901504
6902500
6902981
6903382
6904821
6904863
6906163
6906540
6907548
6907568
6908511
6909145
6909250
6909290
6911435
6912313
6913420
6913509
6914476
6914524
6917065
6917348
6918518
6919966
6920039
6921045
6921455
6922909
6923500
6925080
6925806
6927914
6928137
6931772
6931932
6932800
6933837
6936196
6936324
6936815
6937058
6937937
6939632
6942136
6942356
6944556
6945340
6946347
6947379
6947563
6948568
6948817
6949647
6951038
6951200
6951392
6951470
6954832
6958273
6958535
6959705
6960481
6963541
6963682
6965502
6966503
6967028
6967193
6968110
6968639
6968724
6969192
6969429
6970201
6971404
6971604
6972670
6973701
6975579
6976202
6977137
6977567
6978469
6979189
6979420
6981455
6982983
6983113
6983865
6984170
6984702
6986952
6987110
6988301
6989327
6991811
6994581
6994878
6995182
6995938
6996077
6996332
6997461
6998320
6998900
6999199
7002428
7003393
7003770
7003774
7004227
7005809
7006274
7007316
7007820
7008017
7010150
7011809
7012339
7016034
7016802
7018241
7019772
7022227
7023374
7025218
7026654
7027165
7027259
7027441
7029861
7031130
7031295
7033315
7034643
7034661
7036200
7037496
7040060
7040081
7040448
7042599
7042900
7043240
7043329
7043476
7044422
7044794
7045189
7045881
7046732
7047627
7048327
7048414
7048725
7050730
7052455
7052923
7053394
7053905
7055443
7057885
7058936
7059108
7059572
7060793
7060941
7062587
7062913
7064174
7066843
7068079
7068415
7069927
7070416
7071689
7072927
7073571
7073944
7074607
7075139
7075151
7075718
7075806
7076510
7076861
7077594
7081913
7081928
7083743
7084243
7085622
7085958
7086160
7086766
7086991
7088458
7088690
7090117
7090284
7091133
7092090
7092241
7094732
7095042
7095675
7100276
7100366
7103138
7103322
7108074
7108670
7109684
7109697
7110884
7111150
7111863
7112723
7113622
7116653
7117292
7117537
7117759
7121177
7121255
7121529
7122447
7123020
7123129
7123532
7123746
7124739
7125077
7127078
7127379
7128930
7131821
7132882
7133758
7134228
7137796
7138127
7138377
7140625
7141612
7141621
7142094
7142160
7143012
7144032
7144555
7145549
7146671
7148029
7148995
7150856
7151204
7153143
7154297
7154399
7155211
7155506
7157948
7158481
7160030
7162122
7163087
7163287
7163787
7164312
7169903
7171630
7174053
7174422
7176063
7176647
7178104
7179260
7179336
7179600
7181026
7181032
7181418
7181649
7182109
7185498
7187375
7187409
7189133
7189435
7190240
7190876
7192635
7194420
7196179
7197127
7197623
7198079
7198432
7199224
7200162
7200294
7200532
7201318
7207489
7208189
7208713
7209145
7213666
7215156
7217355
7217624
7217833
7218454
7219943
7220981
7222394
7222717
7223073
7223562
7224303
7226112
7227045
7231122
7231123
7233935
7235032
7236701
7238271
7239615
7240684
7241849
7241932
7242145
7243141
7243158
7244296
7244651
7245447
7246824
7246869
7247204
7250112
7251074
7251462
7252085
7252162
7252219
7253431
7253459
7255432
7256224
7256428
7256829
7257368
7257668
7257755
7257839
7258321
7259524
7259532
7259876
7260958
7262667
7264683
7265541
7265944
7266625
7268900
7269085
7270228
7274087
7275686
7278306
7278347
7278956
7279096
7280774
7283698
7284424
7284757
7286209
7288163
7289202
7291224
7292346
7292952
7293216
7293533
7293654
7295162
7295703
7295991
7297781
7298985
7299210
7299551
7299919
7300188
7300369
7301552
7303684
7303765
7305360
7305457
7306735
7308001
7309202
7311107
7311412
7314653
7315192
7315839
7316977
7317292
7318480
7318783
7319347
7319377
7319924
7320892
7321759
7322240
7324169
7325251
7325306
7325598
7325667
7325981
7326154
7327376
7328006
7328344
7328607
7331187
7331420
7335129
7336634
7337819
7337952
7338884
7341613
7341850
7343245
7344222
7344321
7344602
7344917
7345699
7351667
7352726
7352869
7355180
7355705
7356631
7357627
7357831
7358335
7358509
7359001
7359626
7361091
7361145
7361800
7362085
7362588
7363484
7363816
7366608
7366996
7367218
7367567
7367674
7368614
7369074
7370914
7372092
7372101
7373096
7373986
7374154
7374200
7374409
7374653
7375438
7375938
7378967
7379667
7380483
7380937
7382009
7382173
7382939
7385578
7385995
7387634
7387746
7389772
7392170
7393847
7397013
7397379
7398431
7399226
7400297
7400955
7403745
7404151
7404692
7407009
7407653
7408156
7409293
7410113
7411079
7411321
7413439
7413737
7414144
7414297
7414754
7414971
7415119
7416820
7417569
7419414
7420745
7421247
7421292
7421683
7423873
7424073
7424102
7424105
7424590
7425354
7425806
7426171
7426309
7427268
7427581
7427734
7428110
7432913
7433048
7435338
7436076
7436598
7438073
7439375
7439831
7441721
7442189
7442448
7443694
7444300
7445352
7447096
7448093
7448422
7449036
7449068
7449953
7451465
7452724
7454179
7454545
7455045
7456875
7457720
7457768
7460157
7460918
7461462
7461926
7463000
7464595
7464713
7467905
7468717
7469467
7470271
7470539
7470577
7473048
7477156
7477443
7478395
7478940
7480153
7481228
7481573
7482143
7482951
7483237
7483668
7483920
7484001
7486294
7486926
7488890
7488968
7489226
7491040
7492236
7492992
7493372
7494557
7495458
7496492
7498214
7498494
7498873
7499166
7499582
7501843
7502234
7502370
7502798
7503907
7504414
7508886
7510210
7510224
7510382
7510606
7511006
7511025
7512675
7513032
7514501
7514775
7515270
7516919
7517735
7517742
7518629
7520048
7521351
7522349
7522979
7523246
7524427
7525263
7525962
7526186
7527811
7528341
7529648
7529898
7530865
7534329
7534559
7536066
7538150
7538758
7539178
7539676
7542716
7543920
7544740
7546198
7548414
7551453
7551521
7551860
7553846
7554199
7555617
7556750
7557812
7559182
7562663
7563216
7566058
7566469
7567644
7567938
7570583
7571980
7572167
7572967
7573274
7575791
7577727
7580692
7581410
7583588
7585590
7585963
7586562
7586786
7589196
7589247
7589319
7589954
7589955
7592151
7594691
7595932
7598631
7598645
7602045
7603281
7604126
7604320
7604569
7608531
7610044
7612172
7612554
7613117
7613259
7613598
7613920
7614440
7615305
7615355
7617460
7617622
7619745
7620428
7620891
7622354
7622766
7624822
7624849
7625091
7625223
7625533
7628747
7631093
7631618
7631795
7633383
7636368
7637182
7640272
7641389
7641578
7641920
7642580
7643610
7644874
7646013
7646795
7647198
7647951
7648663
7649626
7651556
7653713
7655904
7657029
7657075
7657636
7658062
7659436
7660185
7661673
7663224
7663533
7663781
7663800
7666166
7667640
7668451
7669184
7669294
7670606
7670915
7672140
7674030
7674189
7675915
7676086
7676171
7676740
7676917
7677516
7678579
7679258
7679259
7680125
7681044
7682350
7683225
7683277
7683556
7683970
7684364
7685521
7686072
7686302
7687281
7688244
7688252
7689044
7689763
7690716
7691004
7691086
7693445
7693458
7693581
7693986
7696037
7696098
7696767
7697124
7698596
7699349
7700547
7701140
7702075
7702263
7702725
7702844
7702970
7705824
7706820
7708251
7713664
7725410
7725754
7726429
7727927
7729707
7729916
7730152
7731648
7731970
7733890
7737344
7737733
7738210
7738573
7738603
7740562
7742365
7743237
7744134
7744790
7744919
7745785
7746293
7747206
7747828
7748344
7748384
7748564
7749816
7750280
7751145
7751459
7751650
7751778
7752284
7752786
7754090
7754446
7755249
7756235
7756593
7756820
7757181
7757611
7759706
7760630
7762722
7762731
7764536
7764655
7765171
7772078
7773479
7774275
7774281
7776017
7776333
7776585
7777043
7777324
7777461
7778743
7779876
7780057
7782919
7783431
7783896
7786182
7787995
7789449
7790253
7792819
7795291
7795679
7798249
7799195
7799958
7799974
7800789
7801008
7801415
7802598
7803506
7804641
7804800
7805035
7805499
7805902
7806173
7806718
7807170
7807980
7808697
7809014
7809522
7809916
7810585
7812039
7813420
7813436
7813496
7813722
7815380
7815716
7816055
7816160
7816614
7817675
7818430
7818525
7819841
7819988
7820213
7822192
7822811
7823841
7826594
7829051
7830699
7831033
7831849
7832262
7833243
7835122
7835137
7835806
7836730
7842041
7842217
7843507
7844074
7845135
7845182
7845557
7846754
7847487
7847497
7847500
7849054
7849546
7849613
7851490
7851775
7853449
7853708
7854367
7854549
7854642
7855252
7855693
7856641
7857069
7857677
7858760
7859979
7860165
7861398
7863873
7864895
7865148
7865835
7866300
7868818
7870190
7870431
7870841
7871521
7871898
7872198
7872849
7872968
7876208
7876240
7876388
7877573
7877810
7878480
7878589
7879399
7880574
7885209
7889138
7889485
7890514
7890876
7891163
7893748
7894590
7897357
7897674
7900593
7900881
7901721
7903028
7903599
7904838
7905115
7906156
7906189
7906522
7907479
7909834
7910397
7910432
7911889
7912554
7912815
7913499
7914723
7914787
7916704
7916928
7917681
7920345
7921768
7923175
7924406
7925525
7926941
7927190
7932217
7932440
7936099
7938014
7938053
7938875
7941438
7942168
7944789
7944933
7945555
7945611
7945682
7947166
7947329
7947693
7948464
7948519
7949196
7949992
7955597
7955941
7957124
7959051
7961343
7962372
7965434
7966081
7966191
7966413
7968196
7968637
7969275
7974967
7976890
7978718
7979699
7980847
7981117
7981199
7981652
7981788
7982394
7982763
7983220
7983660
7984730
7988512
7989322
7989488
7990945
7991056
7991791
7992377
7992383
7996242
7997140
7999312
7999341
7999536
7999912
8000125
8001002
8003811
8004770
8008650
8008842
8009003
8014386
8014500
8015371
8019982
8020625
8020774
8024140
8024662
8026377
8026987
8027039
8027061
8027657
8028677
8029270
8031578
8034272
8035245
8035442
8035492
8036262
8036884
8037011
8037120
8038861
8039405
8039718
8039800
8040733
8040950
8044173
8045068
8045340
8045869
8046234
8046693
8046737
8049420
8049935
8050029
8050237
8051657
8052032
8053845
8055194
8055776
8057649
8058857
8059070
8060771
8060952
8061233
8061709
8062206
8063201
8063249
8063870
8065272
8065852
8066482
8069205
8071110
8071669
8071773
8072425
8073247
8074853
8076274
8076654
8077324
8077714
8078217
8078919
8083373
8084593
8086855
8086920
8087700
8088271
8089236
8089254
8089705
8091061
8093213
8095142
8095436
8098084
8099592
8100030
8100442
8100998
8101001
8101045
8101157
8101369
8102290
8102488
8102845
8104154
8105834
8107681
8107954
8108966
8109569
8110571
8110748
8112745
8113648
8115287
8115958
8118287
8119161
8119315
8119354
8122139
8125600
8126678
8127905
8128505
8130891
8130928
8133157
8133468
8133777
8134265
8135404
8135469
8139873
8140255
8140565
8142166
8142930
8143863
8144078
8144383
8147383
8147427
8147782
8148501
8149035
8149048
8150122
8150576
8150700
8151208
8151618
8152423
8153918
8154111
8154410
8154648
8157287
8157474
8162302
8163099
8166212
8166972
8168630
8169543
8169663
8170113
8170392
8170962
8171735
8172194
8172387
8172496
8173809
8174141
8174391
8174712
8175964
8176183
8176258
8176655
8176745
8180752
8183651
8185190
8185361
8185803
8185854
8185937
8187702
8187987
8190314
8190686
8191104
8191743
8192036
8192319
8192385
8194221
8194668
8195209
8196452
8197475
8198156
8198696
8198871
8200132
8201429
8201915
8204579
8206578
8207342
8207556
8207892
8209089
8209844
8209989
8210117
8210480
8210911
8210989
8211312
8212612
8212990
8213585
8214483
8214824
8215629
8218335
8218418
8218721
8218767
8219312
8220087
8221595
8225497
8226614
8227317
8227603
8227691
8229205
8229806
8232475
8233105
8233382
8233556
8233921
8236040
8237394
8238222
8242048
8242200
8242388
8242820
8243417
8243646
8244308
8246827
8246959
8247083
8247530
8250104
8253275
8253877
8256325
8259109
8260305
8263590
8264048
8265513
8265855
8266139
8266227
8267189
8267885
8268449
8273969
8274009
8274723
8275701
8276036
8276720
8276854
8277691
8277836
8279293
8279489
8279773
8280889
8282893
8286006
8287829
8288751
8288851
8289245
8289432
8291304
8293109
8294212
8294422
8294546
8294688
8298908
8302300
8303914
8305787
8307515
8308079
8308759
8309778
8310650
8313673
8314076
8315020
8315762
8317332
8317604
8318327
8321527
8323259
8323306
8323498
8323547
8324066
8329103
8329466
8334551
8335661
8338399
8338642
8341055
8342071
8342379
8343325
8343938
8344106
8344291
8344806
8346599
8349487
8350175
8350399
8352561
8352633
8353694
8354006
8357412
8357504
8357959
8359766
8360355
8360599
8361897
8362297
8362344
8364286
8365338
8365633
8366035
8367814
8367945
8368575
8369383
8369999
8370380
8371805
8372454
8374270
8374698
8375015
8376357
8377013
8377500
8380641
8380673
8383904
8384144
8384217
8384810
8385107
8387516
8388226
8388380
8391136
8393874
8393998
8396303
8397814
8401209
8402554
8404036
8404983
8405415
8408259
8408462
8408478
8409297
8409952
8410338
8411556
8413260
8413378
8413484
8415069
8415727
8416700
8421184
8421235
8421809
8422850
8423612
8424680
8424894
8425075
8425310
8426811
8427799
8427947
8429204
8431109
8431738
8431943
8433658
8433903
8435164
8436101
8437065
8437646
8438910
8438941
8439147
8439862
8440765
8441215
8441487
8444882
8445895
8447778
8447956
8449627
8450246
8451689
8453062
8453202
8454526
8454927
8455057
8455526
8455711
8464586
8464748
8465095
8465653
8465772
8467148
8467358
8468195
8468831
8468908
8469117
8469334
8469749
8470165
8470765
8471512
8471564
8471982
8472145
8472181
8473713
8474294
8474688
8476673
8477269
8478666
8478840
8479760
8481556
8487510
8488744
8489186
8490715
8491281
8492216
8492390
8493747
8495052
8495080
8495360
8495766
8501124
8501516
8502730
8504087
8504111
8505435
8510974
8512934
8513064
8517323
8517975
8519386
8519706
8520637
8523186
8523291
8524347
8525144
8525406
8526260
8526532
8526623
8529157
8529534
8530485
8530844
8530942
8531257
8531846
8531904
8533016
8536257
8536542
8537182
8538822
8539447
8540137
8541097
8544190
8546224
8546652
8547508
8547983
8548473
8548831
8549778
8551157
8551507
8551924
8553743
8554790
8555122
8555778
8556336
8557241
8558324
8558572
8563168
8563324
8564077
8564822
8566755
8567230
8568030
8568823
8569228
8570844
8571662
8572993
8575555
8576190
8577646
8577912
8578768
8578851
8580434
8582351
8585080
8585904
8587589
8588009
8588275
8589384
8589827
8590492
8591958
8592083
8593467
8593757
8594878
8595063
8598559
8598638
8602771
8604548
8607187
8607713
8608037
8609433
8609742
8610313
8610416
8613219
8613517
8614752
8615222
8615466
8616441
8617029
8618584
8618691
8618897
8618931
8620801
8620837
8622591
8622716
8622889
8623912
8624588
8624693
8624709
8624844
8625477
8625954
8627218
8628738
8629315
8629348
8631036
8631559
8632293
8633940
8636062
8637279
8637723
8638231
8638324
8638626
8641664
8642103
8642119
8644084
8645409
8645466
8645539
8648214
8649778
8650757
8650784
8651769
8652109
8653659
8656674
8657166
8658712
8659020
8659293
8659360
8660352
8661064
8661543
8662488
8662618
8662640
8662916
8665155
8666392
8666654
8667549
8668472
8668683
8669081
8669488
8671229
8672321
8675475
8677086
8677125
8681241
8681324
8682212
8683136
8686267
8686349
8686849
8687351
8689411
8689606
8689991
8690300
8690960
8693196
8694504
8698195
8699270
8699330
8699408
8699547
8700137
8700363
8701187
8703025
8703786
8703839
8703988
8703990
8704038
8704634
8705129
8705331
8708377
8708954
8709684
8711149
8711634
8711829
8712127
8712414
8714427
8716010
8717243
8718187
8719619
8720212
8721691
8722176
8723022
8723686
8723945
8725184
8725444
8725640
8726100
8727892
8728429
8729735
8730736
8731047
8731767
8733126
8733554
8736030
8736056
8737792
8739203
8740166
8740182
8740221
8741637
8742610
8742823
8744397
8745175
8745290
8745949
8747761
8748146
8749941
8750833
8750912
8752575
8754427
8755411
8755573
8756606
8756697
8759012
8759701
8760618
8760805
8760895
8761327
8761687
8762508
8763305
8763703
8764791
8764816
8765384
8765789
8766346
8766574
8767163
8768683
8768972
8769402
8770015
8770123
8772393
8772723
8772744
8772851
8773367
8773719
8773762
8777290
8777703
8780761
8781452
8781853
8783744
8785126
8785213
8786633
8788071
8789639
8791840
8792698
8794876
8796573
8797586
8799235
8799391
8799439
8800101
8801993
8802592
8807434
8809826
8809930
8811380
8811942
8815334
8815749
8815759
8816329
8816593
8816628
8816683
8817929
8818564
8822469
8824181
8824525
8828675
8829222
8829351
8829383
8830315
8831006
8831074
8831271
8831901
8834298
8835218
8836416
8837923
8838547
8839409
8840798
8842461
8843152
8843665
8845445
8845561
8846545
8846923
8846975
8847264
8848275
8849827
8851140
8851751
8851970
8852012
8853525
8853765
8855627
8855631
8856180
8857787
8857825
8859165
8859179
8859399
8861291
8862368
8864266
8866588
8867282
8867413
8868283
8870489
8871760
8872706
8873190
8873391
8876560
8877109
8878895
8879559
8879561
8880180
8882089
8885132
8885146
8885256
8885319
8886122
8886657
8886829
8886880
8887018
8887102
8888228
8889641
8892347
8892720
8894232
8894249
8895820
8899406
8899457
8901889
8903449
8903956
8905874
8909998
8911186
8911251
8911600
8911880
8912355
8912473
8913107
8913782
8915253
8915408
8917960
8918449
8919859
8922740
8926110
8927393
8927940
8928041
8928200
8928889
8928940
8931655
8931682
8934268
8935302
8935343
8935384
8938042
8938056
8939149
8939364
8940341
8940649
8940895
8941641
8943096
8948783
8950297
8950965
8952278
8952373
8952487
8952959
8955073
8955887
8957649
8957797
8957842
8958362
8960211
8960603
8960984
8962410
8963731
8965337
8966141
8968381
8968481
8970197
8970523
8970677
8970795
8971507
8971633
8972052
8972863
8973123
8974051
8975253
8975893
8977647
8978659
8978890
8979720
8981734
8982461
8983471
8986709
8987018
8987629
8988018
8988129
8991064
8991750
8993804
8994180
8996342
8997493
8997927
8997996
8999518
8999688
8999952
9000525
9001984
9002706
9002822
9003190
9004768
9005351
9005670
9006171
9006742
9006892
9007774
9009913
9010010
9010264
9014375
9014998
9016803
9022807
9023217
9023666
9024025
9024879
9026110
9029997
9030173
9030854
9034906
9035046
9035288
9036170
9036856
9037337
9037512
9037523
9040571
9042783
9042897
9043703
9046017
9046216
9048581
9049480
9049861
9050302
9051174
9052445
9053906
9054038
9054222
9054584
9055735
9055774
9058018
9058704
9058722
9058740
9060702
9061615
9062072
9062867
9063441
9063831
9066227
9067459
9067954
9068107
9069879
9070161
9071062
9071118
9071735
9073890
9074314
9074953
9075308
9075373
9075474
9076811
9076901
9080051
9080581
9080658
9080981
9081442
9083448
9083650
9083894
9085630
9088849
9089905
9090183
9091207
9093185
9094439
9098222
9098224
9098670
9099738
9100968
9101343
9101355
9101530
9101770
9102755
9105303
9105386
9105501
9105841
9106753
9107015
9107455
9110280
9111073
9112429
9117653
9117682
9118341
9119079
9120261
9120820
9120879
9120949
9121736
9122022
9122587
9122994
9123953
9124364
9126141
9126642
9127975
9128155
9129762
9132165
9133088
9133591
9134997
9137732
9139171
9139446
9139651
9141610
9142232
9142362
9145868
9149228
9149501
9149919
9150665
9151770
9154305
9154998
9155163
9155182
9155555
9157009
9157950
9159102
9161074
9161790
9162941
9164601
9164705
9165974
9166517
9166539
9167068
9167114
9167343
9169381
9173068
9173338
9173874
9174102
9176009
9176765
9176785
9177194
9177345
9178838
9181198
9181535
9182074
9182157
9183076
9185538
9186153
9186692
9186830
9187354
9189063
9190328
9191232
9193565
9193957
9194198
9194691
9195444
9196307
9198316
9199042
9199120
9201727
9203859
9205167
9206702
9208038
9208221
9208927
9209423
9209491
9209575
9209800
9210822
9211164
9211996
9212212
9212837
9213988
9215758
9217161
9218220
9220157
9221751
9224485
9224794
9225518
9225832
9227130
9229416
9232190
9232505
9233166
9233258
9233333
9233435
9235520
9237351
9237456
9237852
9237995
9238449
9240138
9240685
9241984
9242268
9243144
9244556
9244710
9247417
9247643
9248923
9248978
9251052
9252464
9252861
9252923
9253623
9254143
9255080
9255736
9255956
9256215
9258264
9258610
9259401
9259658
9262071
9262862
9263538
9264226
9264604
9267439
9267910
9268427
9269130
9269759
9269783
9271165
9271860
9272620
9273032
9273284
9273574
9273835
9274319
9274963
9275866
9275987
9276167
9278656
9278818
9282977
9283631
9285363
9286009
9286256
9287173
9287334
9287972
9289024
9290636
9291008
9291427
9291900
9296044
9297935
9298123
9298416
9298963
9299159
9300686
9301387
9301444
9303847
9304415
9304887
9304905
9305306
9305809
9307224
9307489
9308246
9308531
9311079
9311311
9311443
9312045
9313743
9314172
9315158
9315401
9323320
9323547
9323785
9324117
9327587
9328680
9330305
9330614
9333309
9336607
9338350
9338671
9338679
9339854
9339863
9340436
9342511
9342905
9344040
9344718
9345387
9346117
9346177
9346273
9346764
9347552
9351714
9353764
9353889
9354094
9355611
9357009
9357585
9357728
9358000
9359613
9360743
9361627
9362595
9363961
9364159
9365819
9366299
9366376
9366511
9366832
9367388
9370774
9370811
9370851
9371000
9371603
9372413
9373421
9373884
9374181
9374263
9374276
9374410
9375423
9376944
9380165
9380659
9382237
9382679
9382896
9382979
9384900
9386463
9387121
9390338
9390627
9390741
9393245
9393588
9393982
9394942
9398390
9399191
9400021
9400721
9400812
9401821
9404063
9405947
9406973
9407108
9407950
9409301
9410968
9411186
9411508
9411997
9413313
9413493
9416162
9417836
9420141
9422691
9423367
9423432
9425568
9428442
9428496
9429353
9429882
9431179
9431537
9432595
9433906
9434304
9437540
9439227
9439242
9439885
9440351
9443424
9445061
9445482
9448808
9449135
9450466
9450979
9453051
9453786
9459241
9459341
9459661
9460034
9460665
9462167
9463232
9463516
9465174
9467088
9467115
9467180
9467602
9469067
9470245
9471610
9474719
9475397
9476910
9477477
9477945
9478096
9483203
9483787
9484311
9485917
9486780
9490347
9490622
9491430
9491527
9491768
9491786
9492294
9492644
9494121
9494708
9494953
9495441
9496654
9498086
9499616
9500677
9503767
9503840
9503946
9504412
9505800
9506015
9506711
9506828
9507398
9510108
9510465
9512135
9512465
9513148
9513715
9514502
9515803
9518763
9519312
9519648
9519948
9521882
9523051
9523259
9523924
9527475
9530782
9533158
9533877
9534265
9535964
9536158
9537469
9537774
9537841
9538614
9539399
9540626
9541040
9541657
9545292
9546575
9546684
9547812
9547816
9549917
9550017
9550348
9550992
9552025
9553867
9554559
9556339
9557106
9561734
9565019
9565888
9567679
9567832
9567876
9568583
9569170
9570806
9572881
9574007
9575029
9575152
9576068
9576423
9576597
9577604
9579014
9580432
9580582
9581622
9582357
9586289
9586921
9587653
9588193
9590109
9591086
9593497
9593611
9593723
9596685
9597990
9598805
9598867
9601957
9603073
9603471
9605610
9607273
9608478
9609288
9609625
9613204
9616595
9616792
9617574
9617680
9617714
9619008
9619056
9619214
9620377
9622648
9622808
9623750
9624437
9626224
9626840
9626931
9628410
9628991
9629371
9629536
9630443
9632315
9632408
9633139
9633309
9634469
9635173
9637688
9640392
9641172
9642843
9643562
9643776
9644058
9648029
9648100
9648173
9648769
9650670
9650801
9651357
9652171
9653255
9653544
9653618
9653717
9654061
9654128
9655390
9655742
9657001
9657147
9657372
9657409
9657472
9658029
9658345
9659740
9659759
9659831
9661451
9662003
9662362
9662525
9665083
9666652
9666838
9667645
9669615
9670054
9671821
9671833
9671930
9672078
9672188
9672581
9673436
9673633
9679431
9680011
9680758
9682300
9682475
9682550
9685298
9687365
9688862
9689000
9690052
9693907
9694298
9695989
9696446
9699315
9700314
9701197
9702705
9703237
9704482
9706239
9707068
9707809
9708378
9709896
9710291
9710519
9711025
9711509
9716706
9716742
9717865
9718274
9720412
9721242
9721304
9723276
9725579
9725809
9726289
9727007
9727170
9728281
9729723
9730065
9731162
9733026
9734170
9734859
9735923
9736358
9739040
9740521
9740836
9740851
9741655
9742353
9743512
9744355
9744786
9745255
9746412
9747511
9751035
9751722
9751951
9754333
9754796
9755844
9757164
9757567
9761653
9761709
9764081
9765152
9766426
9767229
9767985
9769295
9772914
9773117
9773499
9774720
9774804
9775569
9776395
9779660
9781054
9781113
9781819
9782598
9782748
9784031
9784564
9784674
9786808
9787103
9787849
9788577
9789018
9789614
9792294
9794620
9797036
9798625
9798980
9799667
9800176
9800439
9800535
9801545
9801608
9801666
9803322
9804955
9807802
9808763
9809147
9809960
9810341
9810956
9812115
9812635
9813600
9814253
9814989
9815784
9816110
9816662
9816916
9817243
9817793
9818439
9818611
9819214
9819809
9820879
9823952
9825317
9826111
9826615
9827966
9828466
9831051
9833227
9837877
9838526
9838617
9840330
9840916
9842321
9843237
9844964
9845766
9846980
9848845
9849554
9850910
9851405
9852007
9855017
9855074
9855436
9857459
9857568
9858068
9859949
9862697
9863854
9866564
9866791
9867508
9867836
9868705
9871024
9871735
9871860
9872192
9873728
9874505
9874656
9874857
9875055
9875075
9876211
9876377
9877014
9877327
9877508
9878338
9879589
9881380
9883698
9884613
9885068
9886247
9886370
9886774
9887549
9890748
9890996
9891001
9895309
9897355
9898152
9898265
9898565
9898880
9899193
9899445
9900548
9900825
9901121
9902374
9902599
9904141
9907609
9907890
9909405
9909808
9911221
9911873
9912423
9912501
9915797
9916281
9918845
9919629
9920928
9921170
9921211
9922231
9922771
9924270
9926835
9927822
9929228
9930405
9930998
9931367
9931503
9931553
9931933
9935375
9936659
9937186
9937586
9937638
9938725
9938998
9939864
9940551
9941190
9941913
9942243
9942931
9943184
9944475
9945052
9945814
9946643
9947116
9948746
9949857
9949933
9950659
9950692
9951652
9953441
9955442
9955593
9957213
9957754
9961219
9962210
9962941
9964000
9967000
9968129
9969280
9970273
9971253
9971465
9973244
9973353
9973919
9973969
9974983
9975737
9976549
9976625
9979091
9980168
9981216
9981309
9981783
9981876
9982709
9983487
9984195
9984535
9984758
9986085
9988207
9990340
9991081
9992225
9994778
9995796
9996903
9996993
9999939
