685
732
1015
4180
5224
5696
7148
9613
12220
12306
13372
14736
15496
16518
16611
17572
17971
19000
19125
19295
19743
21793
22119
23547
23705
25969
26443
28052
30098
30743
31637
34007
35709
36268
36318
36328
37113
37711
40907
42813
43439
44650
45226
46795
50049
52020
52836
52954
53199
53471
53650
53856
55963
56249
57815
57935
58966
59633
61604
61703
64194
64537
67547
67653
68184
69908
69971
70663
71194
71385
74085
74348
76064
76120
76273
77185
80609
82914
83251
83652
84725
86572
86711
90966
91007
91179
91524
92056
92608
93089
95328
97394
97941
98156
98310
99530
100089
100497
100590
101273
105555
106232
107791
107806
110727
111460
112431
115145
115767
115832
116296
117176
117298
117569
117608
117634
118694
119116
122169
122591
124004
125949
130031
131371
131965
131970
132192
134026
134432
135587
136473
137305
138390
138419
139183
139213
140653
141379
142630
142730
143258
143299
143528
144550
146202
148260
148571
148974
149650
151987
152431
153230
153762
153921
154022
154937
155660
156730
156938
157795
158530
160533
160714
160754
160811
161462
163446
163828
165271
170440
172101
173710
175080
176198
176491
178247
178405
179695
181380
181691
181918
182366
184631
187141
188662
189678
189718
191969
192002
194011
194095
196039
196596
197578
198068
199574
199625
200581
200769
202028
202796
204733
207262
207282
208846
209295
210883
211845
212688
212916
213046
213965
215171
215760
216666
216818
217703
220401
221990
223214
223433
225143
225466
225743
225910
230517
230521
230959
232123
232889
236052
236500
236805
236927
237171
237521
237802
237991
238082
239354
240717
242326
245560
247867
248324
249082
249086
250986
251744
253187
253855
253891
258837
259785
260514
261801
262523
263840
264361
265049
265850
266427
266492
268025
269882
270112
271172
271226
272042
273077
273982
274571
274633
275602
275649
276300
276349
277821
278456
279220
282213
283720
285064
286321
286505
286735
286910
287168
289933
291293
291373
291788
292058
294263
295251
295564
296852
296905
298337
298513
300256
300304
301493
302801
303568
303890
303912
304202
304302
305285
306361
307429
308748
309275
310210
311288
311305
312507
312903
313157
313429
315547
316867
317927
320406
320545
320574
321194
321650
324208
324227
325153
326101
326148
326386
326435
327093
328027
329926
331373
333004
333784
333993
335117
335480
335805
338185
338670
338991
340645
341894
345587
345776
345861
346714
348156
349062
349310
349502
350313
351217
352095
352410
356286
361940
363662
363699
365218
365995
366022
366972
368084
368815
370192
372320
373101
373142
374243
375259
375764
376292
378304
378918
379204
380537
383262
385180
388205
388901
389176
389262
389345
390622
390629
390744
391660
392213
392677
392899
396002
396356
397406
397755
398142
399117
402247
403772
404035
404614
405393
406306
406771
408571
409523
409708
412700
412811
413266
414018
414900
415262
416422
418334
418341
418939
419417
419854
420452
421306
421321
421921
422221
422364
422858
423567
423922
424411
428162
428393
436806
436818
437140
437263
437485
438534
439612
443468
444259
444939
446727
448339
449458
450702
450724
451029
457964
460744
461025
461732
462428
463442
464041
466589
466879
466901
468204
471121
471260
472379
473419
474506
475016
476069
476891
477287
477720
478086
478333
478423
479893
479900
480038
481451
482139
482807
482915
484960
486123
486518
487092
487357
487626
488428
489519
489558
489679
490695
492309
494889
495185
497591
498802
500474
502309
503775
504687
505603
509276
510248
512150
513344
514235
515519
515903
516062
517945
518484
518893
519954
520229
521878
523896
524457
526575
526591
529128
529877
532030
532513
532984
533004
536005
537319
537453
538414
538557
540145
540387
540407
540469
542248
543797
545355
545788
546711
547613
547807
548371
549440
551169
551402
551413
551415
552595
552679
553224
553310
554534
554912
556319
557066
560999
561720
562563
563815
567850
569914
571998
572209
574452
574709
575872
577248
579817
582117
582586
582594
582670
582807
585685
585974
587659
588310
588650
591657
592194
592962
593651
594149
595353
595755
596291
596811
597268
597971
598317
598513
599783
600005
600139
600968
602117
605852
607200
607854
608059
609501
610443
610647
612260
612688
612814
613698
614540
618194
618909
619113
619602
620921
621609
622239
624373
625575
627557
630320
630339
631289
632431
632906
634495
634748
636001
636020
637002
637352
637826
640801
640913
641220
641618
642320
643222
645225
646016
647844
649812
650172
650951
651167
651182
653163
654289
654429
655184
655317
655366
657455
657728
659203
663061
664416
665994
666139
666152
666238
670318
671363
672523
674204
675489
676644
677279
677556
678428
678590
678781
679568
680056
680708
681058
681548
683441
685449
687226
690174
692067
692278
693642
694739
694928
695009
696623
700854
700933
701779
701927
704790
705740
706598
707669
708271
708481
708624
708835
709479
710396
710705
711122
711651
712692
715331
716572
716806
720763
721415
721917
722991
723342
724655
726702
726814
729384
731004
731234
732636
732901
735863
736112
736149
736175
736482
736957
737026
740023
741153
741785
742265
744091
744330
747997
749202
749801
750287
750430
751961
752579
754057
755329
756193
758196
758963
759637
759711
760010
760014
760426
760444
760573
760842
760946
761351
762469
763194
765237
766038
766286
766500
766739
767555
768019
768452
769990
770061
771266
771564
771657
772198
772657
773416
773703
774387
776338
776893
778807
779684
779993
781156
781576
781761
782730
782914
784035
784211
786741
789217
789911
791547
793306
793425
793804
795320
795535
795687
799311
799472
800462
800525
802338
802916
802948
803035
803522
804470
804891
805834
806417
806548
807249
808244
808283
809933
812141
814004
814577
814908
815313
815934
816360
818336
819797
822265
825954
828992
831052
831755
831881
835733
839716
839875
840773
842300
843649
843758
843786
844807
846071
846835
847118
847508
847606
848132
848452
851231
851729
853588
854005
854376
855735
856149
856200
856444
858685
858687
859196
859686
860891
861343
861920
862036
862444
862594
865634
866773
867962
868963
871407
873557
874233
875574
875953
876629
876693
877622
880134
881410
882164
882322
883283
886135
886221
888426
888475
888799
890035
891351
891456
892865
893780
894643
895776
895956
896990
897277
897390
898454
898556
899100
900731
901658
902605
903203
903478
904247
904650
905001
906894
907277
908542
909578
910239
911729
911757
912657
913050
913437
915543
916882
917238
917909
919112
919276
921461
921814
922400
925306
925615
929591
929890
934211
936123
937129
937550
939328
941747
942154
942245
943075
945401
946172
946969
947118
947875
948084
948602
948931
948983
950167
950999
951583
955497
955871
956501
956613
958220
958232
959107
960502
960748
964805
965950
966894
966916
967337
968513
969879
971358
971516
972210
972725
973977
975432
977279
980271
980897
981542
982150
983524
983683
986154
986369
986948
987604
989192
991599
992109
992806
994344
994470
995023
995802
997644
997978
997982
999720
999962
1000237
1000254
1003421
1003496
1003573
1004322
1004658
1004691
1004709
1008206
1008271
1010721
1011675
1011871
1013413
1013607
1014739
1015247
1015385
1016301
1017282
1018905
1019466
1019735
1022060
1022151
1024203
1027758
1030949
1032444
1033322
1034382
1037792
1039081
1039965
1040197
1041780
1042867
1042908
1045407
1047770
1049608
1050701
1053527
1055092
1056679
1056844
1058638
1059625
1060814
1061499
1061715
1061987
1063185
1063364
1063821
1064791
1066123
1067172
1068474
1069866
1070431
1070773
1071297
1072233
1072787
1074501
1076626
1076766
1077646
1078028
1078945
1079589
1080565
1080902
1081919
1084382
1086300
1086471
1088454
1088824
1089817
1090489
1090569
1090870
1091661
1093006
1093607
1094001
1094865
1096024
1096896
1097510
1099052
1099609
1099950
1100085
1100591
1100647
1101814
1102990
1104010
1107462
1107521
1107593
1109984
1111737
1115381
1116072
1116300
1117069
1121061
1122255
1123918
1124464
1125568
1127372
1128604
1129065
1130327
1130784
1131336
1131550
1133318
1134069
1135047
1137996
1138732
1140105
1140346
1141401
1143270
1143686
1143934
1148406
1148904
1148914
1149462
1153326
1153624
1155420
1155638
1156500
1156662
1156877
1157710
1158993
1159508
1159552
1160543
1162149
1164182
1164850
1168320
1170608
1170753
1171141
1172645
1173542
1175206
1175648
1179966
1180454
1181633
1182306
1183127
1184514
1184955
1186029
1186895
1187848
1190371
1192542
1193022
1193798
1194362
1194437
1195652
1196366
1199806
1199877
1200144
1201869
1202220
1202221
1203234
1203335
1204011
1204082
1205129
1205443
1205788
1209330
1210284
1211772
1212752
1215815
1216718
1216744
1217619
1218779
1219005
1219546
1220106
1220517
1222722
1225454
1229515
1229720
1229905
1230709
1234235
1234577
1235943
1236553
1239729
1240926
1242000
1242071
1242218
1243160
1243733
1244220
1245280
1246366
1246657
1246734
1248528
1249210
1249745
1249995
1250385
1251723
1252469
1253584
1254529
1255132
1255789
1255937
1257114
1260377
1260390
1260980
1261795
1261930
1262533
1262935
1263597
1264071
1266058
1266275
1267089
1267545
1268265
1268505
1269033
1269337
1269791
1269904
1271916
1272306
1272951
1273087
1273299
1273546
1275237
1276533
1277661
1277695
1278459
1278530
1285542
1286013
1287027
1287398
1291327
1293615
1296762
1297644
1298261
1298626
1298929
1299007
1299280
1299663
1300450
1303320
1305288
1306206
1306540
1306646
1308273
1308869
1312488
1315353
1315355
1315809
1317486
1318956
1319284
1319974
1320640
1321423
1322158
1323000
1325808
1327327
1327802
1329730
1330617
1334129
1334308
1334345
1334764
1335484
1336466
1337031
1337156
1337691
1338256
1338500
1339052
1339502
1341810
1342603
1342924
1343382
1344125
1344848
1347284
1347498
1347716
1350153
1350362
1350720
1350944
1352172
1352394
1352682
1353275
1353738
1354116
1355413
1355594
1356501
1357613
1358838
1363257
1363519
1365325
1365598
1366291
1367999
1368452
1368568
1368770
1368902
1369271
1369744
1370722
1370871
1372222
1373613
1374401
1375302
1376195
1376474
1379634
1382151
1382897
1384258
1385939
1386641
1386699
1391260
1391873
1395133
1399337
1399650
1400308
1401149
1401898
1402923
1403130
1403970
1404715
1406063
1408946
1408950
1409835
1410036
1410575
1410592
1412345
1413730
1413881
1414275
1415003
1415948
1416146
1417074
1421512
1424011
1424139
1429823
1429859
1433041
1433282
1435671
1436429
1438418
1438523
1439737
1440183
1440580
1441285
1442968
1443238
1446041
1446168
1447035
1449056
1449936
1451817
1451952
1452800
1453867
1453869
1457260
1457963
1458704
1458787
1459102
1459247
1459321
1459444
1461055
1461299
1461436
1462052
1462495
1463143
1465189
1465553
1466505
1466846
1466954
1467183
1467725
1467800
1467960
1469055
1469125
1470061
1470509
1471113
1471587
1472178
1473964
1476752
1476897
1478887
1479396
1481073
1484823
1484829
1486757
1489217
1492060
1493197
1493340
1493418
1493740
1493806
1494125
1494247
1494892
1495700
1495973
1500756
1500975
1501380
1501753
1502086
1502229
1502334
1502779
1503792
1506184
1506196
1509495
1511881
1513578
1515878
1516287
1516670
1517598
1519214
1520187
1520462
1522406
1523252
1523867
1524351
1524829
1526239
1528203
1529249
1530849
1531793
1532466
1532549
1533016
1533188
1533276
1534808
1535018
1535750
1536746
1537501
1538044
1539832
1539949
1541612
1541783
1544586
1544944
1547773
1549858
1550456
1551735
1551982
1552040
1553818
1554352
1555759
1555841
1556308
1557430
1557575
1559846
1560003
1562132
1562236
1562442
1562812
1563227
1563425
1564440
1565898
1566246
1566426
1568796
1569076
1569155
1569491
1571098
1571343
1571958
1574158
1575282
1576374
1578081
1578737
1581171
1583709
1584148
1589033
1589342
1589414
1590841
1592698
1594487
1597312
1599769
1601389
1605103
1606186
1607362
1607824
1608984
1609175
1609680
1609827
1610071
1610267
1611364
1612675
1614027
1615590
1615729
1616211
1617571
1617610
1618815
1618837
1620734
1621271
1621401
1622820
1624964
1626169
1629408
1630080
1630240
1634505
1634701
1635385
1636142
1636223
1636454
1638173
1638619
1639882
1640242
1642122
1643005
1643460
1643944
1644237
1646145
1648515
1648912
1649474
1650113
1650588
1652155
1652159
1652634
1655321
1656204
1656470
1660505
1660903
1661791
1662220
1662326
1662356
1662878
1663844
1663976
1664108
1665193
1668604
1669104
1669364
1670382
1670762
1671201
1672089
1672426
1673034
1674055
1674062
1675057
1676807
1677588
1678072
1678800
1680323
1680455
1680673
1680853
1681042
1681358
1682612
1684267
1684704
1684814
1685038
1685086
1686147
1686449
1686540
1687328
1687768
1688446
1688522
1689205
1689568
1690247
1690459
1690645
1690691
1693020
1693297
1693834
1694619
1695370
1695441
1696357
1696608
1697143
1697198
1697861
1697962
1698387
1698648
1699574
1703668
1703896
1706116
1706481
1709002
1709471
1711916
1713640
1714849
1716573
1716712
1716908
1717258
1717965
1718789
1719420
1720086
1720117
1720200
1720446
1721369
1725177
1726146
1726645
1726822
1727870
1728596
1730815
1731841
1732201
1732272
1733426
1735424
1735725
1736106
1738005
1738079
1739498
1739762
1739919
1740018
1741420
1742933
1743877
1745109
1745841
1746280
1748606
1749213
1749620
1750088
1750685
1752385
1753396
1754150
1755410
1757190
1757954
1758142
1759183
1762299
1766518
1767606
1768655
1769092
1769533
1770287
1771045
1771975
1772998
1773603
1773739
1774253
1776140
1776411
1778286
1780770
1781487
1782782
1783199
1784307
1784432
1784575
1787315
1788475
1788718
1789352
1790619
1791406
1792584
1794837
1795099
1795340
1802836
1803207
1803226
1804332
1804503
1805856
1807084
1808277
1808874
1810152
1812750
1814278
1815350
1815630
1816917
1820898
1821076
1823875
1824233
1827045
1828507
1829370
1830298
1832485
1832822
1835578
1836129
1837495
1838105
1839223
1840630
1841954
1842330
1843405
1843689
1844338
1844859
1845766
1847563
1848158
1850007
1851414
1853165
1854585
1856202
1858453
1860980
1861218
1862168
1863472
1864391
1864635
1865116
1865730
1865879
1866504
1866846
1867205
1867687
1868943
1870082
1870583
1871844
1872317
1879304
1880870
1881610
1884337
1886218
1886663
1887367
1887687
1888982
1889090
1889226
1889331
1889500
1892096
1892365
1892990
1893842
1896011
1896542
1896917
1897133
1897475
1897895
1898211
1898295
1898346
1899228
1901937
1903536
1903652
1904075
1905184
1905376
1907561
1909925
1911214
1913599
1913691
1914647
1914875
1915175
1915337
1916982
1917631
1917789
1920126
1920183
1921101
1921185
1921652
1922576
1923358
1923495
1925041
1925269
1925303
1926385
1926712
1928742
1928945
1929167
1929242
1931013
1931104
1932737
1932822
1933607
1934287
1934329
1934753
1935012
1935161
1935238
1935467
1936794
1937184
1938384
1939144
1940623
1940795
1942550
1943330
1943477
1944029
1944867
1945680
1946529
1946815
1948139
1948703
1949610
1954165
1954616
1955339
1955577
1956229
1957107
1958030
1961483
1964109
1964834
1965379
1965421
1966154
1967838
1968849
1970209
1971460
1971541
1972133
1972363
1972479
1977011
1977833
1978368
1978557
1979653
1983081
1983580
1983907
1984459
1984591
1986999
1989332
1989495
1989783
1990567
1992124
1993247
1993474
1995396
1999590
1999685
2001298
2001384
2002321
2003265
2003757
2005471
2006199
2006541
2007564
2007726
2008709
2010819
2011299
2011979
2015004
2017198
2019121
2019748
2020121
2020301
2021911
2022129
2023187
2023916
2024537
2027087
2028513
2028573
2028707
2028912
2030197
2030250
2032704
2033652
2036005
2036790
2039430
2039954
2040468
2040613
2041377
2043743
2046035
2046599
2047040
2047860
2048093
2048550
2051680
2052627
2053119
2053432
2053660
2054031
2054125
2054480
2057142
2059560
2059978
2060741
2061561
2061868
2062876
2063159
2065741
2065990
2068531
2069299
2069349
2069398
2070716
2071729
2074447
2075472
2075739
2078562
2078895
2078942
2080348
2080670
2083583
2084889
2086188
2086206
2086395
2088553
2089254
2090648
2091902
2092679
2093785
2095725
2095956
2096208
2096951
2098232
2099165
2100783
2101492
2101929
2102021
2103178
2104310
2105372
2107198
2107341
2107442
2107856
2108521
2108630
2109065
2109387
2110415
2111254
2111409
2112894
2114844
2115276
2117380
2118079
2118637
2119046
2120248
2120355
2121192
2121782
2122184
2124408
2124438
2125349
2126583
2127325
2128589
2130776
2130984
2132445
2133668
2134347
2134964
2135975
2136317
2137518
2138381
2138546
2139866
2139996
2140016
2140164
2142704
2143675
2145279
2145281
2145915
2151118
2151954
2152118
2153188
2153895
2155075
2155151
2156047
2157390
2157679
2158029
2158426
2158917
2158934
2160756
2162303
2164327
2164806
2164957
2165654
2166814
2170967
2171172
2171249
2171276
2171540
2172091
2173466
2173660
2173945
2175887
2176564
2177472
2178499
2179291
2179731
2181109
2182741
2184583
2184622
2185333
2186937
2188086
2189252
2190706
2191927
2191963
2192227
2192599
2193537
2194037
2194677
2197716
2197755
2198336
2201303
2203830
2204349
2204903
2205680
2206352
2208281
2210119
2210986
2211228
2213466
2213472
2214538
2214793
2215395
2216286
2216773
2217304
2217750
2219373
2219604
2219906
2221599
2221737
2222834
2224562
2225899
2225920
2226187
2227587
2227813
2228687
2230558
2230774
2231268
2231343
2232708
2233706
2234274
2235035
2235369
2235678
2237170
2239143
2239238
2239987
2244691
2244814
2247694
2248140
2249744
2255613
2257033
2259581
2259729
2261515
2262032
2262353
2262850
2263247
2263575
2264504
2265502
2266042
2266195
2266461
2267009
2267539
2269114
2269871
2269976
2271348
2276069
2276356
2276627
2277884
2278845
2278902
2279649
2281231
2281559
2281961
2282801
2283094
2284134
2285736
2287386
2290309
2292775
2292817
2292841
2293602
2293826
2295123
2298139
2298304
2299287
2299765
2300100
2300280
2300342
2301749
2303523
2303826
2306415
2308135
2308164
2308850
2309365
2310264
2311381
2311597
2313599
2314907
2316125
2316802
2317450
2318842
2318898
2320172
2321800
2321932
2322044
2322844
2324085
2324109
2325115
2327923
2328088
2329016
2330880
2331501
2331717
2332608
2338070
2338275
2339886
2340022
2340400
2340938
2340967
2341304
2345686
2348510
2349765
2350588
2352810
2352878
2353443
2353504
2353599
2354244
2354512
2355848
2356996
2359969
2360371
2361786
2362927
2363009
2363250
2363648
2364718
2365251
2366421
2367211
2367803
2370253
2372253
2373602
2374261
2375566
2375924
2375947
2376148
2376430
2378663
2380233
2380444
2380476
2380701
2381596
2381875
2381990
2382132
2382435
2382804
2383862
2385074
2387007
2392584
2392855
2393567
2394086
2397281
2398136
2402480
2402695
2405937
2406053
2407212
2407473
2408272
2408397
2409166
2409572
2410696
2411988
2412374
2413327
2413713
2416486
2418062
2418533
2419025
2419526
2420829
2421883
2422513
2422743
2425055
2425082
2425207
2425453
2426790
2426927
2427927
2428687
2428786
2428999
2429544
2429888
2430202
2431159
2431335
2431755
2432463
2434881
2436164
2436434
2437215
2437381
2438949
2439813
2440578
2441178
2441876
2442287
2443700
2444300
2445463
2446309
2447834
2449868
2450405
2450789
2451634
2451838
2453080
2453756
2453991
2454467
2454829
2456448
2458732
2462148
2463542
2464480
2465204
2466241
2468117
2469087
2469834
2471454
2472049
2472243
2475244
2477831
2478017
2478812
2479006
2479173
2479509
2479536
2480912
2482202
2482284
2482652
2483668
2484031
2484289
2484712
2485016
2485276
2485965
2486047
2488435
2490396
2490593
2491732
2493362
2493875
2496530
2496949
2497398
2498820
2499996
2500214
2500494
2501228
2503923
2506735
2509543
2509727
2509730
2509764
2510201
2510951
2511803
2512170
2512815
2512877
2514926
2515167
2516754
2518659
2519553
2519811
2519858
2519882
2523497
2524597
2525190
2526154
2526170
2527063
2527961
2529765
2530835
2531046
2532807
2533457
2533545
2535457
2536439
2536520
2538099
2538852
2539338
2539506
2540397
2540865
2541182
2541870
2542576
2544200
2545570
2546843
2546998
2547502
2547808
2549940
2549986
2550466
2551435
2552381
2553226
2553936
2555298
2557020
2557604
2559085
2559153
2561186
2561196
2561725
2561987
2564664
2565505
2566318
2567993
2568718
2570785
2571455
2571749
2572127
2573279
2574914
2576282
2576757
2577305
2577346
2580656
2581049
2581231
2581557
2582049
2586053
2587767
2588062
2589516
2590651
2593495
2595046
2596164
2597066
2598597
2599076
2602103
2605626
2606731
2607261
2612046
2615135
2615527
2616332
2617876
2619022
2619542
2621281
2624710
2625272
2626877
2630334
2630393
2631890
2632122
2632320
2633203
2633518
2637080
2638199
2638589
2639912
2644090
2645085
2646426
2648777
2649524
2650116
2650458
2651126
2651925
2653955
2655133
2656074
2656663
2656991
2657160
2657675
2660943
2662294
2665506
2666294
2667504
2668686
2668817
2669189
2670394
2672488
2672897
2673241
2675822
2676643
2677964
2678936
2679099
2680508
2681842
2682039
2682466
2682469
2682476
2682838
2683023
2683568
2683590
2683988
2686172
2686657
2688747
2690797
2692481
2693598
2693651
2695464
2695585
2697444
2697515
2698632
2698884
2700776
2701860
2702870
2703044
2703420
2707665
2708190
2708837
2709940
2711423
2711474
2711577
2712177
2712232
2714811
2714890
2715925
2717164
2717798
2719953
2720311
2720710
2721023
2724021
2724933
2727795
2728376
2729374
2730030
2731109
2731466
2732613
2732714
2732801
2733267
2737959
2737987
2739172
2741979
2742139
2743567
2744309
2745844
2749450
2751755
2752631
2753471
2755991
2756344
2758837
2759057
2759914
2761251
2761619
2761718
2762294
2762636
2764643
2764715
2766365
2766572
2766844
2767130
2769074
2769536
2769719
2771105
2771260
2772582
2773350
2773671
2776918
2777216
2777977
2778002
2779454
2787938
2789238
2789881
2790533
2791752
2793873
2797133
2799533
2799708
2799950
2800520
2801092
2802187
2805454
2805558
2805756
2806613
2806947
2809872
2810000
2810530
2815556
2816228
2817453
2817765
2818904
2819175
2819907
2823825
2825280
2826640
2828828
2829069
2830220
2830289
2833268
2833351
2834367
2834736
2835506
2835701
2836206
2836236
2836605
2837030
2838051
2839253
2840518
2840661
2842665
2844859
2845547
2851317
2851906
2852175
2852599
2853765
2854185
2854392
2855019
2856743
2857409
2859332
2860030
2860582
2860671
2861556
2865654
2868294
2868380
2870254
2871785
2871886
2872825
2873065
2874858
2874950
2876723
2877388
2878346
2878913
2879161
2880897
2881083
2881417
2881605
2882324
2882735
2884077
2884361
2886705
2887211
2887292
2889554
2890022
2890602
2892534
2892804
2893326
2893367
2893496
2895444
2896531
2897173
2898231
2898417
2899023
2901380
2901663
2903310
2903557
2903788
2904006
2905265
2905987
2906804
2907122
2909458
2909603
2911826
2912601
2912729
2912988
2913285
2913431
2913679
2913681
2914126
2914798
2915057
2916455
2916745
2918231
2919673
2919815
2919818
2920050
2920929
2921681
2921963
2924659
2925864
2925903
2926623
2926790
2930112
2931967
2932026
2932296
2932443
2935004
2937708
2938302
2943130
2943323
2943647
2943807
2944199
2944539
2944850
2945528
2945930
2947333
2947580
2948064
2948520
2948911
2950462
2950545
2951637
2951906
2954328
2954868
2955917
2959567
2959640
2962575
2963643
2964948
2966537
2966769
2970431
2970545
2971649
2974010
2974066
2974885
2975664
2977859
2980760
2980796
2981105
2981372
2982595
2983931
2984975
2986873
2988614
2989458
2991360
2991540
2992790
2993295
2994126
2994446
2997036
2998130
3000770
3000979
3001563
3003751
3004239
3007465
3008614
3009781
3009789
3010066
3010592
3014038
3016126
3016185
3017515
3017540
3017764
3018116
3018430
3018492
3018954
3019840
3019971
3020417
3021538
3021756
3022167
3023158
3023472
3023657
3024094
3025681
3025845
3026054
3026222
3027083
3029024
3031725
3031901
3032807
3033010
3033683
3034136
3034253
3034453
3035586
3036653
3036682
3038144
3038350
3040850
3041422
3043216
3045157
3045419
3045730
3046019
3046598
3046672
3046680
3047429
3047478
3048507
3048818
3051129
3052637
3053161
3054112
3055215
3056063
3057779
3058193
3058492
3058638
3059005
3060050
3061627
3061940
3062505
3065029
3065462
3066317
3066610
3067455
3069785
3070659
3071623
3071876
3072376
3072778
3073010
3073676
3073991
3074115
3074285
3074356
3074599
3076206
3076511
3076780
3077274
3077884
3078477
3079283
3079532
3080186
3080482
3081716
3085068
3085244
3085857
3089636
3091215
3091381
3091614
3091977
3092748
3095289
3095829
3097076
3100276
3100493
3102648
3102743
3103014
3106739
3107157
3108011
3108762
3109234
3109560
3109960
3110408
3111531
3116645
3116923
3117586
3121444
3121678
3121788
3123710
3124493
3125533
3126337
3126602
3130216
3130376
3130542
3132291
3133250
3133492
3134485
3134860
3135398
3136042
3136829
3137397
3137476
3138113
3138127
3138372
3138407
3139018
3139943
3140175
3141469
3142570
3145782
3147131
3149860
3151020
3153747
3158706
3158925
3159329
3159858
3160097
3160422
3161042
3162584
3164381
3164564
3166140
3166759
3167682
3170394
3172820
3173404
3174424
3174827
3174834
3175262
3177434
3177503
3177862
3178219
3180466
3181340
3181541
3181776
3182166
3182393
3184055
3185460
3187591
3189924
3190417
3190457
3190808
3191754
3193168
3196040
3196970
3197492
3201626
3203412
3204028
3204775
3205998
3206735
3209044
3212116
3212625
3213455
3214169
3219275
3219490
3219781
3221141
3221561
3222222
3223277
3223695
3223950
3224488
3225403
3226374
3228212
3228797
3230986
3233215
3233493
3234956
3239707
3242025
3242932
3243053
3244202
3244373
3244383
3244912
3246108
3246131
3246975
3247118
3247987
3248320
3249214
3249465
3249880
3250434
3250764
3255161
3257106
3257313
3260725
3260910
3262366
3265995
3267004
3267042
3267508
3269255
3270606
3271163
3273237
3275683
3276269
3277484
3279655
3279755
3280919
3282677
3284184
3286053
3290013
3290034
3290470
3292300
3293373
3295309
3295715
3295913
3296457
3296984
3297640
3297957
3298733
3298834
3299827
3300080
3300371
3300492
3300581
3300595
3301862
3304242
3306080
3306705
3307960
3309346
3312002
3312362
3312616
3313038
3314481
3314688
3317195
3318077
3319532
3319790
3322422
3325194
3326224
3326606
3327249
3327677
3330431
3332346
3333778
3333929
3334021
3334213
3334651
3335050
3335465
3335686
3336481
3337024
3338215
3342516
3343927
3344499
3344554
3345321
3347006
3347200
3348424
3348676
3349866
3350558
3350722
3350857
3351230
3351401
3353485
3353772
3355032
3355783
3356817
3357798
3358912
3359178
3359803
3363533
3364280
3365387
3365502
3366327
3366348
3367165
3367194
3368488
3369690
3370476
3371123
3372771
3373503
3373535
3374543
3375446
3375451
3376073
3377009
3377278
3378034
3380509
3382208
3382817
3383165
3383609
3386442
3386458
3388716
3389210
3390025
3390562
3391986
3396354
3397887
3398684
3399155
3400919
3402982
3403548
3408088
3409646
3409903
3410580
3412978
3413382
3415156
3415165
3416994
3418547
3420274
3420302
3420792
3422477
3422480
3423107
3424280
3424392
3425014
3425818
3425835
3427188
3427477
3427713
3429528
3429567
3431010
3434320
3435983
3436091
3436265
3437920
3438955
3440809
3442996
3444932
3445198
3445713
3446378
3446904
3447020
3447833
3448949
3449965
3452739
3452971
3454887
3457232
3457860
3458636
3463156
3463642
3463732
3463813
3465757
3466120
3469150
3476408
3477989
3478275
3479766
3479960
3481328
3482168
3482770
3483573
3485723
3486653
3487205
3488435
3489203
3490409
3490628
3490672
3490865
3491831
3492940
3494286
3494857
3495025
3496209
3496668
3496744
3497453
3498742
3498820
3499005
3499606
3501133
3504217
3504803
3505513
3506173
3507692
3512003
3512940
3514855
3514933
3515127
3515294
3515917
3516646
3516855
3516991
3517395
3518422
3523257
3523780
3526015
3528407
3530077
3530871
3532225
3533464
3533927
3534932
3536018
3536420
3537943
3538065
3538140
3539335
3539380
3540268
3540604
3541653
3541705
3541925
3543391
3544009
3544035
3544847
3545322
3546094
3546681
3546989
3547582
3549505
3549790
3549858
3551037
3551147
3553143
3554044
3554482
3554645
3555323
3556124
3556140
3559315
3560550
3560900
3561024
3562631
3562705
3563089
3563655
3565292
3565834
3566191
3566202
3567288
3568236
3568878
3570018
3570080
3572747
3573279
3573422
3573749
3574063
3576517
3576955
3577237
3577376
3578488
3580708
3581826
3583177
3584856
3585424
3586005
3588352
3590053
3591208
3592203
3593300
3595882
3596703
3599866
3601465
3602026
3602187
3602195
3602726
3602752
3603671
3604247
3605509
3605944
3608538
3611486
3611707
3611776
3611951
3612747
3615420
3615698
3617337
3618397
3619218
3619643
3620587
3620863
3621374
3623146
3625112
3626478
3626773
3630313
3633167
3633279
3633366
3633436
3635059
3635501
3635580
3637110
3639213
3640350
3642169
3643279
3643419
3643927
3647134
3647496
3648706
3649175
3649876
3650502
3651458
3652447
3652861
3653074
3653687
3656281
3656788
3658180
3658836
3659565
3660378
3663168
3663280
3665403
3666685
3667902
3672600
3674315
3674452
3678399
3678497
3679022
3679341
3679442
3683171
3684321
3684503
3684849
3685205
3686025
3686434
3686901
3687063
3687192
3688068
3690256
3690861
3693840
3694150
3694332
3699183
3700459
3701400
3702392
3704132
3704230
3706448
3707957
3708291
3708300
3710726
3710924
3710992
3712090
3712833
3717459
3718152
3720005
3720267
3721936
3722332
3722965
3724899
3726576
3730297
3730430
3733255
3734379
3734562
3734895
3736748
3737862
3738313
3738483
3738514
3738759
3739530
3741555
3742443
3742503
3744458
3747242
3747836
3748091
3748234
3749743
3751932
3751953
3751959
3752189
3753686
3753924
3755205
3757546
3759548
3760873
3761074
3762264
3762403
3762910
3764769
3765667
3769601
3770165
3771192
3771951
3772008
3772740
3773083
3773392
3774213
3774684
3775788
3776993
3778260
3778491
3779556
3780629
3780890
3780903
3781499
3782726
3783086
3785385
3785777
3789469
3789506
3790089
3790465
3795823
3796726
3798052
3799364
3800411
3801540
3803325
3803520
3803584
3804629
3805142
3807312
3807429
3807528
3807680
3808895
3809044
3809194
3810856
3813350
3813784
3813851
3814086
3814665
3815019
3817421
3818122
3818568
3819450
3820929
3822074
3825042
3825330
3825578
3826071
3826173
3831029
3833303
3834631
3837135
3837829
3838065
3839418
3840869
3841408
3842150
3843139
3843635
3843999
3845837
3846669
3847102
3849979
3850556
3850807
3852712
3853864
3854095
3854217
3854583
3855069
3856173
3856364
3856718
3856749
3856848
3857187
3857509
3857752
3857956
3858168
3858358
3858881
3858974
3859056
3860595
3862068
3863572
3863887
3864396
3865648
3866381
3867214
3867257
3868062
3868398
3868433
3869498
3871257
3872267
3875933
3877170
3879634
3881164
3881450
3882223
3882454
3883897
3884146
3885742
3886474
3890973
3891634
3892971
3893193
3894215
3894338
3894713
3897058
3901349
3901677
3902156
3902757
3904015
3904669
3907247
3908423
3908507
3908777
3913169
3913335
3917343
3917879
3919597
3919754
3919799
3921172
3921175
3923277
3923510
3923874
3924836
3925288
3928757
3930766
3932615
3932851
3933721
3934980
3936726
3938119
3938324
3938585
3939298
3940031
3940455
3942220
3943178
3944107
3944646
3945040
3945583
3946854
3947208
3947266
3947837
3947984
3948787
3949859
3950180
3951792
3952352
3952466
3953693
3954550
3954601
3956741
3957175
3958095
3958273
3958860
3959447
3960120
3960212
3961039
3961221
3961678
3962070
3964062
3964370
3965723
3965875
3966490
3966762
3968530
3968599
3968962
3969016
3969969
3971172
3971555
3973129
3973711
3975015
3975499
3975978
3976502
3976730
3977142
3977167
3977473
3977682
3981134
3982212
3983013
3983872
3983910
3984833
3985040
3985794
3986743
3988322
3991645
3992333
3993811
3994585
3995935
3996463
3996741
3999548
3999998
4000737
4005418
4005557
4005970
4006803
4009884
4010118
4010956
4011208
4013930
4014639
4015488
4015789
4016526
4017169
4017226
4017257
4018386
4018815
4019139
4020008
4020328
4020770
4023007
4024500
4027108
4027382
4028200
4030569
4030796
4033239
4034090
4034705
4034767
4034773
4035042
4035663
4038223
4040036
4040454
4044047
4046734
4051446
4053048
4053495
4053679
4054164
4056769
4057632
4058101
4058821
4059573
4060152
4062074
4067711
4069128
4069872
4071830
4072055
4072234
4072350
4073739
4073818
4074013
4074621
4074697
4076783
4079778
4082036
4082635
4083168
4083226
4083368
4083910
4085698
4085710
4087522
4087923
4088813
4089614
4090904
4091239
4093174
4093414
4095798
4095841
4099476
4099655
4100182
4101662
4102179
4102355
4104987
4105409
4105418
4106776
4107308
4108804
4110932
4112150
4112213
4112650
4112755
4114845
4115457
4118394
4120336
4121079
4121266
4122050
4122199
4122817
4122958
4123262
4123829
4124402
4124610
4124792
4125432
4127332
4127819
4129667
4129759
4130786
4130787
4130995
4131167
4131963
4132529
4132569
4134351
4134437
4136623
4136650
4137692
4138893
4139083
4140734
4141407
4144674
4145645
4147179
4150860
4150950
4150961
4152362
4153017
4153571
4154749
4155760
4155855
4155918
4156104
4156597
4159843
4159844
4160546
4161770
4164643
4165822
4166439
4167776
4169701
4170966
4171862
4171963
4174635
4175044
4175718
4176393
4176496
4178417
4179263
4180138
4180945
4182189
4182903
4184241
4184320
4184373
4184484
4185023
4186473
4186576
4188126
4188903
4189212
4190977
4191526
4192635
4192870
4192950
4194882
4196072
4198386
4198401
4201698
4202336
4203310
4204120
4205115
4206963
4207253
4207581
4208676
4209171
4209415
4211655
4212229
4212608
4214241
4214996
4216320
4217118
4217579
4218500
4219115
4219805
4221303
4221426
4222405
4223054
4223696
4224095
4224616
4227423
4229290
4229555
4229582
4230497
4231637
4231709
4231718
4232985
4233339
4234076
4234439
4235118
4235702
4236782
4236828
4237726
4238593
4242625
4243565
4243950
4244134
4244807
4245955
4246784
4247574
4247657
4248699
4249584
4253416
4257986
4259380
4259671
4261467
4262293
4262306
4262572
4267153
4269480
4270811
4272386
4272397
4274075
4275261
4275511
4275609
4275696
4276567
4276737
4277368
4279615
4279798
4280029
4280126
4281156
4282032
4282979
4283283
4283433
4283811
4284183
4285659
4286692
4287241
4287551
4289104
4289890
4289959
4291937
4292087
4292103
4295578
4299309
4301667
4301830
4303149
4304648
4305085
4306106
4308208
4309295
4311341
4312024
4312546
4314788
4319069
4319260
4323329
4323437
4324345
4324505
4324953
4328942
4329997
4330586
4330851
4332262
4333171
4333332
4335276
4335757
4335951
4338393
4340800
4341457
4341561
4342785
4343898
4345101
4346702
4352748
4353240
4353550
4353626
4354060
4355800
4356683
4358469
4359970
4360184
4360789
4362122
4363498
4364266
4364694
4365350
4366159
4366163
4368551
4369212
4369273
4369752
4369788
4369929
4370816
4371176
4373978
4374763
4375170
4376052
4376255
4376360
4376874
4377756
4378367
4379762
4381208
4382975
4384784
4385637
4386831
4386907
4388131
4388446
4389355
4390640
4391925
4393367
4394076
4394716
4396492
4397265
4398100
4398515
4399747
4400871
4401935
4404305
4404839
4405093
4406461
4407012
4407837
4408102
4408816
4409174
4409896
4410077
4412024
4412678
4413111
4415910
4416665
4419930
4420279
4422308
4423415
4425994
4426851
4427023
4428501
4430765
4432212
4433299
4433591
4433709
4434154
4434283
4435206
4435813
4438997
4439426
4441192
4442517
4443698
4445652
4445845
4446637
4446929
4448720
4449034
4450324
4450491
4451082
4451697
4452116
4452514
4453695
4453939
4457682
4459128
4459144
4459477
4460281
4463290
4463927
4464550
4465313
4465615
4465902
4466686
4467086
4468561
4472146
4472534
4472618
4472985
4475078
4475323
4476647
4477231
4477676
4478459
4479322
4480322
4480395
4480543
4480711
4481556
4482360
4482989
4485382
4486025
4486960
4488512
4491658
4492786
4493266
4493937
4494401
4494712
4496961
4498630
4500922
4502276
4502397
4502793
4504989
4505162
4505503
4506171
4507973
4508110
4508647
4508787
4508962
4509316
4509696
4510574
4511970
4517901
4518695
4519502
4520257
4521072
4521284
4521710
4522692
4525069
4526367
4529983
4532085
4533419
4533952
4534245
4534936
4535322
4538056
4540295
4541574
4541831
4542912
4545173
4548102
4548618
4549486
4549951
4552590
4554301
4555164
4555793
4565116
4565481
4565520
4567591
4568945
4572072
4573422
4573908
4574217
4575299
4575331
4575846
4577201
4578812
4579231
4579329
4579608
4580249
4580629
4583330
4583383
4588289
4588358
4589239
4589248
4591019
4591303
4593106
4593139
4594620
4595441
4595448
4596085
4597467
4599068
4599129
4599259
4599645
4601396
4602941
4604621
4605456
4605571
4606716
4607092
4608868
4610004
4610177
4611735
4615252
4615925
4616373
4617511
4617638
4618316
4619333
4619419
4619501
4620813
4622006
4625887
4626069
4626758
4628858
4630749
4631945
4632835
4633702
4633802
4634325
4634375
4637308
4638214
4638532
4639248
4639263
4640283
4640658
4642924
4644793
4645991
4647174
4647263
4649528
4650242
4650832
4652981
4653541
4653964
4654244
4655258
4657128
4658361
4659114
4659275
4659393
4661053
4661104
4661768
4662013
4664011
4665698
4666063
4668626
4669927
4670216
4670995
4672786
4673929
4675675
4676613
4677411
4677574
4677934
4678357
4682342
4685615
4686438
4686497
4687147
4687891
4689057
4689479
4690041
4691614
4695325
4695588
4695849
4696112
4699153
4701260
4701552
4704373
4705561
4707344
4707795
4707902
4708103
4708856
4709039
4709655
4710392
4714086
4714114
4714867
4716894
4716960
4717724
4718014
4719813
4723023
4724496
4726353
4728634
4729392
4729742
4730380
4731498
4733539
4735622
4736536
4736677
4737451
4737711
4738000
4738022
4739145
4741374
4742107
4742195
4742807
4743311
4745750
4745788
4746589
4746733
4749500
4750924
4753048
4755952
4757464
4758085
4759237
4761011
4761159
4761295
4761570
4762297
4763571
4763583
4764325
4766083
4766239
4767976
4767991
4768424
4769623
4773247
4773429
4773898
4773987
4776057
4776106
4776196
4776611
4777651
4777841
4777934
4778352
4778556
4778736
4778866
4783698
4784417
4786071
4786496
4787233
4787760
4789995
4790234
4790846
4791153
4791321
4795247
4798188
4798691
4799917
4802506
4802764
4805053
4805691
4806060
4806171
4806974
4807354
4807639
4807770
4808125
4808152
4808189
4808612
4809157
4809507
4809574
4809598
4810013
4810748
4811039
4812935
4815225
4816062
4816353
4816370
4816722
4818318
4819786
4820549
4821268
4821815
4824576
4827613
4827932
4828329
4830386
4831002
4831022
4832816
4833652
4833773
4834876
4835916
4837780
4838443
4840050
4840298
4850080
4850908
4850933
4852205
4853858
4854312
4854768
4855645
4856194
4856636
4858407
4859143
4859259
4859906
4861723
4862930
4863953
4864436
4865101
4865719
4869870
4874078
4874459
4875353
4875526
4876184
4878721
4879544
4884066
4885120
4886396
4888382
4889694
4889897
4890987
4891223
4891386
4892310
4892852
4895441
4895815
4895834
4897771
4899483
4900573
4905098
4905942
4906136
4906276
4906358
4906383
4909869
4911413
4911544
4912195
4912205
4913120
4914847
4915033
4915453
4918914
4919234
4923796
4923803
4925411
4927841
4927895
4928385
4929893
4930074
4930814
4932006
4933595
4934354
4935636
4937392
4938289
4940281
4940573
4941693
4945777
4946032
4948563
4948888
4949023
4950236
4950719
4953458
4954680
4954862
4955276
4955663
4956794
4956937
4958566
4958666
4959131
4959577
4959729
4960675
4961029
4963177
4964311
4964796
4965211
4966667
4967805
4969133
4971055
4971304
4971619
4971645
4972252
4972349
4972410
4973376
4975231
4975360
4976634
4977345
4977480
4979108
4979292
4980356
4981847
4984249
4984462
4985930
4986280
4986758
4988257
4990427
4990697
4992996
4993497
4993916
4995274
4997215
4997408
4999191
5000396
5000844
5000984
5001664
5002419
5002851
5004394
5004497
5004938
5006676
5007783
5008053
5008370
5009421
5009817
5010888
5011367
5012769
5013421
5014004
5014786
5019760
5022873
5022936
5023026
5024598
5027645
5028911
5029317
5030345
5031133
5031271
5031636
5032235
5032958
5033786
5034431
5036706
5036953
5037948
5038628
5039255
5043966
5045955
5045991
5047037
5048271
5049931
5050268
5050455
5051463
5051916
5052075
5052629
5053611
5053673
5055485
5055602
5055976
5056353
5057894
5058990
5060441
5061669
5062171
5062771
5062968
5063082
5063864
5064327
5064789
5069830
5070338
5072388
5073203
5073222
5073409
5075159
5076200
5080602
5082852
5083530
5083814
5084131
5084478
5084826
5087695
5088120
5090122
5091766
5096452
5099070
5099220
5099291
5100102
5103605
5103831
5104763
5104845
5105578
5106392
5106613
5106647
5108556
5111326
5111942
5112238
5112774
5115393
5115545
5116043
5116677
5117811
5118080
5119859
5120866
5120919
5121047
5121187
5123689
5124842
5125117
5127695
5128707
5130333
5130700
5133977
5137607
5138360
5140603
5140747
5143130
5147006
5147568
5148768
5149725
5150657
5152812
5154852
5155444
5157002
5157340
5158942
5158980
5159131
5159916
5162109
5163345
5163765
5165786
5166342
5166584
5167597
5169510
5169857
5170650
5172053
5172341
5172688
5173599
5175820
5177407
5177457
5178672
5179144
5179999
5181089
5182404
5185068
5185354
5186348
5188629
5189834
5190027
5191488
5193815
5194849
5195388
5195729
5197900
5198716
5199509
5201684
5202577
5203470
5203502
5204464
5204663
5207004
5207200
5209211
5210636
5210880
5210978
5212354
5212623
5213710
5214799
5216940
5218375
5219383
5220027
5220316
5223280
5223372
5224388
5224465
5224563
5225764
5225772
5226983
5227941
5228003
5229198
5229511
5229590
5230666
5231057
5234656
5234827
5234930
5236049
5237248
5237788
5238096
5238989
5239130
5240955
5242294
5243738
5243936
5244146
5244556
5253879
5254000
5254657
5255813
5256200
5257934
5258446
5258497
5260227
5262164
5263619
5264921
5265000
5265903
5266045
5266191
5267884
5269870
5273453
5273537
5273626
5274032
5275756
5276333
5278503
5279738
5279766
5280253
5280489
5280518
5282189
5283782
5284445
5284668
5284826
5287644
5287763
5288007
5289118
5289495
5289894
5291020
5291425
5291872
5294209
5297434
5298006
5298384
5298779
5300198
5301089
5301189
5301817
5302465
5304263
5305000
5305268
5306664
5307605
5308426
5309001
5309006
5309237
5309292
5309770
5310109
5313344
5314274
5314609
5315194
5315531
5316882
5317052
5317781
5318147
5320611
5322207
5322815
5323645
5324408
5325495
5328369
5330680
5331637
5331911
5332711
5332765
5333828
5334914
5335120
5335262
5335348
5336281
5336932
5337528
5339421
5340283
5340926
5343630
5344645
5344980
5345239
5347428
5348072
5348846
5349523
5349631
5349968
5350779
5351577
5352696
5352995
5353826
5355875
5355955
5356746
5357267
5357584
5357910
5360153
5360157
5361989
5362503
5362626
5363723
5364142
5365646
5366244
5367332
5367457
5367518
5368177
5368216
5368422
5369183
5369484
5370281
5372340
5372739
5374654
5375935
5376060
5376793
5380220
5381078
5381170
5383925
5384761
5384997
5386079
5386660
5386721
5388360
5389918
5390049
5391224
5391783
5391912
5392565
5392909
5393043
5394032
5394926
5394996
5395101
5399140
5400718
5400741
5400904
5401882
5402010
5402715
5403352
5403600
5404134
5404422
5406809
5407335
5410822
5413060
5414352
5415832
5416557
5417429
5418468
5419918
5423142
5423741
5424903
5425204
5426855
5427285
5428031
5428075
5428845
5430531
5430551
5430735
5432786
5432926
5433430
5434080
5435494
5440144
5440519
5440566
5441280
5441609
5442095
5442702
5444071
5444134
5444203
5445735
5446232
5448868
5449277
5449953
5450368
5450640
5451620
5452914
5453976
5455510
5457032
5458218
5458232
5458519
5458539
5464233
5464407
5466035
5468710
5471941
5472205
5473887
5474477
5477305
5477522
5478199
5478880
5479685
5481735
5483514
5483602
5485583
5486044
5486825
5487599
5489282
5489895
5490576
5494091
5495453
5495533
5496312
5497150
5504238
5506654
5506823
5507333
5508830
5509167
5509507
5509513
5510380
5510702
5511939
5512339
5514118
5515751
5516303
5517890
5518153
5518617
5519106
5521667
5522720
5523159
5523399
5523905
5526548
5526581
5529023
5529036
5531616
5532647
5532905
5535926
5538797
5539563
5539982
5540131
5542139
5542605
5543364
5544526
5545634
5546649
5546887
5547424
5547583
5548946
5550257
5552037
5553674
5553861
5553910
5554091
5555178
5555237
5556563
5557308
5559752
5560778
5564339
5564538
5566170
5566412
5566577
5567433
5569630
5571147
5571477
5571775
5571902
5572482
5572741
5573604
5573968
5574028
5577972
5577987
5578620
5579370
5579572
5581229
5582306
5583810
5587527
5588682
5589083
5589109
5589378
5589571
5592730
5592820
5592967
5593085
5593316
5593858
5593920
5594175
5594539
5594747
5595105
5596196
5596781
5597241
5597951
5598089
5600822
5602236
5603890
5604790
5605222
5606482
5607811
5607935
5608437
5609898
5614161
5615545
5616345
5616381
5619447
5621617
5622071
5623793
5624664
5625295
5626462
5626805
5627640
5628092
5629278
5629295
5629991
5630316
5630755
5630758
5631216
5632519
5632871
5633725
5633891
5634323
5635721
5636201
5636846
5639719
5640674
5646503
5647518
5647820
5648445
5649593
5652278
5653979
5655302
5656844
5658288
5660371
5661316
5662365
5662845
5662895
5663359
5668585
5668857
5669757
5670860
5671155
5671939
5672265
5672394
5672414
5673193
5674105
5675018
5675663
5676718
5677864
5678425
5679013
5679159
5679681
5680138
5680454
5680674
5681123
5684318
5684684
5684972
5687287
5688002
5688557
5688603
5689139
5689273
5689486
5689617
5690101
5690643
5691147
5692047
5692405
5694354
5694720
5695733
5696700
5697074
5698116
5698474
5700489
5700799
5700868
5701375
5701939
5702388
5702909
5705276
5707206
5708972
5710405
5710596
5713472
5715782
5716529
5716738
5717314
5717673
5718239
5718376
5719131
5719271
5719542
5720052
5724538
5728329
5728812
5729598
5729858
5730325
5732705
5735563
5736118
5736610
5736727
5739815
5741416
5742661
5743271
5743327
5744587
5745818
5746565
5746923
5747084
5747182
5747199
5747348
5747795
5748173
5749586
5749726
5749745
5750321
5751367
5754347
5755114
5756821
5758135
5758548
5758688
5759498
5759692
5760078
5760484
5760580
5760677
5762112
5762774
5763910
5764131
5764139
5764655
5765559
5770062
5771080
5771686
5772481
5772627
5772957
5774218
5774954
5776184
5776528
5777847
5778379
5780659
5780992
5781486
5783113
5783560
5789175
5789926
5791976
5792482
5793175
5793996
5794070
5796000
5796176
5797390
5798838
5799448
5800603
5801362
5802365
5802585
5804162
5806234
5806557
5806878
5806943
5809054
5810521
5810689
5812142
5813548
5814561
5814902
5815932
5816777
5817533
5818079
5818149
5819744
5820067
5820125
5820195
5821166
5822601
5822874
5825112
5825263
5825523
5827857
5829167
5829316
5830777
5831143
5832652
5833148
5835071
5835577
5835939
5836000
5836235
5837112
5838718
5838787
5839214
5839507
5839542
5845453
5845627
5846849
5848987
5849327
5849608
5853090
5853851
5855116
5855473
5855946
5856888
5858173
5859418
5860949
5861461
5864635
5864753
5867213
5867838
5868406
5869629
5869704
5870375
5870514
5872152
5872413
5873019
5876456
5877971
5880760
5882467
5882530
5882908
5884765
5885175
5886728
5886749
5887552
5888002
5889905
5890345
5891001
5892675
5893347
5894253
5895552
5895869
5899230
5900725
5901257
5902322
5902615
5902710
5903093
5903174
5903642
5903692
5904161
5904781
5909678
5910216
5910515
5910808
5911070
5913227
5915380
5915603
5916295
5918238
5918755
5918946
5919667
5920541
5920927
5921761
5921925
5922975
5924057
5924729
5925432
5927393
5927847
5929549
5929858
5930688
5931753
5931945
5933949
5934140
5934156
5934270
5934707
5935548
5937134
5937800
5937920
5938969
5939641
5944896
5947140
5948627
5949130
5950138
5952238
5952730
5956402
5956895
5957193
5959219
5959532
5961466
5962309
5962528
5964494
5964951
5966888
5968248
5969768
5970393
5970489
5972957
5973382
5976595
5976723
5977613
5978125
5978805
5980472
5980569
5981601
5984444
5984627
5984991
5985072
5985278
5986494
5986583
5987564
5987975
5993242
5993554
5994674
5995195
5995260
5996532
5997378
5999243
6001663
6004385
6006749
6007403
6008361
6012936
6016871
6018892
6019736
6020243
6024874
6025529
6025544
6027006
6028344
6029595
6030614
6032278
6032346
6033011
6033138
6033392
6033664
6034297
6035642
6036178
6037001
6037662
6038917
6040190
6042689
6043660
6045317
6046032
6046263
6046400
6046884
6047630
6048043
6049426
6049631
6049972
6050991
6054202
6054317
6057808
6057984
6058522
6060370
6061142
6062588
6063654
6063841
6064164
6064324
6067182
6068190
6068663
6069762
6072064
6072468
6073614
6073680
6074132
6077871
6077915
6077919
6078887
6079075
6079290
6080074
6082363
6083828
6084528
6084961
6086089
6086554
6089250
6090341
6091815
6092816
6093065
6093252
6093693
6096051
6096909
6097254
6097824
6097974
6098847
6099189
6100657
6102356
6104781
6104968
6106138
6106782
6107383
6108182
6108602
6108920
6110647
6112183
6112286
6116301
6116554
6116715
6116740
6117552
6117595
6119132
6122927
6123593
6124874
6126070
6128289
6128875
6129848
6131458
6137415
6137884
6138757
6139701
6139771
6141048
6141079
6143014
6143244
6143828
6144793
6148201
6148501
6149304
6149664
6150042
6151991
6152692
6152877
6154924
6155347
6158017
6158045
6158204
6159503
6159771
6163256
6163423
6163702
6164095
6165404
6165656
6167506
6168360
6169428
6170642
6170823
6170931
6172521
6172664
6172910
6174730
6174843
6174861
6175557
6179073
6180476
6181530
6182202
6188939
6190100
6190101
6191134
6192298
6193326
6193517
6195877
6196108
6196336
6196759
6196785
6197823
6199062
6199421
6200187
6200208
6201698
6202648
6202989
6203884
6204585
6204782
6205958
6206164
6208059
6208665
6208734
6208993
6209330
6209503
6210133
6210747
6211042
6212365
6212480
6212604
6213950
6217161
6217519
6217856
6218103
6218296
6219431
6219740
6221353
6222525
6223080
6223750
6224442
6224721
6225132
6225535
6226769
6227979
6229141
6229758
6229958
6230880
6232806
6235042
6235273
6236047
6236413
6236666
6237430
6237587
6238663
6238856
6241274
6241431
6243118
6244727
6244849
6244950
6247596
6247890
6250322
6250451
6250689
6252641
6252997
6253225
6258019
6258301
6258998
6261147
6261226
6261561
6262261
6263624
6265718
6265826
6266774
6267038
6268656
6269098
6269608
6269801
6271835
6273536
6274484
6274967
6275966
6276174
6276363
6277521
6278145
6278455
6285573
6285688
6285768
6288207
6288325
6289583
6289875
6290542
6291295
6292071
6292508
6294591
6298778
6299469
6299530
6299704
6299773
6301145
6301457
6303717
6304113
6304147
6304424
6305129
6307417
6307844
6308281
6308632
6310417
6312654
6312706
6316452
6317833
6319895
6321119
6323145
6325399
6325614
6326625
6327320
6328752
6329842
6330059
6331097
6331238
6331351
6332670
6332824
6332906
6333247
6334779
6335009
6335723
6337979
6338702
6340126
6340747
6340990
6341315
6341453
6341952
6343944
6346468
6348559
6348966
6349442
6351919
6353865
6354627
6358093
6358408
6360340
6362164
6363438
6363541
6364689
6367206
6367396
6373511
6373667
6376157
6377028
6377720
6377812
6378813
6382299
6382417
6383155
6384698
6384721
6386569
6388699
6390723
6393491
6394437
6394837
6398605
6400290
6400712
6401848
6402385
6402520
6403260
6403338
6404331
6406047
6409377
6410318
6410670
6411370
6411915
6412788
6413563
6414792
6416218
6416434
6417451
6418889
6419032
6419853
6420029
6424102
6424934
6425005
6425869
6426128
6427245
6427508
6427727
6428715
6428778
6429281
6430559
6431964
6432702
6436648
6438275
6438603
6440235
6440340
6440654
6441060
6441215
6441217
6442773
6443648
6444492
6444860
6446167
6446248
6446322
6449312
6451393
6452384
6452913
6455452
6456131
6456411
6457185
6458605
6459569
6461137
6461479
6462178
6462945
6463401
6465889
6467521
6467774
6468171
6468922
6469006
6469414
6469581
6469611
6474278
6475376
6476437
6476982
6479954
6480658
6480672
6485219
6485297
6485773
6487250
6488971
6489504
6490510
6490743
6491508
6491675
6494370
6494638
6494878
6495069
6495837
6496561
6498912
6499180
6499401
6500657
6500816
6501010
6502226
6503178
6504840
6507034
6508452
6510203
6511582
6511919
6515831
6516047
6516638
6518366
6519890
6521625
6525725
6525897
6527334
6528430
6528504
6528593
6528683
6529334
6532373
6533647
6533966
6535566
6536419
6536743
6537020
6538287
6539329
6541945
6543023
6543596
6544972
6544993
6546124
6549571
6549830
6550274
6552142
6557202
6558182
6559264
6559773
6561696
6561817
6563726
6564995
6565553
6567082
6567505
6568187
6569380
6569530
6569688
6570974
6571831
6572373
6573714
6574576
6574904
6576989
6577611
6577694
6578064
6578208
6578441
6579568
6579616
6580806
6581576
6582778
6584823
6585237
6586778
6587994
6589461
6590205
6590960
6592454
6593612
6594360
6599732
6600353
6600363
6601373
6601819
6603449
6603630
6604664
6604803
6605069
6605210
6605567
6607701
6607787
6607936
6608438
6609329
6610311
6610788
6612853
6613266
6614413
6615701
6616291
6617832
6617934
6619431
6619679
6620043
6620817
6620946
6622834
6623342
6627630
6627679
6628613
6628668
6629111
6629790
6629994
6630812
6632437
6632729
6633686
6633699
6633805
6634621
6635026
6635397
6636565
6637383
6638226
6639230
6641762
6642791
6644151
6644690
6645074
6646103
6646121
6648792
6649102
6650008
6650653
6651119
6651145
6653416
6654042
6654787
6655817
6656892
6659680
6660162
6660591
6662313
6662866
6666672
6667157
6669110
6669944
6670988
6671557
6672828
6676837
6678448
6678919
6679520
6679707
6679902
6681506
6682799
6684232
6685322
6685394
6686185
6686265
6686405
6686494
6687225
6688291
6689281
6691486
6691660
6694234
6694691
6695851
6698364
6698469
6699732
6700107
6703714
6703950
6704172
6704331
6706915
6707316
6708213
6710374
6711287
6712206
6712321
6712372
6712603
6713079
6714722
6718926
6719492
6719892
6720981
6721796
6722005
6722869
6723076
6723885
6724623
6725000
6725966
6726770
6730231
6730748
6730970
6731727
6732072
6732877
6733231
6733380
6734184
6734535
6735165
6735611
6735665
6740082
6742508
6742666
6743365
6747242
6748546
6749097
6751294
6751523
6751877
6752917
6756134
6757637
6759551
6762182
6763966
6765159
6765269
6767666
6769873
6770993
6772337
6773124
6773846
6773847
6775135
6775557
6776008
6776011
6778190
6779682
6780724
6782715
6782941
6783148
6784731
6784850
6785110
6785157
6787659
6788072
6788188
6790498
6790786
6791185
6792322
6793031
6793239
6793541
6793928
6794315
6796344
6797204
6798218
6798664
6798710
6798778
6799578
6799710
6801330
6801503
6804215
6804578
6805799
6806918
6807716
6808678
6810038
6810534
6810559
6811451
6812527
6813872
6814524
6815080
6816230
6816285
6817823
6817950
6823539
6824094
6824383
6826737
6827317
6827547
6830561
6831788
6833485
6834101
6835740
6836279
6836633
6839009
6841159
6842708
6843732
6844222
6844965
6847591
6848219
6848490
6848727
6849883
6850206
6851333
6851340
6853458
6853569
6855862
6856500
6856548
6858386
6860045
6860145
6860612
6860664
6860955
6862494
6863211
6863890
6865295
6865410
6867249
6870568
6872106
6872521
6872669
6872777
6873185
6873321
6873735
6873829
6876600
6877399
6877960
6878022
6878198
6879062
6881353
6882265
6884082
6885200
6885452
6885950
6886465
6886650
6887468
6888518
6889101
6889754
6892171
6892645
6894190
6895249
6895472
6895511
6897808
6898288
6898462
6898930
6898992
6900031
6902090
6902395
6903185
6904673
6904958
6905279
6906323
6906716
6910425
6910830
6911392
6912069
6912223
6912353
6914402
6915133
6916391
6918109
6918135
6918279
6923404
6925313
6926424
6928221
6929915
6930418
6930431
6931164
6932072
6934006
6934110
6934178
6934232
6935002
6935625
6935686
6936424
6936506
6936629
6936971
6938603
6940365
6941547
6942938
6943315
6943391
6944946
6945081
6945257
6946190
6946458
6947030
6947599
6948917
6949301
6949724
6951403
6951636
6952565
6954979
6955342
6955781
6956040
6956466
6956727
6958328
6958971
6959402
6959706
6960184
6960913
6961219
6962210
6962654
6963374
6963439
6965370
6966814
6967294
6967428
6967865
6970123
6971919
6972014
6973759
6975694
6976783
6978104
6979564
6983849
6985206
6985968
6987784
6988397
6989981
6990137
6991319
6991781
6991785
6998862
6998988
6999562
7001776
7002723
7004186
7004661
7005058
7007940
7008156
7009889
7010539
7010890
7011213
7011299
7011301
7012752
7014088
7017242
7017917
7019041
7019698
7021796
7023653
7023907
7024333
7024604
7026464
7026620
7026842
7027030
7027365
7028101
7029701
7029812
7032823
7033451
7036501
7037086
7037242
7037405
7038237
7038747
7039118
7041400
7041992
7042393
7042686
7044269
7044474
7045797
7046082
7046185
7046370
7048615
7048696
7049671
7050156
7050405
7051471
7051893
7052335
7052888
7053774
7054002
7055816
7056934
7057103
7060260
7061121
7066704
7066928
7068178
7068874
7069141
7069552
7069935
7070854
7072047
7073152
7074209
7074413
7074766
7075308
7077384
7080269
7080448
7081956
7085259
7086232
7087162
7087539
7088179
7088868
7089780
7091713
7092247
7093057
7093123
7093797
7093858
7095592
7095860
7096733
7097021
7098588
7098840
7101189
7101934
7102858
7103002
7103435
7104149
7104286
7105426
7105971
7106682
7107985
7108737
7109638
7110194
7110457
7111215
7112390
7114010
7114122
7115505
7116882
7117084
7118056
7119537
7119721
7121261
7124484
7124812
7125785
7125891
7128292
7128972
7129066
7130619
7130763
7133146
7133204
7133601
7135112
7136053
7136744
7138706
7139903
7139992
7140427
7141015
7141035
7142444
7142585
7142945
7143344
7143714
7145495
7145653
7145883
7145994
7146859
7148046
7148411
7150027
7150217
7151209
7151612
7153035
7153096
7153765
7155305
7155353
7156124
7156417
7156869
7157162
7157249
7159144
7159699
7162878
7163636
7163820
7163992
7164729
7165120
7165805
7166214
7169897
7172097
7173405
7173592
7175212
7175647
7175892
7176045
7178364
7180013
7181968
7183631
7185215
7185612
7185858
7186182
7188370
7188878
7189700
7190502
7190559
7191107
7191884
7193062
7193756
7194134
7194356
7194409
7194527
7194619
7194830
7195170
7195296
7196900
7197936
7198789
7198923
7200435
7200791
7201034
7201627
7201937
7202152
7204465
7205747
7206306
7208500
7210597
7210602
7211813
7214274
7214502
7214548
7215614
7217261
7218911
7219602
7221591
7222379
7224547
7225276
7226210
7227656
7228094
7228995
7229842
7230675
7230765
7231458
7232666
7235175
7239361
7240006
7240406
7241173
7241623
7242632
7244669
7244795
7246274
7247632
7248177
7248716
7248885
7249418
7250096
7251641
7251654
7252210
7258387
7258906
7259267
7259318
7260035
7260449
7262990
7263166
7265306
7265367
7266029
7266217
7266421
7266439
7267784
7270376
7271794
7272709
7277045
7280556
7281384
7282110
7282949
7283043
7284231
7284972
7287484
7287511
7288336
7289362
7289803
7289991
7290452
7295616
7295945
7296135
7296417
7298193
7298527
7299422
7300810
7301778
7302194
7306298
7306375
7306716
7306763
7306876
7307009
7307842
7309688
7309689
7310084
7311909
7313523
7313558
7314273
7314413
7314977
7315631
7315658
7320157
7320625
7320750
7321501
7322352
7324028
7326177
7326481
7327042
7327128
7327541
7327866
7327987
7329314
7329406
7330954
7331584
7331851
7332594
7332806
7333393
7333729
7335585
7335763
7336203
7338035
7338366
7340421
7340692
7340718
7341918
7342595
7344102
7344744
7345493
7346127
7346791
7347527
7351006
7354187
7354819
7356142
7356384
7356549
7357897
7358297
7358309
7358481
7360197
7362867
7363879
7363964
7364343
7365429
7365663
7366573
7368556
7369911
7370179
7371445
7371905
7372279
7373070
7373873
7375510
7375943
7376718
7377229
7377512
7381477
7381678
7382214
7383393
7385403
7386117
7388843
7389161
7390058
7390811
7392359
7393266
7397414
7399070
7400236
7404667
7405433
7407114
7407320
7409319
7410004
7410799
7410811
7411555
7411824
7411854
7412055
7412645
7413035
7413565
7415045
7417332
7417392
7417719
7417971
7418909
7419287
7425793
7425833
7426148
7429683
7429902
7430627
7432363
7434543
7434887
7435591
7435599
7435630
7435939
7436572
7437336
7440271
7443377
7444212
7445037
7445143
7445842
7445987
7446508
7447170
7449738
7451072
7451365
7451681
7453286
7455950
7455983
7458965
7459353
7459996
7460575
7461973
7462377
7463596
7464374
7465775
7466514
7467403
7467481
7468747
7469560
7469848
7470272
7472459
7472807
7472910
7474928
7476287
7476480
7477172
7478611
7478752
7479165
7479984
7481135
7481359
7482390
7482771
7484140
7484275
7486717
7490806
7492293
7494287
7495020
7496623
7497087
7498166
7498255
7498578
7498998
7500064
7501816
7501972
7502302
7503675
7503724
7504660
7504896
7506103
7506312
7508078
7509812
7511019
7511854
7512128
7513978
7514019
7514669
7515323
7515433
7515698
7516343
7518661
7519695
7520778
7520800
7521181
7521702
7522299
7526738
7527355
7528158
7529457
7529750
7531442
7531987
7532965
7534829
7535118
7535634
7537450
7539013
7539808
7541346
7541999
7542473
7543528
7544112
7544171
7544884
7546457
7547773
7548635
7549446
7549972
7553570
7553902
7554338
7557699
7558377
7558720
7559028
7559918
7561397
7561594
7561834
7563428
7564546
7567027
7567351
7568594
7573532
7574817
7575823
7577764
7578315
7579220
7579355
7582617
7582818
7584143
7584368
7584791
7585576
7587221
7587802
7588085
7589343
7589859
7589878
7590765
7591527
7595020
7596340
7596836
7598377
7599752
7600794
7602173
7602278
7602579
7603639
7603781
7604627
7604879
7606181
7606830
7607861
7608063
7608875
7612765
7615556
7617394
7617604
7618850
7620972
7621787
7622296
7622858
7623136
7623156
7623663
7623781
7625494
7625736
7629138
7629317
7630053
7630949
7630969
7631514
7632657
7633205
7634227
7636965
7637225
7637740
7638325
7638855
7639206
7639495
7640269
7641567
7643004
7644147
7644474
7645182
7646124
7648462
7648824
7649332
7650224
7653471
7654982
7654999
7655474
7655808
7658263
7660326
7661006
7661863
7662280
7662643
7662672
7663597
7663946
7664062
7664473
7666165
7669548
7669766
7670038
7670332
7670363
7671352
7671790
7672003
7672548
7673035
7673056
7674975
7675210
7677158
7677296
7678143
7678727
7680028
7680940
7683441
7684503
7686287
7686295
7688036
7688680
7688850
7689053
7689143
7689651
7690389
7692746
7693999
7694291
7699192
7700245
7700679
7700706
7701718
7702553
7703957
7704446
7704459
7705037
7705551
7705600
7706569
7708039
7708656
7708829
7709060
7712095
7712735
7713304
7713537
7713676
7714429
7715518
7717697
7718030
7718488
7718924
7719422
7719848
7720801
7721594
7721887
7722591
7722665
7723325
7724192
7724978
7725541
7728683
7729671
7730606
7730657
7732734
7736411
7737741
7742753
7743730
7744145
7744329
7745959
7747292
7747705
7751938
7752499
7753431
7754104
7755737
7756901
7757232
7760491
7762662
7762861
7767137
7767630
7769268
7769798
7770998
7771489
7774729
7775783
7776213
7778690
7778848
7779142
7779753
7780354
7782094
7783219
7785156
7786501
7787516
7788510
7789866
7790165
7790345
7790747
7790899
7792560
7795222
7796570
7799366
7800031
7800678
7801624
7808361
7812465
7813853
7816537
7816641
7817410
7817776
7819321
7820171
7824030
7824544
7824592
7825004
7826220
7827056
7828689
7830069
7831302
7832126
7832451
7832607
7833629
7833896
7835863
7836164
7836229
7836676
7836966
7837171
7837964
7841654
7841663
7841995
7842304
7843278
7843705
7843726
7845823
7847241
7849265
7849276
7849606
7850178
7853722
7853875
7854336
7854661
7855827
7856157
7856339
7856432
7856784
7856994
7857609
7857934
7858686
7859123
7860210
7861034
7862904
7863720
7863797
7863850
7865079
7866136
7866519
7866727
7866781
7867407
7868707
7870946
7872986
7873531
7877516
7877757
7878129
7879792
7881817
7882549
7882744
7883246
7884206
7886351
7886910
7890036
7893505
7894770
7896767
7898425
7903489
7903507
7904260
7904364
7904597
7904799
7907278
7907794
7908601
7909437
7910431
7910881
7911692
7913355
7914487
7914743
7914774
7915133
7916810
7917513
7917924
7918348
7920986
7921941
7923783
7923872
7924926
7925451
7925994
7926535
7927223
7928065
7929596
7929965
7931666
7931687
7933258
7935793
7936365
7936451
7936596
7936706
7936938
7937199
7939570
7939870
7939972
7940383
7940468
7940625
7940823
7942325
7942942
7943848
7944448
7945118
7945286
7945320
7946924
7947201
7947925
7949529
7949865
7949956
7950263
7951246
7952410
7953223
7957221
7958214
7958332
7958563
7959096
7959879
7960165
7960646
7962200
7962296
7962511
7963347
7964566
7966708
7967446
7967709
7967935
7968550
7969497
7970577
7970832
7972284
7972458
7974889
7975117
7976303
7978725
7979198
7979373
7980142
7981654
7981662
7982241
7983088
7984106
7984476
7984556
7985120
7985276
7985528
7986594
7986631
7987050
7988351
7990763
7991135
7992244
7992509
7993140
7994697
7995374
7997832
7997834
7997943
7998580
7999540
8001195
8002412
8005616
8006617
8007663
8008402
8008644
8011841
8012600
8013167
8014040
8016705
8016936
8018081
8020404
8020702
8020782
8021629
8022579
8022964
8023583
8023892
8024471
8026553
8028755
8028830
8029746
8030615
8033562
8033914
8036419
8036811
8036950
8037442
8039015
8039373
8040226
8041038
8041685
8042455
8043122
8044088
8045500
8045556
8045700
8047090
8047448
8048877
8049029
8053242
8053288
8054699
8055350
8059678
8059721
8059779
8060960
8061866
8061913
8063624
8063694
8064701
8064805
8064935
8065038
8065304
8065647
8066644
8066851
8068156
8068501
8069419
8069438
8073229
8073876
8075249
8076184
8076266
8076457
8077152
8077779
8077931
8078371
8078644
8078924
8082816
8084367
8086232
8088122
8088234
8089019
8089773
8090432
8090915
8091182
8092131
8092359
8094391
8094916
8095311
8095447
8097883
8098297
8100213
8100453
8102887
8103333
8103994
8104246
8104779
8104868
8105890
8106386
8106401
8107166
8108197
8108637
8109929
8110777
8114130
8114547
8115437
8115566
8116096
8116369
8117722
8120865
8121417
8121970
8122231
8122290
8122930
8123808
8123935
8125753
8126520
8127814
8130047
8130154
8130489
8131462
8132482
8133197
8134656
8135761
8136025
8137163
8137302
8137803
8141213
8143021
8143938
8144665
8144748
8145472
8149536
8150483
8150586
8150677
8152649
8153405
8154128
8155363
8158131
8158452
8158941
8160225
8160851
8161112
8161289
8163277
8164554
8165466
8165782
8165803
8166327
8166683
8167452
8170360
8171430
8172886
8175185
8176982
8177893
8178096
8178601
8178672
8179700
8180666
8181604
8181633
8181997
8183204
8183281
8184313
8184421
8185223
8186226
8186858
8187058
8188104
8189213
8190536
8192330
8192853
8193458
8194425
8194917
8195088
8195643
8196568
8197068
8197691
8197898
8198481
8200209
8200441
8200970
8201715
8203346
8204963
8205034
8206268
8207138
8208073
8208993
8209153
8212108
8212310
8212456
8212995
8213353
8214023
8214250
8214698
8215916
8216648
8220045
8220956
8221693
8222452
8223168
8223679
8224051
8224129
8225656
8227222
8227719
8228803
8229465
8229904
8230332
8230473
8230590
8231215
8231450
8231685
8232164
8233711
8235951
8236576
8236693
8236986
8237580
8238021
8239186
8239568
8240005
8240126
8240138
8241452
8241824
8242247
8242413
8244523
8244588
8244703
8244992
8246461
8246978
8248906
8248919
8249582
8249784
8250205
8251477
8251735
8252317
8252505
8255850
8256498
8257002
8257441
8259349
8261482
8261790
8263410
8263802
8264300
8264957
8266045
8269618
8270607
8272021
8272400
8273869
8274059
8274342
8274458
8275518
8276288
8278525
8280452
8281575
8282741
8284805
8285454
8285775
8286221
8287074
8288379
8288592
8289466
8290401
8290597
8290703
8291298
8292532
8292739
8294379
8295154
8295340
8295918
8296231
8297765
8298020
8298438
8302360
8303176
8303589
8303824
8304099
8304672
8306669
8306968
8307228
8310308
8310815
8312124
8312930
8313241
8313555
8315662
8317623
8319195
8320360
8320475
8321975
8322369
8322594
8323672
8323735
8324612
8325083
8325321
8325576
8326048
8327263
8327388
8327901
8328359
8328736
8329093
8329883
8330235
8330524
8331929
8332656
8335262
8335273
8339306
8341622
8343923
8345531
8349490
8350243
8351524
8354214
8354259
8356432
8356499
8356941
8357625
8357668
8357785
8359224
8359414
8360539
8360778
8361135
8361979
8362143
8364791
8364820
8365299
8367188
8367328
8367699
8369049
8369834
8370698
8371623
8371626
8371862
8372742
8373029
8374557
8375823
8376305
8377126
8379103
8381438
8382180
8382531
8383723
8385334
8385380
8385387
8386798
8386978
8388703
8388771
8389030
8389622
8392607
8394744
8399838
8400337
8400860
8402750
8403028
8404823
8405366
8405644
8406140
8408345
8411157
8412103
8412707
8413101
8415734
8416044
8418225
8418895
8419859
8420969
8422204
8424252
8424271
8425188
8426531
8426814
8428004
8431682
8432465
8432533
8433722
8434280
8434567
8436743
8438267
8442060
8443989
8448652
8450256
8451902
8453039
8453222
8453745
8455962
8456809
8457102
8458381
8458617
8459860
8461252
8462574
8463324
8464443
8466406
8469697
8470625
8470792
8471477
8473243
8475125
8475638
8475952
8476406
8476696
8477626
8478063
8479669
8484342
8487919
8487952
8488512
8488857
8490333
8495010
8495256
8497799
8497845
8498298
8498472
8498882
8499777
8500793
8501874
8502348
8507580
8508913
8509832
8510426
8510901
8511913
8512849
8514329
8514990
8515805
8516712
8521299
8522183
8523978
8524846
8525091
8527872
8528525
8528925
8531347
8531957
8532545
8533563
8534216
8534715
8535918
8537312
8538172
8538341
8538369
8538606
8539967
8541064
8541356
8542292
8542379
8545683
8546107
8547551
8548031
8548551
8550618
8551620
8552646
8552704
8554290
8555650
8555833
8557124
8558518
8561838
8562883
8563766
8565099
8568291
8569008
8569163
8569349
8570458
8570603
8572740
8573030
8573829
8580136
8582502
8582559
8586821
8587722
8590269
8590437
8590494
8591286
8592525
8593426
8593471
8594367
8594372
8596149
8599077
8600276
8602840
8602932
8603231
8606365
8607068
8607174
8608116
8610743
8612362
8612655
8612884
8613933
8614221
8614875
8615396
8615656
8617048
8617285
8618079
8619116
8619195
8619257
8619529
8619635
8620042
8622544
8624229
8624689
8625438
8626791
8627490
8627985
8629376
8629434
8629555
8630125
8631087
8631470
8631805
8633514
8634603
8635163
8635766
8637615
8638285
8638360
8639714
8640212
8640735
8641253
8642079
8642796
8643635
8644170
8644450
8645192
8646753
8646866
8647669
8648394
8648407
8649308
8649373
8651023
8652770
8654136
8654412
8658835
8659343
8659632
8660176
8660363
8661605
8661895
8662678
8663005
8665557
8667756
8668765
8670929
8672667
8672721
8672792
8673469
8673725
8674104
8674394
8676449
8678940
8679292
8680584
8680858
8681627
8684099
8684900
8687065
8690613
8690761
8691756
8693588
8693819
8694436
8697228
8698987
8699010
8702336
8703612
8703834
8706422
8707078
8707541
8708960
8710312
8710816
8712121
8712390
8713156
8713383
8713988
8714769
8715615
8716042
8716638
8717819
8718269
8719928
8720106
8720576
8722799
8727070
8727122
8727844
8728903
8728944
8730102
8731523
8731773
8732239
8733873
8734447
8734878
8735493
8735606
8736326
8737083
8737701
8737990
8739173
8740050
8741103
8741247
8742582
8743466
8743540
8747155
8749017
8749711
8750172
8751897
8752390
8752738
8753038
8753475
8759473
8759497
8759975
8761835
8762357
8762877
8763470
8763487
8765057
8765134
8766356
8767126
8767417
8767634
8768096
8768267
8770329
8771086
8771318
8773769
8776001
8776311
8778103
8780475
8781083
8781872
8781944
8781991
8783450
8784130
8784568
8786052
8786381
8786465
8786693
8788198
8788864
8789007
8789021
8789126
8792679
8793938
8795061
8795811
8797374
8797529
8798760
8799034
8801576
8801967
8801998
8802175
8802362
8802513
8803008
8805363
8805475
8806139
8807207
8808611
8810957
8811505
8813711
8813831
8817987
8818466
8819564
8820812
8821660
8821706
8822247
8822331
8823817
8823993
8827347
8827979
8828259
8828726
8828956
8829223
8829273
8833626
8834588
8835312
8835708
8835968
8836604
8838007
8838957
8840124
8843522
8844807
8845230
8845247
8846255
8846756
8846962
8847429
8848629
8850826
8851055
8851512
8851655
8852510
8852826
8853767
8854045
8854478
8855085
8856076
8856081
8856389
8857369
8857951
8859337
8860205
8860622
8861170
8861957
8862239
8862549
8863729
8864837
8865325
8869215
8869325
8869506
8870639
8873168
8874998
8876794
8876879
8878828
8879489
8881520
8881719
8883381
8883688
8886163
8886330
8886663
8886751
8887012
8888356
8888989
8889611
8890001
8890416
8890447
8891152
8891736
8891989
8894877
8894899
8896139
8898237
8900015
8901215
8903041
8903411
8903627
8904662
8904981
8905186
8905456
8905846
8906363
8906378
8907140
8907849
8908453
8912813
8915323
8916770
8917389
8917619
8918081
8920121
8920483
8921755
8924340
8924368
8926960
8928995
8929041
8929366
8930413
8932785
8932911
8933940
8934050
8934577
8936816
8937751
8941520
8942050
8942640
8942718
8943141
8943485
8944284
8948603
8948995
8950557
8954158
8954260
8954465
8955834
8957268
8957371
8958572
8959900
8960574
8963274
8963681
8965956
8966163
8967102
8968162
8969205
8970438
8972846
8973074
8973702
8974024
8974044
8975162
8975300
8976842
8981343
8981801
8982278
8982576
8983229
8984072
8984242
8984739
8985180
8985454
8986886
8987335
8987602
8992144
8994283
8995559
8996394
8998132
8998339
9000129
9000549
9001510
9002658
9002743
9003051
9004487
9005100
9005369
9009064
9011670
9015734
9016429
9016832
9016894
9017371
9017449
9018724
9019608
9019984
9022845
9024545
9026295
9027291
9029291
9029292
9031216
9031235
9032109
9033164
9033596
9034184
9036791
9037542
9039373
9039635
9039675
9039713
9039806
9039813
9040268
9040502
9041288
9041414
9041508
9043221
9043809
9043971
9044845
9045617
9045959
9048102
9048115
9049200
9049754
9051311
9051997
9052141
9053476
9055662
9056537
9057305
9059772
9060041
9062989
9064863
9065739
9066116
9066951
9068195
9070949
9072415
9072697
9074231
9074334
9075011
9076701
9077972
9078102
9078481
9078874
9079880
9080319
9080602
9080682
9080850
9081309
9081462
9082434
9082896
9084417
9085782
9087550
9087811
9088138
9090111
9092136
9094734
9094828
9095615
9097213
9097638
9100932
9103873
9104373
9105244
9108867
9108990
9110480
9111375
9111701
9115943
9116517
9117405
9119579
9119702
9120554
9121433
9122354
9123186
9123913
9124405
9124966
9124980
9125460
9126536
9126882
9127790
9129213
9129866
9133116
9134025
9134647
9134841
9137540
9137741
9138280
9140698
9141295
9141826
9141952
9142005
9143403
9143689
9143935
9144419
9145250
9145546
9146138
9146457
9147400
9149580
9149963
9150228
9150638
9151101
9151604
9151800
9152702
9154167
9154481
9155755
9156177
9156623
9157196
9158751
9162514
9164171
9166324
9168281
9168617
9169955
9170410
9170580
9170724
9171072
9171625
9174673
9175563
9181092
9181621
9181717
9181808
9181850
9185572
9187045
9187992
9188044
9188718
9189031
9190115
9192613
9195422
9196106
9197029
9197875
9198768
9199949
9201570
9203281
9203976
9204036
9204613
9204737
9205260
9205371
9208736
9208978
9209284
9212279
9217994
9219306
9220855
9221410
9222813
9225817
9226342
9227167
9228484
9230422
9233129
9234001
9234438
9234561
9235634
9235996
9236136
9236223
9237228
9237399
9238216
9238987
9239163
9239199
9240513
9242186
9243671
9244652
9245284
9247448
9247755
9250017
9250399
9250919
9251253
9252465
9253061
9253285
9253530
9254102
9256324
9256621
9257379
9258360
9259289
9261526
9262214
9264344
9265782
9266166
9267623
9268086
9268462
9268566
9268748
9269351
9270762
9271867
9275476
9276088
9276178
9276538
9277323
9277672
9277966
9278067
9278885
9279976
9280726
9281395
9281580
9285622
9287360
9288661
9290916
9291018
9292067
9294815
9295160
9296295
9296456
9297206
9299088
9299844
9299911
9300669
9301817
9303212
9303809
9305670
9308107
9308845
9309211
9309306
9311426
9311968
9312224
9312706
9313169
9313237
9315605
9316288
9319205
9319442
9319704
9320552
9321038
9322240
9323280
9324196
9324413
9325157
9325244
9326479
9327293
9327822
9327898
9328109
9328710
9329426
9332169
9332472
9332586
9332725
9332969
9333347
9333429
9333570
9333622
9334278
9334751
9334820
9335001
9336049
9336257
9337160
9337227
9337678
9338315
9339380
9340019
9341017
9341150
9341660
9342296
9343731
9343963
9345147
9345545
9346106
9346260
9347550
9348798
9348825
9349022
9349642
9351100
9353422
9353825
9354351
9356915
9356952
9357135
9357656
9357863
9360250
9362034
9366315
9366774
9366826
9367060
9369163
9369287
9369918
9370941
9371054
9371613
9372929
9374126
9374391
9374399
9375136
9375565
9375641
9375806
9376730
9376817
9378241
9379991
9381173
9381530
9382196
9382208
9384611
9385939
9387048
9387661
9388282
9388547
9388671
9389371
9389667
9390545
9390606
9391616
9391646
9392658
9392826
9393832
9395919
9396381
9397568
9398171
9400069
9401394
9401511
9401692
9401704
9401933
9402524
9402753
9406068
9409799
9410248
9410593
9413111
9417119
9417313
9418713
9419339
9419978
9419993
9420714
9420869
9421167
9421484
9421489
9422395
9423607
9427085
9427697
9427857
9427994
9430481
9430665
9430833
9431550
9432529
9432663
9433141
9433226
9434023
9435688
9435694
9436297
9438036
9440387
9441649
9443144
9443161
9446950
9447293
9447809
9449213
9449576
9450421
9450725
9451733
9451888
9453279
9456684
9456865
9458667
9458755
9459884
9460141
9460300
9462428
9464455
9464632
9465783
9467428
9467992
9468251
9469120
9470069
9470190
9470550
9470847
9471321
9471501
9472149
9472272
9475210
9478784
9479540
9483358
9485080
9485617
9486072
9486686
9489866
9490050
9493024
9493646
9494398
9494595
9495233
9496615
9501735
9502245
9502412
9504251
9505542
9505877
9506457
9506812
9507594
9509109
9509529
9509753
9510604
9511153
9512001
9512155
9513044
9514172
9514611
9514700
9514999
9515317
9515440
9516249
9516322
9516457
9519510
9520172
9520670
9524260
9525079
9525802
9525864
9526065
9527818
9528650
9532909
9532972
9536460
9538853
9539822
9540174
9541328
9542714
9543676
9544336
9545087
9546902
9546979
9548221
9548609
9549857
9550218
9550725
9551980
9552372
9553225
9554151
9554778
9554805
9555659
9556042
9556598
9557161
9559481
9561883
9562854
9564741
9565660
9567964
9568471
9568788
9568994
9569025
9569831
9570439
9572188
9572249
9573106
9573935
9574300
9574559
9575407
9575685
9577702
9577904
9578360
9578427
9579452
9579582
9579753
9579816
9580658
9580772
9581144
9581892
9582903
9583048
9583301
9585010
9585227
9585980
9586761
9586996
9588130
9589110
9592777
9593072
9593789
9593945
9594474
9594770
9595017
9595235
9595778
9596324
9596393
9598728
9601043
9603901
9605106
9606696
9607735
9608132
9608445
9609836
9609993
9611689
9614086
9617884
9618944
9619287
9619935
9620048
9620501
9620570
9620815
9620824
9622006
9622750
9622889
9622958
9623979
9624411
9625603
9626655
9626803
9629653
9630151
9631235
9631714
9634041
9634169
9634867
9635273
9637101
9637191
9637889
9640373
9640483
9643216
9643497
9643803
9644208
9644257
9645259
9645820
9646064
9646577
9646853
9647245
9647352
9650444
9651168
9651933
9652349
9652951
9653498
9654033
9654559
9654648
9656672
9657403
9658369
9658445
9659564
9660056
9660407
9660931
9662158
9663325
9663440
9664560
9664815
9665266
9665960
9667084
9667294
9667678
9669328
9669512
9670561
9670685
9670902
9671970
9672037
9672808
9672851
9674969
9676071
9676211
9676334
9676423
9678436
9678869
9679052
9679466
9680815
9680886
9681214
9681722
9682174
9683178
9683377
9684841
9684989
9687751
9688353
9688558
9691609
9692024
9695243
9695872
9696489
9696536
9698095
9698167
9699125
9699332
9700294
9700893
9701817
9702342
9702623
9702991
9707358
9708023
9708025
9708108
9708860
9711368
9711846
9712853
9713892
9717329
9718697
9719595
9720032
9720208
9720256
9720864
9722277
9723376
9723729
9723730
9724732
9726759
9727501
9728520
9728905
9729360
9729583
9729798
9730394
9730831
9730833
9733565
9736110
9739024
9739329
9741789
9742607
9744062
9745631
9746096
9747621
9747826
9749093
9749173
9749876
9751872
9752778
9753090
9753683
9754872
9756738
9757734
9758497
9759302
9759771
9760409
9760562
9760861
9761443
9763966
9769483
9769701
9769709
9769950
9772793
9773109
9773502
9775243
9775281
9775282
9775862
9777978
9778635
9778950
9780150
9782131
9782803
9783967
9784223
9784994
9785234
9786103
9787321
9788056
9788358
9789450
9789768
9789937
9791318
9793168
9793246
9793487
9795586
9795851
9798206
9798795
9801490
9802607
9803307
9804632
9804718
9805514
9806343
9806728
9808535
9810202
9810496
9813520
9814365
9815243
9815402
9815568
9816044
9816713
9817595
9817817
9821774
9822581
9823420
9825204
9825245
9825560
9825805
9826196
9827847
9830280
9830758
9833093
9834525
9836705
9837529
9839427
9839651
9843861
9844540
9846228
9847089
9848404
9849578
9849627
9850849
9852086
9852704
9852736
9853711
9854230
9856880
9857796
9858537
9859555
9859563
9860287
9860409
9860776
9861139
9861891
9863731
9863892
9864239
9864557
9864804
9864873
9865537
9868520
9868715
9869365
9872285
9873134
9873586
9873908
9874509
9875764
9875901
9878796
9879409
9881120
9881198
9882182
9882404
9883583
9884041
9884165
9884298
9884630
9885174
9885910
9886549
9887324
9887863
9888142
9888267
9888932
9890865
9892496
9892785
9893005
9894410
9894569
9895878
9895926
9896912
9896977
9899861
9900113
9901609
9903918
9905961
9907567
9908278
9908306
9908670
9909560
9911509
9912468
9914396
9914397
9915231
9917200
9921774
9921933
9922235
9924134
9924431
9924477
9924818
9925190
9926151
9926221
9926944
9926950
9927856
9928630
9928883
9930102
9930415
9930985
9931108
9935151
9935338
9935500
9938438
9938492
9938674
9938944
9940102
9941396
9942351
9943392
9944225
9944327
9944496
9947554
9948310
9950172
9950918
9952544
9953123
9953363
9953368
9956094
9957062
9957461
9957707
9958372
9960235
9961754
9964371
9965866
9966707
9967602
9969778
9969816
9973477
9977158
9978286
9978803
9981114
9981119
9981253
9981972
9982147
9982465
9982732
9982940
9984327
9984465
9986218
9986253
9988257
9989299
9989649
9991129
9993110
9993389
9994201
9994674
9995716
9995812
9997879
9998932
