1297
1884
3016
4981
5014
6602
9175
9406
10058
11861
11893
12889
14423
18704
18922
19157
19292
20205
22166
25408
26296
27076
27103
28244
28281
29340
29632
29883
29901
30115
33740
33754
34660
35145
35647
36087
36890
38538
38837
39874
40323
42532
44653
44803
45199
45372
46056
46866
51814
52129
53151
54073
54108
54291
54705
55389
56886
57580
60569
64274
65585
66371
66433
66709
67481
67848
68027
70368
71349
71381
72284
72986
74077
76193
78576
78878
79272
81778
82295
83358
87241
88513
88922
89502
91877
94987
96207
96816
97667
98451
99233
100208
100745
101390
101448
101881
102584
104012
106415
106764
107466
109031
110827
112355
112358
112389
112852
112873
113287
114494
114502
114617
117007
118424
119526
122378
122840
124257
125323
126335
130714
132060
132142
132359
133149
133708
133879
134171
134215
134386
138865
138977
139761
140980
141208
142052
142297
142997
144639
144925
145604
146533
146555
147519
148105
148765
148999
152162
153883
155052
155710
155944
157232
157253
157409
158376
158756
159801
161477
164152
165063
167538
167977
168236
168583
170404
170792
173697
173901
177519
177939
180130
182648
183343
183575
184743
184990
186997
187319
188389
188417
193204
193819
194298
196356
196712
197501
198970
199142
199413
200143
201939
202718
203146
203915
204724
205844
205953
209239
210074
210217
211560
212209
212402
212435
212563
212898
216371
216801
218186
218472
219608
221278
223233
224256
224416
224829
226086
227582
230865
232201
233526
234235
235405
235813
238143
240654
240756
241267
241794
242206
242233
242358
244246
245678
246978
246981
249055
249060
250047
253331
253939
254960
255883
257611
260712
260744
261523
263057
264336
264577
265387
265895
267040
267095
269184
270714
270925
271094
271797
273119
274559
275996
278495
282202
282316
283171
284040
284346
284554
285333
285390
286143
286680
288121
289595
289775
290306
291444
292773
294057
294178
295191
296060
298355
298658
300102
301566
303057
304252
305293
310802
311116
314031
315444
317074
318465
318662
320155
320171
323682
326010
328920
330481
330913
331081
332047
332449
333705
333716
333751
335099
335629
335887
336118
339238
339307
340038
342828
344355
344585
344859
345264
346192
347352
348358
348416
348527
348586
349495
350288
353832
355461
355863
356178
357024
358192
358492
360304
361774
362064
364791
368037
368294
368297
368308
370230
370889
373451
373778
374112
374522
375062
375273
377350
380437
380473
381643
382878
384179
384827
388192
389270
390333
391023
392062
392843
393460
401940
404080
404330
405010
406660
406941
409037
412206
413476
413618
415248
415366
415595
416357
417832
419451
421681
421869
422896
425229
425424
429930
433103
434309
435375
435431
435526
436205
436929
437232
437286
439078
439090
439308
439450
439739
439857
439893
440345
440838
441988
442645
443078
443420
445338
446797
446896
448947
449718
449827
450155
452044
453882
454189
454333
454517
456253
456400
456674
457660
459674
462458
463117
464966
465325
466726
467091
468451
469423
470156
471543
473313
474110
474921
475051
475516
475940
476331
476920
478541
478729
480784
481401
481600
481967
483584
483784
485481
486488
486915
487107
487873
488726
488922
488988
489303
490027
492613
492697
492756
493649
493754
496304
496648
496675
496931
497477
497601
498324
499153
500368
502858
505489
506148
507250
507467
511786
514053
514894
518582
520313
520611
521988
524041
524738
524890
526912
527234
527356
528025
528186
529048
530071
530625
531506
533040
533967
535037
535409
537601
537799
537839
537866
538634
539425
539987
540462
541375
542652
544740
544928
545086
546221
546477
546561
547817
548302
548679
548910
552780
557396
558462
558603
558653
559212
560379
560447
561732
566462
566710
568747
569163
569575
570248
570673
571970
573525
574395
576772
577630
581117
582285
582318
582375
582960
584744
584994
586444
586703
586740
586895
594403
595141
597149
598339
598398
598453
599190
599246
599688
600145
600198
600545
604735
604755
604991
605277
606605
606656
606707
606838
607387
607932
608698
611968
612222
613124
619097
619191
620902
621226
621747
622103
622692
622746
623503
624029
625220
627626
628946
629091
630612
633013
633114
634022
634111
634565
634979
635155
635771
636015
637652
639655
641508
641844
642534
642761
642878
643348
643739
644092
644203
645358
645528
646192
647111
647745
649256
649998
651761
651805
652901
655547
655725
657232
657380
657443
658947
660340
663180
665096
665469
666764
667934
668186
668960
670709
671698
673936
674171
676148
676368
676553
676809
677752
677871
678888
680576
680808
681253
682001
683173
684081
684111
685104
686602
686705
687371
688376
689098
691703
691894
692069
692690
694962
698708
699433
699442
699926
700204
700409
702996
704172
704262
705329
705539
708669
709689
713028
713087
713354
714140
714754
715169
716544
716683
716800
717318
717604
718763
719032
719033
719358
720006
720880
721023
721452
722225
722261
723998
726343
726444
728830
729588
729637
732439
733126
734156
734615
736241
736531
736753
737745
738618
738985
738988
742459
742832
744249
744899
745256
746062
746219
747025
747520
748340
750292
751115
753494
754692
755019
756498
756666
758188
758750
759668
759740
759837
760174
762637
762950
763044
763568
763578
763876
764587
764911
766854
767014
768080
768477
769624
769812
772526
772787
775386
775956
776492
777823
778102
778586
778683
779111
780488
781038
781187
782419
782541
782839
784067
784675
786291
786350
787619
787683
787747
788591
788650
790044
790829
792596
794420
796260
796834
797977
798512
798560
798598
798831
800738
802339
802687
803074
803525
803551
803596
804655
805093
806425
806570
808063
808912
809858
810533
810714
812919
813343
813950
814093
814835
816067
816252
818939
819220
821196
821801
822550
823185
823332
823677
823932
824868
826118
828088
828522
828827
830309
830732
832412
833517
834061
836473
838887
839354
839362
839606
840734
846318
848915
850455
850775
851025
851493
853651
853788
856517
857298
857704
857723
858821
862117
862165
862229
862410
863082
865931
866631
866805
866900
867330
867351
868322
868815
869331
869662
869859
869866
871949
872930
873113
873212
874116
874609
875648
876344
876647
877195
878355
878947
879023
879370
880065
883092
883212
883289
884312
884974
885175
885289
885388
887129
888307
889369
889583
889751
890610
892964
893957
894029
895182
895497
897248
900907
901561
903245
903661
904234
908633
908678
908841
909182
909556
909710
909758
910246
910826
910981
912668
912696
913642
914834
915030
916809
917710
918590
921296
921300
922241
923469
926303
928721
928728
928991
929786
931038
933679
934681
935096
935566
935586
935640
935992
936379
936677
939256
940884
941078
943460
943876
944826
946808
946865
947311
948923
949280
950641
950726
952312
953163
954277
954357
955755
956036
956278
956687
959410
959956
960721
961281
961550
961575
961587
961673
962012
964217
966085
966409
967114
967429
969663
972241
974724
977524
978070
980364
981739
983014
983706
984491
986580
989423
990256
990983
992474
992760
993833
994728
996788
997954
999553
1001982
1005689
1006313
1006964
1007000
1008023
1011076
1012267
1012647
1013078
1013155
1014931
1017318
1017408
1017496
1018490
1019790
1021508
1022402
1022963
1023817
1024067
1024151
1025789
1028288
1028415
1028774
1028839
1029214
1029523
1030056
1031295
1032646
1033997
1034035
1034984
1036352
1037120
1037904
1038718
1041344
1041690
1043425
1043727
1046363
1049269
1050478
1050759
1051758
1051827
1052019
1052250
1053466
1054409
1054662
1056101
1056339
1056439
1057653
1058716
1058918
1059674
1061503
1062004
1062525
1062612
1063593
1063927
1064262
1064532
1064722
1065846
1066404
1066816
1067563
1068812
1069192
1070082
1071129
1072064
1073152
1073646
1073675
1073918
1074256
1075605
1077390
1078627
1079145
1079266
1079324
1081239
1081453
1082082
1083426
1084297
1084573
1086708
1087448
1087708
1087851
1088495
1088784
1089092
1089719
1089754
1089938
1090854
1090901
1091383
1091435
1091759
1092285
1092338
1092981
1094649
1095169
1096791
1097853
1099166
1099447
1099825
1101701
1102103
1102720
1103330
1103393
1103842
1105406
1105593
1106305
1107933
1108528
1108653
1108764
1108861
1109301
1109849
1110230
1110306
1111239
1111585
1113050
1114954
1115405
1116157
1116721
1117421
1117845
1118014
1118414
1120401
1120787
1122668
1122857
1123667
1124017
1125054
1126773
1128083
1128475
1129906
1130268
1132152
1132823
1133439
1133857
1135345
1137231
1137355
1138511
1139822
1140928
1143130
1144255
1144769
1144823
1146297
1147779
1148794
1149724
1150372
1152122
1152748
1153143
1153434
1153505
1155035
1155886
1155970
1157076
1157145
1157156
1158097
1158099
1160179
1160250
1160934
1161899
1161931
1162098
1162435
1162658
1163572
1164428
1166150
1166660
1170653
1171219
1172679
1173265
1174149
1175679
1176431
1180361
1180866
1181753
1181860
1183018
1183245
1183361
1185860
1186929
1187542
1187556
1191042
1192597
1195290
1196563
1196753
1196949
1197231
1199320
1199451
1202815
1204536
1206119
1207020
1207540
1210145
1211851
1211968
1212250
1212414
1213104
1213558
1213825
1214153
1214378
1216250
1216510
1217044
1217289
1218428
1221535
1222529
1222549
1225093
1225129
1225142
1225260
1227469
1227621
1228990
1229389
1230759
1231048
1232133
1233315
1233343
1233442
1233448
1233932
1234377
1235051
1236721
1236759
1236871
1237659
1238520
1239409
1240381
1241700
1241929
1243427
1245489
1246413
1246852
1248604
1250570
1251390
1252193
1253125
1253861
1255498
1255803
1257109
1257349
1257435
1258697
1258743
1259185
1259842
1260111
1260710
1260760
1262113
1265663
1266742
1267441
1268541
1268613
1268732
1270697
1272558
1272560
1273730
1274036
1274091
1276484
1276687
1276914
1280283
1280473
1280695
1281118
1283213
1283523
1286328
1286936
1287042
1289792
1290616
1292079
1293264
1293581
1295983
1296002
1297138
1297197
1297284
1297665
1298903
1301053
1301162
1301720
1302072
1302388
1304146
1304217
1304858
1307927
1311656
1313750
1313776
1313969
1319204
1320117
1321741
1322583
1322781
1322842
1323978
1325134
1326300
1326468
1327028
1328732
1329218
1331200
1331722
1334982
1335513
1337765
1338025
1338483
1339218
1339769
1339863
1341516
1341758
1341937
1342361
1342462
1344929
1345448
1345953
1346783
1347739
1348031
1350204
1350662
1350907
1351196
1351284
1351431
1352033
1352165
1352215
1353497
1353578
1353760
1354327
1354753
1356906
1359055
1359588
1359663
1359853
1359937
1360114
1360903
1361482
1362217
1362537
1362639
1363615
1365587
1365828
1366274
1366473
1367122
1368213
1369125
1369367
1371629
1372454
1372761
1373676
1374323
1375527
1379367
1379848
1379882
1380316
1381606
1386546
1387830
1389518
1389907
1390698
1390765
1393780
1396511
1397543
1398059
1398198
1399651
1400397
1400498
1400524
1401238
1402683
1403915
1405087
1407086
1407094
1408374
1412290
1413847
1417173
1417175
1417620
1418077
1418652
1422163
1422243
1423445
1423977
1425888
1426503
1427392
1429134
1429200
1431960
1432080
1432101
1432273
1432626
1433285
1433788
1434134
1435806
1436701
1437303
1438248
1438698
1439953
1440697
1441428
1441735
1444365
1444779
1445231
1445984
1447754
1448096
1448859
1449004
1451281
1454906
1455287
1456452
1458372
1459723
1459978
1460373
1460527
1460650
1462403
1464540
1464736
1465052
1465974
1466100
1466269
1469142
1470452
1471446
1472693
1473063
1473731
1474034
1474738
1474938
1477611
1477829
1479325
1480939
1481877
1482531
1482580
1483462
1485223
1486344
1488295
1488984
1489711
1492097
1494101
1499037
1501245
1502362
1506178
1506393
1507152
1507833
1508193
1509146
1511419
1513335
1513887
1513951
1514157
1519676
1521045
1521162
1521974
1523568
1524686
1525350
1525883
1527358
1527603
1527696
1528749
1529718
1530265
1530618
1531743
1531894
1531927
1531985
1532752
1533355
1533653
1533774
1533779
1534185
1535435
1536755
1536838
1537011
1540415
1540935
1544258
1544974
1545239
1545249
1545580
1546507
1547220
1553889
1554505
1554674
1555592
1556875
1557969
1558610
1558984
1559430
1562156
1562398
1563274
1563452
1563464
1563541
1565530
1565801
1565858
1568344
1569000
1570275
1570630
1570901
1572102
1574725
1574821
1579445
1581431
1582238
1582445
1582728
1584167
1586071
1587110
1588627
1588662
1589723
1590516
1592259
1594884
1595025
1598638
1599903
1599945
1601555
1601729
1602403
1603156
1604090
1604991
1606692
1608030
1610241
1610454
1611871
1612159
1612459
1613840
1614307
1614596
1614752
1618118
1619291
1619470
1620231
1620517
1620934
1620948
1621911
1622252
1622600
1622834
1623865
1624110
1625044
1627003
1627588
1627863
1628005
1628289
1629596
1630563
1630578
1631289
1633378
1634475
1636633
1636937
1637154
1637775
1638500
1641698
1642673
1643506
1643691
1644776
1644823
1645321
1646389
1647298
1647717
1649776
1650798
1650896
1650994
1651129
1651195
1652239
1652930
1652949
1653436
1653508
1653596
1653622
1654003
1655186
1656039
1656058
1656300
1659167
1661139
1661981
1663369
1664305
1664484
1664835
1666197
1666693
1667363
1667683
1670744
1671091
1672156
1672635
1672798
1674417
1675158
1676938
1677472
1678767
1682504
1682986
1683084
1683483
1683938
1684917
1685545
1688542
1688794
1690273
1690375
1690988
1691990
1692187
1692822
1693557
1694354
1696739
1697277
1699171
1700989
1701295
1701316
1701629
1702526
1703155
1703774
1706896
1708436
1708596
1708650
1708818
1709743
1710845
1711586
1711705
1712701
1713127
1713523
1714005
1714177
1715924
1716061
1716122
1716784
1717986
1720762
1720791
1722105
1723186
1723872
1724281
1724446
1724721
1725674
1727869
1728433
1731039
1733180
1733965
1735475
1736109
1736705
1737218
1740856
1743632
1743926
1746699
1747631
1748649
1748955
1749172
1751780
1754090
1754229
1755936
1756117
1757143
1759881
1760603
1760651
1761027
1762742
1762812
1762990
1764207
1764429
1765583
1765760
1766432
1766885
1767053
1773805
1774287
1774848
1776032
1777779
1780271
1780989
1781657
1781781
1784970
1785223
1785622
1786502
1789431
1789953
1790305
1790448
1791689
1791888
1792205
1792619
1793947
1794360
1799385
1799689
1800138
1800415
1800893
1800908
1801478
1804795
1805818
1806004
1807346
1807631
1808494
1809215
1810571
1811589
1811970
1812250
1812985
1814211
1818468
1818615
1820207
1822501
1823291
1823337
1823507
1824024
1824258
1825218
1825495
1826680
1828505
1829711
1832014
1833802
1836878
1838419
1838701
1838874
1839019
1839813
1840802
1842864
1843087
1843267
1844913
1845247
1845647
1845748
1846221
1847079
1847358
1847751
1848459
1849096
1851207
1851737
1852622
1853323
1854800
1854828
1855801
1859997
1860332
1860839
1862243
1864897
1868094
1868736
1871926
1873318
1875104
1875134
1878733
1879630
1881168
1882916
1883172
1883772
1884924
1885326
1885936
1886471
1886482
1887987
1888536
1891707
1894764
1895625
1897503
1898333
1899122
1899271
1899724
1899765
1899927
1900071
1902978
1903725
1904796
1905286
1905802
1906620
1907119
1907311
1908425
1908526
1908753
1910208
1910657
1912649
1913468
1914369
1917257
1918535
1918724
1919338
1920516
1921027
1922008
1922774
1923387
1924559
1924632
1925509
1926702
1929592
1929807
1930540
1931442
1934503
1938424
1939233
1939640
1940546
1941838
1944110
1944615
1945055
1945149
1945828
1946455
1947658
1948901
1950522
1952406
1954102
1954753
1955104
1956502
1959443
1959747
1959834
1960475
1963326
1964967
1965018
1966228
1967319
1967642
1967870
1968836
1969610
1970078
1971580
1972921
1975441
1975507
1975568
1975887
1976093
1976698
1978323
1979316
1980963
1984786
1986955
1987453
1988498
1993549
1995770
1996332
1996586
1997775
1998379
1998506
1998547
1999748
2000685
2000748
2001219
2004308
2004765
2004812
2007690
2008336
2009330
2009469
2010143
2010414
2011038
2011216
2012713
2013206
2013523
2014243
2014281
2014874
2018151
2018257
2020026
2020120
2020725
2021984
2022500
2023971
2024787
2025965
2026456
2027956
2028782
2030868
2031458
2033431
2033499
2035229
2037389
2042474
2042545
2043730
2044914
2045046
2045296
2045707
2045927
2046529
2047241
2049462
2053729
2057181
2058193
2058221
2059348
2059565
2059674
2062071
2064757
2066818
2067153
2067181
2067526
2069216
2069664
2070489
2076245
2076868
2076996
2077904
2078165
2078665
2079441
2079586
2079892
2080489
2083585
2084215
2088954
2089561
2090677
2091378
2092821
2093368
2094689
2095244
2095293
2095343
2095917
2096047
2097746
2097897
2098884
2098905
2099473
2101032
2102332
2103850
2107168
2108082
2108379
2110382
2110577
2110625
2111078
2111272
2111329
2113640
2113891
2113946
2116430
2119637
2120063
2120627
2120730
2122288
2123622
2124287
2125294
2125664
2126443
2126842
2127290
2129575
2130766
2132208
2134451
2136458
2138515
2139356
2139533
2139876
2140038
2140083
2140752
2141189
2143539
2143551
2146366
2146456
2146847
2146852
2148021
2148145
2149068
2149608
2152224
2152243
2153331
2154240
2155628
2155946
2156834
2158973
2159901
2159909
2161606
2161848
2162621
2162799
2163413
2164162
2165601
2166013
2167794
2168929
2169985
2170056
2171236
2173843
2175317
2175653
2176475
2176899
2181056
2181229
2181391
2181841
2188716
2188737
2189195
2189382
2190230
2191025
2191278
2191486
2191856
2193438
2194703
2194742
2195225
2196282
2198046
2199112
2200561
2201546
2201618
2201960
2203371
2204133
2204472
2205782
2206707
2206801
2206931
2207792
2208066
2208157
2209231
2211353
2213379
2215244
2217055
2217142
2217910
2219270
2221197
2222090
2223539
2224422
2225029
2225355
2225489
2226376
2229533
2231872
2234392
2234702
2234950
2236224
2237141
2237723
2239974
2241145
2242759
2242974
2243322
2247321
2249868
2251732
2252382
2253402
2253570
2254868
2255967
2256540
2258437
2259544
2261738
2262913
2263119
2263476
2264107
2265724
2265828
2265999
2267033
2267280
2267356
2267921
2267941
2272033
2272101
2273400
2275179
2278416
2279677
2279720
2282276
2282366
2283494
2284008
2284151
2284469
2284647
2284892
2284934
2285705
2285966
2287886
2289078
2289128
2292494
2292746
2293385
2293597
2295709
2296245
2298493
2298759
2299146
2299732
2300882
2301056
2303734
2304021
2304250
2304805
2305596
2305634
2305905
2309171
2312475
2313017
2313703
2313912
2314024
2314027
2314174
2314931
2317800
2317973
2319406
2319930
2321109
2321126
2321519
2321738
2321981
2322619
2323197
2323655
2324547
2325400
2325782
2327819
2328319
2330015
2330780
2331030
2331086
2331964
2332916
2332982
2333471
2333744
2334166
2334423
2335678
2336266
2338079
2338088
2338449
2338787
2339518
2339873
2340028
2340168
2341444
2343654
2344459
2344892
2347292
2348649
2349807
2350730
2350784
2352858
2355920
2357389
2361852
2361894
2363316
2363642
2363860
2364058
2364376
2364664
2367041
2367654
2367782
2369269
2370079
2371084
2371872
2371875
2372180
2372314
2373280
2373841
2374137
2375182
2375859
2376294
2379377
2379978
2380088
2380348
2380603
2381443
2383188
2386817
2387278
2389021
2390035
2391136
2391209
2392623
2393057
2393571
2394340
2395839
2395852
2396398
2397642
2397850
2399575
2404072
2405514
2405852
2407041
2407836
2408127
2408180
2409789
2412137
2413755
2415222
2416638
2417736
2420967
2424822
2426998
2429069
2429074
2429249
2430111
2431698
2432859
2432875
2433091
2433391
2434303
2434695
2435239
2436763
2439513
2440630
2441358
2442137
2442390
2444302
2444501
2444850
2445252
2448063
2449062
2450093
2451303
2451880
2452429
2452787
2453003
2454033
2454739
2456126
2456499
2456795
2457771
2461240
2461432
2464064
2465048
2466621
2466890
2467714
2468883
2469023
2470835
2472593
2475905
2476591
2477482
2478715
2479066
2479587
2483469
2486483
2487780
2487984
2488043
2491228
2492094
2492294
2492661
2492994
2494636
2495693
2496068
2496595
2497327
2498378
2499693
2499704
2500264
2501572
2503524
2504811
2505617
2508235
2511292
2511476
2513237
2514452
2516647
2517462
2518481
2518508
2521081
2521609
2522332
2522980
2524444
2525125
2525991
2526777
2528705
2529443
2530267
2532427
2534979
2536310
2536591
2537423
2537877
2538723
2540186
2540427
2540507
2542238
2544393
2545882
2546009
2546984
2547048
2547266
2547298
2547315
2547676
2549068
2550433
2551416
2551796
2552949
2554258
2555181
2556459
2556608
2556856
2558327
2560717
2563902
2564281
2564954
2565345
2565738
2567385
2568238
2569305
2570360
2570420
2570485
2570512
2571391
2571737
2572272
2573530
2576238
2576270
2576387
2578570
2580584
2581198
2581501
2583490
2584737
2585757
2588754
2590640
2591280
2592982
2593371
2593811
2594179
2595704
2597242
2597795
2598556
2598949
2599088
2601360
2602883
2604831
2605271
2609382
2609497
2611178
2615144
2617292
2619063
2619792
2620914
2621351
2621999
2622833
2622847
2622917
2623599
2625744
2626333
2626903
2627144
2628112
2628361
2628468
2629677
2629763
2631039
2633186
2633612
2634030
2634793
2635011
2635480
2637213
2637725
2641742
2643038
2645317
2647720
2648190
2650689
2651324
2652867
2653533
2655499
2656552
2658167
2659704
2660563
2660879
2661661
2661999
2662507
2663807
2664611
2664972
2667282
2667945
2668063
2669496
2669727
2670758
2674971
2675345
2676419
2676444
2676465
2677509
2678975
2679753
2681805
2682873
2683930
2684524
2685028
2686086
2686674
2688984
2690342
2690816
2692142
2692750
2692774
2693225
2694884
2695366
2695626
2695906
2697911
2698832
2699130
2699327
2699631
2699735
2699990
2701348
2701977
2702667
2703813
2705824
2706267
2707154
2707220
2707555
2707725
2709693
2710185
2710363
2711143
2711706
2713083
2714272
2716220
2717492
2717938
2717944
2718645
2720895
2722542
2722799
2723225
2725873
2726068
2727534
2728098
2730141
2730806
2732163
2734560
2734882
2734942
2735001
2735405
2735724
2737261
2737763
2738058
2739677
2741350
2741484
2742024
2742073
2743902
2744062
2744176
2744606
2747293
2747508
2752562
2753266
2754168
2754290
2755531
2756124
2756264
2756578
2757755
2759192
2759576
2759747
2762018
2762129
2762533
2763334
2767434
2767617
2769588
2772232
2772279
2773184
2773540
2776561
2777459
2777846
2778764
2783965
2784040
2784100
2784724
2786251
2786914
2790985
2793119
2793536
2793849
2795516
2797703
2797814
2797960
2798792
2798968
2799543
2801495
2801636
2801992
2804926
2806195
2808826
2808917
2809768
2810150
2810238
2810449
2811463
2811692
2811702
2812823
2813305
2814118
2815438
2817143
2818087
2818199
2819662
2820071
2820263
2820722
2821186
2822961
2823884
2824421
2824780
2824982
2825161
2827210
2828080
2828306
2828477
2829991
2830878
2831281
2831720
2832366
2833019
2833292
2835121
2835815
2836110
2837203
2837221
2837337
2837343
2837371
2837724
2838185
2839165
2840413
2842980
2843347
2846135
2846530
2847933
2849708
2850788
2853446
2853481
2854104
2854310
2854408
2856098
2856128
2856387
2856520
2856740
2856825
2857173
2859432
2861160
2861599
2862299
2862594
2863798
2863988
2864562
2866499
2867635
2869155
2869208
2870345
2871178
2871281
2871364
2873040
2873996
2876269
2876687
2878199
2878878
2879169
2881311
2881906
2882708
2885114
2885339
2885859
2886636
2886895
2887593
2890248
2890316
2890970
2891425
2891515
2891787
2893437
2893954
2894221
2896273
2896680
2897677
2897944
2898500
2899716
2900007
2901637
2901785
2901856
2903744
2904030
2907816
2909494
2909910
2910417
2911687
2913653
2915187
2915941
2917410
2917890
2918132
2918309
2919173
2919854
2921101
2922325
2925310
2925531
2926298
2926670
2927912
2929051
2929583
2930153
2931641
2932057
2933261
2933743
2934200
2934613
2934712
2935999
2937463
2937937
2937981
2938442
2938864
2939400
2940388
2943167
2943345
2943787
2944184
2944567
2944775
2945032
2945047
2945160
2945927
2948729
2950098
2950163
2950876
2953665
2956490
2957295
2957603
2958120
2958266
2958500
2959186
2959465
2959663
2959951
2960342
2961050
2962162
2963252
2965184
2966302
2966535
2967487
2967847
2968671
2969622
2970175
2970194
2970217
2970392
2973910
2976133
2976383
2976806
2976908
2978300
2978606
2979406
2979448
2981326
2982235
2982354
2982540
2982787
2983641
2983839
2984722
2986246
2986994
2987637
2988182
2988626
2988958
2992711
2992918
2994643
2995727
3000249
3002404
3002436
3002895
3003563
3004332
3004527
3006687
3007746
3008608
3009358
3012999
3013974
3017105
3018567
3019835
3020335
3020625
3021562
3024377
3025174
3026511
3027441
3027932
3029490
3032929
3037921
3040869
3041450
3041495
3043421
3045984
3048140
3049285
3051032
3051800
3052063
3052888
3054293
3055450
3056872
3059217
3059446
3059512
3060439
3060507
3062888
3063622
3064655
3066743
3067990
3068261
3068361
3071232
3071945
3075878
3077161
3078222
3080024
3080621
3080898
3082038
3082298
3082398
3082495
3084149
3085391
3085431
3086535
3087018
3087123
3087283
3088245
3088853
3089145
3090362
3090944
3092692
3097012
3097541
3099995
3100147
3100721
3101556
3102896
3106143
3106242
3107078
3107852
3108253
3108480
3110694
3112091
3113682
3113697
3115357
3116703
3116806
3117021
3117233
3117501
3120081
3122402
3122948
3125064
3126756
3127131
3127611
3128354
3129720
3130293
3130378
3130519
3130717
3133660
3134103
3136630
3139897
3140455
3140614
3141654
3144995
3145617
3147297
3147347
3148669
3149241
3153085
3153643
3154717
3155815
3156639
3159531
3159541
3160894
3162513
3163478
3163860
3164470
3164874
3165280
3166171
3166399
3166510
3166935
3168198
3168308
3169613
3171068
3172619
3174802
3174935
3176043
3177750
3178322
3178434
3178725
3179404
3179912
3181062
3183366
3183851
3183907
3183927
3184097
3184149
3185057
3185239
3188042
3188260
3191649
3193121
3193125
3193197
3193746
3195141
3196598
3199003
3200145
3203524
3206104
3207164
3209133
3209483
3211216
3211913
3212113
3212616
3213219
3214175
3215002
3217041
3217365
3219812
3222269
3222424
3222788
3222844
3222912
3223014
3223821
3224088
3224493
3227054
3234554
3235162
3236701
3239325
3239910
3241976
3242598
3243310
3245227
3248118
3249113
3249498
3252410
3256265
3257036
3257460
3257816
3258404
3258815
3258979
3261367
3262720
3262997
3264035
3267047
3267793
3268550
3268612
3269065
3269712
3270201
3271696
3276155
3276236
3277945
3280386
3281110
3281669
3282021
3283298
3283475
3283484
3284005
3284736
3285267
3287157
3287749
3288059
3289174
3292287
3293253
3293725
3294456
3295522
3297028
3298944
3300087
3301142
3301379
3302154
3303180
3306381
3306855
3307000
3307291
3307420
3308982
3310932
3310958
3312269
3313626
3314751
3315003
3317514
3319806
3320139
3322512
3322611
3325485
3325668
3325870
3326256
3328163
3329828
3330595
3330617
3330675
3331812
3332648
3334126
3334399
3335171
3335277
3335888
3337663
3338584
3339030
3343187
3346365
3346451
3347489
3348495
3348624
3348778
3348795
3350932
3352004
3352276
3353983
3354599
3354897
3355163
3357093
3358463
3358629
3358883
3358914
3359266
3359937
3361645
3361854
3362015
3362363
3363721
3364700
3366004
3366482
3366729
3367869
3368854
3369994
3371812
3372721
3373346
3377542
3377827
3378231
3380007
3381661
3384953
3385083
3386744
3388959
3389156
3389544
3390774
3392148
3392893
3393219
3393270
3394239
3394349
3394730
3395800
3397430
3398136
3399810
3399914
3402570
3402827
3402963
3403138
3404724
3407152
3407544
3408560
3409850
3410003
3410983
3411116
3412521
3412764
3418565
3419514
3420708
3420821
3422453
3423106
3423255
3423256
3423926
3426715
3430734
3431185
3431298
3432922
3433280
3434213
3434909
3435920
3438348
3438536
3438670
3440109
3440494
3442951
3444986
3446587
3448522
3448952
3449902
3450341
3450446
3451308
3452377
3453558
3453825
3454409
3454970
3455057
3456147
3456193
3458420
3458514
3458905
3460321
3462213
3462694
3463914
3466395
3466709
3469695
3470810
3475130
3475652
3477335
3477485
3478650
3480187
3480216
3480566
3482822
3485527
3487721
3490631
3491519
3493044
3496406
3498981
3499224
3503225
3503577
3503612
3504709
3504950
3506529
3506539
3507392
3508153
3509344
3509883
3510571
3510918
3511006
3511237
3511360
3511389
3511538
3512178
3513836
3516365
3519761
3520150
3522852
3523486
3525935
3526338
3527372
3528399
3528684
3529627
3531277
3531735
3531817
3533498
3533678
3533757
3533856
3534511
3536154
3538175
3538237
3538348
3538718
3539243
3541890
3542515
3544324
3545406
3546124
3547672
3547685
3549110
3550189
3550665
3552628
3554987
3556201
3556277
3556673
3557283
3557336
3557632
3558264
3558689
3559416
3561394
3563153
3563377
3564100
3564421
3565045
3565785
3565797
3567661
3567878
3568602
3568944
3569021
3569738
3569775
3569776
3570407
3573414
3573783
3573823
3574213
3574320
3574994
3577303
3577625
3579566
3579642
3581726
3584386
3584952
3584957
3584996
3587212
3589116
3591938
3592392
3594995
3595381
3595810
3597094
3598370
3600347
3600558
3601910
3602326
3603864
3604326
3604993
3605099
3605191
3611850
3613294
3615820
3617176
3617756
3618162
3618623
3619447
3621331
3621389
3621432
3621438
3621568
3622016
3622438
3623681
3624901
3626431
3626490
3627807
3627918
3628425
3630505
3633662
3634144
3634642
3634704
3634918
3635042
3636033
3639168
3639289
3639505
3639741
3640588
3640934
3640950
3641824
3642146
3643720
3645464
3645764
3646846
3648971
3650432
3650491
3650661
3651666
3654749
3655580
3655763
3656051
3657011
3657403
3660054
3660462
3662016
3664827
3665574
3666883
3667189
3667341
3667546
3668664
3669867
3671814
3671855
3672249
3672750
3673682
3677496
3679097
3679122
3679616
3680739
3680978
3681888
3681990
3682760
3683266
3683634
3684249
3685421
3687566
3687757
3687964
3690222
3691694
3692646
3693593
3694342
3694952
3696911
3698893
3703254
3703579
3705706
3705992
3710072
3711199
3713308
3714752
3715458
3723168
3723295
3726118
3729504
3732431
3733909
3734347
3734530
3735447
3739593
3740232
3740835
3740941
3741083
3743175
3743658
3744040
3744431
3745413
3747756
3749256
3750571
3753032
3754861
3755612
3756987
3760655
3762664
3763628
3764992
3765323
3765535
3765568
3767282
3767829
3768252
3770023
3770093
3772693
3774022
3775367
3775426
3776831
3776982
3777244
3777390
3778263
3778750
3779021
3779241
3779975
3780081
3780286
3781871
3781906
3782834
3782930
3783097
3785491
3785995
3790541
3791155
3792036
3793497
3793670
3793776
3794340
3794364
3794791
3795211
3799398
3800812
3806154
3806191
3807971
3808525
3809058
3809069
3813738
3813746
3816249
3817641
3818741
3818921
3819611
3819962
3822327
3822630
3823930
3827080
3827867
3828987
3829658
3829713
3830203
3830628
3831202
3831678
3832385
3832604
3832919
3833233
3835006
3835841
3835958
3836353
3836758
3837353
3838343
3839309
3843075
3844202
3845553
3847406
3850684
3850882
3851632
3852005
3853805
3854457
3855750
3858066
3858960
3862436
3863261
3866988
3867904
3867967
3868816
3868886
3869221
3871312
3872726
3873011
3874503
3875416
3876017
3876924
3877627
3881055
3881176
3881371
3883732
3884671
3884693
3886064
3887821
3888446
3888792
3888974
3889430
3889459
3889477
3889698
3889778
3892288
3892289
3893334
3896211
3896599
3897054
3897140
3899462
3900051
3901927
3901950
3903039
3903636
3903745
3904423
3904824
3905167
3905238
3905419
3905833
3906344
3907181
3907494
3908306
3909534
3909630
3909896
3910499
3910859
3912680
3916272
3920639
3921775
3922180
3922357
3922440
3922990
3923111
3924779
3925172
3926992
3928233
3929602
3931272
3933202
3935716
3936010
3936106
3937065
3939344
3939446
3940432
3941243
3944541
3946154
3947001
3947073
3947175
3947251
3947853
3947994
3948564
3948998
3949414
3950561
3950866
3951639
3953132
3955025
3955327
3956224
3956399
3959730
3959743
3963690
3964156
3964353
3964717
3965505
3966423
3966791
3967302
3968079
3968370
3968903
3970329
3971347
3973432
3974568
3974595
3975246
3975404
3976303
3977706
3977759
3978955
3979926
3982457
3984845
3985424
3985947
3987749
3989204
3990356
3991490
3994877
3995229
3998284
3998602
3999478
4000370
4001173
4002013
4003058
4006298
4007006
4010156
4010668
4012687
4013021
4013212
4015358
4017949
4018298
4018393
4018944
4019950
4021146
4022641
4024708
4025240
4027618
4030048
4030493
4031145
4032844
4033048
4033206
4033776
4034258
4034984
4037026
4037246
4038446
4039046
4039179
4039381
4039749
4039918
4041661
4041788
4042104
4044299
4045770
4046738
4047583
4047985
4048317
4048460
4050170
4050206
4051161
4052519
4052655
4053029
4053311
4053954
4055046
4055134
4055629
4056726
4057454
4059878
4059890
4060885
4061174
4061566
4061772
4063207
4063222
4066425
4066630
4068486
4068737
4069244
4070600
4071576
4073748
4074701
4075667
4076157
4076732
4077032
4082385
4082523
4084013
4084029
4085661
4085686
4086670
4086767
4088354
4088414
4088812
4090877
4092304
4093073
4094159
4098550
4098552
4098748
4100460
4101054
4104199
4104801
4106409
4107128
4107303
4107400
4112917
4113322
4114076
4114768
4114921
4115812
4117208
4117843
4118307
4118621
4121207
4121384
4121611
4121815
4123798
4126910
4128014
4128844
4129226
4132408
4132866
4133904
4135923
4139127
4139490
4142495
4143336
4143848
4144103
4145652
4146443
4146921
4148776
4151006
4151772
4151779
4152528
4152715
4152890
4154676
4155796
4156444
4157429
4158465
4159330
4160245
4161542
4162352
4162480
4163184
4163361
4164131
4169019
4169783
4170128
4171601
4172047
4173783
4173964
4177828
4178062
4178229
4178553
4179262
4179330
4180149
4180863
4181018
4182261
4182534
4182819
4184524
4187025
4190523
4191078
4194057
4195772
4196588
4196740
4197700
4198040
4198850
4200203
4200290
4200349
4200524
4202233
4205911
4206767
4207310
4207337
4208985
4210764
4211442
4211859
4212496
4213264
4213460
4214343
4215324
4216408
4216769
4217076
4217114
4218633
4218695
4219884
4224336
4224603
4225167
4225663
4226917
4226955
4227210
4227328
4227379
4229107
4230034
4231328
4231702
4238725
4239895
4240356
4241256
4241316
4241398
4242060
4242121
4242326
4242926
4243120
4243989
4244036
4245654
4246875
4247858
4248269
4251358
4253145
4253454
4253643
4253899
4254317
4257820
4259021
4259964
4262309
4262714
4265642
4268072
4269159
4270246
4273139
4273500
4274045
4274318
4274445
4274499
4275123
4275183
4275530
4276744
4276865
4278376
4279142
4280939
4281593
4281774
4284813
4285977
4286768
4286940
4287363
4287903
4287973
4288057
4288115
4288339
4288884
4289033
4292507
4293203
4293213
4293306
4293792
4293860
4294021
4294884
4296316
4298474
4298607
4303020
4305278
4306229
4307270
4307866
4310698
4310790
4313888
4317145
4317375
4318933
4319837
4320936
4321102
4322731
4323403
4323836
4325784
4327030
4327114
4327385
4329217
4329464
4330791
4333805
4334461
4334933
4335620
4336449
4336528
4337992
4338322
4338492
4338792
4342622
4344534
4345274
4346164
4346363
4346785
4349794
4350725
4353089
4353867
4353934
4354958
4356114
4356220
4356462
4357460
4357603
4357827
4357864
4359189
4359293
4360279
4361491
4362156
4363579
4366554
4367768
4371671
4372844
4373126
4378425
4379339
4381472
4384162
4384301
4384791
4387985
4388950
4389071
4389079
4390687
4392211
4392600
4394596
4396111
4396197
4396326
4397209
4397485
4398259
4398909
4399325
4399628
4400110
4400250
4401550
4402712
4403767
4405315
4405513
4405962
4406251
4406379
4406494
4407615
4409770
4410103
4410487
4410690
4413018
4415680
4415781
4417442
4418261
4419909
4419986
4420485
4421759
4422428
4423154
4423374
4425631
4427281
4427699
4428199
4430119
4433698
4435385
4435841
4436998
4437558
4438629
4439181
4439810
4440419
4440835
4441922
4442327
4444068
4444375
4445009
4445219
4446093
4446156
4446292
4449610
4450747
4453688
4456576
4458577
4460545
4461233
4463406
4464470
4464555
4464627
4464780
4465287
4465292
4465324
4465464
4466440
4467370
4468292
4468463
4468597
4468723
4469669
4470956
4472441
4475881
4476096
4477688
4480138
4480962
4481663
4481852
4482389
4482816
4483119
4484505
4484760
4485682
4486865
4491108
4491521
4492465
4493169
4493404
4493597
4494203
4495175
4497731
4498934
4500498
4502717
4503000
4503936
4504168
4505661
4506758
4507758
4508529
4509955
4511693
4513458
4514296
4516293
4516657
4518714
4520631
4521055
4521259
4522616
4524239
4525923
4526933
4529160
4530472
4532246
4532315
4532605
4533091
4534345
4535392
4535769
4537700
4537798
4538064
4538519
4539996
4540336
4540794
4541011
4542372
4543723
4546074
4547007
4547790
4548830
4550171
4550906
4552507
4553141
4554647
4555081
4555548
4555856
4556546
4557318
4557520
4560052
4560065
4560862
4561315
4561719
4562129
4562882
4563267
4565387
4565429
4565536
4566243
4566691
4567682
4567947
4568801
4570274
4570934
4571602
4573653
4573717
4574525
4574927
4575479
4576463
4577859
4578164
4578974
4579088
4581400
4582195
4584145
4584163
4584610
4584793
4586219
4586278
4588022
4588031
4590056
4593953
4594844
4595204
4595404
4595572
4596254
4598903
4599279
4599542
4600401
4600694
4601508
4602091
4602528
4602577
4605156
4605313
4607257
4607775
4607939
4608869
4609127
4610138
4610581
4611276
4611495
4611553
4611696
4613068
4613494
4613987
4614152
4615376
4615500
4616082
4616322
4616500
4616764
4619464
4620501
4622329
4624268
4628007
4628645
4629701
4629931
4634877
4636543
4638399
4638978
4641365
4643545
4643591
4644562
4646703
4647209
4650743
4651700
4651743
4652132
4652855
4656017
4659124
4662353
4662995
4663097
4666305
4667717
4668120
4668165
4668273
4670915
4671607
4674617
4677688
4680266
4682727
4685456
4685918
4687685
4688474
4688960
4691120
4691607
4692608
4693469
4694177
4694343
4695035
4696884
4696995
4697872
4697895
4698454
4698974
4699502
4699584
4700007
4703133
4704393
4704468
4705053
4706774
4708098
4709015
4709996
4710811
4711413
4712429
4712802
4713353
4713372
4713471
4715900
4716243
4717525
4718845
4721381
4722764
4724767
4727776
4728907
4729175
4729408
4729845
4730348
4732824
4733662
4734099
4734766
4737372
4737475
4738662
4739679
4739888
4742568
4743096
4744812
4746168
4746256
4747432
4747533
4747706
4749517
4749949
4751251
4754947
4755037
4755130
4755271
4755977
4757390
4758010
4758600
4759187
4763074
4764308
4764740
4766683
4767728
4767988
4769220
4771985
4773530
4773674
4774326
4775648
4778281
4778914
4782179
4783750
4783756
4785564
4787088
4787169
4787271
4787645
4788377
4794225
4794918
4795021
4796991
4796995
4798240
4798272
4801618
4801856
4803151
4803745
4804632
4804928
4806576
4807613
4811246
4811987
4812005
4816054
4816155
4816512
4816771
4818120
4819239
4819474
4820595
4823857
4825737
4826784
4826965
4827371
4828194
4828909
4829056
4829669
4830412
4831210
4831579
4833215
4835714
4837228
4842057
4842584
4846860
4847136
4848392
4850370
4850741
4850911
4851155
4851487
4852358
4852703
4852937
4853461
4854476
4855544
4857126
4857209
4857737
4857932
4859373
4860804
4861239
4862155
4863504
4863676
4865082
4866327
4866500
4868209
4869752
4870638
4872661
4873032
4873902
4876556
4877325
4878374
4879039
4879537
4880378
4881389
4883023
4883197
4883318
4883997
4884976
4885457
4886165
4886507
4886934
4887994
4889604
4889656
4891056
4891571
4891808
4895051
4897157
4897959
4898567
4900029
4901156
4903160
4904548
4904698
4905538
4905914
4906499
4906500
4906567
4908094
4908190
4908504
4909725
4910375
4910737
4912658
4913791
4914206
4914621
4915017
4915711
4916134
4916845
4917000
4921067
4922555
4923283
4923401
4924429
4926614
4927444
4927461
4930742
4931936
4932088
4933644
4933777
4935793
4936517
4939254
4939954
4940004
4940233
4942122
4943300
4943904
4944301
4944633
4944676
4944803
4945494
4945940
4946278
4947161
4947353
4949488
4950478
4951078
4952423
4953022
4953889
4954762
4955026
4957052
4957588
4957597
4958124
4958758
4959351
4960534
4961554
4962027
4962363
4966643
4968211
4968353
4968434
4974718
4975347
4975619
4975769
4976062
4976160
4977494
4977588
4978247
4978723
4979620
4982303
4983395
4983728
4984204
4987765
4988753
4989472
4990275
4990654
4990824
4991220
4992240
4992320
4993006
4993632
4994345
4994926
4995969
4996750
5000065
5000903
5002491
5002506
5003317
5005831
5005845
5006611
5008214
5009282
5009874
5010315
5010540
5011226
5012149
5013354
5013635
5014331
5014749
5014830
5015312
5016415
5016432
5017195
5017377
5017462
5017630
5018177
5018735
5019381
5021402
5021434
5021729
5021996
5022778
5025807
5026361
5026668
5026947
5030010
5030049
5034103
5034339
5034739
5034877
5034980
5035541
5037128
5037342
5037778
5038649
5038982
5039135
5039764
5040632
5043895
5044009
5044948
5049051
5049658
5050456
5050800
5050813
5051232
5054067
5054502
5055064
5055249
5057662
5057757
5060837
5060935
5063095
5063249
5063388
5063644
5064716
5066586
5067687
5070377
5070480
5070881
5071062
5072232
5072907
5076183
5077562
5077801
5079933
5080387
5082599
5083002
5083164
5087018
5087845
5088783
5090937
5091253
5092556
5095026
5095380
5096131
5096201
5097909
5099191
5099769
5100804
5101015
5101122
5102633
5104506
5105286
5105925
5106508
5106730
5107338
5107478
5109956
5109988
5110291
5110418
5111381
5115053
5116812
5121486
5121795
5122369
5122683
5122882
5123275
5123316
5123357
5123515
5124063
5124887
5125809
5125845
5128587
5128646
5131642
5133228
5134924
5134940
5135179
5135264
5136804
5137164
5137566
5137643
5137902
5138343
5138417
5140210
5141275
5142007
5143169
5143274
5143688
5149610
5150232
5151139
5151567
5151754
5152391
5154069
5155054
5159255
5159952
5160675
5161974
5162558
5163654
5164130
5164138
5164342
5164583
5167580
5168183
5168601
5168759
5169347
5171344
5171368
5171474
5171595
5171835
5173316
5174031
5175136
5176862
5177862
5178605
5181289
5183681
5183802
5185210
5185783
5186133
5187237
5187904
5188122
5188400
5188845
5189740
5190123
5190907
5190952
5193327
5193515
5193695
5194030
5194825
5196553
5197764
5198145
5199402
5202069
5203037
5203465
5203752
5204308
5204490
5204503
5205912
5206216
5207047
5208280
5208676
5209076
5209277
5209693
5209812
5210024
5212204
5213324
5213648
5214631
5215323
5215415
5216224
5216599
5216946
5217635
5218073
5221422
5222214
5222921
5224130
5225085
5226501
5227166
5227818
5228642
5229336
5229613
5230622
5231027
5231830
5231908
5233500
5235278
5235500
5235587
5236654
5236794
5237284
5237829
5237926
5238373
5238892
5243041
5244983
5246303
5248490
5248600
5248647
5248864
5249272
5249422
5250561
5250636
5250791
5251082
5252230
5254685
5255262
5256502
5258311
5260105
5260661
5262789
5264112
5264172
5265076
5265167
5265562
5266201
5266320
5266888
5266939
5266968
5268791
5269109
5269990
5270246
5270357
5270754
5271481
5271953
5273674
5274223
5275246
5277416
5278613
5279086
5279253
5279433
5279669
5282772
5283312
5284398
5285311
5286284
5288244
5289011
5291400
5292156
5293544
5293673
5294257
5295692
5296140
5298781
5298806
5299501
5301926
5303769
5305708
5306489
5306904
5308293
5309000
5309587
5311751
5314184
5315693
5316947
5318538
5321278
5325044
5325344
5325711
5326032
5326437
5326620
5327240
5327592
5328915
5330316
5330616
5330982
5331643
5333374
5335382
5335890
5339875
5340307
5343661
5346975
5349036
5349503
5350029
5351423
5352810
5352934
5353618
5354175
5357512
5358259
5358309
5359271
5361419
5362522
5363313
5363686
5364249
5364895
5366092
5366096
5367069
5367578
5368387
5368749
5368819
5371161
5371231
5371484
5372378
5373234
5373552
5374097
5376462
5376571
5377517
5377782
5378157
5381515
5381691
5383396
5384153
5385124
5385687
5386662
5388402
5390635
5390942
5392172
5392443
5392658
5394225
5395553
5398216
5399756
5399917
5401349
5401901
5402881
5404567
5404746
5405717
5406639
5407242
5407549
5408777
5409028
5409181
5409591
5409679
5410017
5410437
5410614
5411987
5413105
5413719
5414015
5414347
5414650
5414704
5417237
5417897
5418761
5420188
5420587
5421128
5421327
5421968
5422626
5424119
5424344
5424379
5424872
5425316
5425597
5425614
5426589
5427054
5427491
5429965
5430085
5430523
5431654
5432279
5432459
5432525
5435609
5435874
5436208
5436814
5437086
5437845
5438738
5439496
5440374
5443286
5445163
5446405
5447444
5447551
5449348
5450269
5450364
5454467
5455535
5456761
5457131
5457216
5457432
5457620
5457670
5462611
5463178
5463632
5463809
5464010
5464676
5465599
5466129
5466318
5467084
5467202
5467421
5468249
5469432
5469522
5469573
5470081
5471381
5473064
5473210
5473578
5474847
5475566
5475630
5475654
5475710
5477079
5477996
5479788
5479804
5480370
5482554
5482568
5482781
5482815
5483372
5484453
5485605
5485653
5486669
5487616
5487802
5488615
5489826
5491642
5492934
5493082
5493275
5493516
5493944
5495028
5495167
5495378
5496005
5496371
5496474
5497010
5497582
5497935
5498736
5500964
5501130
5501864
5504096
5505665
5507459
5508924
5510110
5510118
5510325
5511376
5512456
5513716
5514375
5514588
5515316
5517257
5517633
5518060
5519115
5520391
5520558
5521683
5522903
5523183
5523306
5523932
5524225
5524696
5524713
5525404
5525942
5526472
5528167
5528354
5529174
5529910
5530622
5531377
5532049
5532139
5532204
5534308
5537163
5537790
5538268
5539255
5539885
5540302
5541277
5542543
5543541
5544382
5545146
5546314
5546322
5547422
5547873
5550309
5550575
5550941
5551180
5552890
5553865
5555975
5556330
5559248
5559501
5559846
5560904
5561089
5561200
5561664
5561947
5565199
5565715
5567335
5568330
5569031
5569101
5570731
5572293
5573818
5574292
5574922
5575114
5575583
5576855
5577477
5578024
5578193
5578351
5578499
5578627
5580149
5580362
5580375
5583063
5583142
5585867
5586880
5586909
5587964
5589309
5590529
5592474
5592935
5593798
5594565
5595472
5595562
5595668
5597632
5598399
5600588
5601186
5601778
5601847
5603266
5603344
5604596
5605325
5606528
5607692
5608147
5609997
5610745
5613383
5613675
5613840
5616437
5616991
5617984
5618214
5618861
5620318
5621780
5621896
5623313
5623422
5625846
5627946
5628915
5630265
5630346
5631041
5631392
5631593
5631824
5632896
5633576
5633672
5635116
5635301
5636621
5637991
5639096
5639466
5639628
5641064
5642170
5642781
5645146
5647001
5647543
5647547
5648141
5649171
5649958
5650337
5651461
5651540
5653920
5654153
5655070
5655320
5656344
5656420
5657580
5658127
5658754
5659120
5659322
5659600
5659849
5660296
5660675
5661068
5662911
5664003
5665184
5668813
5670680
5672119
5672930
5672968
5673308
5673984
5674650
5674693
5674717
5674841
5677131
5677889
5677908
5678011
5678867
5678929
5679096
5679679
5680536
5681317
5682980
5683192
5683444
5685496
5685676
5687285
5687690
5687856
5689421
5690448
5690512
5691092
5691395
5691991
5693613
5694156
5696715
5697445
5697809
5698287
5698346
5698675
5698684
5702958
5703436
5703785
5705029
5706599
5707563
5708977
5712373
5713965
5714868
5718120
5719452
5721567
5721761
5721935
5722578
5723530
5726746
5727658
5728227
5728586
5729987
5731741
5734016
5734198
5737698
5737904
5739408
5740850
5743836
5744261
5744695
5744743
5747157
5747198
5748418
5748686
5749588
5751730
5752446
5754452
5754612
5754750
5755374
5755550
5756791
5757352
5763779
5764743
5764785
5764957
5765280
5765375
5765556
5766232
5766503
5766785
5767643
5769643
5770271
5770332
5770877
5772554
5773111
5773358
5773796
5773819
5775824
5776479
5776579
5776820
5777563
5777588
5781223
5781248
5784479
5787581
5788646
5789537
5790340
5791284
5791384
5791420
5792582
5794156
5794471
5795240
5795345
5795709
5799497
5799609
5800012
5802020
5802128
5802881
5803363
5803996
5805443
5806398
5809209
5809685
5812316
5813713
5814150
5814865
5815557
5816041
5816433
5818485
5820646
5821415
5821710
5823509
5826211
5826879
5828476
5828641
5830076
5830285
5831679
5831891
5832574
5835467
5835710
5835761
5836544
5836639
5837286
5837719
5839856
5840417
5840921
5841284
5841362
5841696
5843254
5844267
5844868
5845021
5845376
5845384
5847587
5847943
5850210
5850732
5852075
5852345
5852476
5855594
5855807
5856573
5856930
5859292
5859559
5860580
5862440
5864010
5864576
5864602
5865303
5865430
5866992
5868129
5869665
5870017
5870968
5870995
5871374
5871689
5872401
5872732
5873330
5873339
5873632
5877167
5878247
5878613
5880241
5880447
5881380
5881701
5881712
5881996
5883575
5883586
5884647
5884692
5884995
5885263
5885395
5886288
5886490
5886899
5887110
5887249
5887294
5887489
5889058
5889270
5889871
5890476
5892741
5894077
5894308
5897086
5898359
5899841
5901376
5901828
5901850
5904011
5904109
5905223
5905986
5906362
5907060
5907139
5907559
5908803
5908870
5909626
5913096
5913385
5914077
5915427
5915725
5917512
5918242
5919066
5920224
5921146
5922018
5924155
5924858
5925564
5929095
5931137
5931456
5933516
5934011
5935495
5935742
5936471
5936781
5936809
5936967
5937732
5938329
5939002
5939736
5941752
5941990
5942933
5943574
5943635
5943957
5944416
5944431
5946581
5947963
5949717
5951482
5953415
5954403
5956026
5959471
5959996
5963527
5964005
5967201
5967326
5968866
5970994
5973221
5973562
5974980
5977412
5978287
5979491
5980420
5981622
5981728
5982668
5984347
5985093
5985335
5985603
5985889
5986542
5987075
5988506
5989255
5989392
5991002
5991345
5993117
5995083
5995168
5995229
5996506
5999313
5999341
5999376
5999396
6000191
6001748
6004947
6005037
6005911
6005915
6006917
6006985
6007000
6007913
6009026
6009235
6009947
6011152
6012382
6013648
6015824
6016105
6017047
6017454
6017505
6017995
6019088
6019404
6019938
6021304
6021453
6022626
6022753
6023120
6023403
6024836
6026800
6028062
6028169
6029380
6030066
6030134
6030272
6030462
6032662
6032923
6033762
6034277
6034931
6038983
6039186
6040679
6042139
6043219
6043235
6043792
6046246
6046645
6047876
6048015
6048801
6050214
6050796
6052651
6053980
6055337
6055356
6058276
6059250
6059914
6060446
6060489
6062277
6064106
6064374
6064480
6064734
6064803
6065986
6066393
6066640
6068062
6068492
6068782
6069839
6070483
6071514
6072275
6072377
6073467
6075031
6075695
6077385
6077574
6078298
6078900
6079213
6081437
6081618
6084268
6085759
6085891
6086079
6086993
6087385
6089511
6090545
6090748
6090929
6091500
6091866
6092221
6093073
6095771
6096721
6099916
6099934
6100890
6104585
6105650
6107315
6107775
6108538
6109700
6110219
6111192
6111605
6112943
6115332
6115445
6119218
6119366
6121273
6122904
6122988
6124711
6127854
6128592
6128847
6129892
6131746
6132082
6132139
6132369
6133479
6134595
6135421
6135770
6137309
6137802
6139927
6139956
6140602
6141320
6141337
6143858
6145280
6145848
6146740
6148285
6148684
6149730
6151567
6152960
6154106
6156492
6156755
6158290
6158926
6159349
6161230
6161962
6162825
6163625
6163657
6164225
6164719
6166151
6166743
6168076
6171008
6171200
6175914
6177682
6178055
6178790
6179233
6179393
6179477
6181463
6181602
6182681
6184126
6186482
6186566
6187291
6188164
6189043
6189622
6190633
6190666
6191145
6193429
6193752
6195704
6197849
6198311
6198524
6200462
6201850
6204605
6204646
6206923
6207147
6207391
6207886
6209237
6212375
6213290
6215185
6215222
6219136
6219399
6220464
6221113
6221675
6223146
6224045
6225117
6225660
6226485
6226494
6226756
6227295
6228939
6230089
6232979
6236232
6236337
6236571
6237183
6239272
6239527
6239581
6239843
6242839
6242902
6243759
6243872
6244173
6244904
6246815
6246866
6248357
6250260
6250690
6251671
6252341
6253503
6254394
6255879
6257235
6258107
6258285
6260684
6261770
6262508
6262598
6263762
6263780
6264342
6265003
6265564
6266146
6266303
6266304
6267029
6268407
6269360
6269631
6269816
6270007
6270782
6271170
6272433
6273926
6275233
6275822
6277986
6278510
6278563
6278700
6279548
6280467
6280609
6281452
6281653
6283065
6285808
6286205
6287761
6287848
6288469
6289235
6291453
6292657
6292689
6295654
6295816
6295821
6298101
6299496
6299525
6299805
6300555
6301742
6302425
6302843
6303020
6304482
6307149
6307871
6308015
6309673
6310295
6310984
6312885
6312926
6314361
6315496
6317181
6317411
6317490
6317618
6318043
6319538
6319915
6321520
6322074
6325625
6326567
6326773
6328103
6328649
6329386
6331665
6332148
6334401
6334938
6335695
6338175
6338563
6338693
6338819
6338908
6339179
6341052
6341208
6342135
6343443
6343511
6345087
6345727
6345851
6346676
6348197
6351470
6352888
6354183
6354658
6356828
6359344
6359929
6360365
6360526
6360655
6361534
6362372
6363309
6363331
6364528
6367574
6369413
6369886
6371288
6371853
6372063
6372268
6372539
6373981
6374512
6375843
6377304
6377348
6377705
6378520
6378851
6379450
6382148
6382394
6383673
6383907
6384417
6384942
6385442
6385565
6385673
6385695
6386592
6387924
6388918
6389320
6390230
6391243
6392348
6393039
6393906
6393922
6395061
6396600
6397070
6397652
6398689
6400967
6401078
6402059
6403197
6403781
6404444
6404515
6405265
6407299
6407615
6408010
6408510
6411558
6412288
6412454
6412690
6413509
6413817
6414739
6414897
6414902
6415274
6415936
6416015
6417303
6418365
6419240
6419552
6420396
6420642
6421502
6422566
6424214
6424515
6425287
6426306
6426482
6427233
6428046
6430048
6431036
6431344
6432500
6433128
6436916
6437638
6437684
6437884
6444126
6444306
6445274
6446132
6450417
6451941
6452735
6453633
6459246
6460235
6461993
6462785
6464006
6464258
6465854
6467657
6467897
6468020
6468037
6468041
6469195
6470620
6472951
6474596
6474883
6477488
6477720
6479141
6479295
6479767
6480925
6482366
6483296
6485313
6485621
6485653
6485677
6486596
6487144
6487711
6488151
6488299
6488310
6488770
6488886
6490824
6491653
6491875
6492128
6492223
6492914
6494822
6495687
6496115
6497302
6498438
6499538
6499586
6500009
6502161
6502294
6502377
6502817
6502911
6503306
6503710
6504286
6504519
6505818
6506245
6508146
6511513
6512153
6515660
6515932
6516385
6516400
6516449
6517098
6517414
6520389
6520495
6520508
6520641
6521302
6523747
6525091
6525589
6526385
6526440
6526534
6526636
6528778
6529000
6531650
6532874
6533115
6534324
6535829
6535847
6537039
6537653
6538565
6538842
6538928
6540734
6541017
6542852
6542951
6543065
6545470
6547466
6549017
6550154
6550779
6554648
6559396
6559607
6560175
6560442
6562297
6562689
6562694
6563155
6563972
6564437
6565533
6568014
6568039
6568302
6568460
6568848
6569069
6569618
6570388
6571717
6573502
6573674
6576175
6578376
6579836
6580294
6580531
6580606
6580768
6581073
6581247
6581943
6582168
6583126
6583183
6583320
6584892
6586254
6586863
6588906
6589322
6589768
6590408
6590432
6592527
6593864
6594793
6596947
6598119
6600551
6601507
6605676
6605948
6606357
6607086
6607163
6607374
6607481
6607569
6608023
6608222
6612058
6612544
6613441
6613459
6614246
6614338
6615276
6615903
6616848
6617222
6619045
6620189
6620775
6621097
6625192
6625897
6626243
6626610
6627280
6628074
6628739
6628787
6629144
6630151
6630964
6630968
6631539
6631897
6632150
6635668
6635774
6637235
6639819
6644461
6644622
6646826
6646858
6646885
6646902
6649109
6650093
6650160
6650855
6651093
6653719
6657147
6657815
6658931
6660287
6661170
6662934
6664214
6665254
6665948
6666737
6667671
6668711
6669002
6669078
6669380
6669636
6675526
6675963
6676222
6677512
6681095
6681424
6682380
6682710
6682934
6685607
6686180
6686864
6688989
6689556
6689743
6691269
6692168
6693409
6694080
6694701
6695399
6696832
6697273
6697390
6697494
6699050
6699849
6700269
6702570
6703965
6706074
6707923
6708133
6709371
6712762
6714735
6717118
6719120
6720156
6721322
6721855
6722159
6722939
6723539
6723608
6724165
6724799
6725981
6726184
6726384
6726573
6728806
6729658
6729926
6730380
6734747
6735413
6735537
6735774
6736786
6738144
6739284
6740339
6740824
6743375
6744133
6745605
6747164
6747467
6748662
6749100
6749524
6749829
6750188
6750422
6752706
6756965
6757165
6757373
6761211
6761338
6761626
6762397
6762890
6763208
6765736
6766111
6767786
6768028
6768489
6770153
6770562
6770648
6770915
6771936
6773561
6775101
6775886
6775979
6776447
6776522
6777290
6780405
6781167
6781272
6781917
6783099
6784604
6788230
6788395
6790183
6793126
6794097
6794356
6794941
6795269
6795614
6795692
6795955
6796640
6796830
6797049
6797815
6799362
6799915
6800909
6801550
6801758
6802085
6802374
6802959
6803185
6803770
6804354
6807825
6808162
6809143
6809384
6809641
6810387
6811583
6813548
6814529
6815983
6816565
6817298
6823815
6824299
6825342
6827934
6828325
6828936
6830135
6833058
6835778
6836101
6845328
6846362
6846376
6846393
6846964
6850146
6852178
6852384
6853705
6854019
6854157
6854572
6856772
6858258
6858638
6860782
6861165
6861758
6861922
6862657
6865943
6866139
6866503
6868095
6871853
6874980
6875104
6876451
6877000
6879193
6879852
6880374
6886259
6888358
6888811
6889568
6890197
6890848
6891095
6891915
6892300
6892654
6894341
6895268
6896678
6897176
6897725
6900510
6902849
6903349
6903493
6903966
6904720
6906174
6908226
6913006
6914621
6914734
6918010
6918507
6918897
6921597
6921646
6924121
6924211
6924668
6925286
6926295
6926406
6926642
6927146
6928776
6928790
6928997
6929213
6929352
6929753
6929825
6929831
6930510
6931048
6931135
6932282
6932314
6932807
6933674
6933962
6935883
6936133
6937845
6939009
6939953
6940405
6942558
6942827
6943033
6943286
6944538
6947499
6947547
6947829
6949270
6951051
6951920
6953220
6953350
6953442
6953484
6954425
6956369
6956999
6957337
6957453
6958480
6959700
6961521
6962173
6962752
6962956
6965274
6965671
6965713
6965983
6966777
6968296
6969837
6970517
6972873
6973290
6974976
6975570
6975912
6976795
6977729
6978097
6978732
6980039
6980323
6982081
6982530
6982582
6983667
6984303
6984375
6985050
6985733
6986073
6987035
6987731
6988702
6990931
6991333
6991828
6992943
6994180
6995521
6997110
6998601
6998690
7000443
7001552
7002485
7005183
7005607
7005994
7007119
7007438
7008063
7008725
7008934
7009495
7010418
7011514
7012561
7012931
7014042
7015087
7015784
7015959
7019537
7019872
7020038
7020686
7021844
7025103
7026003
7028121
7034522
7035440
7037274
7039910
7042237
7043683
7044943
7046517
7049021
7049467
7049635
7051903
7052513
7053103
7059808
7061151
7063800
7064314
7066946
7066985
7067073
7069495
7070124
7070771
7074278
7074544
7074678
7075511
7075637
7076590
7076696
7076710
7078568
7080802
7081868
7083748
7084465
7085562
7086118
7087241
7087903
7090854
7091250
7092992
7094547
7095437
7097850
7098377
7101202
7103290
7103825
7105553
7107061
7107194
7107548
7108130
7108941
7110406
7110539
7111177
7111430
7113722
7114272
7114736
7115114
7117043
7119064
7119311
7119874
7123963
7125312
7125987
7128771
7130007
7130204
7131159
7131712
7132267
7132813
7133355
7133525
7137323
7138427
7139342
7142394
7145275
7145506
7146097
7147428
7148684
7150788
7153444
7154212
7154921
7155249
7156254
7157068
7158603
7159273
7159697
7160959
7161431
7161632
7162530
7163014
7165507
7166883
7166976
7172339
7174231
7174587
7176016
7177141
7180477
7180818
7182576
7183443
7183490
7186361
7187741
7189279
7191051
7197769
7198301
7200360
7200795
7201565
7201823
7202307
7202972
7203813
7203883
7203939
7204142
7205140
7207133
7207973
7209693
7210919
7211672
7213046
7214322
7215786
7217240
7217338
7217566
7219887
7219909
7219947
7220717
7221496
7223579
7223924
7225269
7225698
7225814
7227161
7227926
7229833
7230322
7231362
7232414
7232429
7232611
7232708
7234124
7235287
7235292
7235662
7236547
7236619
7237239
7238083
7238899
7238986
7239015
7239174
7240076
7240307
7240462
7242107
7242664
7242707
7243314
7243925
7245399
7246103
7246921
7247167
7247896
7249340
7249591
7251649
7251689
7256268
7256359
7258854
7260552
7261055
7262311
7262653
7263465
7264457
7265298
7266558
7268001
7268583
7270015
7271736
7272261
7275310
7279585
7280347
7284249
7285904
7286724
7286903
7288799
7289853
7290222
7290979
7292392
7292618
7292848
7292856
7297127
7297151
7297706
7298608
7299641
7300118
7302182
7303889
7304300
7304386
7305892
7307020
7307823
7308122
7309290
7309795
7310447
7312962
7312984
7313393
7315063
7316711
7317673
7319172
7320098
7323533
7324300
7324495
7325696
7327865
7328471
7328808
7332370
7333453
7333848
7335208
7336250
7336370
7336682
7340514
7340823
7340881
7341707
7342656
7343144
7343389
7343723
7347186
7349527
7349799
7350188
7351533
7353215
7353826
7353943
7356092
7356422
7356441
7356899
7357664
7358085
7359491
7360775
7360983
7363136
7367467
7368729
7370341
7370450
7371551
7372816
7374656
7374986
7375280
7375475
7375628
7376208
7376636
7377836
7379649
7380706
7383293
7383846
7384275
7384400
7385332
7391636
7393399
7394030
7394444
7394804
7395120
7396824
7399803
7400645
7401420
7401631
7402315
7403867
7403874
7406610
7407067
7407959
7408665
7409936
7410285
7416793
7417029
7417111
7417254
7417852
7418177
7418684
7418994
7420620
7420809
7420816
7423226
7423345
7423770
7424395
7425036
7425224
7425699
7426751
7428625
7428894
7429688
7430346
7430964
7432171
7432233
7434345
7435101
7437561
7437990
7438146
7439451
7440597
7444164
7444444
7445408
7445758
7447344
7447610
7447921
7448177
7448957
7451288
7452101
7452547
7453370
7453380
7453681
7453799
7453802
7455734
7457305
7459103
7459760
7460371
7464018
7465993
7467264
7467547
7468831
7469105
7470029
7470655
7473049
7473895
7473940
7474343
7474632
7474844
7475476
7476621
7477048
7477965
7478345
7478390
7478520
7479006
7482501
7482855
7483381
7483685
7484848
7488551
7488737
7491823
7493311
7494279
7495167
7496268
7496717
7499637
7499642
7500197
7501082
7501661
7501667
7504014
7505606
7507250
7507984
7508344
7508498
7508916
7512413
7514392
7515062
7518123
7519661
7519961
7521371
7521912
7522545
7522917
7523678
7528852
7531152
7531248
7531321
7531600
7533198
7537239
7537257
7537319
7538829
7539312
7540198
7541567
7545381
7549711
7550818
7551980
7552067
7552164
7552484
7552578
7553590
7556193
7556358
7556376
7556976
7558524
7559408
7559954
7561055
7563622
7564866
7566392
7568232
7568296
7570087
7571851
7572063
7572833
7573556
7573651
7574262
7574391
7574576
7575562
7577027
7577114
7578132
7578226
7579269
7579341
7580766
7580826
7580841
7582065
7582214
7584632
7584932
7585130
7585550
7588539
7589389
7590258
7591441
7596455
7600133
7603255
7603848
7603957
7604079
7604124
7605616
7607773
7608320
7609205
7610777
7611283
7611339
7612446
7613502
7614059
7614100
7614418
7615362
7617860
7618992
7619610
7620287
7620354
7621717
7623081
7625706
7626348
7626839
7627329
7628253
7628622
7631814
7631863
7632066
7632623
7633203
7635380
7640360
7640367
7640975
7641027
7641545
7643511
7643665
7645159
7645310
7645358
7645517
7647966
7651688
7652710
7653623
7656908
7658945
7661253
7662638
7663760
7664139
7664310
7666511
7666818
7669172
7669566
7670687
7671503
7673871
7673895
7674536
7674564
7675506
7676494
7677804
7678569
7678874
7679293
7680253
7680858
7680925
7681281
7681397
7683492
7683621
7683666
7683912
7684086
7685003
7687157
7687733
7688011
7688065
7689391
7691646
7692372
7692789
7695689
7696162
7696422
7696452
7697206
7698299
7698719
7699438
7700385
7700592
7702005
7702135
7702339
7703120
7703769
7705118
7705935
7707691
7709077
7710196
7711951
7713625
7715319
7717012
7717470
7718725
7719687
7721178
7723391
7723599
7724166
7724239
7724784
7728409
7728565
7729608
7730039
7731908
7732299
7734155
7736008
7737595
7740354
7740800
7741191
7741332
7743483
7743687
7745265
7746772
7747332
7747762
7748461
7748757
7749117
7749178
7749893
7752003
7756473
7759291
7759735
7760046
7761922
7761998
7762519
7762929
7763057
7767024
7767377
7767397
7767740
7767765
7770042
7770049
7770302
7771390
7772103
7772118
7772970
7773735
7774712
7777122
7777961
7781479
7782459
7785297
7785514
7785725
7786353
7787110
7787308
7787394
7787589
7788104
7788177
7789768
7790523
7791052
7791079
7791529
7792009
7792019
7792350
7793789
7794310
7795123
7795551
7796885
7797363
7797772
7799745
7800448
7800524
7802301
7803370
7804028
7804524
7808876
7809432
7810666
7812625
7813070
7813779
7813997
7814747
7815370
7816433
7816502
7820125
7821888
7822865
7823953
7824303
7824786
7824855
7825371
7825859
7826085
7826743
7827160
7828207
7828276
7828737
7829663
7830501
7831442
7831877
7832152
7833724
7834335
7836181
7836252
7836353
7836564
7836919
7839292
7839666
7839861
7840602
7840834
7841351
7841687
7841899
7842651
7845844
7846268
7846705
7846990
7847774
7848129
7849629
7850809
7851990
7852062
7852155
7852315
7854472
7855881
7856013
7856402
7856892
7857263
7859602
7860919
7862046
7865722
7865880
7868057
7868991
7869087
7869604
7869865
7871450
7871937
7872792
7873410
7873813
7874072
7874401
7875072
7876200
7876799
7877400
7878453
7881486
7881756
7882148
7884873
7887914
7887983
7889283
7890209
7891042
7893800
7894275
7894752
7895925
7896376
7896850
7897573
7897575
7898761
7901388
7903272
7904078
7904524
7905966
7905974
7906253
7906640
7906798
7907714
7908845
7909502
7909506
7909933
7910000
7914046
7914420
7915888
7917196
7917229
7917671
7918216
7919959
7921726
7922964
7923419
7924707
7925928
7926085
7926974
7932742
7932856
7936343
7936717
7937718
7940108
7941513
7942227
7942685
7945143
7945528
7947412
7947605
7950081
7950691
7950916
7952238
7952984
7953570
7954577
7954830
7955816
7958919
7960040
7966181
7966526
7968165
7968889
7971794
7972372
7972461
7972699
7974378
7975584
7976957
7977457
7978372
7978439
7979066
7979901
7982140
7982336
7982619
7984240
7986920
7987086
7987122
7987707
7987888
7987970
7988646
7989247
7990916
7991434
7991600
7992032
7992305
7995137
7995252
7997240
7998510
7999134
8000112
8001448
8001808
8002686
8003039
8004220
8004492
8004912
8005600
8007712
8007903
8008559
8009393
8009402
8011699
8011920
8012159
8013303
8014203
8014298
8015039
8016224
8017142
8018200
8019771
8020797
8021041
8021200
8021321
8021381
8021664
8022368
8022403
8022852
8022864
8025422
8026769
8027008
8027872
8028402
8028997
8029584
8029658
8029799
8029815
8030674
8031083
8031762
8033576
8033624
8034331
8034378
8034398
8036003
8039726
8040076
8040293
8040507
8040884
8042405
8044326
8044548
8044587
8044753
8045361
8045517
8046450
8048995
8049858
8050384
8050823
8051612
8051629
8051841
8051983
8054083
8055559
8056595
8057861
8058240
8058294
8061009
8063180
8063413
8066787
8070697
8071538
8071728
8072059
8072595
8074651
8076375
8076417
8076634
8076810
8078379
8078978
8080059
8080405
8080605
8081671
8082005
8082801
8083624
8085528
8088628
8090014
8091200
8091237
8092243
8092368
8092487
8092621
8093687
8094288
8095439
8096227
8097310
8103015
8103247
8104384
8105108
8105309
8105515
8106190
8108101
8110221
8110861
8114380
8114425
8114604
8115362
8117027
8119332
8119918
8120257
8120365
8121785
8122976
8124402
8125274
8126926
8127434
8127779
8128553
8128811
8129083
8129116
8129649
8129803
8130672
8131780
8133721
8133945
8135353
8135687
8136153
8136234
8136252
8137583
8139021
8139842
8141203
8142027
8142519
8143618
8146246
8146323
8147008
8148763
8149343
8149967
8150186
8151581
8153783
8156558
8157132
8157249
8159197
8160767
8160777
8160861
8167568
8168197
8169128
8169319
8173622
8173821
8175523
8175987
8177110
8177435
8178596
8179562
8183147
8184043
8185559
8187068
8188234
8189186
8189408
8191530
8192614
8192707
8194419
8195429
8195959
8197408
8197482
8199042
8199515
8201423
8204191
8204714
8204906
8205257
8207062
8207240
8208044
8208106
8208207
8208710
8209223
8210282
8212212
8213208
8214592
8215818
8217007
8217663
8217812
8219669
8220219
8221079
8221564
8222267
8222431
8222587
8222590
8223021
8226034
8226103
8226680
8230591
8230939
8231780
8233880
8235132
8235234
8235423
8236389
8236390
8236682
8237402
8237499
8238498
8238563
8239512
8241151
8242431
8243396
8243554
8244305
8245222
8245238
8245602
8247920
8249326
8249445
8249598
8251240
8251488
8251494
8252053
8252406
8252980
8256750
8259834
8261106
8262892
8264608
8267131
8270074
8270838
8271529
8272367
8272843
8274774
8276358
8277069
8277086
8277382
8277427
8277436
8277712
8278855
8280238
8282214
8283567
8283891
8284757
8286972
8287279
8287425
8287548
8287832
8288945
8289156
8289517
8292028
8294978
8296591
8297708
8300345
8302879
8303156
8303771
8304053
8304604
8305802
8307620
8307776
8309831
8312819
8313756
8314144
8315631
8316915
8319102
8319883
8321118
8321792
8322060
8323427
8324206
8324720
8326685
8326729
8327024
8327382
8327949
8327994
8328252
8328321
8331976
8332160
8332798
8336348
8336717
8339577
8340015
8340144
8342550
8344269
8344581
8346036
8349453
8349478
8350054
8350620
8350814
8355710
8356072
8356942
8358992
8359029
8359458
8359849
8359885
8360496
8360512
8360603
8360626
8360794
8360816
8360865
8362363
8362829
8363283
8365408
8367898
8370946
8371172
8373367
8373482
8373612
8374253
8375048
8377409
8377670
8378354
8378902
8380188
8382060
8383226
8383727
8384728
8384740
8386840
8387331
8387707
8388354
8388515
8388567
8388758
8392246
8393064
8393918
8396418
8396945
8397549
8399269
8399806
8400251
8402314
8403636
8403819
8404083
8404091
8404103
8405242
8408615
8409588
8412622
8413683
8414652
8415112
8415452
8416462
8417353
8420248
8421501
8422872
8423119
8423571
8423696
8427017
8427472
8427569
8427616
8431339
8432812
8435617
8436600
8437197
8437481
8438578
8438959
8439963
8441900
8443568
8443820
8443984
8447817
8448292
8448545
8452055
8453485
8453742
8454125
8454588
8454877
8455030
8458155
8458967
8460169
8460264
8460382
8461340
8461459
8465592
8466553
8466741
8468277
8470117
8471300
8472111
8473395
8473752
8474478
8478676
8479526
8479661
8481148
8481352
8482481
8486454
8487199
8487346
8487639
8487880
8491618
8493482
8495550
8495726
8495948
8496395
8496637
8502378
8504214
8506323
8507133
8509099
8510707
8510813
8512090
8513096
8513542
8513686
8514113
8514341
8514841
8515669
8515710
8518303
8519588
8520493
8520558
8520632
8521918
8522648
8523917
8525782
8526160
8526357
8527640
8527972
8528596
8529994
8531750
8532639
8534525
8535271
8535594
8537324
8538098
8539260
8539392
8540006
8540043
8540794
8540805
8541404
8542570
8543780
8544591
8545672
8547299
8548946
8549841
8552065
8552257
8555030
8556081
8556193
8556244
8559707
8560089
8560460
8560674
8561377
8562141
8562691
8563856
8565345
8565963
8566945
8567654
8571573
8571941
8572650
8573004
8574868
8576511
8576785
8579041
8580025
8580312
8582668
8583026
8583590
8583616
8584328
8584683
8586224
8587381
8588780
8590021
8590536
8594332
8602972
8603159
8605048
8606100
8607021
8607413
8608368
8609430
8610879
8612111
8613044
8615214
8615520
8615863
8617161
8619572
8620280
8620335
8620458
8621222
8621668
8623869
8626016
8629383
8629799
8631661
8631752
8633764
8634338
8634628
8635830
8635984
8637429
8637735
8638896
8639038
8641072
8641354
8641631
8642470
8643333
8643724
8644034
8644388
8649021
8651556
8652704
8652920
8653692
8653758
8655416
8657804
8658721
8659030
8659166
8662072
8663627
8664735
8665834
8666457
8672042
8672421
8672903
8674871
8675553
8676051
8676096
8677379
8679430
8680075
8681289
8681369
8682069
8682481
8683445
8683999
8684843
8684921
8686452
8686593
8686830
8687394
8689974
8690025
8690927
8690940
8691075
8693948
8694305
8694882
8695736
8696964
8697281
8697284
8697629
8699729
8701164
8702327
8702334
8703584
8704854
8706462
8706464
8706491
8706541
8706962
8707928
8708333
8708762
8709088
8712187
8714038
8714860
8716151
8716580
8719299
8721639
8725475
8725722
8726061
8726877
8729105
8730964
8733704
8734162
8735542
8738034
8738419
8738429
8738809
8739646
8740666
8740891
8741442
8742892
8743108
8743113
8744112
8745406
8746276
8747374
8747726
8748816
8748988
8749111
8749149
8749221
8749720
8749809
8749877
8751425
8751443
8751543
8751554
8751726
8751806
8752194
8753090
8754162
8756303
8756703
8756943
8757942
8758126
8758803
8760638
8765421
8765909
8766239
8766535
8766631
8766958
8767934
8768134
8769756
8769846
8771650
8771760
8773181
8774517
8776899
8777732
8778704
8781197
8782778
8783602
8784103
8785894
8786353
8787949
8788151
8788646
8790753
8792823
8795146
8796940
8799555
8800474
8801020
8801274
8803205
8805164
8805240
8805483
8808143
8808725
8809104
8809133
8809301
8810121
8810215
8810875
8811047
8811602
8812198
8815061
8818297
8818922
8819094
8820318
8820964
8821350
8821905
8823390
8823603
8826977
8827873
8828042
8828209
8833577
8837467
8838185
8840912
8841100
8843744
8845897
8846715
8847033
8849390
8850314
8851006
8852871
8853835
8856457
8856491
8856576
8856759
8856899
8860367
8860744
8861551
8861637
8863689
8864066
8864822
8869268
8870185
8870311
8872742
8872958
8873349
8874147
8874873
8879171
8879524
8880951
8880990
8881683
8882197
8884111
8885644
8885770
8889323
8891202
8891767
8892156
8896749
8897155
8897960
8898387
8898931
8902071
8902146
8903581
8903753
8904725
8905955
8907115
8907207
8907262
8907575
8907910
8908078
8909548
8910221
8911305
8912195
8912877
8912888
8913674
8914198
8914986
8916259
8918176
8920267
8920762
8920789
8921890
8924714
8924961
8926218
8927204
8927208
8927823
8927939
8929061
8929210
8929319
8929423
8929588
8930265
8930805
8931088
8932021
8932437
8933313
8933971
8936363
8937039
8938441
8938508
8939666
8941725
8944607
8945013
8945414
8946242
8946603
8946614
8946672
8946944
8949631
8951272
8951436
8957741
8958164
8959721
8959877
8961669
8962121
8962999
8967393
8971602
8972450
8972581
8972854
8974639
8975323
8975404
8975632
8976729
8977501
8977921
8978058
8978162
8979092
8979506
8979919
8980142
8980757
8981129
8984707
8984871
8985507
8986158
8986200
8987393
8987398
8987454
8987613
8988405
8989284
8991161
8991857
8993355
8994321
8995318
8995387
8996852
8998903
8999329
9000197
9000686
9002493
9006073
9006634
9006672
9009030
9009923
9015241
9015259
9015359
9017494
9017657
9018695
9020397
9022095
9022667
9023513
9024707
9026964
9027775
9029189
9029472
9030586
9034540
9035246
9035499
9036232
9036573
9036937
9038450
9038451
9039267
9040223
9040346
9040828
9042594
9043041
9044544
9045930
9045976
9047404
9047911
9048237
9049665
9049878
9050361
9051639
9052948
9053005
9053140
9053215
9053719
9053930
9054511
9055241
9056478
9057300
9057455
9058473
9060446
9061037
9061145
9062422
9062482
9063342
9063427
9064125
9065535
9068063
9070249
9070719
9070721
9071459
9072802
9074635
9074766
9075517
9076449
9078636
9079985
9081049
9081642
9082033
9082480
9085093
9089361
9090152
9091462
9091584
9092323
9092592
9093119
9093132
9093694
9094965
9095621
9097174
9099152
9100979
9101594
9102241
9102668
9102748
9104035
9105997
9106957
9107048
9109604
9111438
9112186
9112333
9112550
9112804
9113213
9113552
9115444
9115649
9117092
9117613
9118125
9120079
9122530
9125366
9125742
9128915
9130574
9131787
9133531
9133977
9135031
9136204
9137127
9137291
9138122
9140850
9141526
9144797
9146160
9146646
9147078
9149971
9151405
9151628
9152732
9154209
9156092
9156777
9157429
9157615
9157742
9160678
9160870
9161411
9167759
9167839
9168067
9168070
9169090
9170304
9172049
9172999
9173227
9173769
9174116
9174245
9174859
9175227
9175423
9175877
9176282
9179611
9180007
9180630
9180803
9181734
9181864
9182206
9187742
9188447
9188971
9189641
9189693
9190005
9190310
9191762
9191896
9193194
9194184
9195107
9195245
9195431
9195930
9196440
9196679
9197995
9200800
9201073
9201969
9202001
9202533
9203553
9204151
9207426
9207966
9208658
9209010
9209234
9210113
9210933
9213405
9214514
9214832
9216305
9217321
9218515
9220129
9224527
9226428
9227067
9228417
9228773
9231717
9231733
9231824
9231857
9232128
9236360
9236555
9236984
9239093
9239281
9239529
9240732
9241959
9242206
9242967
9244741
9244935
9245511
9247292
9247867
9249199
9249783
9250164
9251362
9255099
9257122
9257193
9260025
9260133
9260479
9260677
9262383
9262512
9262601
9264220
9266647
9267453
9267562
9268313
9268539
9270049
9270906
9272891
9274494
9274654
9275442
9275918
9276284
9277650
9278690
9279014
9279159
9279317
9279375
9280746
9281997
9282313
9287889
9288859
9289706
9290113
9290401
9291252
9291609
9291640
9292410
9292452
9292455
9292693
9292815
9297841
9298208
9298285
9298832
9300100
9301134
9302211
9304495
9304713
9309377
9310221
9310789
9310817
9310998
9312610
9314521
9314614
9315699
9316299
9316430
9316447
9316977
9317181
9320969
9322824
9324164
9324291
9324353
9324772
9326825
9327289
9331661
9334990
9335307
9336439
9337968
9338971
9340430
9341769
9345023
9346471
9347626
9349156
9349336
9350659
9351223
9352778
9353042
9357896
9359773
9362576
9364021
9364583
9364845
9367478
9369388
9369715
9369867
9372120
9375275
9377704
9379036
9380070
9381853
9382904
9383489
9384676
9384700
9385316
9385767
9387985
9390378
9392335
9393269
9394277
9395698
9396628
9396831
9397619
9398199
9398667
9399459
9400493
9400583
9400621
9401856
9402751
9405700
9406299
9407712
9409924
9413099
9413216
9413342
9416206
9417205
9417246
9417447
9417663
9417772
9418318
9418325
9419681
9420125
9420316
9422196
9422233
9422368
9423815
9426665
9427149
9429009
9429067
9429624
9429841
9430094
9433971
9434194
9435882
9435995
9436895
9437559
9438095
9438672
9438741
9441841
9441969
9442062
9442423
9443818
9444116
9444420
9444487
9445048
9445749
9447830
9448011
9448264
9448445
9449075
9449884
9450674
9450894
9451209
9451740
9452190
9452418
9454585
9454655
9456548
9458376
9458586
9459098
9460541
9460943
9461066
9461510
9462900
9463651
9463672
9463767
9463960
9464618
9466340
9470700
9470813
9471917
9471992
9472018
9472170
9472372
9472419
9473570
9473937
9474156
9475680
9475781
9476116
9476257
9479944
9480079
9481030
9481309
9481329
9483026
9484002
9484941
9485671
9485744
9486033
9486818
9486998
9488792
9489424
9495930
9496249
9497018
9497098
9498705
9498720
9499741
9500360
9501305
9501884
9502242
9502248
9505817
9506582
9506860
9506930
9506956
9510035
9510266
9510882
9515009
9516208
9516329
9516924
9517057
9517491
9518748
9519034
9520759
9520926
9521820
9522390
9527148
9528111
9528255
9528285
9529768
9530116
9531413
9531816
9533619
9534582
9536717
9540945
9543712
9546228
9547630
9548692
9550234
9550774
9552108
9552718
9553266
9554029
9555264
9555893
9556163
9556863
9558297
9559962
9561829
9563053
9563345
9567855
9568503
9569318
9570289
9571198
9571696
9572564
9572853
9573432
9573538
9574100
9574484
9575004
9575972
9576171
9577567
9578031
9581963
9584581
9586732
9587074
9587279
9587285
9591168
9591302
9591372
9591605
9592170
9592637
9593546
9594862
9595293
9595847
9597357
9597832
9599168
9600450
9601267
9601467
9602187
9603020
9606393
9607893
9609535
9610100
9612003
9612325
9612838
9617258
9617314
9617737
9618681
9619037
9619136
9619622
9619684
9620854
9621035
9627325
9627498
9627917
9630641
9632193
9632352
9632370
9632951
9633007
9634147
9634590
9634909
9635921
9636136
9638244
9639927
9642331
9643014
9643019
9643036
9647150
9648263
9648420
9649448
9650197
9651789
9652562
9653034
9654879
9655100
9655157
9655159
9655281
9655638
9655725
9655838
9655962
9656359
9656763
9657134
9660260
9660531
9660868
9661695
9662696
9663168
9663308
9664228
9666415
9666679
9668104
9668222
9672147
9672547
9673094
9673418
9674711
9676886
9678467
9678815
9679594
9681261
9682971
9683327
9684522
9684604
9686377
9687571
9687952
9688119
9688815
9688974
9689405
9689742
9690134
9690592
9690603
9691845
9692309
9692823
9694483
9695566
9695944
9696431
9697066
9698205
9698273
9699128
9700634
9701651
9703636
9704716
9705423
9706367
9707905
9708282
9708586
9709714
9712474
9713584
9715994
9718047
9721808
9724641
9724765
9724815
9725122
9726495
9728041
9728198
9728910
9729707
9730071
9730808
9731799
9731818
9732344
9732471
9734757
9736489
9737009
9738520
9738882
9740041
9740122
9742183
9742553
9743915
9746556
9746694
9747571
9747675
9748266
9749007
9750369
9750476
9751044
9751351
9751531
9751677
9753115
9753276
9755617
9757047
9758160
9758169
9759819
9760891
9761152
9761175
9761873
9762015
9762529
9763823
9765552
9766046
9767269
9768549
9770223
9770455
9771257
9771658
9773257
9776221
9777947
9778089
9781964
9783145
9783333
9784236
9784822
9785043
9786179
9786882
9788029
9788210
9789733
9790740
9790990
9791449
9791803
9794148
9794263
9797603
9797651
9799017
9800080
9800339
9800344
9803240
9803555
9803686
9804546
9805940
9805960
9805993
9806388
9806594
9807312
9809764
9810946
9813071
9816565
9817328
9817425
9817511
9818138
9818397
9819128
9820357
9823796
9824003
9826230
9827058
9828029
9828670
9828993
9829118
9829225
9829951
9830180
9830578
9831385
9833068
9833092
9833751
9834578
9834728
9835677
9839555
9841348
9844580
9845911
9845924
9846878
9847179
9847660
9847850
9849460
9851005
9853026
9854123
9854617
9854930
9854943
9854975
9854977
9857959
9859952
9860224
9860511
9860618
9862442
9866190
9867940
9868339
9868388
9871793
9873091
9873541
9874935
9875249
9876409
9876879
9877416
9877961
9879653
9879916
9880307
9882837
9882876
9883007
9883970
9884994
9885342
9886288
9888017
9888187
9888507
9889286
9889610
9889763
9890627
9890901
9893265
9894717
9894740
9895691
9896246
9896259
9897358
9897766
9898589
9899255
9901829
9902022
9903062
9903630
9903746
9903768
9903850
9903867
9908031
9909641
9909672
9910117
9910561
9910930
9911291
9911399
9911806
9912237
9913760
9916362
9916746
9916969
9918560
9920188
9920247
9920671
9921982
9923039
9923086
9924754
9925219
9925936
9926529
9926545
9928692
9929317
9929625
9930254
9930386
9931632
9931856
9931858
9932108
9933011
9934334
9936283
9936720
9938642
9940575
9940641
9942340
9942693
9942807
9944362
9946741
9947122
9950129
9954324
9957842
9957927
9960093
9961212
9962801
9962841
9962913
9963262
9964213
9965258
9966555
9969665
9971061
9972069
9973810
9975390
9977086
9978467
9979224
9982531
9984416
9986098
9987344
9989077
9989235
9994779
9995005
9995833
9995911
9996772
9997517
9997793
9999020
9999159
9999451
