359
1525
3180
6392
7154
7245
10567
10646
13672
14930
15222
15501
16498
17254
20023
20235
22980
22992
25755
26323
27999
28283
28408
29709
30340
30490
30838
32482
32703
33547
33935
34744
34914
36806
37842
38448
39215
40178
40942
41292
41712
41862
42560
42923
45826
46387
46523
49241
51676
53090
54611
54732
55232
55967
56354
56533
57781
58404
58645
59486
61126
62234
63467
65540
65687
67668
71239
71524
71746
71858
71918
72713
74842
78391
78898
79309
80560
80815
82111
82223
85263
88049
88822
90950
92006
93498
95558
96404
98046
98132
99041
99810
102441
103118
104589
104884
105894
107239
107503
108801
110910
110920
112657
113904
114022
114610
114635
116200
118740
118750
119366
119847
120827
120986
123189
123354
123529
124745
127103
127275
127442
128413
128874
131046
132488
132580
133061
136691
138677
139436
143727
144091
145566
145952
146350
146402
146489
146623
150729
151384
154124
155047
155406
156071
156653
157071
158670
158914
158990
160660
161839
161891
162068
164166
164568
164878
166070
166780
167522
168217
168257
168505
169071
169287
169417
169712
169722
171880
172042
172561
172806
172973
174169
175218
175254
175575
175636
176767
177083
177734
177961
179835
179868
184464
185514
185655
186577
187567
188755
189493
192392
193366
193979
194091
194782
195314
195381
196730
196810
198144
198894
199426
200254
200423
201514
202194
202735
203022
203761
205498
206051
206279
206943
207035
207160
207435
207670
208560
208647
209722
210345
212775
213526
213874
214547
214572
215096
215333
215432
216053
216072
216930
218243
219313
219364
219367
219440
219794
222106
224546
224985
225314
225773
228314
234244
234769
237123
237486
238051
239824
240303
240421
241081
241732
242368
243895
244272
245640
246047
247283
248052
249031
250333
251010
252861
253594
256539
256584
256846
259015
259220
259527
260057
260613
261117
261208
261465
261899
262197
262949
263149
267466
267653
267886
270376
271449
271726
273105
273288
273941
276590
276821
277559
277692
278186
279878
280318
281061
281442
282279
283679
284783
286699
289975
290435
293031
293583
293665
293918
297637
297644
297767
299918
302302
302851
303853
304880
304935
305176
308826
308900
310943
311184
311204
311866
314927
317628
317664
322469
322471
322715
323044
323360
324316
324912
325364
325749
325922
327069
328982
329765
330546
331047
331711
332109
332592
332825
333298
333435
335388
336466
337373
342385
342902
343548
343935
345732
345752
345790
346049
349160
349200
350349
350516
352345
354164
356324
357395
357611
358576
358874
359365
359871
362402
363294
363511
363567
364542
364620
364830
364849
365775
367065
368584
368787
369591
372808
374002
374568
376098
378819
380070
380213
381576
384765
385223
385267
385794
386697
387263
387639
388219
389356
391277
393306
393488
393760
398043
398572
399515
399535
400118
405332
409543
410958
415509
416593
416604
418191
418453
420008
421040
422429
425044
425929
426273
427841
429033
429527
430181
430456
431074
433057
439623
440567
441237
441325
444143
446257
446327
446575
446752
447107
448578
450357
452755
452868
453493
453545
453681
453770
454461
454487
454797
455604
455843
456616
456996
457456
457930
458810
459019
460032
460863
461571
462109
462755
463887
464417
465623
466416
467917
468250
468553
469239
469241
471168
473033
473550
474279
475930
475980
478475
478490
480029
480124
483808
483860
484063
484197
484296
484778
485761
486410
486476
486753
487126
487700
490685
490791
491423
492811
494127
495327
495579
496013
496356
496932
498254
498783
499141
500488
501316
502177
502856
503353
504086
504917
505718
507163
507850
510613
511040
513982
514770
515197
515848
516906
517518
517595
517785
518335
518422
518856
520249
521080
521203
521455
521534
521682
522556
523332
523484
524417
524511
528964
531827
531945
532029
532415
533079
535660
536843
538856
539769
541467
542850
543157
544219
546003
546955
547029
548513
549340
549349
552097
552196
552978
553894
554350
554469
554839
556304
556985
557882
557918
559166
559245
559323
560668
562329
563961
564526
565287
567735
568126
569280
569428
569579
569945
571251
571464
571781
572787
573022
574673
575090
575194
575480
575547
576155
578543
578586
578833
580745
582624
582794
583897
584043
584371
585372
585577
585630
587035
587126
587822
587989
589057
590823
590845
592100
594832
597981
598973
599055
601031
601579
603111
603345
604115
604724
605729
606152
607053
607165
607199
609272
609365
609417
609630
612054
612951
614556
615473
615690
615710
617130
618136
620572
622918
623302
623565
624700
624874
625390
627233
627453
627721
628005
628196
628444
628552
629429
630282
631462
633056
633263
634625
634993
635112
639061
639113
640774
642633
643917
644128
646743
646976
649104
649209
649515
649707
650702
652361
654451
654465
657159
657783
659214
659792
659942
660079
660102
660705
661435
662580
663115
663907
665046
665418
665530
665923
666372
671067
671497
671527
672226
672733
676923
677241
679399
679624
681538
682202
682750
682801
683781
690250
690407
690620
690945
691587
691662
693141
694873
695127
695895
696422
699118
699294
701575
702042
702382
703784
704892
705788
706731
708974
710921
712416
712890
712967
713348
714568
715097
718057
718502
719083
719706
721280
724009
725166
726262
726473
729004
729983
730873
731676
732002
733372
733824
734573
735014
736432
737326
737352
739238
741190
741949
742733
743202
743730
744908
745482
745524
745755
747654
748270
748554
748709
749063
752235
753716
753968
754022
754116
754613
755238
755571
756237
757093
763161
765814
767179
767548
767959
768826
769351
769791
772687
773381
774199
774494
774600
776921
777542
780286
782002
783903
784565
785387
786336
786959
787018
789374
789560
791250
798987
800482
801749
804840
805340
807286
807883
808075
808639
809958
810279
811493
812654
812716
813583
813916
814493
817107
818590
819063
821995
822594
822749
822859
822868
826232
829860
830854
833990
834222
834342
834860
838741
838893
840537
840676
841811
841974
842316
842534
843264
847074
847512
848972
849071
849661
850655
851637
854492
854929
856161
856237
856857
858085
858597
859327
859347
860198
864008
864218
864596
866611
867379
868690
870281
873946
874613
874908
875401
875677
875921
876523
876839
880109
881756
884802
885821
886389
887645
888602
890214
890600
891495
891549
892711
893797
895923
896392
897541
900011
900718
901001
901512
901579
901803
905533
905875
906684
907086
911035
911818
913083
914754
914901
917390
917598
919215
921633
921680
921849
922133
922154
925377
925636
926216
926560
927142
927610
929936
931928
932438
932923
932924
933437
933490
934190
934711
936026
937659
941183
941412
941860
944094
944288
944336
945632
945788
946430
946900
947731
951484
952276
954295
954684
956076
957277
957793
958062
958737
961375
963279
966556
969199
970740
971067
971594
973056
973539
975671
977426
978892
981692
984375
985996
987443
991256
992161
992165
992887
993940
995384
996470
996902
998775
999734
1002277
1003130
1003142
1003274
1004358
1004617
1006775
1008155
1009355
1010522
1010880
1011105
1011606
1012489
1012580
1012782
1013728
1016042
1016312
1016888
1016936
1017922
1018089
1018291
1022817
1023246
1023865
1024613
1024699
1025607
1025662
1025815
1025863
1027179
1028292
1029577
1031616
1032742
1033500
1033963
1034245
1036810
1037512
1040970
1042292
1042533
1043128
1044388
1046434
1048281
1049866
1051104
1051240
1053089
1053221
1053618
1057033
1057314
1057956
1059138
1059650
1060034
1061923
1063155
1063501
1063956
1066948
1067767
1069204
1069331
1069875
1070036
1070588
1070593
1071260
1071843
1073737
1074251
1074787
1075139
1075822
1076049
1076101
1076426
1076556
1076931
1077391
1079107
1080254
1082162
1082707
1083778
1085327
1086344
1086404
1086801
1088675
1092329
1092567
1095348
1095644
1097110
1097847
1097920
1098697
1098848
1099780
1103221
1103694
1103785
1103887
1105005
1105552
1106787
1109120
1111130
1111190
1111659
1112418
1113226
1113690
1114822
1115109
1115928
1116283
1116646
1118387
1119209
1119355
1120348
1121156
1121301
1121633
1122630
1124912
1125475
1125609
1127107
1130263
1132817
1134444
1135240
1138372
1140090
1140417
1141567
1141954
1144890
1145714
1146744
1148557
1151157
1151559
1151832
1151877
1152001
1155264
1155767
1156489
1157032
1159441
1160062
1160080
1160185
1161185
1162312
1169238
1169487
1170508
1171596
1172344
1174506
1174655
1177700
1178264
1178381
1179836
1179973
1183180
1184398
1184416
1188911
1188924
1189304
1190837
1191534
1192159
1193070
1193112
1193380
1194395
1195724
1197179
1197308
1197752
1198279
1198581
1199077
1199201
1199455
1200457
1201056
1201742
1203043
1204136
1206253
1206694
1211137
1212884
1213888
1214081
1214145
1215061
1216203
1216788
1219590
1219645
1220760
1220798
1222099
1222917
1223123
1223266
1223313
1223876
1224147
1225185
1225441
1226205
1227559
1229020
1229724
1233002
1234773
1237282
1238049
1238764
1238935
1241555
1242355
1243923
1245057
1248658
1249938
1251397
1252324
1253461
1254866
1255947
1256545
1258189
1258196
1259285
1261925
1262169
1262859
1264101
1265030
1267402
1267437
1268280
1268462
1269204
1270769
1271359
1272116
1275425
1275629
1275679
1276796
1277262
1279460
1281732
1282002
1282857
1285972
1286369
1289299
1289723
1291561
1291651
1292403
1294644
1295758
1296184
1296256
1297504
1297594
1297649
1298330
1302215
1302252
1303659
1305954
1306881
1308471
1311128
1311788
1311945
1312458
1312526
1312806
1312834
1315951
1316224
1317737
1321503
1322728
1322775
1323589
1323907
1324885
1325111
1326328
1327243
1327773
1330081
1330640
1332130
1334293
1334704
1335356
1335657
1336614
1337828
1339404
1339981
1340725
1344072
1345809
1345970
1347011
1347268
1347273
1348835
1349697
1352046
1352305
1352385
1352817
1356225
1356634
1357163
1357354
1357828
1360038
1360817
1361014
1361509
1361881
1362092
1362123
1362200
1363642
1364069
1365160
1365490
1366093
1366095
1366571
1368174
1368937
1369314
1369670
1370104
1370236
1371379
1372869
1372891
1372922
1375260
1376580
1377514
1378979
1381549
1382043
1382757
1388980
1389047
1389818
1392658
1393231
1394676
1395602
1397399
1398052
1398790
1398890
1400469
1404995
1406428
1406480
1406653
1407241
1407995
1408138
1410563
1410598
1412455
1412507
1414821
1416999
1417343
1420382
1420984
1422007
1422809
1428305
1428641
1429751
1430207
1430886
1431485
1432700
1434536
1434606
1438550
1439180
1439505
1439514
1439919
1440161
1442679
1443007
1443603
1445482
1447354
1448704
1448999
1450031
1451999
1452020
1453798
1454741
1455468
1456072
1457791
1459294
1459772
1460782
1460794
1466006
1466016
1467354
1467741
1467821
1468025
1468320
1468747
1470405
1470758
1471006
1471193
1471819
1472889
1474767
1475111
1476624
1476990
1479299
1480072
1480306
1480907
1481928
1481953
1482579
1482739
1482805
1483557
1483704
1483726
1483784
1485754
1485896
1486825
1487079
1487614
1487650
1487884
1488335
1489231
1492544
1492698
1492990
1495870
1497498
1497960
1498233
1499582
1499589
1500241
1501429
1504096
1505920
1507155
1507832
1510269
1511737
1511993
1512734
1512907
1513764
1515679
1515977
1517001
1520483
1521076
1521402
1521791
1522156
1522252
1523704
1523925
1523933
1524102
1525180
1525386
1526125
1526505
1526575
1526910
1526916
1530401
1530470
1531701
1533618
1534156
1535420
1535647
1535685
1535858
1536151
1537176
1538205
1538829
1538995
1541603
1542386
1542680
1542878
1543387
1544480
1544983
1545727
1547365
1549919
1550056
1550341
1550852
1550867
1551759
1551839
1552524
1554189
1555044
1555187
1556690
1557039
1559234
1560094
1561143
1561959
1562637
1563047
1564872
1565247
1565707
1567634
1569308
1573489
1574514
1575373
1577935
1578661
1580553
1580697
1582973
1583350
1585421
1587636
1587941
1588002
1590182
1590203
1590585
1593906
1594675
1595669
1595685
1596479
1596969
1597804
1599535
1601149
1603883
1604138
1604424
1606284
1607527
1608646
1610276
1610354
1610564
1611145
1611279
1611337
1611979
1612655
1612720
1615380
1616227
1620863
1621414
1625502
1625735
1625890
1628812
1629236
1629768
1631494
1631569
1632514
1633445
1635696
1639838
1640256
1641662
1641716
1642241
1642493
1644387
1645145
1646771
1650129
1650244
1650822
1651697
1653811
1654589
1654728
1656073
1656544
1656954
1658036
1658054
1659813
1659932
1660206
1660311
1662478
1663289
1665918
1666238
1667615
1668417
1671660
1672078
1672791
1676925
1678015
1678122
1678663
1679591
1679624
1679953
1680338
1680474
1680621
1681098
1681507
1681854
1683642
1684807
1684808
1684862
1685658
1686169
1686386
1687146
1688140
1689365
1689413
1690017
1690281
1692193
1692920
1694532
1696287
1697639
1699027
1699250
1700185
1700267
1702541
1703227
1703477
1706281
1706976
1708245
1708712
1710658
1712207
1712787
1713344
1713861
1715050
1716420
1717538
1717908
1718105
1720005
1721400
1722965
1723444
1726072
1728531
1729129
1730567
1730570
1733383
1734287
1735122
1736851
1738074
1739258
1739795
1740122
1740240
1742050
1742345
1743722
1744456
1745808
1745830
1746475
1747896
1749404
1749931
1750332
1751486
1752556
1752584
1754185
1754211
1756288
1757152
1758660
1759157
1761378
1762738
1763107
1763143
1766365
1767072
1767388
1769072
1769249
1769748
1771600
1771809
1771990
1773090
1773185
1773309
1774820
1775716
1776733
1778225
1779914
1781830
1783281
1784398
1784469
1785398
1785741
1786310
1788473
1788769
1789232
1790687
1791031
1791041
1791758
1792534
1793390
1793910
1794096
1795559
1797262
1797686
1797762
1800067
1803667
1804845
1807300
1808830
1809409
1809647
1809770
1809929
1810127
1810856
1811290
1811594
1812410
1813038
1813404
1813506
1814188
1814422
1815345
1815747
1816183
1816868
1818519
1819056
1819630
1820785
1822421
1823177
1824692
1825696
1826815
1827685
1827746
1827988
1828420
1828874
1829022
1829267
1830078
1830737
1831103
1831852
1832230
1833164
1833317
1834785
1835220
1838581
1840486
1840652
1841652
1843485
1844408
1844618
1845524
1845744
1846635
1847588
1848045
1848960
1850674
1850704
1850988
1851332
1851768
1852997
1853660
1853750
1854220
1856648
1857373
1860482
1861206
1861609
1862593
1862983
1863323
1864180
1864476
1865181
1866592
1866665
1867926
1868012
1868169
1868190
1870094
1870321
1870478
1871157
1874313
1876284
1877272
1877639
1877998
1878834
1880132
1880980
1883216
1884286
1884531
1886358
1887712
1890313
1892279
1892669
1892697
1892997
1893323
1895050
1896295
1896452
1897876
1898677
1898937
1899905
1900757
1901212
1901373
1902801
1903341
1906378
1906458
1907220
1907604
1908014
1909717
1910466
1910533
1911151
1914556
1915004
1915165
1915836
1916237
1917366
1917518
1918615
1918655
1918967
1919063
1919183
1919699
1919857
1920437
1922715
1922989
1925842
1927430
1927680
1928525
1929687
1931097
1933985
1934408
1935621
1938811
1941233
1941259
1942365
1942583
1942921
1943860
1943979
1945145
1945161
1948076
1948408
1949636
1953797
1954255
1955831
1957849
1958141
1958665
1960035
1960273
1961677
1962801
1963465
1964571
1966504
1967455
1967729
1969501
1970305
1971487
1971550
1971611
1974193
1975005
1975073
1975080
1978986
1979813
1980217
1980332
1980689
1980921
1981675
1982145
1982264
1983627
1985210
1985961
1988112
1988814
1991085
1991468
1991529
1993020
1994779
1995180
1996110
1998207
1998838
1999765
2001769
2002206
2003431
2003755
2004479
2004583
2004665
2005115
2005677
2008209
2008472
2010392
2010868
2011860
2012125
2012351
2013552
2013664
2014252
2014663
2015496
2015929
2016355
2019639
2019794
2019951
2021398
2022250
2022472
2022626
2024019
2024046
2024741
2025823
2027116
2027301
2029082
2029299
2029622
2030446
2030678
2032530
2032599
2033060
2033273
2033309
2034284
2034438
2034467
2037565
2037655
2039196
2039714
2043128
2043872
2045830
2050219
2051128
2052403
2053491
2053602
2053805
2055103
2055634
2056121
2057476
2058711
2060217
2061531
2062081
2066025
2066882
2067869
2068019
2068218
2069710
2070069
2071347
2072550
2073458
2074119
2075684
2075718
2076650
2077039
2077217
2077512
2078059
2078876
2081298
2081878
2082460
2083539
2084117
2086558
2087406
2089136
2089172
2089250
2089373
2090818
2091515
2091891
2091989
2093888
2097557
2098147
2099450
2099687
2099746
2099927
2100158
2100681
2102827
2103500
2104945
2105056
2105822
2105850
2106562
2108022
2108499
2109127
2109205
2109641
2111884
2111961
2112239
2113001
2113950
2114151
2116808
2117054
2117194
2117822
2119580
2120061
2122127
2123711
2125317
2125508
2125720
2126009
2126343
2127017
2127101
2127256
2130037
2131006
2131086
2131695
2132365
2132443
2134374
2134535
2137647
2139145
2140462
2140855
2144415
2146622
2148726
2149923
2150874
2151257
2151730
2152176
2152690
2153104
2154125
2154834
2154854
2156888
2158848
2161127
2162647
2163304
2163556
2164784
2166760
2166917
2167565
2168438
2169562
2169674
2169819
2170498
2170956
2171266
2172222
2174967
2175149
2175386
2175423
2179641
2179648
2181565
2181586
2181664
2182463
2183370
2183556
2183696
2190111
2190159
2190310
2190901
2192969
2193712
2195573
2196218
2197014
2197934
2197944
2198734
2201479
2204491
2204795
2205291
2206064
2206195
2206533
2207360
2207933
2208985
2210901
2213642
2213816
2214757
2215027
2216568
2217379
2218622
2218670
2218990
2220066
2221401
2223100
2223929
2224211
2225026
2225602
2226052
2226144
2226795
2227378
2228343
2228618
2228831
2229041
2229513
2230584
2230968
2231198
2232557
2232981
2234431
2234435
2235499
2235566
2236392
2236971
2237729
2237859
2238029
2238337
2238449
2239437
2240284
2241221
2241434
2241696
2243662
2244581
2245853
2246711
2246883
2247525
2247962
2248498
2249120
2249382
2250248
2251307
2251665
2252357
2254512
2255164
2257594
2258491
2258707
2260993
2263062
2263165
2264173
2264429
2264571
2265582
2266088
2266376
2266616
2267531
2267957
2268373
2271964
2272468
2273131
2273584
2275370
2276246
2277356
2277647
2278078
2281720
2283681
2283751
2283993
2284021
2284226
2284282
2287377
2288037
2288820
2289870
2291194
2292387
2294273
2294742
2296158
2297484
2297670
2301980
2302689
2303824
2303877
2305282
2306096
2306283
2306697
2306839
2307714
2309208
2310557
2311134
2313670
2313911
2314925
2316020
2316540
2317166
2318273
2318606
2319727
2319742
2320129
2320600
2322029
2324495
2324508
2324559
2328744
2329174
2336088
2336446
2336892
2338034
2339204
2340246
2340996
2341011
2342345
2344222
2347059
2348022
2349082
2349681
2349750
2349854
2350959
2352367
2352384
2352844
2354815
2355777
2358779
2358999
2362058
2362681
2365063
2366352
2366472
2366514
2369773
2369873
2371832
2372080
2372137
2372338
2373759
2374249
2374760
2377309
2379000
2381149
2381373
2381497
2382671
2382720
2383126
2384764
2385303
2386563
2387870
2389909
2390067
2390547
2390928
2392119
2392183
2393044
2393330
2394600
2395256
2395824
2396654
2398984
2399441
2400181
2401018
2401785
2401981
2402382
2402565
2403807
2404980
2407787
2409518
2410103
2411206
2414365
2416106
2417119
2417138
2418032
2420168
2421482
2422859
2423861
2424183
2425122
2425329
2426068
2426216
2427952
2428756
2428873
2429367
2429711
2430456
2431689
2432801
2432928
2434079
2434749
2435307
2435476
2436404
2439898
2443271
2443595
2444385
2445951
2446777
2447691
2448255
2449077
2449207
2450783
2450921
2451478
2451759
2452643
2452893
2453311
2453369
2453736
2453782
2455510
2455571
2456467
2458222
2461239
2461407
2463560
2464232
2465438
2465976
2466312
2466350
2467893
2471641
2471783
2472163
2472213
2474684
2475458
2476038
2476416
2477160
2477198
2477707
2478117
2478200
2480367
2483273
2485510
2485606
2486109
2487244
2488240
2488518
2488909
2489454
2490031
2497685
2497746
2498145
2498817
2500209
2500288
2500950
2500987
2502365
2502610
2504121
2506267
2508071
2508224
2509489
2509879
2510041
2512530
2513243
2514376
2515865
2516339
2517403
2517665
2520635
2521846
2521985
2522372
2523763
2527014
2528749
2530012
2533177
2533351
2535881
2536612
2537163
2538176
2538360
2538379
2538778
2538840
2538981
2539175
2539279
2543689
2543777
2545698
2546474
2549753
2554755
2555509
2555539
2555940
2557217
2558205
2560891
2561069
2561271
2564501
2566807
2566877
2567500
2568639
2569425
2571443
2571572
2571641
2571930
2573047
2575257
2575471
2575933
2576463
2576642
2577999
2580197
2580338
2583255
2586701
2587026
2588026
2588676
2588705
2590648
2591315
2591462
2593271
2593831
2596115
2597506
2597563
2599705
2600345
2600807
2602212
2602430
2604418
2605196
2605298
2605616
2606204
2607273
2608554
2612937
2613184
2613368
2614299
2615037
2615503
2616161
2616422
2617702
2618228
2618367
2618378
2618568
2618624
2618880
2619335
2619701
2619764
2621838
2624019
2625274
2626038
2627682
2628052
2628883
2629900
2630051
2630252
2632255
2634352
2635058
2635984
2636334
2636445
2637733
2638464
2640931
2642419
2644269
2645609
2646178
2646549
2646886
2648275
2648620
2649857
2651141
2652338
2652839
2654404
2655554
2656698
2656816
2657184
2658318
2660022
2660607
2660678
2660912
2660923
2661042
2664050
2664446
2665211
2665295
2666850
2667868
2670530
2670550
2671610
2671998
2672447
2674614
2674844
2675871
2676131
2676219
2680038
2680622
2682784
2683951
2684590
2686883
2688968
2690480
2691527
2694823
2696737
2698371
2698616
2699159
2700148
2701476
2702685
2703048
2703923
2705153
2706095
2707724
2709545
2710134
2711817
2713807
2714442
2714467
2714874
2716024
2716490
2716720
2717140
2717483
2718262
2718794
2718875
2719573
2719849
2719993
2720762
2723326
2725516
2727152
2729801
2730092
2732095
2734674
2735260
2736746
2737901
2738176
2739211
2739434
2741482
2744513
2745220
2745246
2745782
2747529
2748333
2748801
2748988
2750945
2751823
2754092
2754189
2754263
2754319
2754475
2754701
2755418
2756032
2758427
2760193
2761028
2761046
2761310
2761607
2761687
2761975
2763369
2764181
2765175
2765872
2767382
2767404
2767838
2769136
2772767
2774169
2774244
2776105
2776524
2777661
2777815
2779646
2780169
2781571
2781624
2782034
2783449
2784228
2784776
2784865
2786344
2787063
2788163
2791041
2792408
2793012
2793097
2793140
2793745
2795795
2797590
2800203
2800622
2800644
2802458
2805766
2807185
2807328
2807739
2809501
2809568
2811498
2812395
2813031
2813568
2817595
2818001
2818406
2819123
2819725
2819752
2821566
2822427
2824263
2824534
2825657
2825736
2826031
2826318
2826797
2827255
2828563
2830086
2832714
2833508
2835505
2836148
2838725
2840330
2841657
2842974
2846643
2847353
2849111
2850279
2850382
2852889
2852971
2854253
2854254
2854751
2857387
2861283
2861346
2861611
2863755
2864493
2867033
2867748
2869744
2870628
2871156
2871744
2873614
2873995
2875181
2875593
2877913
2878436
2879110
2881141
2881602
2881994
2882467
2882721
2884778
2884784
2885205
2886404
2886607
2888544
2888833
2891072
2891141
2892551
2892644
2893458
2894715
2896229
2897005
2897450
2899184
2903370
2903447
2903568
2905295
2905735
2908078
2908468
2911160
2911734
2912308
2913109
2914305
2916632
2916718
2917075
2917192
2918662
2921085
2923068
2923128
2924450
2926003
2928039
2929554
2929950
2931211
2931297
2932056
2933805
2934535
2935477
2935964
2936570
2936708
2938881
2939886
2940056
2940841
2945170
2945553
2945756
2946892
2946987
2948282
2951009
2951072
2951220
2952032
2955096
2955374
2955950
2956325
2956715
2956730
2958368
2961376
2961616
2965436
2967082
2967156
2968508
2971022
2971735
2973607
2973946
2975981
2978071
2978700
2979045
2980118
2982405
2982547
2984450
2986481
2986625
2987680
2989163
2989843
2992384
2993013
2993548
2995175
2995627
2996662
2996802
2997091
2997318
2997490
2997691
2997980
2997993
2998435
2999071
3001724
3004807
3005590
3005736
3006496
3006652
3009535
3010172
3010893
3011205
3011407
3012020
3012236
3012664
3013540
3013795
3014137
3014874
3016569
3016856
3020191
3020401
3020418
3020987
3021109
3021285
3021670
3022042
3022617
3023772
3024133
3024501
3024675
3025823
3027564
3027676
3027771
3028880
3029198
3029974
3030941
3031054
3031275
3034610
3034652
3035972
3036053
3037029
3042123
3042715
3044541
3047044
3047665
3050831
3051025
3051647
3051706
3052844
3053900
3054301
3054555
3054878
3055064
3055573
3056689
3056694
3058241
3060621
3060881
3064986
3066016
3066104
3067133
3068429
3069315
3071766
3073540
3075325
3075334
3077847
3078302
3078418
3078790
3082289
3082743
3083749
3084485
3084585
3085392
3085623
3087460
3088398
3090708
3090767
3090843
3090998
3093261
3095924
3096273
3096455
3097138
3099610
3100133
3100151
3100767
3100859
3101112
3102121
3102500
3103019
3103036
3103164
3103475
3104367
3104952
3109370
3110064
3110217
3110303
3111070
3111817
3113023
3114052
3114568
3114692
3115104
3115876
3116181
3118321
3118652
3119050
3121213
3124803
3127364
3128042
3128073
3128390
3131451
3131646
3131994
3133907
3134246
3134412
3135012
3135129
3135171
3135607
3137428
3137732
3139703
3140098
3141559
3144433
3145646
3146845
3147303
3149347
3149599
3151054
3151387
3151428
3152429
3152492
3153663
3154058
3154696
3155277
3157635
3157859
3159672
3160272
3161017
3161846
3161966
3163475
3164679
3165757
3166108
3166231
3167566
3169651
3171025
3171710
3176224
3179032
3179717
3180014
3180250
3181728
3182672
3186145
3186179
3186396
3187264
3188601
3189523
3190286
3191261
3195443
3196291
3197372
3200016
3201086
3201471
3202354
3204791
3204980
3205449
3209355
3210232
3210299
3210413
3215904
3216736
3216890
3217156
3217634
3218151
3219194
3219214
3220618
3221049
3221480
3221884
3221984
3225116
3226596
3227221
3229118
3229294
3229831
3230515
3230743
3231362
3231824
3231874
3232112
3233226
3234362
3236325
3238742
3239554
3239743
3242359
3243125
3244501
3244815
3244981
3246183
3246762
3252072
3252953
3252988
3254475
3256291
3257899
3257936
3258726
3258825
3259886
3259965
3262315
3264757
3267381
3267923
3269096
3271093
3273678
3274438
3274869
3275227
3275652
3275713
3280989
3281074
3281958
3282918
3286379
3287216
3287230
3289653
3293689
3294201
3295195
3295626
3297504
3299967
3300250
3300269
3300463
3300681
3300714
3301565
3303140
3304339
3304961
3305458
3306168
3307467
3308895
3309368
3310772
3310835
3310864
3311445
3312766
3313753
3313995
3314555
3314911
3315632
3316439
3317068
3317244
3318203
3318690
3320543
3322221
3323322
3323638
3324709
3324743
3325453
3326254
3327103
3327420
3330960
3333052
3334303
3334402
3334990
3336136
3337057
3337858
3338922
3339556
3339684
3341203
3341384
3341774
3341822
3342040
3343117
3343899
3345595
3345620
3347367
3348750
3349158
3350001
3356376
3358271
3358743
3358768
3360039
3360850
3361481
3361489
3362067
3364553
3367363
3368581
3369535
3370299
3370395
3372335
3372635
3374514
3375852
3377732
3379578
3379758
3380830
3382862
3383796
3384275
3384879
3386103
3386290
3387575
3387614
3388209
3388706
3388805
3388848
3390213
3392855
3393893
3393930
3394396
3394716
3396307
3397598
3399366
3400385
3400407
3400672
3401342
3401554
3404123
3407446
3407958
3408743
3409132
3409536
3409934
3410126
3410359
3410525
3411020
3411462
3412338
3412651
3412931
3413307
3413446
3413915
3414211
3415469
3416039
3416404
3417361
3417481
3418285
3419688
3420839
3421359
3422577
3423332
3423807
3425270
3428518
3428794
3430348
3430582
3432542
3433182
3435335
3435444
3436242
3438179
3441505
3442659
3443527
3444236
3445413
3448753
3451598
3452224
3455171
3460477
3461337
3462885
3463463
3463476
3463560
3463773
3464184
3464876
3468607
3468818
3471034
3471417
3471575
3472181
3474836
3478959
3479584
3480439
3482203
3482223
3482426
3483323
3485460
3485483
3485658
3487246
3487968
3488676
3489151
3489644
3490767
3491420
3492628
3493264
3493911
3494168
3494839
3496644
3497257
3503510
3503523
3504084
3504423
3505851
3505939
3505973
3506184
3507141
3509188
3511310
3513473
3517569
3519374
3519684
3520717
3522868
3523569
3523680
3523900
3524137
3526002
3527570
3529332
3530664
3532112
3532931
3533537
3536078
3537859
3537907
3538041
3539850
3540061
3540081
3540154
3541832
3542226
3543054
3543188
3543286
3544335
3544453
3544577
3545213
3546373
3546374
3547874
3548551
3548767
3548883
3551098
3551666
3554442
3554617
3554691
3558737
3558946
3560028
3560143
3560283
3560386
3561418
3561732
3563781
3565981
3567196
3568511
3568816
3568861
3569660
3570317
3570663
3571035
3573264
3574606
3574938
3578467
3578677
3579157
3579594
3580013
3581098
3581683
3583667
3583969
3584173
3584238
3584765
3584994
3585526
3585956
3587082
3588149
3588777
3590733
3591800
3592629
3593468
3593542
3594041
3595727
3595901
3597888
3598080
3598301
3599338
3599421
3599785
3600115
3603392
3604917
3605642
3606852
3608149
3608504
3609153
3612555
3613973
3614524
3614859
3614944
3615144
3615725
3616038
3617563
3617973
3619230
3620209
3620349
3620721
3621533
3621696
3621979
3622000
3622192
3622325
3622850
3624343
3624884
3626229
3626526
3628148
3630486
3632637
3633305
3633453
3633566
3633628
3634464
3635149
3635211
3635874
3636316
3636858
3639218
3640723
3640763
3641028
3641172
3641802
3642366
3642432
3642843
3643323
3643709
3643764
3644103
3646061
3648832
3651095
3652106
3652389
3653091
3656065
3658000
3658336
3658772
3660893
3661402
3662435
3662528
3663396
3663516
3663552
3663694
3664384
3665836
3666756
3669879
3670943
3671535
3672446
3673960
3674126
3674312
3674632
3676079
3676431
3678024
3678091
3679958
3680596
3681156
3684368
3686278
3686784
3687468
3687782
3687942
3688053
3689759
3689898
3691197
3691523
3691569
3692006
3692087
3692179
3692299
3692641
3692780
3692912
3692964
3694031
3695375
3697665
3698356
3698443
3699312
3700722
3702412
3706767
3707860
3708166
3713280
3715882
3716117
3716361
3716701
3717512
3719670
3719896
3719920
3720181
3721054
3721198
3722460
3723028
3726600
3729505
3730169
3731387
3731708
3733650
3735559
3735936
3736418
3737966
3740084
3742623
3742707
3742880
3743024
3743900
3745534
3746005
3746583
3746810
3747905
3748778
3754734
3755168
3757494
3761665
3761823
3763582
3763585
3763699
3763906
3765173
3765745
3766275
3766472
3767331
3768179
3768211
3768279
3768306
3769098
3769869
3770608
3771071
3772308
3774079
3774389
3774474
3774897
3777694
3778327
3778391
3778559
3779787
3780071
3781919
3782215
3782889
3784455
3785124
3788056
3788224
3789660
3790033
3791442
3791904
3793107
3794567
3796220
3797275
3797721
3798385
3798700
3798807
3799282
3799654
3800829
3801941
3802081
3802525
3803072
3803144
3804162
3804484
3805492
3806172
3807358
3808740
3809646
3809660
3810457
3811302
3812261
3813185
3813330
3814517
3814982
3815491
3815784
3816080
3816436
3816525
3816621
3818366
3819418
3819592
3821828
3823288
3825388
3825923
3827367
3827837
3829780
3830977
3830994
3831749
3837013
3837607
3838281
3838962
3840356
3841045
3843668
3843758
3845489
3845674
3846266
3846367
3846473
3847131
3847607
3848310
3848590
3850307
3852111
3853085
3853234
3857095
3857268
3857282
3857354
3857987
3858003
3858488
3859314
3859572
3860293
3861178
3861592
3862223
3863643
3864611
3864925
3865301
3866612
3867550
3867666
3870409
3870776
3873152
3873344
3873553
3876273
3876858
3877206
3879629
3879639
3880065
3881533
3881847
3882129
3882357
3883906
3884438
3885830
3889366
3890990
3891258
3891411
3891433
3891657
3891854
3894020
3895171
3895988
3897293
3898434
3898697
3898754
3899346
3900824
3900876
3902935
3903426
3905760
3907028
3907081
3907166
3907597
3907996
3910216
3911305
3911461
3911638
3912301
3914130
3914678
3915197
3915563
3917403
3917746
3918755
3919189
3919938
3920119
3921169
3921399
3921649
3921831
3921856
3923162
3923955
3925592
3925733
3926029
3928077
3929192
3930455
3935829
3938025
3939670
3940608
3944074
3944500
3944755
3944884
3946739
3946871
3947360
3947662
3948899
3949195
3949329
3949624
3950853
3951197
3951333
3953069
3957334
3957557
3957970
3959183
3961909
3963175
3963610
3965098
3965597
3965976
3966545
3966903
3968164
3969941
3970338
3970769
3970949
3971880
3972150
3974405
3976200
3976941
3976952
3976958
3977023
3978444
3980312
3980907
3982612
3982735
3982832
3983287
3983484
3984417
3984812
3988881
3989009
3989257
3989521
3990910
3992297
3992405
3992924
3996429
3996845
3997741
3998361
3998608
3999876
4000521
4000580
4001822
4002117
4002358
4002829
4005274
4007089
4008276
4009891
4009965
4014362
4014395
4014831
4017081
4018113
4018438
4018847
4019719
4021598
4022464
4022472
4024631
4026934
4027764
4028118
4028309
4029060
4029150
4029896
4030321
4031594
4032009
4033303
4033674
4033948
4034593
4034694
4038429
4038544
4040040
4040094
4040176
4041924
4042510
4043665
4043817
4045533
4045801
4047514
4048101
4048523
4051553
4051719
4056553
4056588
4057206
4058208
4059199
4059478
4059776
4060433
4060509
4060841
4061609
4062444
4064572
4064612
4065345
4065383
4066319
4067559
4067775
4068407
4068971
4070206
4071365
4071695
4073454
4073625
4074081
4074101
4075750
4076620
4076895
4078994
4079144
4081379
4081589
4082490
4083376
4083552
4084040
4084644
4085317
4086574
4088034
4088286
4089343
4089516
4090320
4092959
4093583
4094812
4095487
4095701
4096554
4098369
4099239
4101747
4102006
4102993
4102997
4103943
4104311
4104466
4105345
4106489
4107202
4107496
4107707
4109498
4111301
4111628
4112119
4112250
4113253
4114603
4116963
4117710
4118848
4119490
4123478
4123672
4124409
4124418
4124576
4125080
4125109
4125116
4127530
4128509
4128780
4129675
4130176
4130267
4130344
4131166
4133303
4134105
4135557
4135788
4136059
4136229
4136379
4137001
4137642
4137891
4138393
4138732
4139270
4140709
4142109
4142301
4142527
4142781
4142890
4143368
4144404
4144910
4145358
4145945
4146311
4146965
4150268
4150680
4150729
4150873
4153599
4154766
4154912
4155699
4157054
4158506
4161835
4163965
4164597
4165552
4166232
4167854
4168597
4168695
4170849
4170956
4173015
4173986
4174826
4175700
4175874
4176119
4181417
4181552
4182583
4182905
4185933
4185948
4186413
4186924
4189599
4189842
4190504
4191879
4193849
4194167
4195003
4196446
4197084
4199026
4200073
4200263
4200614
4200944
4203068
4203961
4204607
4204905
4204907
4206127
4206387
4207181
4208636
4209319
4209530
4209676
4210971
4211107
4212267
4213380
4213553
4213580
4215687
4217543
4217861
4218892
4222449
4223450
4223598
4223695
4223855
4225131
4225517
4227665
4227973
4231160
4232499
4233524
4233848
4233889
4233903
4234016
4235905
4236282
4238522
4239116
4239189
4239560
4239713
4240640
4240962
4241322
4241431
4241717
4243493
4244430
4244862
4246438
4246724
4247292
4248606
4249600
4250977
4251479
4252415
4252614
4254022
4255324
4255512
4257272
4258302
4259149
4262574
4263262
4263538
4264192
4264405
4264593
4264751
4265766
4267182
4267315
4269389
4270488
4270671
4270865
4271389
4271563
4272066
4273520
4274181
4275495
4276574
4277892
4279398
4279625
4279850
4283373
4283800
4284950
4284970
4285732
4286943
4287806
4288940
4288964
4289180
4291388
4293444
4293474
4293726
4294949
4295472
4296413
4296490
4298188
4298210
4302663
4303360
4304246
4306215
4307068
4307539
4307845
4308763
4309305
4309502
4310333
4310793
4311611
4313831
4314727
4314905
4315197
4319356
4319594
4319629
4319779
4319896
4321684
4322488
4322953
4323396
4324339
4324556
4325131
4326765
4327238
4327442
4327960
4330984
4331400
4332062
4332237
4332458
4333752
4334194
4336410
4341245
4341449
4341874
4342393
4342638
4343252
4344321
4344430
4347584
4348060
4348071
4351621
4354793
4355078
4356152
4357016
4357221
4359129
4359589
4359862
4360862
4361257
4361433
4362633
4363154
4363558
4365222
4366678
4368137
4368887
4369463
4371663
4374152
4374206
4374343
4375041
4375058
4376112
4376329
4376835
4377076
4379078
4380303
4383941
4384491
4389997
4392488
4392646
4393571
4395362
4395514
4395532
4395740
4399937
4400228
4400730
4401738
4403038
4404526
4405044
4406354
4408695
4409870
4412319
4412398
4412982
4413349
4414202
4414270
4415817
4416093
4416801
4417063
4418057
4419028
4420127
4420356
4420598
4421084
4421609
4422864
4423789
4424252
4425839
4425958
4426237
4427958
4428650
4429033
4431048
4431503
4432150
4433861
4435403
4435547
4436733
4438807
4439080
4439565
4439750
4440649
4441639
4441845
4442320
4443429
4445383
4445474
4445655
4446141
4447812
4448212
4450055
4450611
4451101
4451772
4454616
4455046
4456510
4458586
4461757
4461972
4462127
4463880
4464349
4464838
4465229
4466892
4469374
4470204
4472424
4472467
4474092
4474867
4476594
4476721
4478241
4480739
4480997
4483471
4485670
4486743
4487037
4488048
4489015
4490793
4491909
4494107
4494325
4495067
4495881
4495935
4496570
4498139
4498159
4498936
4499153
4499361
4499531
4500115
4501526
4502533
4504500
4504556
4506160
4509313
4511722
4513168
4515795
4516628
4518174
4518238
4519535
4519924
4520375
4520515
4521036
4521222
4521667
4521759
4522105
4522867
4525371
4525482
4526178
4527595
4528109
4528555
4529141
4529551
4531160
4533070
4533520
4534107
4534480
4534553
4534792
4535690
4535897
4536003
4537025
4537039
4537440
4540391
4541111
4541878
4542393
4542624
4543405
4544573
4545008
4545602
4548011
4548090
4548806
4549005
4549266
4549678
4550510
4554793
4555549
4556669
4558855
4559280
4559339
4560033
4560533
4561734
4562291
4562517
4562555
4562692
4564051
4564733
4565847
4565974
4566515
4567310
4570077
4572561
4575452
4576026
4576084
4581042
4582515
4582797
4583336
4584121
4584324
4587391
4587825
4589095
4589575
4590041
4590372
4591582
4592682
4592749
4593125
4594260
4594608
4594872
4596225
4596382
4597061
4598459
4598749
4600112
4600148
4600587
4601784
4605575
4607510
4607663
4608117
4608942
4611341
4613765
4615675
4617910
4619565
4619603
4621775
4621816
4623100
4625568
4625781
4626567
4628187
4629696
4630702
4631575
4632080
4632418
4632499
4632537
4633281
4633957
4635450
4636477
4639796
4641347
4644191
4644804
4644879
4644986
4646587
4647255
4648004
4648015
4649164
4649342
4651360
4652166
4654079
4654108
4655659
4655817
4657349
4661624
4663503
4664488
4665068
4665545
4668737
4671508
4671717
4673110
4673497
4674795
4675984
4677722
4679631
4680079
4680462
4684521
4685337
4687162
4689781
4689821
4690227
4690712
4691442
4691982
4692996
4696167
4697134
4697737
4699889
4700452
4700649
4703050
4703076
4703140
4706762
4707263
4707537
4708454
4709409
4711996
4712947
4716250
4716776
4721208
4724205
4724602
4724615
4724636
4727491
4727851
4728066
4728347
4728640
4728662
4730140
4731585
4732843
4732899
4733328
4735357
4735941
4736030
4736851
4737972
4739560
4740087
4740867
4741454
4741557
4742235
4743337
4744372
4744505
4745890
4747054
4748161
4748810
4748926
4750651
4751069
4751431
4751484
4752208
4752868
4754290
4754382
4754476
4755285
4757120
4757398
4757503
4759301
4759765
4760790
4760936
4760967
4761087
4761487
4762228
4763808
4764102
4764787
4765829
4767665
4768874
4768975
4769613
4769873
4771148
4772437
4772589
4773454
4773803
4774344
4774800
4779339
4779712
4779850
4781025
4781283
4781765
4782339
4785665
4786038
4786874
4789733
4793929
4793976
4794729
4796211
4797314
4798640
4800747
4800822
4800944
4801862
4802077
4802154
4803213
4804089
4805094
4805246
4806195
4807476
4813645
4814921
4816587
4817148
4823635
4825303
4825893
4826191
4826828
4827603
4827620
4828125
4829051
4830146
4831179
4832183
4832933
4833696
4833719
4834878
4836164
4838621
4839910
4842634
4842875
4843018
4843779
4843858
4844683
4845431
4846438
4846761
4847533
4849661
4851233
4852058
4852221
4853018
4854201
4854317
4855210
4855610
4855667
4855941
4857492
4859367
4863048
4863646
4866177
4866331
4866487
4866597
4868146
4868780
4869067
4870723
4870759
4870790
4871194
4871499
4872754
4873937
4874626
4875835
4876182
4876657
4876916
4877534
4879377
4880683
4881047
4881679
4883224
4883283
4883552
4884670
4886650
4890011
4890093
4890290
4890827
4891902
4891927
4894258
4896436
4896674
4897811
4898149
4899356
4902227
4903379
4907189
4907213
4908004
4908478
4909222
4909382
4909889
4910573
4910899
4912801
4913488
4913498
4914563
4915427
4916203
4916442
4916900
4920815
4921213
4922116
4923804
4923894
4924115
4925117
4925699
4926173
4928764
4929375
4929745
4929846
4931340
4931730
4933779
4934473
4935639
4936561
4937178
4937884
4938404
4938443
4938527
4938885
4938995
4939588
4940490
4940535
4944634
4946082
4947493
4947540
4947923
4948980
4949408
4951117
4952824
4952890
4953001
4954032
4955848
4957441
4959529
4959961
4961874
4962205
4963574
4965101
4965648
4966176
4966385
4967508
4968354
4971476
4971561
4971953
4974187
4975537
4975598
4980644
4982768
4983444
4983793
4984875
4984886
4986494
4987122
4991864
4991996
4992871
4993366
4994923
4995495
4996836
4996995
4997287
5000354
5005144
5006917
5007015
5010522
5010803
5010965
5012209
5012224
5013309
5014461
5014764
5014996
5017966
5018065
5018277
5018996
5020106
5021398
5021525
5022291
5023276
5025231
5025460
5027233
5027484
5027843
5028108
5030716
5032138
5032166
5032594
5033395
5034631
5034756
5035466
5035573
5035717
5037395
5039156
5039914
5039967
5041047
5042877
5044506
5045420
5046654
5046833
5047098
5048708
5049093
5053318
5053547
5053601
5054075
5056655
5056779
5056847
5058578
5059599
5060254
5062744
5063362
5066299
5066859
5067408
5067729
5069721
5069871
5071128
5072361
5072975
5075287
5077781
5078486
5079156
5079250
5083258
5085086
5086097
5086138
5086166
5086437
5087071
5088719
5088869
5089784
5090236
5090443
5093347
5094179
5094302
5095555
5096265
5096879
5097175
5101678
5102178
5103820
5104219
5104329
5104487
5105199
5105863
5106511
5107189
5107333
5111993
5111997
5112744
5112796
5112954
5114725
5115560
5116979
5122055
5122608
5122941
5125405
5125571
5126608
5126791
5127236
5129174
5129368
5129928
5132394
5133027
5134025
5134561
5134570
5135187
5135606
5138899
5139586
5139731
5141667
5142224
5143506
5144373
5144808
5145360
5147238
5148082
5148807
5149997
5150528
5150755
5151375
5151495
5152470
5152660
5153185
5154300
5156609
5156635
5159072
5159872
5160301
5161864
5163483
5166277
5167001
5167554
5169152
5170142
5170609
5171518
5173032
5174669
5175447
5175572
5177185
5177648
5177825
5180587
5180769
5182476
5183274
5184292
5185434
5186009
5186386
5186656
5189391
5190008
5191476
5191514
5192274
5192870
5195542
5195632
5198728
5199572
5200393
5200701
5201328
5204954
5207181
5207538
5207710
5210049
5210086
5210449
5211981
5212120
5213869
5214060
5214456
5214780
5215291
5215351
5215591
5220416
5220685
5222372
5223268
5223335
5224769
5225937
5227674
5228024
5228357
5229011
5234531
5235395
5236283
5237907
5238357
5238693
5238821
5239647
5242302
5242944
5242971
5244924
5246177
5246443
5247011
5256360
5256543
5256569
5257133
5257274
5258071
5260276
5261174
5261775
5262934
5263198
5264681
5266202
5266420
5266715
5266886
5270283
5270942
5271736
5272505
5273535
5274030
5274992
5275685
5275998
5276274
5276626
5277569
5279531
5279750
5280478
5280684
5280925
5282380
5282595
5282929
5283325
5284480
5284709
5285678
5287931
5288572
5288612
5291513
5292567
5297584
5297591
5298826
5299097
5299952
5300103
5300975
5301185
5301353
5303003
5303466
5303893
5304123
5304795
5307266
5307859
5308586
5310918
5310972
5311518
5314174
5314695
5314768
5314985
5317297
5318687
5318894
5319027
5319121
5320059
5321635
5321943
5323181
5324693
5324902
5325390
5325663
5326447
5327534
5328019
5328357
5329630
5330157
5331242
5331289
5331310
5331523
5331579
5331960
5333407
5334385
5334505
5338285
5338398
5338801
5339046
5340614
5340905
5343087
5345003
5345279
5346106
5346438
5347486
5349926
5351109
5351197
5352074
5352097
5353420
5353786
5353954
5354276
5356126
5356419
5356763
5358028
5358263
5360895
5362269
5362580
5363018
5363129
5363186
5364941
5365556
5366189
5366964
5367544
5368686
5370833
5371290
5373048
5374057
5374752
5375820
5376864
5379013
5380537
5382959
5383286
5383385
5384455
5385008
5386477
5388508
5391982
5394792
5394885
5396252
5396510
5398736
5399042
5399365
5400825
5402216
5402899
5403519
5403996
5404590
5406982
5407438
5407805
5408297
5408329
5408419
5408924
5409454
5411133
5412275
5413378
5413410
5413487
5418278
5420326
5422376
5422951
5423292
5424724
5427194
5427276
5427432
5428151
5428293
5428949
5429043
5430270
5433238
5433964
5435117
5436496
5437728
5439260
5440333
5442524
5443299
5444788
5445007
5446107
5446183
5446605
5446609
5446739
5447061
5449590
5449978
5450903
5451209
5452399
5452525
5453652
5454615
5455353
5456427
5456929
5458830
5459534
5464280
5468275
5469965
5471652
5472526
5472754
5473160
5474891
5475016
5476666
5477058
5477134
5477447
5477597
5481193
5482003
5482572
5482946
5485107
5487168
5487737
5487800
5488170
5490359
5493413
5494353
5495111
5496170
5496408
5497117
5497287
5498132
5498689
5498734
5499707
5500922
5501256
5501320
5501363
5501972
5502353
5505123
5508362
5509465
5509610
5510726
5511324
5512404
5513605
5519185
5519939
5520196
5520333
5521461
5522126
5522344
5523855
5526894
5529839
5530173
5530816
5531493
5531787
5532982
5533220
5533363
5534130
5535173
5535324
5535447
5535580
5536460
5538320
5539137
5540757
5541232
5543787
5544237
5544774
5545671
5545735
5545739
5546437
5546930
5548162
5548827
5549039
5551068
5551512
5554949
5555468
5557043
5559339
5559453
5559973
5560375
5561595
5563176
5564473
5564661
5564932
5567582
5569379
5570853
5571153
5571161
5571683
5572669
5573249
5573586
5576363
5577996
5578342
5578931
5579050
5579139
5580100
5581148
5584422
5584797
5586219
5586223
5586873
5588105
5589826
5590203
5594633
5595046
5596994
5601042
5601645
5602758
5603550
5604188
5604647
5609050
5609226
5611019
5611354
5611663
5611963
5615323
5615409
5617176
5619108
5619831
5620496
5621014
5623836
5624589
5625323
5626258
5627049
5628353
5629952
5631624
5632951
5635102
5635903
5636694
5638757
5638917
5639519
5640982
5641516
5643765
5644435
5644498
5646836
5647667
5647686
5647760
5648909
5649715
5650543
5651046
5653750
5659456
5659789
5659811
5660402
5660849
5661418
5662444
5663319
5664263
5664779
5665786
5667243
5667265
5667519
5667822
5667825
5668252
5669068
5670907
5670997
5671555
5673430
5673467
5674051
5677629
5678808
5678944
5680257
5680881
5681818
5682528
5683156
5683903
5684810
5686860
5687051
5687987
5688785
5688844
5690183
5691001
5694934
5696201
5696211
5696401
5696945
5698592
5699101
5701464
5703006
5703807
5704125
5704525
5706572
5706776
5706918
5708487
5708545
5709572
5709732
5710893
5713199
5713469
5714143
5715516
5718280
5719001
5720418
5721546
5721787
5721923
5722224
5723043
5724358
5724580
5724730
5725919
5726144
5727384
5727710
5730413
5731169
5734027
5736821
5738184
5739349
5739908
5745980
5746913
5747684
5748409
5748837
5750052
5750730
5752319
5753434
5755095
5756129
5756518
5757333
5757538
5757739
5758705
5758852
5758912
5758943
5759648
5761029
5761249
5761711
5761963
5762864
5763285
5766225
5766446
5766609
5767984
5768271
5768681
5769236
5769268
5769620
5770119
5770672
5771356
5774327
5774558
5776393
5777884
5778190
5779704
5779821
5780668
5782266
5782390
5784685
5785652
5785836
5786480
5787033
5791159
5792196
5793622
5793991
5794439
5796109
5796215
5796518
5796526
5796834
5797317
5797943
5801623
5802024
5802030
5803908
5804820
5805400
5806314
5806696
5806716
5806941
5810407
5811296
5811447
5811933
5812104
5814308
5814517
5814924
5815027
5815176
5817455
5818132
5818164
5818516
5820185
5820194
5820490
5821872
5823558
5823958
5824652
5826649
5826942
5828439
5832643
5833547
5835089
5836306
5836459
5839203
5842228
5843771
5844538
5845475
5847647
5848102
5849128
5849630
5850579
5851055
5852034
5852098
5852855
5853753
5854076
5854944
5856288
5857091
5857563
5859422
5860994
5861708
5862867
5862873
5865053
5865312
5869852
5870324
5871550
5872100
5875284
5876328
5877080
5877637
5878596
5878811
5879198
5881792
5884726
5885596
5888416
5889504
5891738
5892749
5894805
5896825
5897093
5897291
5897500
5898109
5898355
5898380
5898754
5900577
5901304
5901768
5902278
5903045
5903153
5903674
5905639
5905782
5906960
5908008
5908196
5908363
5908368
5910751
5911768
5912497
5913559
5915830
5915907
5918371
5920613
5920649
5920943
5921295
5922816
5924261
5924382
5924833
5925345
5925808
5928120
5929793
5931585
5932148
5932807
5933633
5936470
5937250
5938047
5939554
5939908
5940002
5943057
5944003
5944636
5944802
5946426
5947211
5948031
5948828
5949750
5950110
5953072
5953740
5953763
5953824
5953839
5954063
5954255
5955151
5958044
5958383
5958606
5959100
5960017
5961363
5961866
5962142
5962414
5962447
5964744
5965196
5965605
5966254
5970367
5971211
5971314
5971495
5972599
5973406
5973907
5974277
5976076
5976687
5978054
5979346
5979508
5979561
5980876
5982241
5984590
5984745
5985964
5986302
5987336
5988075
5990316
5990611
5991951
5994959
5996664
5996896
5998856
6000204
6000539
6000989
6002481
6002741
6004275
6006673
6007505
6008118
6008802
6009169
6009547
6011237
6011339
6012260
6012414
6013837
6016586
6017653
6019392
6022080
6025104
6025738
6025901
6026164
6026189
6028010
6028245
6028781
6029011
6029061
6031226
6032208
6032887
6033575
6034630
6036539
6037791
6038725
6041040
6044700
6045157
6046893
6047275
6047294
6047357
6048800
6050044
6052263
6053285
6054646
6055884
6056903
6058765
6058772
6058887
6058976
6059968
6060634
6060898
6061579
6066245
6068870
6071058
6071692
6071783
6072549
6072770
6073383
6074944
6074971
6076988
6077705
6078374
6080007
6080270
6081703
6082015
6082632
6083602
6085701
6086333
6086699
6087635
6087744
6088152
6089299
6089547
6091937
6093503
6095229
6096861
6097797
6100897
6103134
6103608
6104967
6105548
6106099
6106757
6106895
6107540
6107561
6108738
6109852
6110991
6111522
6115845
6116940
6117338
6117738
6117853
6118856
6121024
6121647
6123460
6123812
6124260
6125694
6129169
6131697
6132946
6134383
6134922
6136570
6137871
6139968
6140030
6140589
6141519
6142434
6145229
6145274
6145539
6145868
6146514
6147098
6148718
6149328
6150089
6152401
6152774
6153014
6155069
6157749
6158055
6159732
6161455
6162856
6163098
6163724
6165053
6165517
6166288
6170570
6171027
6172167
6175395
6176568
6177103
6178430
6178815
6178904
6179646
6180123
6180576
6181214
6183015
6185020
6185904
6186759
6187005
6189112
6190001
6190993
6191846
6193986
6195341
6195714
6195890
6196922
6199089
6201409
6201430
6202563
6202694
6203585
6206134
6207057
6208825
6211522
6212812
6213435
6214876
6215234
6215343
6218154
6221538
6221898
6221940
6222064
6224237
6224681
6226084
6226446
6227360
6228628
6229311
6233191
6234361
6234635
6235562
6238738
6239682
6240419
6242159
6244688
6245024
6245227
6245254
6245968
6246395
6246708
6247854
6248017
6248269
6248690
6248908
6249264
6250051
6250179
6250355
6250393
6251431
6252245
6253241
6254414
6254663
6255352
6255847
6257372
6258150
6258473
6258957
6262122
6264253
6264505
6264673
6266671
6267596
6267877
6268066
6268266
6269589
6271744
6271745
6272943
6273148
6273183
6274975
6277616
6279983
6280734
6280824
6281057
6281667
6282219
6283442
6286756
6287233
6288747
6291486
6295997
6297075
6299061
6300426
6300525
6304342
6304456
6305181
6306362
6306981
6308789
6309873
6310184
6312224
6314110
6314522
6317600
6320399
6321237
6321907
6322296
6323662
6324051
6326186
6326995
6328183
6328580
6329070
6329083
6330157
6330551
6330765
6332343
6333082
6333613
6333861
6333940
6335927
6337869
6337949
6338719
6339829
6340682
6340835
6340849
6342615
6342811
6344020
6344206
6344636
6344753
6345537
6345862
6346044
6346761
6348762
6350576
6351095
6352275
6352672
6353149
6353399
6353740
6353978
6354695
6355289
6356243
6357966
6359572
6360300
6360991
6361065
6361928
6362727
6363187
6363392
6363767
6364236
6364500
6365221
6365798
6366077
6366963
6367639
6368135
6368349
6369310
6371176
6373547
6373603
6374304
6375601
6375787
6375842
6376708
6378237
6378837
6382083
6382347
6384560
6385632
6386304
6387469
6388560
6389097
6390615
6391233
6391485
6391835
6392813
6394087
6395999
6396971
6398094
6398441
6398607
6400554
6401260
6401902
6403695
6404789
6406712
6407159
6408332
6409168
6410055
6411450
6412037
6413709
6415606
6416204
6416521
6417059
6418828
6419851
6420651
6421519
6422817
6426282
6426852
6428690
6429833
6430389
6430919
6430993
6431004
6431124
6432964
6432970
6434810
6435943
6436426
6437137
6438323
6439785
6441658
6441947
6442538
6444028
6444179
6444586
6445954
6446604
6447808
6449424
6450165
6451489
6451508
6451559
6452249
6453632
6453644
6454977
6455499
6456714
6457202
6457422
6460916
6461285
6464449
6466735
6466935
6467712
6469952
6470125
6470530
6471715
6471835
6473119
6473233
6473506
6473649
6473976
6478372
6478508
6478889
6480187
6480374
6481283
6482923
6483813
6485111
6485169
6486054
6488401
6489918
6490275
6491530
6492546
6495425
6495969
6497394
6498082
6498873
6499212
6499333
6502701
6506277
6508386
6509491
6510181
6511659
6511729
6512521
6512810
6513315
6514623
6514884
6515316
6515734
6518573
6519847
6521886
6522247
6522902
6527230
6527820
6528160
6528467
6531358
6532345
6533028
6533786
6533819
6535231
6535868
6536699
6538192
6540494
6540890
6543978
6544053
6544511
6545160
6545482
6545620
6546338
6546957
6551027
6551270
6552173
6553450
6553697
6556367
6556500
6556994
6557230
6558856
6559665
6560057
6561668
6563348
6564491
6564672
6565306
6565346
6565700
6567799
6569348
6569624
6570022
6570487
6570702
6570836
6570983
6574270
6574871
6575067
6575153
6575442
6577153
6577612
6578224
6578323
6579349
6579397
6580036
6580672
6580895
6583780
6584369
6584459
6585115
6585227
6585692
6586099
6586198
6586457
6588341
6588836
6589293
6590871
6591055
6592863
6593330
6594810
6594929
6597710
6598154
6598259
6599534
6601927
6602378
6602916
6603166
6603748
6604041
6605043
6605724
6606034
6606586
6607479
6608131
6608275
6608720
6608805
6609285
6609691
6609799
6609910
6610661
6611258
6611384
6611842
6613147
6614458
6615421
6615705
6615767
6615828
6615835
6615845
6618371
6618749
6618818
6619179
6619406
6620598
6621115
6621904
6622742
6622841
6623315
6627255
6628647
6630584
6630817
6631439
6631815
6632218
6635480
6636562
6637071
6637350
6638581
6639434
6640690
6640708
6641824
6642020
6642068
6642675
6642687
6642840
6643747
6644577
6645180
6646208
6646462
6646656
6646925
6647087
6648286
6648877
6651725
6657162
6657632
6662010
6662054
6663377
6663905
6665388
6667965
6668447
6668757
6671055
6672088
6673073
6673739
6674458
6674523
6675048
6675967
6678954
6679284
6680234
6681724
6683305
6683318
6684426
6684868
6687721
6687789
6689180
6690074
6691251
6691673
6693860
6694403
6694552
6694828
6697071
6697783
6700645
6703524
6703581
6703987
6705018
6705510
6705809
6706881
6709006
6710837
6711071
6711616
6711641
6711953
6713993
6714957
6715784
6716655
6719411
6720722
6720867
6721609
6723143
6723616
6723630
6724937
6725383
6725481
6727843
6728523
6728876
6728949
6729675
6731916
6733272
6734263
6734456
6735075
6737901
6738271
6738622
6739777
6740080
6740551
6741796
6745905
6747319
6748950
6749970
6750648
6751783
6752056
6753644
6754452
6757274
6758042
6758916
6759182
6760442
6762068
6762570
6763267
6764696
6765643
6766329
6766866
6766896
6767442
6767588
6769935
6770324
6770848
6772113
6772625
6772726
6773861
6773954
6778804
6779033
6780240
6780800
6780969
6781638
6783024
6783975
6784765
6788044
6788290
6790569
6790615
6790760
6791857
6793696
6795297
6795391
6795859
6797525
6798066
6799337
6800173
6800226
6800545
6800702
6801105
6804505
6805031
6806845
6807883
6810987
6811223
6811255
6811692
6815914
6816343
6816467
6816858
6817719
6817898
6818438
6820860
6821366
6822672
6823362
6825004
6826294
6826343
6826603
6828033
6828161
6829192
6829906
6829981
6830724
6834672
6835493
6836378
6836640
6836872
6838118
6838569
6839344
6839449
6839544
6840400
6840838
6841875
6843137
6843293
6843339
6845380
6846635
6848146
6848616
6850938
6852407
6856069
6857605
6858315
6858690
6859367
6860999
6861527
6864946
6865069
6865809
6868466
6869278
6869647
6870456
6871761
6875229
6876519
6877535
6877989
6879216
6879946
6879974
6883459
6885804
6886609
6886635
6886674
6887951
6890923
6891881
6892554
6893000
6893405
6893656
6895468
6895507
6895515
6896515
6897911
6898191
6901576
6902743
6903142
6904474
6905296
6905329
6905992
6906915
6907976
6909229
6910108
6910393
6910898
6910994
6912201
6913344
6913722
6914245
6914972
6915738
6918084
6918125
6920098
6920187
6921063
6921171
6921299
6921725
6921959
6922195
6926132
6926174
6928379
6929105
6931268
6932029
6932083
6934644
6935316
6936569
6936711
6937071
6937387
6938600
6940829
6941089
6941293
6942465
6944569
6945127
6945995
6946666
6948756
6949536
6949656
6949761
6950564
6954594
6956289
6956629
6957878
6958155
6958233
6959648
6960989
6961717
6961939
6963535
6964410
6965823
6966660
6966671
6967447
6968952
6969269
6970139
6970325
6971262
6972786
6976439
6976506
6978470
6979137
6979802
6981501
6985884
6986950
6988033
6988209
6988396
6988657
6989765
6989915
6992059
6994413
6995268
6998933
6999271
7002653
7002886
7003101
7003438
7003582
7004403
7006088
7007203
7008507
7010353
7010371
7010985
7013275
7021803
7023220
7026135
7026865
7027587
7028303
7029182
7030572
7032090
7032187
7032639
7032972
7034632
7034702
7035200
7035429
7036149
7036854
7037373
7037449
7037502
7040666
7041592
7042644
7043625
7043850
7044675
7045325
7045895
7049908
7051727
7052249
7053645
7054048
7054170
7054734
7057211
7058650
7059708
7061136
7067866
7068747
7071576
7073530
7074691
7076171
7077142
7077497
7077567
7077637
7078058
7078348
7078733
7078905
7079099
7079164
7080237
7081407
7082080
7082688
7083844
7084845
7088543
7090167
7090391
7092087
7092524
7094014
7094403
7096156
7096309
7097290
7097823
7098068
7100129
7102602
7104304
7104755
7105605
7108781
7109491
7109798
7111458
7111902
7115692
7116952
7116982
7118604
7118856
7119072
7119120
7122475
7122792
7123979
7125305
7125698
7126177
7129384
7130430
7131711
7132832
7133258
7135068
7137225
7139337
7141587
7142241
7142705
7143417
7144321
7144518
7144943
7145370
7145531
7146681
7149962
7150917
7155062
7155451
7156189
7158068
7161709
7161839
7161869
7162217
7162334
7162728
7163478
7164141
7166723
7166886
7167707
7167967
7168796
7169426
7170920
7171768
7172154
7173778
7175826
7176856
7178323
7181239
7181300
7181761
7182074
7182171
7182406
7182665
7185446
7186671
7188876
7189226
7189324
7190767
7191296
7191318
7197125
7197184
7197734
7197841
7197934
7199259
7199885
7200837
7201487
7202949
7203357
7203540
7203998
7204787
7204919
7205779
7205919
7208554
7209149
7209163
7209969
7211778
7212615
7213250
7213365
7213448
7214207
7214270
7215293
7215800
7216361
7217164
7217922
7218667
7218713
7219271
7220112
7220180
7221553
7222716
7223120
7224975
7225888
7226122
7226529
7227168
7227371
7228762
7231149
7231910
7232416
7232454
7232849
7234246
7236223
7236585
7237120
7238644
7238664
7239855
7240714
7241184
7242989
7244570
7244847
7245406
7245499
7245958
7246623
7250064
7250643
7251423
7252237
7252609
7254689
7257221
7257661
7259384
7259786
7260488
7264075
7264307
7265817
7265870
7266149
7268731
7269001
7269153
7270260
7270375
7272334
7272949
7273324
7274139
7275193
7275399
7275748
7277400
7277592
7279803
7280400
7280891
7282338
7283875
7284120
7284736
7287041
7287681
7288168
7288570
7288756
7289800
7290762
7291128
7292417
7294559
7294872
7295575
7295918
7295954
7296112
7296380
7296796
7298257
7298458
7302038
7302053
7303169
7303984
7304749
7305661
7306903
7307739
7308002
7308659
7309538
7312652
7313126
7314239
7314549
7315107
7315607
7316236
7317014
7318056
7319981
7320564
7321366
7321907
7323483
7324799
7325579
7325687
7329591
7331742
7332111
7332348
7334401
7335942
7336665
7338365
7339777
7340837
7340936
7342072
7342968
7343428
7344446
7344755
7345390
7345948
7346218
7346380
7351165
7351267
7352097
7352896
7353232
7354830
7355361
7357508
7359483
7359542
7360277
7362153
7363359
7363387
7363410
7366312
7368225
7369160
7371029
7371061
7371384
7371790
7372195
7372410
7372765
7373076
7373209
7373936
7374979
7375308
7375323
7375917
7377732
7379679
7381736
7383089
7388340
7389683
7390172
7390486
7390778
7393060
7393071
7393125
7393891
7393992
7394288
7394601
7395257
7395442
7396323
7397054
7398354
7399913
7399919
7400995
7403665
7404632
7406638
7407835
7409295
7409953
7410575
7411807
7412249
7413074
7413786
7414425
7414511
7414564
7422387
7422511
7425216
7428359
7428654
7428675
7429559
7430874
7431687
7432037
7432866
7432993
7433573
7435187
7436457
7438346
7438561
7439095
7439630
7440126
7440186
7440664
7443227
7443364
7443642
7443805
7444729
7444882
7445191
7449359
7451692
7454043
7455509
7456437
7456796
7458505
7458778
7459106
7461205
7462478
7462573
7462918
7463427
7465234
7465275
7465313
7465488
7465703
7467351
7467614
7467666
7468182
7469384
7471546
7471635
7471951
7473212
7473426
7474113
7474356
7477816
7477961
7478271
7479485
7479985
7480814
7480861
7482000
7482097
7482742
7483107
7483760
7485447
7486611
7487058
7491387
7491530
7491576
7492640
7492754
7493446
7494643
7494750
7495652
7499499
7500287
7501670
7502795
7505283
7505431
7506880
7507494
7508411
7509746
7512322
7513890
7514465
7515333
7515805
7517938
7518416
7518623
7518948
7519559
7519748
7520407
7520563
7521412
7521598
7522994
7523133
7524034
7524947
7526102
7526600
7526982
7527198
7527302
7527540
7527729
7532471
7532641
7533481
7535066
7537279
7540828
7542127
7542253
7542850
7543452
7545724
7546160
7548258
7549667
7550832
7550882
7551048
7551385
7552736
7554979
7556538
7556930
7557354
7559792
7559993
7560773
7562717
7563980
7564726
7564745
7564816
7564914
7566251
7566365
7566861
7568182
7569515
7570045
7571043
7572542
7572928
7574581
7574818
7576438
7577353
7577769
7578812
7580005
7580803
7581356
7584664
7586666
7587372
7587596
7588151
7588587
7589017
7589178
7591561
7593309
7594062
7594142
7594399
7594686
7595166
7595724
7596619
7597928
7600939
7603981
7604097
7604165
7604429
7606556
7608100
7608219
7609116
7609904
7610305
7612327
7615189
7617268
7617809
7618367
7619313
7620368
7620661
7624110
7624158
7624296
7624824
7625455
7625788
7626578
7627188
7628603
7629112
7629573
7629851
7630080
7631557
7633160
7633594
7634244
7634433
7635823
7636178
7638748
7639637
7643135
7644969
7645243
7646048
7649435
7649744
7650559
7652606
7654896
7655335
7655473
7655550
7656056
7656155
7656342
7656992
7657069
7661198
7662217
7662287
7663746
7665516
7666071
7666263
7667638
7667971
7668331
7669060
7669255
7671869
7672351
7673283
7674942
7675900
7675957
7676259
7676906
7676933
7678203
7679634
7681658
7682261
7682282
7683260
7683303
7683473
7684104
7684961
7685507
7687659
7688855
7689098
7689580
7694036
7694072
7694190
7694219
7701297
7701920
7702192
7703040
7706842
7707614
7708486
7709599
7711710
7713119
7714626
7714914
7715619
7716984
7717294
7719218
7719534
7719645
7720641
7721039
7721847
7722633
7722669
7722918
7723449
7724510
7724698
7725623
7726158
7726712
7728672
7730068
7732311
7732457
7733564
7734243
7734296
7734484
7734742
7735013
7736589
7736753
7737364
7743186
7743422
7743542
7744516
7747422
7747547
7748489
7750504
7751564
7752237
7752315
7753291
7755107
7756068
7757078
7757200
7757889
7758385
7758584
7759284
7759588
7759591
7760049
7761377
7762743
7766021
7766458
7769203
7771504
7772837
7774115
7774155
7775630
7776446
7777047
7777344
7777487
7778251
7779543
7781278
7784093
7787182
7788434
7788782
7788870
7789782
7790529
7791106
7792464
7792950
7794006
7794389
7794522
7795016
7795462
7798137
7798398
7799496
7800854
7802500
7802793
7802982
7803270
7804886
7805263
7805498
7807488
7809479
7810012
7810198
7810613
7811472
7811964
7812316
7813565
7815887
7815997
7819555
7820145
7820277
7823141
7825175
7827200
7829255
7830003
7830147
7831619
7831630
7832026
7832583
7834846
7835808
7839399
7841366
7842319
7842429
7844624
7844845
7851805
7855931
7856051
7857317
7857725
7858647
7858837
7859067
7859680
7860576
7863261
7863423
7865182
7865718
7866718
7866986
7867360
7868248
7869218
7871611
7873198
7873523
7875281
7876644
7877159
7877261
7879052
7879528
7879642
7879759
7880118
7881485
7883026
7884414
7885471
7885623
7886008
7886251
7886801
7888541
7889992
7890311
7891373
7891793
7891844
7892374
7894261
7895885
7896699
7897234
7897736
7897739
7897997
7901472
7902848
7903774
7905155
7906541
7907575
7908335
7908834
7909041
7910726
7911560
7913343
7913423
7913674
7913736
7913972
7914639
7914737
7915408
7915589
7916278
7916709
7917064
7917167
7918475
7920091
7920248
7920518
7922011
7923600
7924124
7924702
7925989
7926356
7927151
7927962
7928462
7931085
7931492
7932477
7935015
7935194
7938769
7939053
7939288
7939881
7940051
7940181
7941149
7942422
7943177
7943405
7944232
7946908
7948938
7949239
7949803
7951749
7952694
7953242
7954953
7955274
7956150
7956293
7956940
7957861
7958100
7958174
7959548
7959648
7960924
7962124
7962133
7963441
7965442
7965905
7969485
7969706
7970150
7973789
7973907
7974718
7975218
7977362
7979088
7979341
7982021
7983105
7983905
7984626
7985299
7985744
7986949
7987613
7987841
7990716
7990838
7991653
7993026
7994463
7996755
7998185
8001332
8001802
8002770
8005223
8005640
8009586
8009915
8010287
8010492
8010834
8013186
8014106
8016052
8017007
8020502
8021632
8022924
8024904
8026223
8027159
8027277
8027546
8030949
8031245
8034801
8035425
8036955
8038641
8038760
8041600
8042328
8042544
8042961
8044030
8044467
8044701
8045373
8047300
8049458
8050151
8050376
8052011
8053819
8055593
8056724
8056925
8057535
8059976
8060536
8061223
8062100
8062676
8063053
8064426
8068530
8068912
8070162
8070643
8071183
8071274
8072163
8072685
8073902
8074979
8075313
8075723
8076894
8077879
8077896
8077967
8078575
8079992
8082060
8082653
8082866
8085127
8085653
8087480
8088755
8090306
8091410
8091433
8091435
8091477
8091807
8095134
8095603
8096972
8098388
8099526
8100052
8102110
8103156
8104063
8106338
8106562
8108821
8109816
8110821
8112391
8113717
8115038
8115857
8117791
8119051
8119116
8122427
8122501
8124056
8124812
8125028
8125125
8129122
8129519
8131356
8131758
8133109
8133234
8134488
8135014
8136515
8136592
8136800
8136988
8137546
8137930
8138462
8138791
8140728
8141678
8142190
8142825
8143539
8144557
8146216
8146317
8148031
8148260
8149567
8150707
8150709
8151203
8151216
8151762
8152845
8153498
8154412
8157170
8158669
8158797
8162007
8162341
8162423
8162803
8162931
8163056
8163968
8164123
8164284
8165873
8165923
8166270
8166384
8168168
8169702
8170315
8171769
8172605
8173813
8174113
8174241
8175035
8177882
8178401
8179483
8180862
8182197
8182391
8182622
8185055
8188009
8188177
8188836
8189085
8190499
8191663
8191673
8192959
8195067
8195788
8196661
8197440
8198939
8198968
8199410
8199606
8200106
8202552
8203091
8204139
8205252
8206724
8207259
8207781
8209739
8210274
8211468
8212064
8213479
8214367
8214843
8215371
8217104
8217829
8219404
8219421
8221016
8221177
8222970
8223559
8224887
8227824
8228463
8228581
8230791
8233531
8235703
8236504
8237289
8238913
8239919
8240257
8240571
8241946
8242332
8242337
8242660
8244161
8245090
8246214
8249045
8252524
8253214
8253988
8255649
8257617
8258156
8258496
8259558
8261435
8263728
8264405
8265833
8266815
8267567
8270270
8270368
8271250
8271393
8274754
8275039
8275076
8275481
8275980
8276430
8276588
8277101
8277482
8278071
8279530
8283377
8284415
8285744
8285773
8286836
8287903
8288178
8288635
8290565
8291951
8291967
8292184
8293487
8295397
8297683
8302532
8304345
8306121
8309603
8309660
8309749
8311720
8315023
8318247
8319823
8320126
8320523
8320775
8321528
8322145
8323829
8327219
8328756
8330501
8331540
8331694
8332369
8332690
8333747
8333836
8335791
8336969
8338682
8338692
8338975
8339084
8340316
8342084
8343924
8343944
8344789
8346335
8348476
8348742
8350127
8352483
8353857
8354787
8354868
8356110
8356188
8357465
8357552
8360009
8360488
8360858
8363709
8364165
8366759
8367294
8368836
8369199
8370840
8371159
8371556
8373979
8376872
8379457
8379684
8382115
8383699
8386868
8387243
8387771
8388910
8391237
8391311
8391881
8392362
8392828
8393856
8396319
8396574
8397292
8397604
8398435
8399163
8401146
8403426
8404115
8405873
8407771
8408531
8409799
8409951
8412366
8412416
8413580
8415297
8416267
8417111
8417215
8418441
8418544
8421264
8421395
8421864
8423615
8424573
8426398
8426555
8426728
8427952
8428692
8428898
8428939
8429311
8429712
8430266
8430744
8431228
8431414
8432716
8434670
8436847
8437365
8437648
8438239
8438490
8439977
8440111
8441588
8441688
8442066
8442550
8443248
8446752
8447436
8451198
8452962
8453114
8453187
8454698
8455231
8455638
8456540
8456665
8457049
8457814
8459233
8460031
8460772
8461620
8462738
8463517
8465188
8467814
8467842
8471133
8471652
8472704
8473285
8473716
8474048
8477098
8477296
8477615
8478039
8482189
8483887
8484000
8484022
8485039
8485412
8486268
8486493
8486935
8487883
8492022
8493785
8497505
8499068
8500629
8501866
8502309
8502950
8504129
8505719
8505759
8506429
8507810
8508886
8509877
8511004
8511009
8511688
8511737
8514899
8515301
8515551
8516524
8516811
8518629
8519841
8519952
8520449
8521217
8522716
8523069
8525172
8526061
8526802
8526955
8527482
8529866
8530917
8531570
8531709
8532458
8532495
8538940
8539378
8541744
8542695
8543607
8544269
8544449
8544707
8544897
8546388
8546626
8546643
8548981
8549189
8549320
8550922
8551312
8551430
8551528
8552561
8556110
8557117
8557546
8557887
8558510
8560515
8560913
8562307
8563008
8564353
8564387
8568884
8569113
8569700
8572246
8572503
8573977
8574408
8576301
8576986
8577054
8577892
8577929
8578246
8579043
8579934
8581955
8583446
8584465
8584598
8584990
8585238
8585275
8586385
8586825
8587135
8589890
8590302
8590534
8590989
8592090
8592458
8595443
8600437
8600998
8601495
8601934
8602080
8604948
8607352
8607735
8609108
8609521
8610499
8610738
8611643
8612630
8617017
8617172
8618981
8619342
8620105
8621662
8621915
8622099
8623427
8625731
8626547
8626982
8628609
8629987
8631890
8631905
8632902
8635900
8636474
8638331
8638826
8639563
8639767
8640033
8642176
8642724
8643596
8643623
8644185
8644594
8644859
8645120
8645215
8646600
8646642
8647054
8649230
8649603
8650018
8650917
8651688
8653160
8653259
8654222
8654620
8655803
8657117
8657308
8657827
8658118
8659058
8661271
8662460
8663496
8665461
8666787
8667638
8668462
8669138
8669707
8671153
8674419
8676837
8677029
8679268
8680175
8680208
8682839
8683699
8684919
8686492
8686856
8687682
8688186
8689093
8691201
8691577
8691672
8691719
8692138
8692600
8692984
8693650
8695016
8695780
8696175
8697049
8697081
8697238
8697522
8700667
8703818
8705630
8707238
8707549
8707800
8709445
8709977
8711664
8712027
8712601
8714331
8715273
8715556
8717451
8717827
8717864
8718614
8719650
8720256
8720368
8723077
8725613
8730231
8731012
8731367
8731402
8734242
8735178
8735485
8735554
8736892
8738836
8739511
8739858
8740548
8740607
8742437
8744861
8744927
8746771
8747054
8747104
8747641
8748075
8749246
8749439
8750128
8750156
8750462
8753366
8758244
8759740
8763775
8765271
8767096
8769354
8770742
8770847
8771605
8772735
8774333
8779918
8780376
8783849
8786626
8787825
8787976
8790086
8792229
8792560
8793297
8795174
8796143
8796342
8796478
8796577
8796752
8796870
8797520
8798075
8798500
8798821
8799361
8800209
8800700
8802308
8805036
8805621
8808746
8809144
8809846
8813971
8815210
8815855
8816625
8818279
8818798
8819421
8819618
8821583
8821600
8822072
8827930
8828218
8830049
8830633
8834251
8835013
8836812
8836813
8837061
8839184
8839902
8840751
8842074
8844724
8845292
8847091
8847573
8847819
8848374
8849519
8849591
8849629
8849721
8856128
8856249
8858488
8858552
8859775
8859927
8860487
8860507
8861163
8861871
8861936
8862453
8863019
8864351
8866138
8866547
8867864
8869036
8869541
8870768
8875718
8876829
8877830
8878902
8880053
8881709
8882144
8882502
8885985
8886435
8887217
8887336
8887607
8888424
8888577
8891467
8891677
8891925
8892785
8894024
8897137
8898313
8900435
8901335
8901380
8902551
8904232
8904486
8905796
8906487
8906630
8907843
8908761
8909202
8912100
8912356
8912517
8915174
8916420
8917292
8918792
8919481
8920434
8921304
8923587
8924188
8925123
8926041
8927923
8928303
8930463
8930612
8931535
8932803
8933013
8934245
8936658
8938685
8938716
8939564
8940313
8940755
8941863
8942037
8942967
8944538
8944593
8945923
8946151
8946408
8947181
8947434
8947874
8950669
8950719
8952308
8953728
8953757
8954018
8954548
8955618
8957178
8959091
8959897
8960169
8960606
8960614
8961810
8962163
8963400
8964105
8964191
8964410
8965721
8967194
8967443
8967860
8968946
8969227
8969550
8969840
8970635
8971688
8972563
8975545
8978105
8978133
8978984
8979135
8980147
8981059
8981377
8981649
8982831
8982955
8983103
8984141
8984200
8984336
8984987
8985025
8986080
8988206
8988898
8988902
8991643
8991651
8993286
8997557
8997867
8998035
8998532
9000430
9000614
9003604
9006231
9006333
9008813
9009113
9011791
9012943
9013680
9014417
9016060
9016714
9018760
9019228
9019291
9021479
9021672
9024150
9024187
9025507
9026108
9026842
9029106
9029495
9029810
9030053
9030774
9031990
9032030
9033548
9035606
9035735
9035975
9036483
9036864
9037398
9037706
9037744
9040411
9043757
9043794
9044059
9046307
9046445
9047187
9049687
9049857
9049985
9051164
9051384
9052785
9053591
9055618
9056719
9058150
9058567
9058655
9058881
9060776
9061731
9062945
9063170
9063807
9064471
9067226
9067631
9069157
9071007
9071641
9071965
9074104
9074121
9077448
9077548
9078167
9078277
9078323
9078433
9079435
9080223
9080880
9081205
9082349
9082736
9082792
9083925
9084396
9087287
9092135
9092212
9094682
9095441
9097378
9097713
9099905
9100211
9101233
9102233
9102663
9103574
9104556
9104939
9106836
9107050
9107914
9109857
9110891
9112679
9112779
9113660
9114120
9115380
9117423
9118222
9118841
9120098
9120637
9120823
9122770
9123140
9124687
9124927
9125138
9125384
9127010
9127349
9127763
9128007
9128444
9129770
9130049
9130175
9130419
9130512
9132642
9133831
9134337
9136060
9136301
9136926
9137593
9138351
9138595
9139669
9140399
9140768
9141748
9143149
9144489
9145308
9149335
9149464
9150964
9151438
9151513
9152333
9154058
9154961
9155376
9158743
9159503
9161102
9163203
9163670
9164027
9164222
9165197
9166801
9166984
9167103
9168346
9168366
9168444
9170139
9171279
9172946
9173138
9174423
9175671
9176237
9178425
9178699
9178744
9182692
9183570
9185412
9191664
9193812
9194176
9195093
9195741
9195986
9196581
9197604
9198005
9199078
9199237
9200196
9200249
9201566
9201899
9203118
9203727
9203811
9204995
9206063
9206786
9207273
9209727
9211145
9211227
9211309
9212060
9213546
9213555
9214356
9214401
9215435
9216253
9216315
9216669
9216992
9219753
9220524
9221531
9223372
9226644
9226956
9229717
9233216
9234061
9234145
9234453
9234469
9234980
9235586
9235717
9236405
9237304
9237548
9237734
9238905
9239746
9240313
9240325
9241515
9243004
9243661
9244389
9245224
9246113
9249548
9249588
9250308
9250953
9251676
9252646
9252878
9255398
9258346
9259392
9260728
9263490
9264404
9264702
9269372
9270479
9270562
9272577
9273759
9274719
9275404
9275626
9278189
9278453
9280280
9284969
9285493
9285507
9285513
9286563
9286682
9287043
9287274
9287295
9289348
9290855
9290920
9292671
9292959
9293239
9294010
9295543
9295924
9297446
9298445
9298489
9299107
9300410
9301244
9302327
9302489
9305158
9307129
9307957
9310467
9311916
9312466
9315759
9317240
9317551
9318761
9319130
9321459
9322065
9322314
9322753
9322795
9325223
9330242
9330870
9331338
9331500
9332795
9334168
9338598
9339198
9341349
9342810
9344824
9345623
9348654
9349809
9351537
9353022
9353400
9354028
9355242
9355968
9356427
9356820
9356923
9359191
9359727
9362280
9363027
9363469
9363545
9363799
9364770
9366062
9366359
9368402
9368588
9368681
9368751
9369339
9369490
9369692
9372086
9372356
9372386
9372903
9373661
9373938
9374556
9375390
9375466
9377383
9377447
9378020
9378354
9381069
9382176
9382265
9382740
9382793
9385433
9385763
9387123
9388777
9388806
9388938
9389022
9390792
9391014
9391801
9392894
9393216
9393672
9395506
9397877
9400317
9400388
9400988
9401869
9402699
9404794
9407366
9408939
9409371
9411120
9411888
9412179
9413141
9414076
9415610
9418172
9418532
9418633
9420299
9420845
9420977
9422421
9423601
9425023
9425190
9427820
9429497
9430698
9431059
9431448
9433549
9433691
9434645
9435500
9435858
9437173
9437588
9439642
9439926
9441219
9442582
9442813
9443207
9443587
9444024
9448722
9449315
9449599
9450999
9451067
9452170
9452564
9453273
9453767
9454680
9456000
9456090
9457069
9457152
9459304
9459555
9460099
9460270
9461427
9463372
9465429
9466742
9466771
9466788
9467357
9468504
9471753
9473788
9474525
9476245
9476502
9477129
9478689
9479461
9481305
9481323
9483411
9483442
9483490
9484101
9484207
9485727
9486390
9487105
9489147
9489412
9492005
9492441
9493843
9493956
9494286
9496641
9497905
9497934
9497983
9500988
9501095
9503874
9504690
9506216
9506612
9509020
9511577
9511874
9511982
9512371
9512923
9513530
9514225
9514831
9514920
9515184
9515273
9517016
9517614
9518459
9519797
9521632
9521861
9522736
9523412
9523788
9524039
9525263
9525926
9527088
9529164
9529265
9529430
9531014
9531751
9532586
9534780
9535928
9536272
9536598
9537147
9537948
9538218
9538320
9538498
9538779
9538963
9539262
9540164
9541052
9541319
9542047
9545382
9545946
9547333
9548277
9549184
9549382
9549419
9552067
9552804
9554495
9555591
9555705
9558279
9558966
9559507
9561669
9563237
9563759
9564044
9566380
9566460
9566883
9568476
9569045
9569817
9570552
9571753
9572549
9573170
9573857
9575043
9576155
9576432
9576960
9577044
9577243
9577777
9580585
9581173
9582589
9583835
9585457
9587194
9587533
9590172
9590232
9590753
9590827
9591094
9591232
9591413
9591767
9591856
9592358
9592622
9592770
9592992
9593350
9593800
9594551
9595127
9595560
9597782
9599654
9599742
9601416
9602012
9602600
9603112
9603293
9604161
9604999
9605935
9605987
9606941
9608370
9609156
9609221
9609243
9609310
9609643
9611357
9612090
9617115
9617844
9618118
9619539
9620340
9621908
9622263
9622968
9623397
9623976
9624073
9624874
9626651
9627112
9627638
9629032
9629311
9631223
9632151
9632316
9632732
9632938
9633272
9635643
9636891
9637959
9639136
9640081
9640295
9642381
9642615
9643708
9647363
9647918
9651119
9651206
9654484
9654573
9654624
9654740
9655673
9656364
9657594
9657920
9658296
9658753
9660821
9661681
9663852
9664140
9664448
9664570
9665051
9665998
9667487
9668094
9668287
9669012
9670271
9670660
9671708
9672655
9672722
9672923
9673723
9674210
9674483
9674606
9676896
9678092
9678740
9678821
9680086
9681729
9682206
9683423
9683904
9685352
9688770
9688988
9690285
9690700
9691997
9694054
9694154
9694989
9695746
9696565
9697847
9701088
9701522
9706139
9706163
9706579
9706653
9708203
9708670
9708748
9710553
9712736
9713393
9714200
9714457
9715094
9716361
9718202
9718355
9720273
9720480
9720488
9722187
9723039
9723214
9723822
9724347
9725302
9727858
9728774
9729757
9731037
9731965
9732630
9732655
9733189
9733213
9734802
9737548
9737745
9740131
9740347
9741918
9744606
9744895
9748465
9748960
9749250
9749447
9749817
9752205
9752225
9752724
9752820
9753123
9755341
9755879
9757216
9757594
9758449
9758730
9758895
9759277
9759390
9762198
9763373
9764359
9765618
9766108
9766282
9767525
9768113
9769011
9769375
9769675
9769936
9770179
9771047
9771432
9772069
9772653
9776097
9776588
9777757
9777824
9783909
9784601
9784682
9784684
9784729
9785290
9785935
9786484
9788752
9790226
9791793
9792579
9792968
9797223
9798506
9799561
9800152
9801081
9803491
9804331
9805839
9806098
9806704
9807617
9807672
9808301
9810783
9814258
9814334
9814794
9818179
9818871
9820798
9821019
9821077
9821281
9821392
9822749
9823023
9823638
9823661
9826994
9827110
9827194
9827211
9827363
9829168
9829193
9829524
9831856
9832945
9833044
9833052
9833367
9833702
9835944
9836014
9836250
9836964
9837772
9838085
9838355
9838978
9839160
9839376
9839380
9840082
9840209
9840626
9840833
9843244
9843808
9844424
9844617
9845846
9848097
9848605
9848609
9848926
9849151
9849160
9849931
9852422
9853980
9854436
9856391
9858373
9858803
9861381
9861554
9861712
9862206
9863742
9866181
9866575
9866631
9868115
9869733
9870954
9871569
9874892
9874979
9882085
9882790
9885017
9885502
9885797
9886340
9887620
9887906
9888317
9889628
9889854
9889889
9890184
9890357
9891564
9891841
9892383
9893552
9895170
9900823
9904528
9905147
9908608
9909002
9909227
9909449
9910576
9914448
9914454
9915788
9915800
9916329
9916809
9917379
9917763
9920085
9923107
9923438
9925782
9926088
9928924
9929047
9929328
9929522
9930136
9930297
9932399
9932853
9932872
9933601
9934087
9937687
9938406
9938623
9940683
9942208
9949326
9950036
9951184
9951591
9951931
9952536
9954459
9955961
9956463
9957348
9957500
9958764
9958878
9959545
9959864
9960178
9962364
9962742
9963137
9964396
9964546
9966342
9966815
9966919
9967475
9970030
9972611
9973935
9974350
9975208
9976061
9976331
9977920
9977965
9980547
9982459
9984127
9985433
9986039
9990523
9990736
9992256
9992593
9993750
9993848
9995227
9996467
9997678
9999294
9999738
