2478
2658
4207
5152
5218
5541
6017
7599
7815
7952
8315
10075
10205
11129
11235
12720
13203
13556
15449
16840
17562
17910
18474
19222
19256
20000
20505
20875
21570
21834
22077
22586
24523
24833
25006
26041
26063
27537
29028
29528
30002
30390
31152
31178
32990
33858
37420
41812
43805
44040
44098
44408
45031
45272
45728
49371
49669
52660
52879
54319
54414
55333
55823
56106
59049
60876
61053
61594
63212
63974
64692
65019
65382
68948
70049
72011
73894
74246
77695
80827
81348
81612
84452
84941
86331
86626
86676
86954
87057
92109
93068
94214
94516
95000
95910
96149
97866
98376
99043
99410
101104
101400
102269
107216
107276
107320
107688
108316
110049
111547
111817
112064
112736
112883
113392
113559
115818
119936
122269
122397
123298
123756
124957
125793
126644
127392
127733
129638
130776
132396
132892
133673
133867
134168
135573
137090
137097
137702
139094
139317
141559
142254
145024
145364
145671
146545
146939
147023
147668
149785
151188
153168
155315
156435
156778
157920
157975
158943
161536
163826
165181
165716
165752
166044
166398
166913
167703
168183
169592
173138
175836
177461
177890
178027
179123
182849
182998
183248
184857
185133
186613
186754
188567
188651
189346
189807
189874
190227
190617
191350
192884
193108
195029
195097
195939
196938
197223
197379
197517
200257
200457
201780
202062
202528
202644
202981
203413
204276
205001
205671
210281
211487
213330
214424
214432
215949
218381
218920
219352
223104
224818
226477
227583
228327
230875
231297
231649
231870
232316
234647
235046
237767
239170
241496
241914
246606
248340
249449
249594
250537
253118
253706
253761
253873
254250
255195
256260
256438
256650
257317
257524
259627
259684
260942
262061
263697
265984
267209
267925
268339
271579
271767
273046
276526
276725
277779
277908
279150
280112
281020
282637
284233
284434
285099
286197
286389
286687
287017
289086
289590
290382
290693
294730
295372
295800
296127
296243
297491
298078
299888
301225
303011
303146
306851
308246
308932
309664
309773
311848
312015
312370
313369
314996
315554
315615
316499
316797
317555
319731
320322
321694
321963
322242
327650
328230
329043
331848
332643
333830
334318
334665
335074
335299
336231
337232
337272
337549
338143
338904
340561
341406
342093
342356
342357
342444
342907
344171
344362
347031
347842
353516
353621
353971
354338
355283
357580
360402
361079
362643
365964
367796
368502
369258
369919
370468
371151
371797
374030
374990
375479
376434
376771
376847
377813
378355
378630
378876
379536
382372
382663
385706
386241
386561
387441
387487
388175
388934
389037
389966
393478
395299
396738
397001
398565
398677
401396
402676
403682
404852
405810
406641
407661
408207
408842
409143
409252
411522
412440
415291
416034
416334
416402
416560
416584
416589
416592
417275
418640
420349
421493
421604
421616
423368
423942
426072
426168
427951
428430
429565
429886
430354
430589
433058
433684
434217
434389
437786
443180
443356
443490
446912
447261
447433
450646
452464
452486
452782
452927
453479
454424
454570
455967
456287
456829
456944
457280
457432
458442
459832
459839
460727
461799
461871
463860
464228
464674
469549
470875
470922
471265
471921
472422
475063
475362
475373
475436
475990
476007
477545
478590
479190
480073
480651
481478
481546
485678
485722
487473
489404
489993
490616
490987
491490
491737
493885
495422
495958
496742
496949
497538
497916
498991
500109
500388
501001
504649
504969
506297
507722
509430
511484
511504
514930
516029
517236
518399
518486
523191
523995
524864
526073
527848
530449
530699
531187
534152
536108
536516
536716
537947
538374
538748
538824
539429
541156
541505
542787
545829
548414
550474
553295
554909
555394
555990
556148
556764
556787
557068
559701
561308
561514
561701
562730
564643
565842
566603
567323
571356
571875
572689
573221
574012
575978
576464
578382
578495
579880
580075
580681
580977
581127
582507
583463
583646
583947
585503
585952
586008
586591
586780
587499
587818
588511
590157
590392
590522
592809
593857
595264
596452
599266
600992
601225
601705
602518
603721
605323
605465
605922
606439
606565
606824
607424
607425
608032
610066
611295
612504
613406
614059
614569
615718
616359
617176
617335
618419
619164
619440
619696
620146
620191
620925
621649
621786
622402
622858
623028
623553
625430
626097
626162
627680
628193
629294
631387
631884
632839
637434
637532
638366
640081
642234
644655
645134
645309
647352
647357
648586
648783
648905
648988
649077
650282
651116
651714
652730
653352
655497
658366
662493
662728
662948
663575
663647
663946
664914
666406
667130
667586
670186
672951
673475
674040
674320
675685
675964
676180
676613
678240
678845
679554
681734
682785
684075
684915
685923
689710
690031
690758
691145
692213
693079
694333
694726
696087
698379
699728
700467
701587
702735
703399
703498
704224
707293
709693
710125
711300
712685
713349
714534
714821
715619
716143
718027
719219
719571
721159
721894
722820
723146
724480
724535
725344
725794
726014
726052
726629
726751
727632
727943
728301
728333
729492
730735
731561
731591
732629
733863
734221
734966
736125
736406
736515
737020
737217
737313
738098
739894
741356
741673
741697
743256
743402
743833
744356
744422
745558
745646
745771
746134
750341
750346
750532
753389
756677
757273
757304
757407
758273
758825
759024
759025
759517
759665
759894
760380
760487
760901
763129
763185
764896
770018
771440
771971
774756
774987
775098
776474
776909
777768
777817
778211
779516
783738
784488
784926
786987
788170
789802
790144
790148
791691
791948
792384
792920
793553
793694
793888
793992
794433
794700
796318
797462
802877
803754
804055
804449
804576
805123
805710
806348
806573
807825
807867
809170
815395
817193
817208
818316
818561
819190
821123
821753
822810
823186
824198
825347
827385
827550
828203
828540
829512
831214
831745
831992
833505
834669
835369
838148
838913
838926
841504
842115
843102
845532
846088
846953
846971
847884
849725
850239
850678
850735
851512
852060
853764
857322
857910
861058
861296
861491
861934
865735
865854
866375
867631
870126
870760
871121
871963
872827
873140
873177
874892
877391
878184
879123
879517
881188
882514
882870
884186
884804
885982
887179
888514
890703
890903
891715
893648
893756
897937
898894
899240
902785
902899
903530
904947
906768
907256
907544
908986
909752
910193
910323
911637
912494
912499
912796
914287
917972
919420
919720
921485
923789
924700
926466
926589
929147
930600
930677
930823
931967
932214
932456
932515
934157
934499
937475
937972
938216
938937
939150
939177
939496
940661
943292
947164
947787
947930
948798
948810
949078
949371
950866
955212
956124
956769
959683
959724
960139
960989
961386
963921
964304
964875
966030
966177
966299
967192
967548
969376
971292
972868
973248
975960
977953
977956
978029
978247
979813
982693
984150
985521
986361
986419
986656
987739
988320
988732
989821
992058
992715
994135
996565
997258
997806
999222
999861
1000265
1001313
1002184
1007540
1009741
1009868
1010110
1010635
1012312
1013195
1014758
1015738
1015919
1016037
1017055
1017103
1017556
1018165
1020076
1020182
1021669
1021751
1022866
1023605
1023804
1024713
1026092
1026257
1026396
1027254
1029421
1036816
1039246
1039281
1039534
1041162
1041495
1042154
1042245
1042724
1043417
1043792
1043838
1043864
1044734
1049754
1050357
1052718
1054763
1056709
1056897
1057413
1057879
1059482
1059501
1060083
1061310
1061496
1065701
1067648
1067888
1068098
1070289
1072310
1073116
1074970
1075129
1075349
1075583
1075993
1076044
1076879
1076905
1078096
1078315
1079364
1079867
1079976
1082199
1083660
1084120
1084389
1084714
1086081
1086703
1086864
1089989
1092227
1092644
1093404
1096419
1098157
1098209
1099396
1099500
1099563
1100535
1102203
1102530
1102646
1104310
1104336
1106917
1108463
1108581
1108922
1109186
1109216
1111597
1112209
1114832
1116175
1116296
1117059
1120858
1121187
1126110
1126671
1129602
1130879
1130902
1130955
1131568
1133534
1133607
1133636
1133887
1134803
1136493
1138126
1138144
1139059
1139361
1139390
1142422
1143547
1144397
1144947
1145263
1145893
1146307
1149326
1149354
1150572
1152461
1152558
1153065
1154335
1154950
1155098
1155962
1157956
1158008
1158037
1158598
1158641
1159267
1159731
1161353
1161537
1163045
1163829
1163951
1165458
1165776
1166826
1167222
1168400
1168732
1170309
1170794
1173676
1175335
1175707
1176101
1176333
1177368
1177847
1178125
1178131
1178956
1181224
1181729
1184443
1184599
1186171
1186768
1187401
1187845
1187849
1188401
1190410
1190828
1191005
1191844
1193714
1194035
1194545
1194756
1194926
1196580
1198345
1198762
1198801
1199657
1200078
1202115
1206832
1208427
1208515
1209860
1209980
1212982
1214274
1215179
1215352
1217002
1217341
1217498
1217517
1218710
1218847
1220271
1220522
1223763
1224441
1224743
1227847
1231087
1232385
1232621
1235208
1237947
1240505
1241191
1241423
1241490
1241677
1243949
1246508
1247503
1247967
1248179
1248839
1248937
1248997
1250959
1251479
1252096
1253589
1253619
1254263
1256425
1257506
1257932
1259118
1263928
1264396
1264460
1265697
1265914
1267026
1267145
1267524
1267771
1268834
1272978
1275279
1275660
1275776
1275972
1276188
1277940
1278101
1278634
1278795
1281419
1282179
1282624
1282632
1285231
1285880
1287703
1288124
1288428
1289360
1291696
1292836
1293805
1294143
1295785
1296926
1298646
1300011
1300474
1301742
1301903
1302331
1302874
1305177
1305230
1305618
1306509
1306719
1306735
1307189
1307335
1309909
1310306
1311010
1312101
1312350
1313588
1313956
1314553
1315195
1315589
1316537
1317241
1317283
1317988
1318661
1319206
1319210
1319379
1319445
1319724
1320801
1321692
1321905
1322026
1323945
1324213
1324846
1325020
1326412
1326730
1327104
1327866
1330039
1330188
1331601
1331921
1332111
1333798
1335035
1335056
1335498
1335979
1337802
1339074
1340733
1342957
1343374
1344227
1344548
1345077
1346280
1347526
1349434
1349649
1349747
1350058
1350062
1350607
1353130
1353132
1355159
1357409
1359809
1361077
1362797
1363866
1367990
1368068
1368953
1368998
1369698
1371087
1371385
1372455
1373021
1373578
1374000
1374120
1374995
1375746
1376199
1377348
1378475
1378529
1378702
1380574
1382856
1383576
1384487
1386329
1386425
1386456
1389415
1389778
1389931
1392503
1392654
1392771
1393462
1394078
1398204
1398627
1398864
1400563
1400750
1401864
1402028
1402133
1402680
1403767
1407140
1409272
1411748
1412204
1412840
1416376
1416471
1416821
1417459
1417623
1418590
1418687
1419480
1419892
1420741
1421257
1421883
1422258
1424551
1425604
1426376
1426722
1429478
1429798
1433495
1436828
1437071
1438865
1439664
1440982
1441078
1441363
1441419
1441867
1444373
1445223
1445417
1447585
1448281
1449434
1449880
1450137
1450679
1454047
1454365
1455739
1456831
1457397
1457459
1458387
1458492
1458715
1458896
1459165
1461182
1461457
1461773
1462048
1462606
1468321
1469133
1469533
1469545
1470634
1470852
1471077
1471198
1471760
1472273
1473011
1474416
1477783
1478259
1481136
1486184
1486602
1487711
1487762
1490966
1493116
1495181
1495994
1497694
1498343
1498479
1499902
1502038
1503759
1504192
1504333
1505456
1506115
1508364
1510567
1510756
1510809
1511438
1511834
1513368
1514193
1514828
1515273
1516271
1517950
1518009
1519548
1521499
1524066
1524311
1525790
1526822
1527313
1528639
1528784
1529644
1530099
1533000
1534403
1536502
1537432
1538169
1538449
1538571
1538823
1538980
1540944
1541726
1542717
1544530
1545297
1547526
1552380
1553996
1554288
1555195
1556332
1557007
1557354
1559226
1559536
1561363
1562623
1563789
1563885
1564597
1564606
1566026
1566398
1568480
1570241
1570756
1570777
1570875
1572349
1572752
1573321
1573591
1573692
1574905
1576515
1576734
1576763
1578731
1579571
1582312
1582803
1583668
1584035
1584127
1584187
1584928
1585039
1585789
1588773
1589180
1590362
1590590
1591115
1593080
1597659
1598393
1598870
1599255
1599663
1600827
1600912
1601075
1601689
1602172
1602931
1603318
1606218
1607519
1607700
1609681
1611369
1613175
1613325
1615825
1618384
1619624
1620357
1620552
1621308
1622099
1622504
1624867
1626084
1627611
1628294
1628601
1629306
1630055
1630436
1630847
1631003
1634453
1635031
1635097
1635389
1636576
1637706
1638321
1639147
1639214
1639703
1640679
1642944
1644023
1644104
1644253
1645680
1648377
1650046
1651114
1652800
1652910
1653613
1655801
1655854
1656153
1658029
1659355
1659714
1660706
1661358
1662992
1663946
1665135
1665803
1665980
1666821
1667179
1667230
1668027
1669000
1673345
1677377
1677636
1678656
1680852
1680899
1681127
1682441
1683508
1685313
1685510
1685592
1687973
1688068
1688188
1688353
1689467
1690633
1691429
1692685
1694126
1694258
1694461
1695073
1698853
1699363
1700477
1700924
1701952
1702374
1703282
1703443
1704716
1705577
1705579
1705611
1706980
1707726
1708445
1709114
1709337
1710064
1712309
1718041
1718053
1718653
1719693
1720783
1721463
1722487
1724340
1724604
1726604
1726833
1728033
1730001
1730254
1730913
1733645
1733697
1734431
1734510
1735164
1735802
1736047
1736067
1737124
1737272
1737736
1741636
1742352
1744930
1746179
1746464
1746694
1746835
1747358
1748280
1748783
1750439
1755250
1758190
1758265
1758399
1760813
1762270
1762975
1764596
1766657
1768032
1769733
1770000
1772230
1773454
1773487
1774350
1775459
1775534
1775655
1775793
1776041
1778084
1778316
1780045
1780408
1782355
1783854
1785232
1786754
1788986
1789553
1791540
1791900
1791927
1792107
1792222
1793125
1793448
1794459
1794888
1795333
1796786
1796851
1796907
1797056
1797291
1798198
1799005
1799224
1799537
1800803
1801137
1802029
1802288
1802427
1803503
1803992
1804992
1807154
1807212
1807841
1808646
1809454
1809460
1809937
1810059
1811923
1811943
1812176
1813505
1814163
1815069
1816157
1817960
1818581
1818773
1820159
1820724
1821143
1822188
1822260
1823082
1823340
1824864
1824946
1827617
1827954
1828237
1829365
1829443
1830717
1831389
1832361
1833484
1835408
1835811
1836655
1838353
1840449
1841058
1841590
1841872
1845831
1847208
1848041
1848121
1848279
1848455
1852433
1853037
1855668
1856529
1857409
1857873
1858288
1858681
1861448
1863518
1863540
1864002
1864307
1865005
1865127
1865512
1868024
1868942
1870433
1871024
1872156
1872760
1873890
1874868
1878830
1879567
1880079
1880853
1882254
1882488
1882609
1883127
1883355
1884708
1885535
1890172
1890252
1891558
1892067
1892231
1892577
1895010
1897241
1897682
1897978
1899997
1900217
1900293
1900975
1901431
1901824
1902385
1902797
1904650
1906004
1907921
1909024
1909182
1909265
1910773
1911021
1911533
1912203
1913115
1914723
1916275
1916820
1917355
1917791
1917869
1918163
1918863
1920379
1920715
1923471
1923723
1924646
1924969
1927313
1929335
1929401
1930791
1930848
1930948
1931453
1932037
1932203
1932963
1933138
1935304
1938285
1939957
1940007
1941783
1941826
1942218
1944232
1946435
1946548
1946554
1946613
1947364
1948939
1949542
1950597
1951664
1952897
1953316
1955441
1955691
1956717
1957137
1957184
1957635
1959771
1959789
1960295
1961023
1965087
1965369
1966752
1966817
1967364
1967905
1968324
1968861
1971203
1974046
1974586
1976714
1976995
1977113
1977989
1982583
1982942
1983891
1984070
1984297
1986063
1986441
1986508
1987280
1989148
1989207
1990256
1990661
1991690
1991819
1991979
1992530
1993085
1993484
1994233
1994593
1995198
1997841
1999502
2000654
2002238
2003006
2004654
2004860
2004947
2006129
2006397
2006532
2009210
2011476
2011611
2011868
2013791
2014018
2014894
2016046
2016173
2017937
2018197
2018275
2018703
2019990
2020612
2021468
2021957
2023471
2024003
2024065
2025047
2025458
2025826
2031157
2031410
2032343
2033049
2034465
2035149
2035175
2035281
2037457
2038290
2038684
2038859
2040050
2040234
2041144
2042387
2042950
2044381
2045903
2047430
2047741
2047778
2047791
2047840
2050479
2050489
2050601
2050667
2051847
2056265
2056400
2059047
2059107
2059204
2060230
2060695
2062210
2063340
2063500
2063550
2064037
2066891
2067554
2068412
2069101
2070622
2071418
2072098
2074333
2074399
2074600
2075273
2075423
2077847
2077986
2078051
2078743
2079676
2081360
2082873
2083235
2083702
2084618
2084904
2086953
2086968
2089300
2090290
2090524
2094472
2094585
2095573
2097045
2098665
2098864
2100044
2101584
2102760
2102907
2103288
2104114
2104211
2105892
2106229
2108141
2108824
2109709
2111318
2112675
2112704
2113288
2114441
2114763
2116108
2116950
2117130
2119564
2119687
2121702
2121752
2122515
2123899
2124920
2126910
2127345
2130876
2132740
2134906
2135374
2138846
2139314
2139509
2140565
2141139
2143984
2144189
2144816
2146888
2149375
2149434
2154103
2156714
2158010
2159733
2160687
2162722
2163391
2165813
2166725
2167859
2168586
2169728
2170039
2171758
2173292
2174454
2175070
2176230
2177559
2177786
2178236
2178291
2179945
2180268
2180342
2180679
2182285
2186673
2187673
2190385
2190966
2191582
2192209
2192606
2192614
2196814
2197060
2197540
2197544
2197578
2197646
2198205
2199007
2200117
2204021
2205780
2206117
2206765
2207900
2208411
2209974
2212412
2213291
2216290
2217517
2218106
2218337
2218628
2218794
2219223
2220253
2222677
2222723
2226594
2228504
2230410
2230793
2233269
2234048
2234287
2234866
2235400
2236372
2236854
2238922
2242404
2243588
2244048
2246323
2247670
2251022
2251168
2251509
2251568
2252123
2252159
2253971
2254504
2254670
2255217
2256041
2256198
2257134
2258318
2258531
2258798
2260268
2260594
2261398
2264303
2265435
2267338
2271327
2271354
2272193
2273245
2273973
2276437
2276628
2278626
2279237
2283158
2283325
2283836
2284658
2285862
2285914
2285927
2285944
2286247
2287195
2289774
2290379
2291351
2294550
2294973
2295538
2296185
2296463
2296652
2296739
2297618
2297939
2299576
2300480
2301550
2302191
2302376
2305105
2305705
2308210
2309340
2309341
2310028
2310122
2311409
2311778
2311954
2312467
2313434
2313720
2314778
2315442
2315903
2316521
2318953
2319190
2319365
2323140
2323739
2324084
2325694
2325736
2326030
2326384
2327732
2328308
2329010
2331093
2331443
2332367
2333861
2333954
2334708
2335175
2335661
2336903
2337546
2339263
2340075
2340640
2341754
2342398
2343269
2343978
2344425
2345542
2345833
2346296
2346584
2347318
2347327
2347676
2347723
2349495
2349674
2349766
2349884
2349980
2351002
2352621
2356132
2356198
2356835
2357932
2359177
2360390
2360421
2362857
2362983
2363451
2363669
2366128
2366169
2369204
2369461
2370508
2371147
2374509
2375137
2375574
2375956
2377366
2377903
2377923
2378418
2379150
2379838
2379873
2382339
2384008
2384034
2388721
2390966
2393375
2393612
2393908
2394680
2394972
2397366
2398265
2399174
2405080
2405666
2406708
2408011
2408972
2409718
2409990
2410437
2412313
2413932
2416069
2417022
2417742
2419228
2420116
2420507
2420548
2420913
2421278
2421955
2423148
2423430
2423469
2423652
2426369
2426384
2428536
2431756
2432040
2432387
2432496
2432798
2433012
2434341
2437040
2438454
2438579
2440083
2441840
2443273
2445379
2449212
2449898
2450260
2450603
2451176
2451216
2451582
2454137
2455121
2455956
2456190
2457360
2458775
2462205
2462595
2463238
2463540
2463987
2464060
2464164
2466151
2466900
2467902
2468811
2469394
2469826
2470311
2470418
2472054
2473068
2474302
2475907
2475954
2476945
2477835
2478477
2478898
2480187
2480352
2480607
2480942
2483847
2488691
2489042
2490857
2491334
2491793
2491933
2496158
2499252
2500481
2502945
2504048
2504259
2506444
2507178
2508535
2510048
2510401
2510596
2511208
2512068
2515017
2515632
2517711
2518144
2518597
2519746
2520338
2521339
2522169
2522874
2523403
2524318
2524378
2524840
2524920
2525158
2529793
2530897
2532835
2533549
2533892
2534334
2534527
2536825
2537754
2538475
2538481
2539491
2540704
2540869
2541145
2543583
2543654
2544386
2544488
2545089
2547365
2547456
2547845
2548157
2548436
2549190
2549388
2550379
2551382
2552831
2553181
2555162
2555458
2556426
2556614
2558015
2558087
2558227
2560001
2560074
2561370
2561822
2562274
2562751
2564232
2564497
2565387
2565741
2565982
2566915
2567095
2569200
2572431
2574626
2576341
2577352
2578156
2584059
2584710
2584923
2587909
2588626
2589035
2590019
2591756
2591848
2592045
2593973
2595416
2595653
2598957
2598995
2600528
2601348
2602061
2603367
2603676
2603826
2606947
2609618
2610176
2610700
2611027
2611181
2611225
2611623
2612698
2613664
2615291
2615589
2615693
2617707
2618311
2620194
2623801
2628988
2630196
2632555
2635125
2636229
2637225
2637570
2638981
2641419
2642194
2642212
2642641
2642716
2643720
2644021
2644399
2644442
2647121
2647646
2647816
2651719
2651806
2653721
2654015
2654033
2654128
2654151
2654659
2654822
2655982
2658960
2659168
2662162
2665080
2665449
2665935
2667113
2671938
2674239
2675567
2675909
2677765
2679944
2680205
2680983
2681120
2682201
2683031
2683222
2683405
2684760
2684978
2687449
2689881
2696187
2696660
2696996
2699156
2699751
2702083
2703264
2705362
2706371
2706387
2707092
2708533
2708882
2709204
2709864
2710784
2711172
2712219
2712604
2714164
2714430
2716370
2716960
2718346
2718846
2721622
2724114
2724425
2725647
2725741
2727947
2728712
2729078
2729278
2730443
2731072
2733557
2734078
2737822
2738103
2738335
2740392
2741963
2744152
2744209
2744364
2744398
2746133
2751942
2752674
2753475
2753534
2757473
2758699
2758844
2759086
2759292
2759457
2759985
2760329
2762283
2762331
2766702
2768724
2770523
2773274
2773762
2775701
2775977
2776802
2777239
2779464
2780078
2782008
2785260
2785415
2785633
2785678
2786867
2787181
2787788
2788653
2789786
2791045
2791289
2792513
2794313
2794367
2795765
2796563
2797826
2799003
2799117
2802010
2802082
2802960
2803053
2803658
2804848
2805340
2805701
2805721
2805840
2806538
2806576
2807255
2807639
2807699
2810565
2812105
2812651
2814676
2815469
2816693
2816909
2817268
2817648
2817666
2818097
2819108
2820369
2822040
2822637
2823000
2823066
2824135
2824184
2824218
2824470
2825625
2825891
2826530
2827323
2827773
2828684
2828786
2828818
2832447
2832887
2833079
2833796
2833826
2834233
2834870
2836469
2836847
2840403
2841967
2842561
2843059
2844797
2844835
2845404
2846232
2846695
2849096
2849853
2852561
2853960
2854212
2854806
2855880
2855886
2856169
2858026
2859736
2861191
2862752
2863134
2863943
2864556
2864858
2864899
2865437
2865730
2867537
2867569
2867702
2867860
2870197
2871875
2873502
2874417
2874563
2875595
2875907
2877527
2877967
2878357
2878642
2878771
2879551
2879892
2882039
2883953
2884707
2884868
2885534
2886622
2887423
2887603
2889420
2890850
2891219
2892861
2894229
2896010
2896600
2897396
2897759
2897816
2898151
2899113
2900890
2901495
2902710
2903052
2903666
2904694
2905375
2906270
2906411
2906559
2907090
2907551
2908082
2908180
2910399
2910813
2910933
2913663
2916135
2917876
2919005
2919346
2920832
2921673
2921923
2922028
2923152
2925362
2926202
2926621
2927584
2927612
2927649
2928983
2929076
2930011
2930251
2932062
2932171
2932613
2932690
2934315
2934511
2935783
2936327
2936441
2938867
2939317
2939747
2940033
2941258
2943868
2944186
2946616
2946844
2947171
2948136
2948593
2948639
2948652
2951612
2952210
2952533
2953127
2953202
2954842
2954994
2955479
2955515
2955526
2957300
2958869
2958999
2959097
2959331
2961365
2961946
2962773
2963046
2963052
2963872
2964128
2969017
2969199
2969880
2969953
2970273
2971213
2971408
2972636
2973520
2974376
2974793
2975118
2975439
2977331
2977707
2980121
2980154
2982580
2983939
2984588
2985445
2985702
2985793
2986636
2987353
2988055
2988099
2988258
2988361
2991667
2993782
2995321
2998199
3002538
3004205
3004850
3005845
3006058
3008690
3009674
3009732
3010456
3010928
3011914
3012300
3012697
3013512
3018042
3018598
3018886
3018979
3020060
3021919
3022748
3023204
3024164
3025486
3026579
3026946
3027906
3027956
3028305
3029831
3031100
3034278
3034878
3035028
3036610
3036894
3037875
3038718
3039449
3040399
3041033
3041700
3042091
3042237
3042555
3043204
3045606
3046085
3048046
3048607
3049962
3050736
3050839
3051029
3051947
3052007
3052746
3053106
3055669
3056425
3057923
3058461
3059248
3060937
3061731
3062599
3062675
3064684
3066009
3069335
3071059
3072260
3072761
3073296
3073360
3073476
3075299
3075525
3075793
3079120
3079194
3080034
3080704
3080720
3080744
3081315
3082053
3082336
3082787
3082795
3083743
3083849
3084077
3084260
3086282
3086872
3087085
3087581
3091253
3092203
3092783
3094446
3095943
3096720
3098095
3100435
3102072
3104622
3106409
3107665
3107666
3107748
3107978
3108879
3109602
3109934
3110133
3110344
3110546
3110926
3112908
3113423
3115074
3115296
3116328
3119092
3119816
3120752
3124359
3124479
3124645
3125280
3125968
3128334
3128835
3129302
3129798
3130296
3131550
3133284
3134130
3134549
3135605
3137393
3139240
3145165
3146353
3146428
3146831
3150358
3151074
3154076
3155035
3155111
3155286
3156006
3159733
3159777
3160225
3161049
3161598
3163425
3164007
3165593
3168070
3169115
3169658
3170479
3171883
3176524
3176652
3177139
3177196
3177480
3178689
3181399
3181944
3183644
3184447
3184616
3187083
3187513
3187949
3188837
3190498
3190678
3190840
3192879
3200648
3202805
3203038
3203958
3204356
3205239
3206879
3207068
3208056
3209401
3209698
3211999
3212794
3213478
3214431
3215423
3215681
3216923
3217186
3218116
3218499
3218905
3219021
3219795
3220017
3220558
3224398
3227146
3228019
3229327
3229610
3231509
3231880
3232164
3234271
3235851
3237263
3237976
3238672
3239728
3241464
3242251
3242436
3243830
3245296
3246271
3246288
3246304
3246918
3247042
3247577
3248497
3248665
3248692
3249396
3250023
3250362
3252879
3253597
3255657
3255727
3255916
3257387
3258652
3259636
3260820
3261549
3262976
3263571
3265121
3265384
3266849
3271924
3272273
3272306
3274296
3276053
3277448
3278102
3278442
3280454
3280517
3280594
3282768
3287858
3291630
3291975
3292589
3293296
3293561
3296294
3300382
3300709
3304452
3307005
3308236
3308607
3311524
3311817
3312020
3313869
3314422
3314585
3315839
3316149
3316780
3318307
3319580
3320275
3320424
3320532
3322347
3323415
3324360
3324974
3326847
3327350
3328670
3328732
3329565
3331511
3332368
3334376
3335227
3336014
3336307
3337475
3338877
3340901
3342147
3342738
3345319
3345617
3346853
3348185
3349155
3349565
3350354
3352005
3352176
3352897
3353273
3353381
3354060
3355903
3357632
3359161
3360623
3362161
3362410
3363634
3364650
3365365
3365575
3366673
3368728
3370588
3370623
3370813
3371360
3372150
3372303
3372312
3372524
3372652
3372740
3375601
3376722
3377493
3377909
3378205
3378486
3378825
3379166
3380231
3380726
3382747
3382982
3383302
3384549
3385241
3385845
3386949
3387502
3387775
3388325
3388496
3392484
3392836
3394796
3396662
3397826
3398268
3399306
3399372
3401399
3403105
3403253
3403603
3403756
3404413
3406710
3406733
3406992
3407252
3407867
3408203
3408869
3410680
3411717
3412689
3413481
3415192
3416118
3416842
3419517
3420704
3420786
3421031
3422587
3424163
3424322
3424357
3425584
3425652
3427414
3428032
3428042
3430664
3433692
3434278
3436194
3438727
3438940
3440661
3441298
3441318
3441364
3441478
3443167
3443328
3444410
3444888
3445186
3446841
3448432
3448698
3449223
3449358
3450168
3452946
3453303
3455044
3455874
3458217
3461523
3461747
3462412
3462457
3464243
3464529
3464787
3465905
3468703
3469429
3471828
3472586
3472620
3472712
3473699
3475114
3478568
3478732
3478841
3479241
3479918
3481042
3481486
3486463
3488653
3488689
3488778
3489269
3490372
3493815
3494914
3496023
3496260
3498179
3498912
3499494
3500876
3501641
3501938
3502039
3503209
3504012
3504175
3504926
3505604
3506357
3506779
3507727
3507858
3508887
3509072
3509342
3509865
3512276
3512441
3515510
3516008
3516686
3518239
3520700
3520817
3521259
3523758
3524872
3525187
3530711
3531254
3533176
3535436
3536206
3536816
3536912
3537282
3538547
3540985
3541262
3541999
3542079
3544535
3545574
3546689
3546873
3546909
3547476
3547614
3547650
3549277
3550094
3551255
3552013
3552252
3552879
3554634
3555719
3556908
3557688
3558749
3559537
3559565
3561106
3561194
3561481
3563201
3563910
3563986
3565575
3567067
3567302
3569779
3570372
3570402
3572447
3573170
3573260
3573960
3575762
3576420
3576618
3576981
3577010
3577387
3579930
3580038
3580536
3580899
3581893
3582839
3583691
3584037
3584666
3584705
3585021
3586116
3588681
3591394
3594584
3594811
3594906
3595031
3595188
3597899
3598093
3598677
3598980
3601015
3602660
3603224
3603397
3604305
3604429
3604717
3606219
3606581
3606650
3606943
3607046
3607237
3608539
3609486
3610191
3612604
3612876
3613052
3613161
3614760
3616793
3617595
3619470
3620567
3622764
3622799
3623929
3624809
3625703
3627664
3627687
3627854
3628211
3628220
3629014
3631251
3632105
3632263
3633582
3633704
3633781
3634012
3639302
3639759
3641345
3641392
3642728
3643594
3645732
3645963
3647257
3647881
3649007
3649959
3650042
3650436
3651337
3651504
3651681
3651937
3654055
3654568
3655311
3655739
3656079
3658659
3658974
3659206
3659381
3660209
3661279
3661904
3662081
3664550
3666424
3666591
3667987
3669376
3670667
3670759
3671384
3671737
3672373
3674940
3675233
3675589
3676542
3676640
3677482
3679400
3681354
3681373
3687275
3687665
3687900
3688753
3690836
3691518
3691688
3691892
3692881
3693273
3693330
3693788
3694485
3694855
3695567
3696139
3696848
3697065
3697636
3698032
3698119
3698393
3699180
3699724
3701527
3702207
3702460
3702720
3706136
3708670
3711379
3711869
3711885
3714021
3715857
3718223
3718375
3718553
3720012
3722595
3725156
3725576
3725624
3727217
3728395
3728406
3729941
3730586
3732419
3733363
3736513
3736883
3737055
3739317
3740427
3741800
3742239
3744487
3744574
3745297
3745300
3745796
3746168
3748033
3748094
3748508
3748577
3749260
3749426
3750658
3752835
3753338
3756146
3757885
3758396
3759135
3760629
3760979
3762617
3762648
3763116
3763351
3763574
3764004
3764658
3764660
3765013
3765513
3765522
3765648
3765653
3767173
3767552
3769017
3771678
3771949
3772624
3774718
3775035
3775322
3775954
3778746
3779903
3780391
3781308
3783849
3786188
3786656
3787387
3789732
3794893
3794938
3799237
3799637
3800420
3800515
3801335
3802902
3805578
3805932
3806069
3806492
3807901
3808133
3808463
3809577
3810409
3810700
3813513
3814373
3814477
3816258
3816745
3819009
3823951
3824095
3825650
3826390
3827040
3827491
3828603
3829373
3830028
3830995
3833160
3833353
3833446
3833844
3834533
3834779
3834998
3835183
3836536
3836924
3840015
3840202
3840215
3843051
3843149
3843163
3843683
3843909
3844107
3847777
3849291
3849331
3849573
3852135
3852652
3853099
3855212
3859241
3860492
3862673
3863077
3863429
3863675
3863884
3864298
3865864
3866859
3867132
3867422
3868289
3868958
3869327
3870128
3870213
3872834
3873607
3873708
3874418
3878446
3879751
3881401
3882972
3885113
3885228
3885427
3887149
3890256
3891112
3891781
3895371
3896763
3897494
3898845
3899868
3902141
3902191
3902974
3908539
3908807
3909354
3911785
3912230
3914245
3915127
3916212
3917335
3918842
3918919
3919079
3920317
3920820
3921938
3926492
3927001
3927281
3927824
3928053
3928920
3931705
3933373
3933777
3934803
3940067
3940817
3940893
3941340
3943698
3943847
3944414
3945185
3945730
3947393
3947535
3947976
3948011
3949597
3949752
3951498
3951562
3953285
3953526
3953904
3954000
3954763
3955447
3955550
3955669
3957251
3957972
3959629
3960305
3961402
3961494
3962324
3964690
3965523
3968314
3968697
3968980
3970355
3970384
3971753
3972432
3973971
3975260
3976724
3977349
3977795
3978199
3979969
3983047
3983643
3983834
3984216
3984922
3986571
3987125
3989001
3990080
3992616
3993623
3996064
3996483
3998548
4002055
4002092
4003518
4003661
4003975
4005218
4006415
4007510
4008025
4009726
4009798
4011267
4011807
4012911
4013122
4015120
4015713
4016255
4019546
4020783
4021612
4022770
4022793
4022895
4023075
4023545
4026250
4026892
4027442
4027879
4027990
4029024
4029136
4030365
4031383
4031968
4032795
4034027
4034830
4036600
4037038
4037352
4038721
4038755
4038946
4039093
4039747
4041903
4042051
4042351
4043144
4043922
4045928
4046560
4047567
4048143
4049077
4049484
4049738
4050543
4055576
4055633
4056922
4057423
4058519
4061747
4062586
4064594
4065121
4065316
4065593
4066777
4068428
4069089
4069518
4070417
4072030
4072124
4072914
4073706
4076556
4078666
4078904
4079354
4080793
4083630
4084012
4084418
4084652
4085077
4086905
4088548
4089796
4090219
4091744
4094035
4095167
4095295
4095997
4096120
4098148
4098645
4099307
4099419
4099494
4100387
4100481
4105073
4107053
4108809
4109150
4110593
4113262
4113695
4115239
4116029
4116617
4116806
4118140
4118289
4118303
4120519
4124846
4125134
4125483
4125503
4125750
4129138
4130415
4130958
4132337
4135063
4135470
4136081
4136682
4138837
4139137
4140262
4141509
4143075
4144407
4145047
4148762
4149756
4153179
4153954
4154510
4155205
4155306
4155433
4156136
4156772
4157026
4159089
4159161
4162795
4163126
4163892
4163902
4164868
4166134
4168293
4169741
4169873
4170684
4172055
4172353
4174423
4176831
4177477
4177551
4179903
4179958
4181147
4181267
4181729
4183336
4185408
4186809
4187352
4188688
4190779
4191388
4193894
4194025
4195196
4196833
4197743
4198019
4199431
4199897
4200072
4201319
4202186
4202362
4202431
4203087
4203321
4203410
4204049
4205057
4205258
4205396
4205522
4205942
4206616
4208367
4209439
4210538
4211504
4211608
4211653
4212561
4214557
4217303
4217973
4218073
4220870
4222092
4222680
4225021
4225289
4225557
4227560
4227637
4228486
4228710
4230563
4231075
4232950
4233388
4233755
4233814
4234063
4234259
4234330
4235884
4235900
4236310
4237226
4237388
4239158
4240059
4240488
4241771
4241906
4242076
4243580
4244024
4247608
4249111
4249418
4249988
4251547
4252693
4253552
4253676
4255734
4256522
4259392
4260340
4261337
4262165
4262312
4262731
4263671
4263859
4264057
4264390
4265296
4266375
4266903
4267263
4268325
4268703
4270864
4275157
4275469
4276386
4279141
4281284
4281379
4282518
4282868
4283660
4284313
4284402
4285323
4285825
4286002
4286652
4291737
4292497
4294802
4294967
4295396
4297009
4297439
4298467
4299179
4300274
4300697
4301161
4302632
4303074
4306495
4309835
4310043
4310945
4311638
4311778
4312197
4312468
4313984
4316957
4317416
4321061
4323582
4324406
4324423
4324726
4326117
4326946
4327583
4331142
4332005
4332552
4333595
4335313
4335781
4337300
4337841
4339315
4342490
4342533
4342966
4345210
4345219
4345728
4346000
4347107
4347968
4348476
4349109
4349929
4350534
4350678
4351473
4351702
4352167
4352533
4353048
4353535
4354765
4354789
4358957
4359196
4359461
4361079
4361169
4361381
4362178
4363347
4363571
4363616
4367301
4367387
4367782
4369602
4371035
4371471
4373238
4373555
4373601
4373829
4374748
4377270
4378533
4380140
4380370
4381153
4381202
4382129
4382271
4384755
4385024
4385443
4385792
4386696
4386930
4387061
4387872
4388040
4388965
4389768
4390673
4391583
4394250
4395087
4395689
4396657
4397009
4397715
4400466
4400559
4401965
4404609
4405183
4405469
4408084
4409653
4409703
4410557
4411812
4413178
4413480
4414359
4414609
4415132
4416996
4417400
4417795
4418395
4419420
4421147
4422172
4422212
4423260
4423474
4425619
4426872
4428149
4428449
4430649
4431458
4432851
4434238
4435677
4436770
4436810
4438417
4438441
4438664
4440628
4441117
4441964
4441992
4442427
4444163
4445328
4445911
4446614
4447180
4447716
4448305
4449015
4449621
4451038
4453737
4454224
4454315
4455086
4455127
4459450
4460486
4460755
4461236
4461478
4461548
4462068
4462781
4462859
4464031
4464394
4465513
4469200
4469449
4470151
4470347
4470377
4471483
4472747
4474635
4476508
4476973
4477804
4478038
4479852
4480674
4481928
4483001
4484709
4484874
4485995
4486035
4486204
4488248
4490970
4493209
4493268
4493418
4494071
4494388
4495492
4498549
4499914
4500841
4501232
4501365
4501473
4501538
4503655
4504749
4505106
4505539
4505572
4506338
4507166
4507782
4508807
4509171
4509794
4510031
4511077
4514140
4515039
4515209
4516432
4517213
4517237
4520981
4521200
4521261
4521379
4521898
4523497
4523598
4525651
4526039
4527519
4527626
4528812
4530032
4530883
4532573
4533565
4534065
4534284
4537168
4540085
4541116
4541227
4545021
4552038
4553096
4555328
4555580
4557282
4559207
4560368
4560467
4564080
4564842
4564924
4565019
4565036
4566410
4567685
4569603
4570022
4570317
4572027
4572338
4572930
4573421
4574615
4575111
4575426
4575536
4575795
4579034
4579422
4580017
4583129
4583691
4584048
4584337
4585177
4585822
4587513
4589599
4592266
4593183
4593648
4593672
4593891
4594850
4595134
4595272
4595931
4596793
4597674
4597909
4599012
4601035
4602276
4602626
4603767
4604568
4605326
4605486
4605854
4606471
4607707
4608699
4609286
4610223
4610739
4611263
4611399
4612283
4612936
4615019
4615512
4615613
4615753
4615816
4618258
4618568
4618946
4619247
4621697
4622543
4623266
4623899
4624213
4624275
4624816
4625058
4628050
4628326
4628971
4630663
4632042
4632425
4632908
4634394
4635397
4636645
4638131
4638218
4638348
4638637
4639549
4639731
4640413
4640471
4640948
4641860
4645694
4646681
4652415
4652853
4652960
4653136
4653179
4654590
4654735
4655361
4659927
4660682
4661753
4662482
4663140
4663466
4663985
4664341
4664862
4670281
4670535
4670784
4671611
4673491
4673503
4673657
4673846
4674992
4676909
4677545
4677963
4679439
4679779
4679787
4681301
4682266
4683156
4683528
4684018
4684172
4684237
4684832
4688197
4688316
4688723
4689473
4691345
4692700
4693237
4694749
4696060
4696544
4697871
4698201
4698362
4699491
4699592
4700739
4700752
4701932
4702492
4703194
4704539
4706243
4706388
4707752
4708113
4708390
4708411
4708557
4709985
4710023
4710310
4710335
4710446
4711036
4711598
4714655
4715243
4715604
4715664
4715788
4715840
4716846
4716978
4718593
4719648
4720306
4720780
4721067
4721396
4723354
4723764
4724272
4724934
4725739
4725897
4728943
4729453
4729511
4729559
4729890
4731289
4735819
4736343
4737547
4738098
4740167
4740207
4740644
4741286
4742352
4743138
4743379
4744735
4748013
4749463
4752392
4754298
4756965
4758557
4759243
4759523
4761037
4763160
4765756
4765992
4766621
4767919
4768498
4768570
4768714
4768980
4772801
4774844
4775812
4775984
4776120
4777020
4777629
4779523
4779885
4780633
4781276
4784382
4785575
4786796
4787044
4787473
4788374
4789412
4792243
4792823
4794310
4794391
4794567
4794929
4795846
4797418
4797667
4799067
4801452
4803049
4803248
4803963
4804801
4805842
4805955
4807771
4807930
4808149
4808397
4808715
4810738
4811107
4812249
4812485
4814347
4814803
4815218
4816363
4817856
4818016
4818389
4822008
4822727
4824342
4825824
4827005
4828272
4829879
4830601
4830797
4832347
4833139
4834911
4835224
4835452
4835669
4836133
4837267
4839132
4839194
4839672
4841269
4841396
4841556
4842652
4844778
4847601
4848125
4849322
4849347
4851595
4853146
4853421
4854447
4855429
4855582
4855824
4855847
4856218
4857154
4857961
4859750
4861094
4861514
4862129
4863836
4864462
4867613
4867902
4870477
4871970
4872181
4872377
4872789
4874220
4874928
4876627
4877794
4878294
4878952
4880232
4881482
4881570
4881618
4882461
4883195
4883625
4884292
4886363
4887779
4887842
4889497
4891359
4891952
4892257
4892633
4894379
4896520
4896542
4896684
4897963
4898544
4898776
4898793
4898803
4900558
4901056
4903097
4905153
4905174
4908477
4910029
4910091
4914470
4915434
4917553
4919093
4921588
4921727
4922491
4924975
4924979
4925802
4928713
4928999
4929497
4932168
4932698
4933129
4933211
4934722
4936321
4937377
4937512
4937953
4939173
4939526
4939648
4941074
4942007
4942083
4942292
4942485
4943215
4943558
4943637
4944426
4946069
4948163
4949666
4951141
4951296
4951870
4951890
4954770
4955008
4955729
4956494
4956840
4957528
4957719
4958132
4959286
4959580
4960274
4960947
4964935
4965789
4968439
4969769
4970516
4971094
4971143
4972438
4973230
4977348
4980252
4982064
4983179
4984015
4985779
4985826
4988892
4991545
4993335
4993546
4994850
4995304
4997102
4998759
4998796
4998804
4999527
4999997
5000056
5000470
5001355
5002570
5002984
5003187
5004260
5008252
5011708
5011868
5011877
5013202
5014616
5014853
5015484
5019189
5019477
5019621
5020440
5020455
5021097
5022716
5023130
5026133
5026344
5026979
5027396
5029230
5030122
5030913
5030960
5031775
5035420
5035765
5037710
5037963
5038221
5038547
5039688
5040309
5041220
5041793
5042382
5044627
5045180
5045393
5046023
5048114
5048295
5050302
5051873
5052283
5052833
5052979
5054591
5056972
5057094
5057713
5060422
5061730
5062643
5063142
5063185
5063977
5065047
5067817
5068799
5069454
5069600
5071070
5071710
5076850
5080073
5082665
5082848
5083715
5084126
5086981
5087619
5087894
5088590
5089948
5092551
5094861
5098691
5099126
5100869
5101183
5103485
5103937
5105202
5105740
5106198
5106364
5106845
5108183
5109980
5110011
5114153
5117074
5119311
5119337
5119395
5119403
5119462
5123388
5124507
5125099
5126668
5127387
5129081
5129519
5129585
5129752
5129954
5130085
5131663
5133914
5134400
5135140
5135452
5135496
5135768
5137478
5137601
5138094
5138600
5138727
5138795
5139516
5140230
5141633
5141760
5143748
5144561
5144694
5145027
5145876
5146768
5146887
5146906
5148527
5153860
5156087
5156577
5157232
5157886
5158713
5158847
5159160
5159576
5159600
5161997
5163234
5163235
5163983
5164194
5165743
5166267
5167918
5168268
5169768
5169878
5170696
5172786
5172815
5173073
5173596
5175188
5175302
5176260
5178419
5179505
5181595
5182874
5184648
5184773
5186159
5189643
5190240
5190645
5192787
5193581
5194271
5194444
5194513
5195750
5195912
5196368
5197514
5197825
5198464
5199527
5199607
5199729
5199789
5199904
5200031
5200723
5201770
5203257
5203303
5205309
5206413
5207610
5208588
5208724
5208729
5209432
5211927
5212017
5215740
5215965
5216054
5217713
5218459
5218635
5220203
5222310
5223633
5225185
5225351
5225466
5225523
5225893
5226200
5226298
5228161
5228306
5229354
5230032
5231611
5232639
5232869
5233486
5234940
5235013
5237547
5239233
5239815
5240210
5242274
5243678
5244033
5244575
5246479
5246687
5247320
5248038
5248610
5249782
5250803
5250916
5251923
5252382
5252656
5253243
5253681
5253818
5253940
5254704
5255343
5256680
5257379
5258512
5259809
5260455
5260721
5261542
5262580
5262807
5263829
5264458
5264530
5266058
5267241
5268236
5269297
5269928
5270128
5270508
5271782
5272562
5273089
5273327
5273720
5274751
5277630
5278505
5278652
5280276
5280582
5280705
5281368
5281848
5282405
5282594
5283545
5283733
5284192
5284901
5285929
5285988
5288252
5288342
5288490
5290763
5291384
5291531
5291790
5291948
5292009
5292798
5293443
5293781
5296216
5297263
5298158
5299451
5299711
5300124
5300358
5302034
5302402
5304061
5304245
5304457
5304797
5304972
5305764
5306653
5307438
5307762
5308804
5309949
5310687
5311457
5311619
5312418
5312743
5313243
5314369
5314805
5314904
5316793
5317526
5320459
5320670
5320848
5320963
5321432
5321525
5321828
5321982
5322746
5323272
5323931
5324479
5327086
5328375
5328504
5329018
5329940
5331464
5331482
5331818
5333229
5333281
5334810
5338079
5338495
5339685
5339691
5341456
5342313
5342323
5344000
5346071
5347134
5348543
5348885
5350012
5355854
5356080
5356556
5356693
5357510
5358506
5360488
5361140
5361515
5364213
5365976
5369636
5370336
5370785
5371338
5373564
5373804
5374291
5375549
5375587
5375635
5375679
5375989
5376498
5376751
5377153
5378289
5380351
5380789
5380984
5381775
5382016
5382318
5382750
5383071
5384329
5386365
5387477
5388375
5388840
5389278
5397842
5398328
5399605
5400083
5401014
5403333
5403454
5403871
5404794
5405627
5405711
5407996
5408402
5408615
5409086
5410662
5412106
5417400
5418684
5418824
5418941
5421359
5421382
5424815
5426249
5426480
5428003
5428319
5428519
5429931
5430010
5432778
5432791
5436093
5437267
5438005
5438381
5438422
5440153
5440835
5441055
5441082
5442961
5443083
5444019
5444740
5445292
5446330
5446469
5446681
5449349
5450246
5450521
5451428
5451806
5452016
5452067
5452571
5453023
5453406
5453860
5454828
5455402
5457435
5457625
5460713
5461550
5462189
5463393
5463520
5464568
5464755
5465731
5466158
5467725
5468839
5468965
5469460
5470369
5471825
5473681
5473738
5475586
5478579
5480626
5481796
5482458
5482493
5483028
5484471
5485548
5486492
5486948
5489724
5489912
5491168
5491506
5494784
5496645
5497516
5497637
5497899
5498024
5498215
5498771
5499121
5500881
5501041
5501881
5502894
5503778
5504248
5504969
5506898
5507599
5508430
5508743
5508815
5508855
5510944
5512315
5514513
5514714
5521540
5521821
5523502
5523666
5527702
5528278
5528423
5529864
5530317
5530941
5532729
5532734
5533396
5533502
5534075
5535039
5535227
5536592
5537672
5538424
5539132
5540519
5540650
5541298
5544112
5544144
5544496
5545605
5545990
5546155
5546851
5547413
5550077
5550495
5553565
5553838
5554141
5556121
5558017
5562043
5562115
5562271
5562417
5562840
5563199
5564225
5565208
5567966
5568045
5568957
5569052
5570471
5571649
5571864
5573136
5573556
5573655
5576276
5576516
5577992
5578439
5579264
5581264
5581828
5581890
5582469
5582510
5582790
5583045
5584011
5584460
5584480
5585393
5585530
5585547
5585580
5585634
5586619
5586789
5586842
5586843
5589038
5589249
5595493
5596619
5596715
5596906
5598624
5599681
5601190
5602466
5602682
5602935
5604093
5604407
5604794
5605468
5606195
5606272
5609075
5609529
5610480
5611178
5611346
5615451
5618372
5620396
5623147
5623364
5625107
5626950
5626969
5632576
5636593
5636856
5637287
5642113
5642247
5642296
5643243
5643475
5644417
5644446
5644620
5650149
5650265
5650268
5651542
5654068
5655170
5657065
5657276
5657370
5658162
5660463
5660471
5660503
5660747
5663742
5664955
5665703
5668859
5671404
5671459
5673833
5676325
5677662
5677781
5681625
5681795
5684021
5684179
5685258
5685418
5686602
5686761
5686988
5687162
5687832
5688968
5689542
5689553
5689850
5691847
5692833
5693336
5693855
5695245
5698031
5698450
5698795
5698903
5699557
5700472
5700887
5704854
5704990
5705203
5705977
5706034
5708414
5709927
5710883
5711274
5712169
5714220
5716641
5717021
5717671
5718118
5718488
5719111
5719169
5720291
5720456
5720725
5721167
5722761
5723141
5723955
5724611
5725289
5725890
5726948
5727189
5727915
5729400
5731722
5734165
5734951
5735433
5737902
5738620
5738678
5738917
5738918
5742546
5742571
5742710
5743282
5744067
5745958
5747669
5748187
5748290
5750013
5750771
5752296
5755547
5756098
5757644
5758003
5758279
5758517
5759813
5760569
5761471
5761742
5762478
5762679
5765061
5766140
5767025
5767140
5767853
5768082
5770843
5771043
5771429
5774237
5774328
5774474
5774531
5775211
5776379
5776675
5777171
5781864
5781867
5783989
5785063
5785074
5785230
5788768
5792076
5792381
5793454
5793696
5795517
5797730
5798977
5799535
5799647
5799900
5799919
5801602
5802906
5804681
5805351
5806200
5806582
5807994
5810591
5812160
5813489
5813784
5813890
5814892
5815599
5815875
5817257
5817912
5818088
5818203
5818933
5819063
5822708
5823794
5824273
5824356
5824635
5824863
5825521
5827008
5827094
5828495
5829388
5832738
5833831
5834551
5834575
5834703
5835255
5835361
5836873
5841352
5843005
5843995
5844446
5844908
5845183
5845278
5845489
5845763
5847987
5848438
5850084
5851012
5852128
5852556
5852659
5852781
5853152
5853396
5855494
5857868
5858214
5858250
5859108
5863516
5864317
5864705
5865618
5865637
5866063
5868574
5868875
5870607
5872439
5873322
5875288
5875706
5875890
5877396
5879037
5879457
5880438
5880720
5881078
5881098
5881990
5882864
5883391
5884148
5884596
5884603
5885614
5886160
5886599
5889676
5890189
5890433
5894076
5894965
5896097
5896902
5898606
5902876
5903887
5904929
5905426
5905817
5906470
5907306
5907785
5908613
5908742
5909893
5911475
5917847
5918025
5919307
5921427
5922844
5925143
5925308
5925836
5926478
5927146
5927749
5928116
5929037
5929190
5931366
5931457
5931787
5933244
5933488
5935832
5936108
5938754
5939312
5939333
5940771
5941532
5942630
5943848
5944709
5946064
5947252
5948865
5949134
5950522
5952056
5952183
5953669
5954122
5954246
5955888
5957412
5957740
5957774
5958609
5958901
5961180
5962187
5962704
5962803
5963083
5963751
5964127
5964568
5965150
5966913
5968227
5968752
5969387
5970550
5971612
5972000
5972600
5972926
5973016
5975070
5976294
5976591
5977994
5978059
5978762
5979977
5980259
5980274
5980638
5981813
5981914
5984403
5985125
5986299
5990365
5991490
5991601
5993998
5994505
5995317
5996388
5996393
5998360
5999055
5999160
6000622
6001094
6001943
6003411
6003724
6004205
6004365
6005700
6006974
6007420
6009120
6009230
6009489
6011224
6012778
6012877
6014537
6015829
6016361
6017037
6018848
6019500
6021152
6022749
6024611
6024745
6025389
6026725
6026956
6027169
6027318
6027388
6027691
6027854
6029109
6029130
6029395
6031351
6031479
6031837
6033448
6033702
6034035
6037265
6037368
6039136
6039728
6040712
6041228
6041768
6041871
6042692
6042885
6042977
6043085
6043149
6044583
6045724
6045914
6047206
6047662
6047688
6047957
6048462
6049321
6051566
6053483
6053900
6056744
6057835
6058389
6060468
6060839
6061537
6063878
6065492
6065877
6071247
6072784
6074442
6075604
6076894
6078472
6079351
6081272
6081730
6082073
6083352
6085995
6087630
6087833
6088209
6092392
6093644
6095220
6095602
6097997
6098742
6099369
6100339
6104624
6107852
6109008
6109050
6109278
6109621
6109804
6110844
6112399
6112470
6112543
6113257
6115007
6115150
6115920
6117252
6118533
6119194
6120516
6120902
6122229
6122979
6123089
6123236
6124751
6125234
6125814
6127157
6127622
6127815
6129388
6129529
6132017
6133692
6135078
6136593
6137013
6139861
6141278
6142735
6142778
6143749
6145893
6146416
6148364
6149693
6149893
6150894
6153232
6155935
6157477
6157522
6157979
6158068
6159121
6159973
6162361
6163343
6163760
6164008
6165581
6170826
6174413
6174555
6175897
6176228
6176462
6177505
6178503
6183780
6185926
6186358
6186417
6188557
6191773
6192121
6193439
6194166
6197191
6197247
6197753
6199338
6200192
6201459
6202367
6202930
6204106
6205539
6205856
6209630
6209680
6210129
6210352
6212456
6214317
6214366
6215718
6216451
6216759
6218933
6219017
6219693
6222279
6224010
6224157
6224794
6224802
6225044
6225329
6225736
6228506
6228630
6229996
6231225
6231465
6232969
6235486
6235588
6236656
6237118
6237551
6239298
6240396
6242283
6243140
6243415
6245359
6245716
6245843
6246035
6247219
6247550
6247917
6247921
6249510
6249802
6252235
6252628
6253276
6255295
6256456
6258413
6259327
6260238
6260655
6260812
6260833
6261862
6262600
6262929
6263282
6263533
6263854
6265593
6266021
6268468
6271321
6271921
6272459
6273682
6275057
6277377
6281136
6281303
6283578
6286547
6286595
6287993
6288223
6288673
6291133
6291624
6292592
6293750
6295432
6295483
6296627
6297421
6298986
6299132
6299161
6299899
6301230
6301800
6305255
6305552
6308742
6309091
6309744
6310459
6312842
6313222
6313398
6314728
6315308
6317758
6318806
6319669
6320132
6321170
6324026
6325801
6327090
6327367
6328677
6333345
6333450
6333649
6335010
6336763
6336770
6339368
6340452
6340615
6340942
6342625
6343484
6343792
6347220
6347352
6348727
6349532
6350292
6350389
6350454
6351333
6351586
6354958
6355323
6355838
6356266
6357576
6357820
6358387
6359392
6360970
6361020
6362476
6363642
6365284
6365814
6366641
6366750
6368549
6368910
6369698
6370866
6371971
6372432
6373916
6374252
6376790
6376816
6377041
6377603
6378398
6379426
6379957
6380200
6381030
6381343
6382821
6383503
6383930
6385121
6385175
6387118
6387938
6389609
6390359
6390605
6390883
6391290
6391500
6393065
6394438
6395042
6395858
6398904
6398914
6398992
6399634
6401312
6402654
6403243
6403720
6404508
6408067
6408496
6409310
6410134
6412067
6413494
6415824
6415985
6417402
6417444
6417702
6419275
6421155
6422504
6424194
6425744
6428651
6432142
6433470
6434060
6434677
6436010
6436380
6437414
6438718
6438936
6439928
6440584
6440660
6444644
6444956
6446139
6447493
6448105
6448616
6456453
6458743
6459991
6461660
6462249
6462439
6462840
6462890
6464192
6465259
6468154
6469238
6472778
6476865
6476928
6477008
6480359
6480829
6480883
6480985
6482016
6482827
6483651
6483811
6485321
6486709
6488681
6492860
6493493
6493877
6494602
6494677
6496853
6501138
6504663
6505795
6506845
6507662
6509031
6509171
6509383
6509627
6510633
6513113
6516035
6517658
6518701
6519981
6520700
6521155
6521631
6523469
6525058
6525236
6525359
6526473
6527495
6529236
6530605
6530848
6532435
6534966
6535389
6535864
6536312
6537088
6537135
6537927
6538909
6538978
6539112
6541423
6541453
6542377
6542604
6543311
6544108
6544110
6544629
6545143
6547086
6548671
6549778
6551164
6551508
6553025
6554758
6557209
6559677
6559844
6561642
6562895
6563011
6564468
6565938
6566563
6566903
6569834
6570427
6573956
6574227
6575069
6575466
6575698
6576004
6576949
6576954
6577400
6578488
6579251
6583120
6583795
6584837
6585056
6586317
6587345
6588199
6589942
6591580
6592123
6594300
6594824
6594829
6595398
6596186
6597474
6597990
6598947
6599026
6600906
6601284
6602775
6605876
6606522
6607237
6607484
6608180
6608786
6609276
6609407
6609678
6609738
6610087
6610180
6611931
6613039
6613240
6613243
6613442
6614107
6614320
6614450
6614829
6614913
6615000
6616205
6617088
6617152
6617948
6619866
6620105
6620790
6622625
6623719
6625029
6625576
6625815
6627566
6628196
6628786
6629688
6632542
6632841
6633943
6634034
6635105
6635528
6635670
6636861
6640809
6640908
6641266
6642062
6642746
6642970
6643264
6643539
6643758
6645188
6645453
6647706
6649405
6649502
6650862
6651815
6652177
6653483
6653523
6653898
6655108
6655766
6656335
6658902
6658951
6660053
6660514
6661483
6662743
6663031
6663561
6663696
6664328
6664734
6666280
6666421
6669130
6669626
6670546
6671278
6671691
6673133
6673698
6673781
6676392
6678041
6679296
6679945
6680475
6681074
6682565
6682880
6683796
6687086
6689981
6691011
6691152
6692023
6692849
6692903
6693696
6694325
6694361
6694457
6696716
6698339
6699409
6700078
6701512
6701787
6702294
6702807
6703298
6703353
6703932
6706504
6706567
6706950
6706978
6708677
6711264
6711574
6712248
6712423
6713095
6714062
6714478
6716245
6716720
6717459
6717597
6717957
6718166
6718661
6719143
6719955
6721468
6721723
6722198
6723304
6724096
6724152
6724418
6725456
6725559
6725913
6727910
6728999
6729750
6731753
6732327
6732533
6732574
6737120
6738870
6739011
6739050
6739595
6739695
6740858
6741040
6744194
6744528
6744610
6746111
6746301
6748683
6748892
6748959
6749583
6750223
6752970
6753664
6755606
6756637
6757635
6757939
6758035
6759316
6759334
6759340
6761016
6761905
6762016
6762767
6763572
6763777
6764292
6767996
6768291
6770492
6771211
6771928
6772681
6775316
6775394
6776165
6776554
6778043
6778769
6780016
6780095
6780924
6780991
6782168
6782912
6783822
6783908
6785853
6786066
6786289
6786584
6786917
6788759
6791680
6792771
6796924
6797140
6798334
6800206
6800424
6802632
6803905
6804542
6804615
6805728
6806172
6806325
6807585
6808528
6808917
6811425
6813640
6813666
6814451
6814504
6815090
6815850
6815867
6815969
6817827
6818132
6818778
6819486
6819592
6821535
6821690
6821929
6823264
6823523
6824304
6825345
6826384
6827722
6828730
6828795
6829073
6830047
6831281
6832566
6834108
6834829
6837009
6837542
6837622
6838465
6839601
6840297
6840457
6841639
6843693
6845554
6847142
6847576
6847999
6850079
6851972
6852886
6853237
6853632
6854606
6855096
6856654
6858068
6859448
6859631
6860880
6861755
6863353
6864201
6864295
6864595
6864788
6865889
6866314
6867401
6867761
6868249
6870708
6871655
6873862
6875382
6876576
6878474
6878777
6879558
6883865
6885843
6887810
6888140
6888379
6889276
6890277
6890343
6890362
6891136
6891855
6892446
6894350
6895678
6896520
6896842
6897037
6897577
6898155
6900767
6901496
6905381
6905434
6905696
6906120
6908204
6908569
6908807
6909055
6910166
6910466
6910670
6910998
6911424
6911496
6911976
6913337
6914150
6914710
6915804
6920553
6921050
6921343
6922001
6922394
6924075
6925487
6926141
6926948
6929108
6929992
6930436
6930921
6932471
6934196
6934596
6934617
6939259
6940250
6940446
6941696
6941881
6942232
6943328
6944826
6945162
6945478
6947381
6947463
6948398
6948507
6948789
6951936
6952772
6953323
6954101
6955166
6955940
6956468
6958579
6960208
6960604
6961017
6962984
6965501
6965685
6966689
6968077
6970747
6971085
6972597
6973850
6975176
6976039
6976835
6977599
6978131
6979412
6979606
6980387
6981535
6982780
6983743
6984579
6984688
6985297
6985335
6985346
6986459
6987226
6989725
6990714
6990903
6991541
6993288
6993345
6994149
6994479
6994621
6994908
6995483
6997359
6997882
6999133
7000345
7001309
7002264
7003850
7003948
7005426
7006144
7008035
7008699
7009745
7009799
7010679
7011908
7011988
7012276
7015679
7015964
7016166
7018817
7020206
7020669
7020778
7022327
7025455
7032523
7033074
7033416
7033803
7035215
7036424
7037320
7038968
7039469
7040193
7040456
7041782
7042836
7043018
7043515
7043552
7043710
7043896
7045029
7045696
7050644
7050937
7051791
7052500
7052651
7053289
7055367
7055981
7056356
7056660
7057459
7057693
7057819
7058268
7058377
7059895
7060850
7061019
7061842
7063262
7063460
7064156
7064350
7065164
7065213
7066186
7066609
7066823
7070718
7070855
7071543
7071613
7073471
7073771
7074119
7074578
7076074
7076755
7077935
7079074
7079672
7080674
7083185
7084031
7086836
7087854
7087944
7090498
7092949
7093003
7094402
7098314
7100157
7101063
7101581
7101793
7102760
7104678
7105425
7107657
7107880
7108101
7112437
7119746
7119775
7120703
7121278
7121553
7122472
7123039
7123098
7123265
7123572
7123627
7123852
7123915
7124011
7125430
7125738
7125932
7127701
7127981
7128970
7131793
7132397
7132616
7133425
7133657
7133982
7135264
7135371
7135865
7138704
7139156
7140237
7140374
7140887
7142154
7143205
7144976
7145093
7147741
7148519
7150039
7150749
7152921
7154422
7154452
7155551
7157988
7158208
7160625
7167356
7167979
7169458
7169571
7170171
7170456
7170767
7171125
7173624
7173917
7173992
7174415
7177024
7179128
7179452
7179941
7181266
7181869
7181910
7183095
7183539
7184360
7184804
7185126
7185140
7187140
7187502
7188826
7191759
7191947
7192089
7192193
7193029
7193541
7194862
7195025
7196351
7197517
7197931
7200344
7200387
7201928
7202807
7203182
7203245
7203543
7205202
7205976
7206782
7208856
7209649
7209973
7212803
7212846
7213156
7217536
7218058
7218954
7220730
7221285
7224218
7224512
7224745
7225955
7229526
7229818
7229905
7231081
7233187
7233265
7233950
7234220
7236833
7242023
7246627
7248150
7250356
7251727
7251814
7257353
7257811
7258748
7259092
7259719
7260040
7260617
7260764
7261006
7261813
7263029
7263936
7265765
7266575
7266770
7267812
7267834
7272289
7274296
7274708
7276825
7278013
7280812
7280942
7281248
7282093
7282356
7283142
7284179
7285008
7285361
7286777
7287617
7287662
7289064
7292984
7294109
7294544
7297161
7297444
7298636
7298664
7301331
7301983
7302728
7302871
7302933
7303026
7303502
7303625
7303715
7304720
7304798
7307489
7307662
7307844
7312299
7315183
7315297
7316259
7317343
7318066
7318092
7319263
7321483
7322192
7323227
7323489
7323722
7324905
7325247
7327217
7328070
7328970
7330689
7330831
7331169
7331646
7331850
7334460
7335924
7338384
7340332
7340349
7340535
7341883
7342451
7343773
7344002
7345626
7345782
7348232
7349135
7350788
7350922
7351423
7354930
7356508
7356754
7357272
7357577
7357848
7358243
7359169
7359779
7360320
7360990
7362936
7363338
7364340
7364922
7365409
7366872
7368042
7369472
7370087
7372385
7372678
7374374
7374851
7375744
7377074
7377370
7377383
7378213
7378325
7379056
7380302
7380736
7382299
7383807
7384583
7385524
7386665
7387913
7389155
7390177
7391024
7391500
7394526
7394993
7396491
7396945
7397327
7397380
7397601
7398328
7398570
7400059
7400202
7402929
7403856
7404437
7404936
7405247
7406106
7407391
7408368
7408611
7412361
7413011
7413702
7413735
7414619
7414707
7415782
7415889
7416844
7417259
7417776
7417862
7418900
7418945
7420600
7420885
7424177
7424884
7426641
7426867
7427804
7427875
7429180
7429593
7429832
7430907
7433013
7434826
7435221
7436206
7437082
7438350
7438519
7439003
7439589
7440345
7443035
7443191
7449285
7452998
7453249
7453620
7455482
7455726
7456387
7457650
7459144
7459674
7460060
7461461
7461482
7461682
7462164
7462409
7463203
7464655
7465265
7465753
7465937
7466804
7468341
7468970
7471561
7472480
7474470
7475309
7475878
7479723
7481074
7482732
7484276
7486136
7487868
7487950
7488833
7488943
7489019
7489100
7490436
7490683
7491533
7492627
7493244
7494166
7497061
7497182
7498264
7498335
7498855
7499536
7500594
7500729
7500968
7501089
7502735
7505057
7506678
7507542
7508572
7511931
7513731
7514084
7514143
7517996
7522652
7524757
7524794
7526239
7526746
7527256
7529674
7529738
7531618
7532700
7534922
7536308
7537698
7538407
7542006
7542744
7544082
7545315
7545930
7546573
7550553
7552713
7552802
7553598
7554298
7554318
7555567
7557435
7557638
7558011
7558254
7558581
7558898
7561675
7562783
7563870
7564011
7564792
7565205
7565498
7566244
7566272
7569318
7571029
7571995
7572047
7575937
7575989
7576645
7579433
7580030
7580507
7582911
7584058
7585316
7585791
7586220
7586865
7587019
7588292
7588401
7588503
7588663
7589007
7589942
7590117
7590753
7592915
7592931
7593105
7594279
7595094
7598185
7599303
7599427
7600065
7600361
7601458
7601809
7601961
7603601
7605374
7605499
7606412
7606640
7610684
7610987
7611441
7613147
7614157
7614972
7618019
7618169
7618301
7618349
7618708
7619803
7621659
7623100
7624117
7624264
7625353
7627433
7627481
7627513
7628668
7628828
7629105
7629492
7629663
7631564
7633502
7635543
7636679
7636871
7637459
7637493
7640309
7640716
7641593
7643870
7644277
7645138
7646733
7647312
7648798
7651455
7651565
7652253
7652581
7654409
7655988
7656066
7659962
7660127
7660941
7661581
7662049
7663347
7663658
7667388
7667619
7667790
7668270
7668743
7669087
7671129
7671856
7672723
7672867
7672921
7673181
7674690
7675853
7676988
7679557
7679922
7681260
7682131
7682694
7683424
7683538
7684447
7684929
7685403
7686440
7691093
7691487
7692260
7693325
7695777
7696155
7697806
7697958
7698125
7698322
7698745
7699730
7701939
7703051
7703846
7704198
7704895
7706688
7708900
7713332
7713600
7713831
7714402
7716392
7717008
7717051
7720805
7722187
7722322
7724075
7724909
7726273
7726437
7726722
7726849
7730217
7731285
7731372
7731373
7731894
7732110
7733666
7733819
7734362
7735048
7735318
7735363
7736057
7736719
7737005
7737511
7738683
7738923
7739683
7740573
7740711
7741179
7742750
7744633
7746517
7748434
7749304
7749462
7749872
7750898
7751148
7751923
7753366
7753411
7754030
7754842
7756227
7756365
7756985
7758025
7759229
7760044
7760682
7761803
7763712
7763997
7765874
7766279
7767062
7767166
7767904
7770160
7770977
7771295
7772389
7772927
7773027
7774052
7774219
7774360
7776895
7776992
7777964
7779390
7780143
7781062
7787691
7790351
7790948
7792337
7794176
7795022
7796012
7796477
7796563
7798734
7798797
7799780
7801132
7801502
7802853
7803306
7804112
7804890
7805027
7805113
7805998
7806856
7810306
7811115
7811153
7811958
7812674
7812770
7812944
7813527
7814153
7814379
7815145
7817503
7818231
7818737
7819689
7823151
7825015
7826079
7826911
7828651
7829847
7832172
7832766
7833072
7834397
7834812
7837630
7837700
7839960
7840137
7841595
7844116
7844211
7844358
7845889
7846128
7848062
7848112
7849023
7850934
7851544
7852890
7853147
7853390
7853518
7853546
7854592
7856443
7859231
7859927
7860413
7860585
7861857
7862829
7863363
7864137
7866279
7866326
7866469
7866677
7867007
7869299
7871332
7871667
7872052
7873101
7874879
7874884
7874963
7875073
7876839
7879462
7880341
7880571
7880729
7880855
7881553
7881594
7882018
7883269
7884470
7885235
7886246
7888530
7888745
7890357
7890976
7891312
7893043
7894715
7894742
7894837
7895833
7896175
7896664
7899531
7900513
7900583
7902379
7902690
7903027
7903133
7903271
7905604
7905661
7907135
7907297
7909248
7910926
7911450
7912924
7914430
7915045
7915448
7916241
7917837
7918332
7919308
7920510
7921268
7922795
7924216
7927112
7929134
7929409
7930234
7932464
7933735
7937419
7938536
7938581
7939074
7939532
7941616
7944370
7946777
7949333
7950699
7951869
7952035
7952174
7952748
7953543
7953793
7954801
7955557
7957339
7958476
7960161
7960617
7960661
7960914
7961334
7964398
7964622
7966192
7966378
7967583
7967668
7968873
7969252
7970521
7970859
7971559
7972216
7972812
7973397
7973648
7973824
7974442
7975424
7975662
7976414
7976738
7977189
7979087
7979367
7980463
7981026
7981274
7982498
7984282
7985100
7985143
7985352
7988086
7990129
7991533
7991807
7992271
7996432
7996935
7997995
7998128
8000343
8001353
8001626
8002215
8002922
8003301
8004121
8004501
8005067
8007167
8007630
8008798
8009469
8010150
8013045
8013311
8013588
8013605
8014879
8016067
8016102
8017158
8017483
8019317
8020130
8020996
8022720
8022742
8024134
8027831
8028023
8030316
8032608
8033904
8035609
8036167
8036696
8037933
8038379
8039417
8039858
8040775
8042161
8042512
8043657
8043988
8045318
8046062
8047689
8047694
8049522
8052456
8055679
8055721
8056203
8056218
8057735
8058168
8061031
8061393
8062412
8063144
8065766
8066401
8066574
8067729
8068498
8069695
8071237
8071333
8072500
8073732
8074352
8074425
8074840
8075431
8075578
8077318
8077406
8079351
8081273
8081582
8082735
8082800
8082898
8083691
8083821
8083868
8084211
8084601
8084607
8084994
8085644
8087639
8088007
8088573
8089548
8090049
8091033
8091287
8091952
8093368
8093580
8094240
8095073
8096555
8096581
8096977
8096988
8097844
8098620
8099731
8100258
8100571
8100888
8101872
8102147
8105341
8106290
8106778
8107276
8108892
8108934
8110294
8110350
8110579
8113300
8116253
8116514
8116679
8117956
8118169
8118676
8118707
8120743
8121733
8124858
8125375
8126246
8128097
8128220
8129303
8130577
8130765
8130841
8133807
8134587
8134879
8137030
8137819
8137959
8139238
8140393
8141286
8147178
8152113
8153342
8154316
8155791
8155980
8157151
8157401
8157794
8159510
8159520
8160189
8161987
8162723
8164169
8164319
8164440
8167401
8168369
8169197
8170431
8170508
8171618
8172666
8172829
8173281
8173497
8175320
8176796
8178050
8179532
8179666
8179940
8180542
8183006
8184285
8189212
8189374
8191626
8192528
8193483
8193738
8194574
8195182
8196801
8197143
8198727
8200240
8200703
8200756
8201132
8205503
8206828
8206843
8206852
8207767
8208326
8208487
8211323
8211687
8213150
8213163
8213801
8214444
8214754
8217567
8217632
8217999
8218346
8218401
8222178
8222501
8222536
8223896
8224374
8226404
8227452
8228621
8228777
8229346
8230222
8230403
8231462
8232494
8233088
8234653
8235089
8235373
8235524
8235950
8236851
8236892
8237240
8238359
8238579
8239061
8239112
8239832
8241227
8242029
8242911
8244089
8244627
8246332
8249518
8249717
8250421
8252990
8252992
8253639
8253710
8255091
8255159
8255526
8255563
8258158
8259796
8260523
8260846
8261086
8261295
8263158
8266717
8267704
8269058
8270266
8270496
8271236
8272042
8272633
8276201
8278288
8278494
8278926
8280847
8280931
8283537
8285742
8286127
8288062
8288223
8288785
8288905
8290623
8291257
8292259
8292463
8295600
8295893
8296786
8301455
8301682
8302748
8303852
8304424
8304926
8305576
8306129
8306360
8307702
8309259
8309645
8310282
8310700
8313271
8315168
8315645
8315740
8316130
8316388
8318096
8318401
8320955
8320965
8323355
8323702
8324601
8325406
8326589
8327664
8328810
8330139
8330350
8331644
8332964
8333582
8334252
8336115
8336407
8336696
8338267
8341623
8341812
8341979
8343907
8344569
8346390
8347260
8347452
8347662
8347708
8348243
8349152
8349603
8350601
8351855
8352934
8354309
8354374
8354875
8356162
8356724
8357573
8358221
8358481
8359709
8359734
8360403
8361086
8362182
8362671
8362909
8367850
8367948
8369703
8370412
8372833
8375368
8378291
8380759
8381698
8382353
8382666
8382706
8383403
8383671
8385773
8386000
8386166
8388477
8388901
8389652
8391201
8391215
8391429
8392498
8392744
8392883
8393621
8395112
8397236
8398261
8402721
8405585
8405652
8406926
8407039
8407839
8411657
8412189
8412880
8416551
8417035
8418641
8419564
8421289
8422772
8425116
8425196
8426730
8428078
8428253
8428545
8429567
8430227
8431900
8432540
8433103
8437102
8438430
8438625
8438812
8441054
8441432
8441516
8442279
8443740
8443906
8444594
8446318
8447732
8450695
8451498
8451890
8452325
8452810
8453236
8453395
8454114
8455803
8458570
8459017
8460546
8466270
8467262
8467444
8468182
8468188
8469135
8469360
8470729
8470815
8474787
8474954
8476843
8477248
8478010
8479379
8479628
8479839
8480710
8480994
8484017
8484070
8484110
8484140
8484294
8485478
8485508
8486213
8487079
8487539
8488886
8489175
8490371
8491552
8491678
8492163
8493333
8493536
8495474
8496212
8496641
8496944
8497147
8497179
8497382
8499634
8500660
8500998
8501826
8502295
8503154
8508214
8508581
8508592
8508751
8508945
8509112
8509701
8512273
8512525
8513314
8513591
8514183
8514692
8515004
8515655
8516638
8518078
8518445
8519136
8519246
8520288
8521002
8521791
8522667
8523548
8524093
8524654
8525106
8525450
8526285
8526318
8526538
8526779
8527152
8527197
8527557
8528190
8533889
8534004
8536059
8536241
8536434
8536820
8538631
8539198
8539551
8539900
8540072
8540136
8540241
8540356
8542347
8544583
8546956
8547312
8547510
8548220
8549210
8550546
8552505
8552539
8552555
8553059
8554224
8555083
8556177
8556197
8556828
8557383
8559312
8559985
8561629
8562434
8562573
8563140
8565480
8566909
8566946
8568313
8572619
8572694
8573834
8574672
8574850
8575039
8576136
8578553
8579155
8581628
8582127
8582594
8583243
8583594
8583687
8583842
8584070
8584231
8584472
8584617
8588715
8588735
8589875
8590525
8591425
8591738
8594635
8594703
8595635
8596179
8596546
8598481
8599635
8600430
8601301
8601536
8602301
8604065
8604747
8604753
8605251
8606348
8606773
8608075
8610630
8611773
8613209
8614235
8615117
8615294
8615999
8616097
8616296
8616503
8617079
8617160
8618142
8620279
8620684
8621492
8622705
8623273
8626712
8627155
8627878
8628602
8629890
8631189
8631201
8632734
8633093
8634644
8636823
8639446
8640647
8640962
8641424
8641625
8641687
8650254
8650260
8651826
8653826
8654324
8655212
8656133
8656421
8656719
8657075
8657109
8659064
8659488
8662764
8663633
8664808
8665139
8665727
8667819
8668113
8668508
8670602
8673177
8673733
8674015
8675590
8675843
8677967
8680775
8680900
8681751
8681766
8686776
8686887
8687993
8689502
8689908
8690572
8694108
8694431
8695243
8695786
8696260
8696744
8696951
8697005
8698471
8698875
8700296
8700852
8700905
8701041
8702092
8704061
8704063
8705269
8706015
8706488
8706580
8706876
8710309
8712562
8712626
8713243
8713798
8714670
8715952
8720144
8720717
8720838
8720901
8721571
8723723
8724729
8727510
8727515
8727583
8728540
8728801
8729321
8730186
8730428
8732057
8732163
8732478
8736174
8736228
8738331
8741911
8742382
8742428
8743655
8744756
8746196
8747709
8749208
8749527
8750344
8751045
8752564
8752642
8753699
8753745
8754172
8755508
8756271
8759055
8759896
8760469
8761563
8762210
8763396
8763458
8763647
8764970
8766205
8767900
8769836
8770103
8771891
8772003
8775503
8775951
8776511
8776566
8778055
8778632
8779958
8780600
8781976
8782726
8785095
8787071
8787921
8789586
8794165
8795338
8795487
8795490
8796837
8797191
8797264
8797344
8797516
8798488
8799289
8799441
8802265
8802743
8803168
8804428
8804557
8806165
8806277
8807420
8807922
8812892
8814337
8817690
8818108
8819667
8820211
8824233
8824752
8825262
8825500
8826788
8827905
8828053
8828358
8829119
8829270
8830271
8831154
8832497
8833289
8834703
8835576
8835832
8836710
8837992
8838148
8841323
8842715
8843457
8844189
8844345
8845882
8847698
8848934
8848987
8849376
8849575
8850685
8850975
8851038
8851647
8853521
8855405
8856895
8857529
8858786
8858974
8859957
8862036
8862506
8862681
8863039
8863815
8863850
8868316
8869395
8870518
8870801
8871262
8871327
8872244
8873544
8874227
8874706
8875348
8877247
8878224
8880910
8882671
8883160
8885299
8887362
8888126
8890939
8895073
8897107
8897497
8898272
8899069
8900357
8902829
8903883
8904986
8905776
8906384
8906493
8907600
8908878
8910467
8913147
8914667
8914758
8915270
8915620
8916245
8916448
8918466
8919024
8920640
8920915
8921266
8922279
8922282
8928748
8930061
8930510
8930816
8931136
8931631
8933242
8933280
8935804
8936416
8936899
8937229
8938588
8938700
8939649
8939732
8939733
8939770
8941091
8941142
8942150
8943360
8943568
8943811
8944589
8945813
8946523
8947241
8947539
8948287
8950197
8950468
8952539
8952733
8953219
8953908
8955710
8956504
8956990
8957418
8957427
8957589
8959081
8959331
8960423
8961053
8961174
8963454
8963854
8965197
8965231
8971680
8972110
8975059
8975427
8975582
8976082
8976177
8976821
8976994
8977086
8977389
8977872
8979007
8981130
8982575
8983467
8983830
8984075
8984629
8984878
8986049
8987189
8988208
8988304
8990389
8990729
8991813
8992938
8993294
8993926
8996238
8996341
8996709
8998146
9000350
9000779
9001720
9001890
9003636
9005277
9005873
9006600
9009183
9011612
9012238
9013251
9013662
9013740
9015266
9016039
9016622
9017835
9019896
9021237
9022538
9023341
9023530
9024026
9024032
9024054
9025754
9027097
9028123
9028186
9030379
9030712
9034264
9034843
9035555
9036061
9036907
9037546
9040767
9041910
9042926
9043162
9044612
9046127
9047500
9048576
9049843
9051797
9053219
9053388
9053720
9053942
9056152
9059098
9061469
9064453
9065059
9065222
9065735
9065856
9066237
9066358
9066705
9067027
9067172
9070714
9071380
9072356
9073011
9073104
9075507
9079753
9080819
9082270
9082767
9083346
9083427
9084331
9084406
9084895
9085580
9086653
9087535
9091678
9092649
9092793
9094253
9094254
9094563
9094592
9096515
9097023
9097253
9097983
9098167
9101791
9102296
9103880
9103944
9104757
9106671
9107474
9108570
9108951
9109178
9109640
9109725
9111483
9111552
9112794
9117386
9118598
9119406
9124103
9124692
9125945
9126001
9127130
9127203
9130040
9130313
9131022
9131924
9136128
9137634
9138810
9138989
9139931
9141581
9141803
9143606
9144343
9145003
9146764
9147291
9149282
9150174
9150801
9152555
9153209
9154283
9155014
9155539
9155970
9156505
9157136
9162027
9162469
9162884
9162989
9164172
9166710
9167542
9168546
9172063
9172516
9172645
9173041
9173211
9175189
9175730
9180352
9181283
9181843
9184367
9184458
9184865
9185346
9186524
9186773
9186866
9187584
9188760
9189098
9189640
9190397
9190601
9192607
9192860
9193089
9193102
9193908
9195517
9196078
9198464
9199842
9200564
9200587
9202400
9202684
9203097
9204756
9205406
9205796
9207469
9207483
9211778
9211889
9212423
9212499
9212574
9222956
9223190
9224457
9226059
9228325
9229036
9230270
9230699
9236726
9236881
9236917
9238507
9239338
9240031
9240351
9241271
9241305
9241502
9241681
9242214
9242924
9243238
9245949
9247487
9247744
9248555
9249495
9250060
9250269
9250644
9253272
9253861
9254750
9258348
9260754
9265304
9266293
9266627
9268652
9271540
9272466
9273173
9274647
9275819
9276136
9276173
9276445
9276524
9278905
9279612
9280926
9281138
9281985
9282535
9282677
9284655
9284926
9285358
9288676
9289657
9289681
9290615
9292577
9293996
9294423
9294652
9295033
9295811
9297113
9298096
9298430
9304335
9307620
9308113
9308254
9309912
9310026
9310362
9312300
9314261
9314429
9315087
9315775
9316808
9317944
9319068
9319887
9321813
9323242
9325079
9326654
9326880
9328238
9328738
9330468
9330781
9330898
9331837
9332584
9332657
9332726
9332851
9336843
9338484
9344243
9344275
9345732
9346157
9346985
9347043
9349740
9349829
9350399
9350481
9351450
9352076
9352256
9352433
9352517
9353510
9355421
9356146
9356374
9357908
9359549
9361326
9362349
9364624
9367662
9368309
9368377
9369428
9369925
9370177
9371125
9371407
9371515
9372611
9373302
9373601
9373771
9374383
9378115
9378377
9378554
9378802
9378952
9379447
9383434
9383887
9385788
9385899
9386255
9386488
9387109
9388071
9391232
9392367
9393340
9394677
9395810
9395950
9396210
9396447
9397257
9397423
9398459
9399175
9399537
9401579
9403522
9403607
9405258
9406008
9406481
9408091
9410815
9411204
9411983
9412947
9413218
9414429
9414514
9415934
9416224
9416340
9416617
9417519
9418606
9418687
9418911
9419328
9419951
9420988
9421272
9422237
9422351
9422979
9424437
9424508
9428482
9431893
9431988
9432960
9433297
9434764
9436443
9437360
9437675
9438654
9438959
9439753
9439958
9441412
9442852
9446362
9446363
9447255
9453298
9454521
9455516
9455769
9456727
9456874
9458538
9458814
9460428
9461012
9461813
9462660
9462979
9463495
9464478
9464533
9465190
9466062
9467593
9467598
9468097
9468386
9468739
9469718
9469836
9472481
9473136
9473432
9474138
9474855
9476307
9478619
9479215
9483302
9483634
9485106
9485176
9487436
9487560
9487732
9490164
9490427
9490706
9491595
9491737
9493199
9494002
9496363
9498008
9498047
9504312
9505007
9506187
9507435
9507510
9507991
9508900
9509055
9509463
9511856
9512180
9513602
9513994
9514130
9514477
9515621
9515806
9517296
9519177
9520329
9522191
9523462
9524599
9525332
9526665
9527415
9527510
9528885
9528973
9530144
9530870
9531844
9533230
9533757
9533845
9533977
9534033
9534705
9534837
9537987
9538982
9541172
9543329
9544771
9545429
9547158
9547340
9548122
9548768
9549576
9550110
9550353
9550698
9550955
9551843
9552795
9553648
9554604
9558357
9558692
9560244
9561009
9561399
9562646
9564158
9564672
9565894
9566135
9566588
9567444
9569319
9569774
9570746
9571340
9571950
9573088
9576012
9577825
9580321
9581691
9583081
9585225
9585389
9585423
9585702
9585733
9586056
9588246
9588349
9588852
9588855
9589605
9590094
9590156
9590289
9592840
9594079
9594567
9594833
9595901
9597540
9597568
9597919
9598508
9598521
9599864
9600247
9601190
9601585
9602359
9602881
9603804
9605432
9605443
9607322
9608032
9610058
9611835
9612356
9612544
9613512
9614817
9616140
9617579
9618357
9618962
9619044
9619769
9619994
9623283
9623442
9624382
9625511
9628207
9632055
9633099
9634821
9635054
9635566
9635994
9636505
9637910
9639484
9639598
9641176
9642112
9644878
9645346
9645767
9647254
9647821
9647926
9648634
9649050
9649366
9649477
9649948
9650425
9651228
9652239
9653031
9653476
9654064
9655995
9657037
9657929
9658091
9658143
9658409
9659072
9662817
9664683
9666052
9667485
9668034
9669003
9669054
9669211
9669339
9669702
9670391
9671941
9673691
9673754
9674107
9674499
9674997
9676795
9677387
9678186
9679544
9681119
9682694
9683862
9685097
9686569
9688858
9689022
9689386
9690439
9690779
9691307
9692017
9692562
9695520
9695679
9695997
9697181
9698067
9698457
9699194
9699864
9700383
9702201
9702314
9702998
9703314
9703340
9704509
9704749
9706215
9706405
9706787
9707043
9710042
9711192
9712442
9712830
9713532
9713698
9716423
9716641
9717501
9719174
9720914
9721476
9724595
9727459
9730097
9731449
9731926
9733657
9733878
9734025
9734221
9734826
9735137
9737563
9739525
9740474
9741614
9742280
9743498
9743654
9744479
9744517
9744564
9745186
9747380
9747732
9749385
9749999
9750306
9750844
9751326
9752699
9754025
9756542
9756613
9756629
9756906
9757605
9757780
9757900
9758072
9758872
9759083
9759814
9761360
9761564
9761662
9762369
9763591
9765666
9766557
9766808
9767794
9768238
9769556
9770392
9770847
9771497
9772238
9775770
9776487
9776749
9778140
9781594
9781743
9781902
9782039
9783921
9784836
9785493
9785889
9786080
9787071
9787456
9787525
9787822
9788255
9788644
9792593
9793866
9794366
9794522
9798089
9798180
9798263
9800105
9801801
9801970
9802057
9803020
9803446
9804030
9804850
9805657
9805878
9807240
9808007
9808064
9809188
9811747
9812266
9813189
9813748
9813775
9813891
9814065
9817674
9818155
9818899
9818930
9819675
9820183
9820392
9820979
9821638
9822726
9824152
9825051
9825735
9825961
9827233
9828024
9829058
9829396
9829859
9830173
9830270
9831467
9832558
9833147
9834157
9834279
9835049
9835450
9835598
9837027
9841127
9841832
9842213
9842773
9844265
9844329
9847128
9847233
9848103
9848256
9849964
9850063
9851929
9853113
9855821
9856277
9857163
9858411
9859232
9859932
9860839
9860909
9862717
9863690
9864276
9864375
9864540
9866342
9866942
9868933
9869116
9870412
9870900
9870922
9872304
9872475
9873771
9873833
9876201
9876929
9879808
9879933
9882932
9883724
9886453
9886805
9887049
9888406
9888948
9889679
9890463
9891846
9895939
9896986
9898119
9899326
9901957
9902505
9903529
9904902
9905192
9906097
9907064
9908589
9910681
9911328
9911615
9912393
9912792
9912849
9912901
9914604
9915052
9917326
9917475
9919335
9919433
9919654
9920453
9922098
9922100
9922142
9922345
9922457
9922802
9923301
9924155
9927456
9927986
9930923
9932168
9932266
9933262
9933531
9936169
9936172
9937185
9939670
9939778
9940283
9941788
9943519
9945267
9946745
9947100
9947491
9947640
9949431
9950008
9950954
9951092
9951156
9951763
9952490
9952813
9953312
9953531
9953583
9954524
9955542
9956175
9956856
9957280
9959380
9959423
9959819
9961886
9961982
9963366
9963591
9964467
9965088
9965686
9966864
9967396
9967996
9968268
9968597
9970976
9971082
9971595
9973387
9974093
9974331
9974700
9975272
9975847
9977111
9978274
9979776
9980005
9980401
9980424
9982062
9984255
9985195
9991186
9991453
9992491
9992571
9993433
9993843
9994079
9997191
9999584
