1529
1571
2198
2284
2691
3102
4160
5093
5220
5344
5957
9513
10408
13470
13954
15112
16788
17942
21413
21759
23540
24510
25467
26179
26472
28010
28559
28775
29427
31284
31466
32013
32534
33343
36009
37757
37944
38121
38201
38535
38685
39364
39517
41805
42068
42804
43696
46295
49936
53808
54033
56445
56567
57854
58582
59328
59840
61227
61677
62173
62199
62363
64574
65348
67837
68095
69969
70097
70382
70772
71312
72241
72479
73250
73556
75049
76560
77232
78144
78847
79569
80354
81063
85294
85519
87876
88333
89503
90147
90584
91101
91837
92257
92909
93981
94057
94165
97268
97932
99245
99276
100170
100449
100852
100902
101990
103500
103941
104897
106418
106798
107429
107479
108675
108941
109526
110704
111514
112752
113081
114885
116346
117276
119826
119932
120331
120370
122534
122977
123353
124008
124139
124217
125156
126278
128133
128697
130737
131191
131359
132224
132227
133205
135251
135396
136958
137887
138158
139410
141650
142387
142515
142909
143930
145768
145803
145859
146556
147341
147590
149226
150306
150661
151111
151268
152113
154337
154548
155046
155082
157627
158104
158124
159536
160352
163605
165368
168358
168526
168706
168923
170125
170862
171722
172641
173760
175197
179642
181493
182103
182424
182478
183247
184474
184801
185752
185756
187341
188694
189293
189473
191992
193292
194777
196235
196353
197997
198730
198862
200387
201211
201382
203104
206170
206404
207487
208186
208205
209050
210433
211196
213581
213752
213961
214402
215746
218575
219183
220217
220286
222887
224599
225354
225903
226052
226281
226822
227845
228933
229115
231616
232527
232741
233924
234003
234398
235463
235484
235839
236503
238535
239230
240635
241695
242774
243444
244653
245903
246529
246648
248267
248328
248618
250025
250741
251333
254215
257518
257593
257988
258426
258466
260743
261268
261557
262753
265777
265871
267014
267805
269165
270621
271109
271121
273103
273645
274818
274995
275070
275239
275940
277092
280142
280546
280850
281050
286674
286779
286977
289111
291085
292237
293445
293664
293831
294502
296804
297948
298766
301002
307384
309666
310071
310483
310636
311965
312943
313579
314177
317423
317608
317633
318520
319342
320233
320302
321853
322979
325383
327062
327216
329342
329596
330488
331179
331746
332754
333029
333276
336408
336644
337811
337919
339018
339153
339195
339418
340368
340449
342567
342777
343281
343579
343662
344518
344885
345923
347567
350474
351992
352502
354112
356985
357691
357868
358130
358586
359357
361330
361378
361643
361679
362303
362410
364228
364534
366299
367700
369415
371034
371316
373201
374390
374494
374586
374643
380441
380734
380942
381985
383466
383893
387708
388071
388407
389472
390458
392420
392849
395131
396719
396850
396862
397213
397857
398410
398478
398967
400668
401107
402514
403319
405192
405363
407189
408159
410050
410510
410604
413088
413404
413786
414414
414544
415202
416525
417003
417375
418116
418644
420434
425383
425633
427158
427319
428271
428590
431640
433181
433436
435919
436342
436460
437947
437986
438016
439100
439749
440234
442893
443209
443488
444744
447495
447568
447739
447880
448737
449715
450794
452270
452648
453003
454440
454447
454771
455780
457132
458051
459464
461857
462711
463154
463307
463707
463760
464873
464882
465293
466312
467726
469515
471225
472589
474360
474587
477626
477996
478408
478432
479295
479604
480460
483623
484541
484624
485012
486375
487449
491227
496393
496712
496882
497665
500523
501077
502444
503443
503609
503757
505571
505813
506134
507197
508322
510455
511383
513390
513940
515194
515463
517063
518597
518775
519670
521900
523974
523979
526019
526671
527185
527687
527907
529176
529179
529257
529558
530471
530549
531240
533867
535917
538167
539564
540819
541626
542814
544589
545133
546846
547171
547798
547837
548579
548652
549705
549845
550567
551054
552810
553995
555111
558955
560654
560740
560982
563164
564610
566019
567829
570923
571415
571743
572535
574221
575461
575734
576651
576811
577380
577628
578827
581786
582050
584124
584484
585455
585776
586476
587959
588479
588905
588929
590306
590313
590965
591147
592323
594947
596089
596289
596587
598068
598142
598267
599181
599567
600306
600421
601920
603269
603362
603457
604008
604521
604777
606897
606936
608087
609090
609483
611226
611715
612333
612821
614052
615294
620221
622270
626835
627170
628744
629170
630804
633004
633882
634178
636062
636847
637119
637180
637551
637851
639334
639721
643775
644132
646057
646386
648999
649776
649915
650257
650830
650954
651054
653654
653775
657769
663725
666031
666946
667658
668046
668705
669608
672672
674730
674804
674988
675352
675743
676330
676758
677358
677952
678504
679324
679353
681104
682077
683370
683439
688199
688619
688683
690283
690902
692307
694890
696302
696836
698929
701192
701997
704058
704699
705168
705964
708986
709302
709734
709819
710952
711179
711405
712295
713110
713333
714233
716174
717332
717373
719002
719983
720017
720308
721766
722751
725746
727287
728777
729540
729824
731085
732753
733147
733164
734178
734591
734862
735631
735696
735747
736492
738686
740241
740951
741087
741090
744830
745769
745836
746184
747532
747712
748519
748879
749847
751085
753240
753610
755771
755849
759278
759491
763016
763509
767625
771615
774787
775089
775763
778084
778120
778548
779000
779939
780045
781868
781918
782918
783333
783456
784441
784619
784735
786047
787177
787706
788598
789318
789639
790406
791123
791442
791665
792868
793336
793966
795088
795104
797273
798810
799220
799607
799958
800405
802599
803098
803374
804276
804462
807716
808108
808509
808510
809327
810148
810401
810514
812044
812478
812764
814631
814706
814739
815737
815942
816850
818339
820918
821697
822269
822440
822767
822833
823988
824164
824193
824815
824886
825223
826959
827208
828245
829782
831783
831824
836951
837096
837352
839275
840895
841072
842178
843756
843831
845696
846568
847711
848491
848832
849140
849400
849562
851387
852593
853545
853865
854558
854589
855805
856091
856992
857482
858235
859402
859992
860494
860600
861028
861267
862600
863549
863719
864466
864776
865083
866208
866707
867296
867944
869053
869998
870178
870477
873487
874346
874416
875454
875540
877029
881103
881553
882526
882895
885181
885389
886903
887667
888033
888714
889528
892054
894524
896363
896960
897666
899067
903290
904443
905781
908291
909394
909473
909649
912878
913528
914730
915102
915969
917374
920104
920384
920511
920604
921156
922875
923703
924239
925607
926561
926885
927061
927502
927895
929876
932073
932290
932368
933124
933244
934111
934966
935279
935417
937957
938674
939348
941351
941525
942534
947227
947349
947603
947919
948861
950186
951397
952124
952737
954356
955068
956186
956650
959048
959112
960991
962128
965078
965167
965476
967313
967671
968069
968909
969678
971972
973270
974317
974764
975581
976301
976730
976903
977479
980336
980555
981216
981532
983833
984220
984727
984765
985006
985249
986456
986769
986964
987631
987723
988007
988582
988767
989433
989746
990927
993531
996852
998031
998702
998848
999657
1000751
1003235
1003593
1004305
1005587
1005745
1006864
1008307
1008368
1008487
1010711
1011198
1012526
1016098
1016474
1018493
1018699
1020642
1021060
1023816
1024282
1025466
1025864
1026778
1027310
1027846
1028507
1030615
1031415
1033267
1033902
1036045
1036098
1036554
1036629
1036996
1040005
1040749
1040826
1041595
1042287
1043533
1043933
1044250
1044822
1045369
1047275
1048829
1049087
1051470
1052843
1052958
1055941
1056232
1056923
1056939
1057198
1057577
1057685
1058063
1059540
1060017
1061168
1061324
1062327
1062887
1063557
1063913
1063938
1065926
1066860
1069827
1071660
1071779
1071868
1074743
1076108
1076285
1076288
1076649
1077647
1078087
1086273
1087781
1088760
1088864
1089262
1089720
1090715
1093664
1094022
1094933
1095304
1096465
1097297
1100016
1100959
1102467
1103123
1104850
1105357
1108678
1109365
1110683
1111981
1114080
1115795
1116177
1116368
1118184
1118291
1118681
1119054
1119723
1122902
1123269
1123425
1125624
1126309
1126478
1127958
1128694
1129544
1131713
1134797
1135359
1136066
1136728
1137103
1139151
1141092
1141949
1142269
1143177
1145482
1146332
1147154
1148896
1148988
1149338
1151517
1151861
1153280
1154102
1155796
1156260
1156755
1157007
1157019
1158440
1158690
1158891
1159375
1160310
1162459
1162876
1163758
1164110
1164420
1167701
1167816
1167835
1168829
1169919
1170852
1171115
1171142
1171577
1172913
1172997
1175609
1177395
1178294
1178747
1179132
1179636
1180141
1181268
1182789
1183737
1183834
1187885
1188321
1189195
1189237
1189538
1189926
1190756
1190952
1192155
1192728
1194019
1195390
1195627
1196360
1197074
1197120
1197507
1197674
1198149
1198355
1202967
1203140
1203391
1203547
1208533
1212276
1213224
1213324
1213574
1214917
1219621
1219947
1222921
1224002
1225697
1225726
1225785
1226610
1227273
1229665
1229695
1229875
1230053
1230449
1230738
1230897
1231542
1234725
1235171
1235702
1236202
1236630
1237656
1238855
1239857
1241289
1241773
1241855
1243067
1245420
1249327
1249480
1249969
1251906
1252001
1252147
1252433
1253094
1256332
1257430
1257769
1257997
1258959
1259392
1260471
1263337
1264177
1264838
1264949
1266241
1266464
1267102
1267446
1271054
1271636
1273047
1277803
1279860
1281298
1282039
1282111
1282539
1283145
1287463
1288496
1288651
1289504
1289526
1289591
1290054
1290196
1296856
1297089
1298842
1303145
1303928
1304610
1305019
1305266
1305745
1306129
1309651
1309872
1311503
1312460
1312815
1313464
1313495
1314388
1315247
1315921
1316214
1316978
1319063
1319562
1320710
1321820
1323348
1323594
1324972
1327662
1328926
1329435
1329622
1329880
1331495
1331863
1331976
1332541
1332904
1333123
1336123
1338915
1339373
1339636
1339762
1340062
1340784
1343019
1343804
1347487
1348984
1349983
1350302
1351045
1352855
1353325
1353432
1353532
1353741
1355541
1356085
1356844
1357902
1359040
1361221
1361280
1363119
1363195
1363758
1363952
1365350
1368983
1369595
1369757
1370496
1370959
1371115
1371738
1371897
1372532
1373077
1373752
1373944
1374149
1375232
1376683
1376891
1377841
1378281
1378873
1379635
1380070
1381013
1381861
1382380
1382412
1384005
1385032
1387389
1387563
1388412
1391174
1391311
1391761
1394816
1395586
1395699
1397862
1398139
1398409
1398580
1399298
1401129
1402661
1403176
1404034
1405634
1406566
1406964
1409160
1410785
1411700
1412423
1412968
1413712
1414117
1415713
1416107
1416110
1416340
1417674
1419119
1420099
1420168
1420318
1420846
1421696
1422066
1423136
1423532
1424437
1425446
1425549
1425648
1425683
1427776
1430792
1431017
1431732
1433380
1435235
1436672
1438584
1438895
1439011
1439084
1439488
1441338
1441349
1443125
1444880
1445726
1446402
1447085
1447888
1449607
1450746
1450968
1452083
1452614
1452650
1455150
1458146
1459690
1461021
1461612
1461816
1462465
1464199
1464517
1466763
1467029
1467193
1467886
1469511
1472993
1474151
1474979
1475199
1476045
1476246
1477612
1479130
1479939
1481182
1484517
1488237
1489161
1490737
1490908
1497546
1497783
1498365
1498456
1501054
1501176
1501599
1501807
1502286
1502377
1505288
1505827
1505873
1506018
1506943
1507632
1508052
1508648
1510971
1511474
1512344
1513902
1514672
1515531
1515627
1517181
1519406
1521870
1522748
1523097
1524382
1524411
1525410
1526052
1527560
1527645
1528154
1528396
1530826
1534053
1535403
1539583
1540645
1543030
1543095
1546436
1546807
1548734
1548846
1550398
1550728
1551130
1553295
1555210
1555463
1556921
1557792
1558547
1559091
1559293
1560055
1560082
1560268
1561928
1563036
1564377
1567345
1568355
1568811
1571052
1571548
1571891
1572121
1575033
1575659
1578006
1578198
1579955
1581037
1583148
1583528
1583960
1584140
1584659
1586073
1586627
1588306
1589591
1589798
1589911
1590724
1590728
1591785
1594173
1594940
1595475
1595796
1596275
1597676
1597787
1598244
1598978
1599361
1600019
1603339
1606865
1607658
1608004
1609255
1610301
1611391
1611793
1612101
1612867
1612900
1614840
1615082
1616646
1617592
1618552
1620195
1620534
1625727
1626191
1626718
1626978
1629669
1630587
1631317
1632563
1632947
1633105
1633655
1634233
1634325
1635957
1635968
1636309
1636712
1638597
1639036
1640101
1640320
1642420
1642653
1642988
1643160
1644439
1644640
1645284
1645405
1648238
1648272
1648624
1648959
1650756
1650832
1651463
1651814
1652309
1652615
1655545
1656169
1656945
1657604
1658435
1658809
1658850
1659496
1661020
1661602
1661789
1662018
1662446
1662657
1663016
1663663
1663993
1665060
1665278
1667889
1670769
1671116
1671396
1671698
1671820
1671880
1674092
1674299
1675021
1677711
1677951
1679031
1680284
1681205
1681293
1681484
1681570
1681970
1682531
1683036
1686122
1686801
1687095
1687668
1688372
1688400
1689001
1689072
1689437
1690272
1690464
1691787
1691870
1691965
1692279
1692795
1693140
1693779
1695007
1696119
1697058
1699526
1699595
1700805
1702071
1702462
1702653
1703230
1705138
1705203
1705281
1708906
1709180
1709427
1711474
1711904
1713210
1714307
1714334
1714615
1716800
1718030
1718352
1718630
1718728
1719341
1720745
1721097
1721791
1722268
1723649
1724913
1725119
1727296
1728485
1728579
1730315
1733235
1734543
1735055
1736989
1738612
1738910
1740581
1741037
1742011
1742833
1743089
1743823
1744116
1744299
1744404
1744782
1745182
1746202
1747206
1747460
1748350
1752546
1752937
1753280
1753538
1756545
1757398
1758409
1758748
1762788
1763326
1763613
1764231
1764700
1766190
1766820
1767183
1768629
1770183
1774291
1775115
1775353
1776000
1776470
1778838
1779813
1780320
1780969
1781422
1781797
1782125
1782795
1784396
1786514
1788598
1789960
1790154
1790237
1791419
1792218
1793951
1794060
1798454
1798813
1799874
1800823
1801528
1801984
1802564
1802866
1807760
1808046
1809084
1809678
1809706
1809938
1809985
1810314
1810469
1811325
1811649
1813267
1813525
1813859
1814814
1815519
1816378
1817494
1818114
1818222
1818256
1820892
1821383
1821440
1822231
1823063
1823606
1824772
1826328
1826913
1829196
1830276
1830757
1833916
1833943
1834048
1836348
1836792
1838805
1840428
1842541
1843783
1844073
1846006
1847571
1849404
1850019
1850038
1850089
1853782
1854723
1856082
1856525
1857568
1858233
1858338
1858487
1858536
1860960
1861433
1861958
1862656
1862730
1863526
1863781
1863974
1865667
1867859
1867996
1868524
1871590
1871911
1872535
1872594
1873513
1873521
1874625
1876179
1877916
1878087
1879833
1882543
1884660
1884950
1885463
1885498
1885530
1886429
1887493
1889576
1889584
1890142
1890303
1890355
1890806
1894524
1894629
1895452
1896180
1896221
1897687
1898272
1899014
1899351
1902219
1902729
1902939
1904776
1905450
1907020
1907317
1908804
1908900
1909341
1911258
1911336
1913383
1914187
1914722
1914914
1916632
1919558
1919708
1919755
1921914
1922321
1922370
1922839
1923091
1923277
1925456
1925599
1927147
1927163
1927535
1927667
1927775
1929275
1929368
1930614
1932537
1933399
1933506
1937178
1937821
1937950
1938690
1939145
1941265
1941345
1943556
1944454
1944563
1945643
1946580
1948326
1948368
1948719
1949509
1952285
1953859
1953943
1954474
1955165
1959491
1959856
1963599
1965022
1967698
1969046
1969317
1972712
1973895
1975618
1978294
1979070
1980608
1980841
1981351
1981621
1981978
1982307
1983491
1983650
1988887
1990653
1990983
1991355
1991878
1992483
1992688
1993238
1993919
1993929
1994659
1995213
1995805
1996697
1997468
1998680
2001031
2001451
2001856
2002493
2003074
2004497
2004639
2005563
2006163
2007613
2007754
2008343
2010408
2011348
2011927
2012623
2012628
2017170
2018401
2019327
2019861
2020260
2020835
2021788
2022076
2023646
2026108
2027656
2028443
2029595
2029760
2030413
2030694
2031796
2033266
2033798
2033967
2034309
2036573
2037826
2038762
2039590
2043068
2043611
2043982
2045075
2047035
2047400
2047507
2047886
2048604
2050490
2050559
2050685
2050911
2051023
2051541
2053199
2053440
2053511
2054205
2054481
2056651
2057028
2058179
2058431
2058485
2059527
2059639
2063862
2064439
2064452
2066202
2067709
2068318
2069379
2069529
2069531
2069557
2070777
2074448
2075807
2078085
2079219
2079823
2080351
2083495
2083749
2086175
2086348
2086779
2087299
2089255
2089454
2093278
2094152
2095166
2097576
2097833
2099537
2100671
2101452
2102073
2103251
2105137
2106467
2106592
2107693
2109722
2111627
2111843
2112351
2112359
2114367
2114917
2115496
2115845
2117512
2118194
2118209
2118376
2118383
2119101
2119588
2119873
2120180
2124509
2125304
2125663
2127307
2127935
2128583
2129165
2131962
2133840
2137214
2137272
2137514
2137757
2139224
2139507
2139563
2141531
2142629
2143667
2146276
2146496
2147125
2147217
2149315
2151534
2152124
2152793
2152941
2154168
2154545
2156353
2156370
2157644
2158215
2158482
2158694
2160516
2161361
2162266
2162412
2162592
2163112
2164744
2165023
2165570
2165952
2166503
2167608
2167935
2169245
2169279
2170253
2170833
2172553
2172864
2174761
2179911
2180266
2180364
2183565
2185841
2186179
2186274
2186336
2186435
2187085
2194453
2197005
2201078
2201271
2201359
2201498
2201664
2202541
2203076
2203738
2203767
2205048
2206537
2207264
2207847
2207877
2208082
2209278
2209687
2210080
2211049
2211101
2214034
2215533
2216346
2217106
2217621
2218272
2218294
2218379
2218657
2219904
2221185
2221385
2223127
2225683
2226390
2226933
2227714
2229498
2230486
2232066
2233212
2233615
2233692
2234325
2236580
2239221
2243081
2243128
2243832
2244142
2245568
2245708
2246812
2247318
2248653
2249154
2250692
2251569
2255978
2258467
2258527
2258928
2259633
2259903
2260150
2260388
2260717
2260765
2260887
2261446
2263510
2265425
2266061
2266955
2267389
2268344
2268522
2273318
2273393
2273954
2274289
2276090
2276179
2276623
2277241
2278057
2279141
2283581
2283675
2284323
2284860
2285009
2285347
2286835
2291070
2292456
2293192
2296628
2297057
2297806
2297865
2298020
2301014
2301727
2302556
2303494
2303716
2304267
2306172
2307958
2307969
2311018
2311240
2311942
2312272
2313286
2314127
2314458
2315926
2315979
2316043
2317586
2318211
2320304
2320490
2323234
2323301
2324120
2324727
2324882
2325635
2325893
2327387
2328775
2329315
2329945
2330187
2330506
2331547
2335312
2335746
2336533
2336744
2337295
2337902
2339544
2340153
2340214
2341383
2342211
2345483
2346246
2346980
2347190
2347210
2347240
2349328
2350466
2350830
2352798
2353153
2353188
2353523
2353658
2354908
2355646
2358397
2359037
2359126
2360028
2361774
2362852
2363957
2365989
2369369
2370357
2371102
2371365
2372039
2372131
2372457
2372673
2374619
2375073
2376207
2376363
2377110
2379723
2381075
2381178
2381595
2382588
2383241
2383339
2383471
2384345
2385109
2388746
2389807
2394922
2396756
2401031
2402468
2403595
2403639
2403790
2403958
2404347
2406076
2406844
2408719
2409630
2410422
2411153
2413109
2415809
2415827
2416904
2417911
2420179
2420655
2421318
2423328
2423482
2427575
2427768
2428351
2428576
2428727
2431703
2432905
2433882
2434477
2435566
2435730
2435855
2437043
2437430
2439722
2439868
2440215
2440943
2440967
2442193
2442922
2445401
2446645
2448613
2451645
2451869
2452824
2453108
2454005
2458535
2459380
2460514
2464854
2468503
2468829
2468958
2469333
2469723
2471216
2471524
2472583
2473701
2473968
2474814
2477329
2478651
2479056
2479353
2480574
2481209
2481988
2484042
2484783
2485340
2486325
2490149
2490621
2491017
2491841
2494714
2494750
2495017
2496041
2496205
2498391
2498990
2499085
2499269
2505462
2505468
2507161
2508881
2511571
2513712
2515791
2517294
2518582
2519759
2520223
2521158
2521390
2521783
2521881
2522253
2523774
2525079
2525237
2526111
2526121
2527172
2527334
2527524
2528114
2528156
2528913
2529163
2529237
2530503
2531520
2534328
2535483
2535844
2536663
2536862
2537915
2538133
2539192
2540456
2540493
2543803
2545498
2545736
2545977
2547975
2548018
2549921
2557391
2557990
2558706
2559339
2561550
2565839
2566887
2567007
2570084
2570383
2571116
2573020
2575641
2576942
2577710
2578712
2580570
2581013
2582563
2583476
2583903
2586946
2587459
2587461
2589730
2590130
2590728
2591071
2591140
2591634
2593125
2594584
2595147
2596960
2597376
2598649
2599047
2602023
2603414
2603545
2603792
2603822
2604939
2606153
2606385
2607949
2609375
2612044
2612773
2614713
2615680
2615794
2616749
2616829
2619282
2622522
2630687
2631248
2635898
2636681
2639009
2640926
2641055
2641258
2641817
2642336
2642592
2643026
2643808
2644532
2645034
2645506
2647350
2650074
2652509
2653172
2655765
2657556
2659111
2661417
2663125
2664265
2665091
2665181
2668028
2668417
2670363
2673357
2673722
2674920
2675008
2676763
2678062
2679177
2679749
2680438
2680990
2683637
2685012
2685679
2686394
2688762
2689045
2689580
2691490
2692575
2692649
2693258
2697252
2697966
2697997
2698112
2698313
2701417
2701622
2702370
2702649
2702751
2702947
2703528
2705100
2705435
2705871
2706633
2707669
2708934
2709299
2709548
2710647
2711087
2711161
2711464
2712755
2713086
2713333
2713793
2715079
2716646
2718571
2719343
2722380
2723152
2723883
2724243
2724790
2726466
2729174
2729460
2730004
2731137
2731231
2731696
2733674
2734604
2734637
2735844
2735871
2736077
2737322
2737432
2737742
2738820
2739077
2742446
2743197
2744399
2744417
2744666
2745274
2746689
2748813
2748952
2749080
2750836
2754956
2755290
2756359
2756583
2757356
2758416
2759374
2759664
2760267
2762074
2762910
2763333
2763730
2764731
2764769
2766451
2768045
2768099
2768516
2768899
2769423
2769947
2772569
2772823
2774179
2774909
2775012
2775076
2775316
2775419
2776782
2777586
2777626
2777853
2779225
2779294
2780480
2781795
2781998
2783291
2783899
2784280
2784647
2784685
2785891
2786035
2787147
2787958
2789824
2790012
2790448
2793265
2793967
2794950
2795030
2795094
2796877
2800763
2801346
2803221
2804216
2805300
2806610
2807341
2807701
2808645
2809180
2809628
2816157
2817317
2818225
2818385
2818523
2818702
2819120
2819696
2822083
2822510
2826357
2826691
2828125
2828313
2830406
2831133
2833559
2834123
2834866
2835732
2836095
2836215
2836544
2836731
2837762
2838268
2839349
2839812
2842039
2843051
2843811
2844251
2845705
2847100
2847621
2847716
2848607
2851252
2852252
2853858
2854488
2854698
2856167
2856172
2857072
2858917
2860248
2862568
2863000
2863153
2863211
2863663
2865018
2867983
2868340
2869014
2869795
2870541
2870705
2871932
2873427
2874131
2876582
2877553
2878879
2879374
2880243
2880855
2882034
2882080
2883353
2883545
2883920
2887553
2887614
2889562
2889635
2889757
2890006
2890663
2891657
2892333
2892681
2893993
2894182
2896036
2896561
2897625
2898509
2900407
2900554
2901283
2904171
2905426
2905520
2906297
2906449
2907276
2910432
2910835
2911090
2914939
2916352
2917166
2917736
2918790
2918829
2918951
2919057
2919396
2919449
2919511
2919614
2919693
2920019
2920615
2922395
2923147
2924367
2924453
2925516
2925818
2926114
2927452
2928532
2929230
2932515
2932963
2933255
2934760
2936009
2936507
2936521
2937517
2937887
2937982
2938834
2939662
2940199
2941718
2942345
2942994
2944114
2944222
2946121
2946822
2949074
2949830
2951051
2951964
2953996
2954271
2954710
2955120
2955307
2957174
2957539
2957559
2958221
2959259
2959592
2959823
2960010
2960802
2962747
2962961
2965025
2965723
2965827
2965831
2965914
2966724
2967417
2967571
2967714
2967724
2968448
2969421
2970214
2970788
2971308
2971363
2971464
2972158
2972682
2973285
2973953
2973992
2974354
2974441
2975584
2976525
2978201
2978383
2979919
2983269
2983638
2983643
2983966
2985466
2988595
2988636
2989639
2991055
2991330
2994340
2994867
2996139
2997553
2997907
2998631
2999010
3000976
3001833
3004192
3005942
3006628
3008010
3008717
3009193
3009712
3010316
3015566
3016212
3016596
3017818
3018317
3020205
3021025
3021312
3024638
3025663
3026636
3028135
3028167
3028575
3028632
3028772
3029590
3031887
3032685
3032876
3034177
3034687
3036467
3037396
3038011
3038368
3039225
3039831
3040592
3041565
3041653
3042985
3044007
3044253
3044255
3046585
3046798
3051028
3051550
3052095
3052696
3053455
3055093
3057209
3057324
3057521
3058993
3060987
3061012
3061722
3061995
3063462
3064414
3065415
3065970
3066046
3066536
3068211
3069106
3070670
3072755
3073101
3074040
3075161
3075202
3075439
3076173
3077492
3077605
3078383
3080138
3080372
3080583
3081475
3082887
3084376
3084952
3085064
3086089
3086452
3088201
3088318
3089114
3089166
3091155
3093691
3095151
3097423
3097746
3098335
3100845
3102474
3103103
3106808
3107064
3107089
3108379
3109512
3110132
3111640
3114444
3116238
3116503
3116713
3117150
3117938
3118677
3118730
3119727
3120133
3122501
3123761
3125025
3126301
3126537
3126927
3127619
3128125
3129430
3129662
3130484
3130486
3132692
3134846
3135517
3136331
3136674
3137267
3139702
3140925
3141550
3141690
3142569
3142899
3142945
3143073
3143667
3143861
3144841
3145068
3145931
3146828
3146974
3147103
3149859
3151359
3151940
3153045
3154196
3154251
3155267
3156670
3161047
3161650
3162373
3164224
3164801
3164850
3164884
3168399
3168952
3169700
3170430
3173405
3173533
3173768
3174051
3174196
3174542
3175408
3176798
3177335
3177941
3179731
3181059
3182074
3182187
3183509
3184992
3185060
3187019
3187405
3188992
3191507
3191522
3193710
3194504
3195109
3196845
3197311
3199635
3201319
3201685
3202122
3202586
3204908
3205247
3205734
3207320
3207382
3208304
3208600
3210474
3211400
3211912
3213145
3213227
3213503
3214294
3214492
3215625
3215668
3216991
3220381
3221183
3221192
3223567
3223624
3224415
3225008
3226388
3227904
3229336
3230137
3230720
3231203
3231481
3232064
3232932
3233625
3234807
3235345
3235718
3237167
3238040
3238373
3239266
3242868
3243990
3245551
3245705
3245928
3245961
3248403
3248470
3249689
3249759
3249851
3250133
3251301
3251319
3251473
3252727
3253483
3253946
3254891
3254989
3256366
3258325
3258340
3259110
3259927
3260723
3261234
3263313
3263681
3263748
3263896
3264715
3265071
3265993
3266310
3266510
3267133
3267527
3267798
3269010
3270519
3270851
3271917
3272052
3272532
3277343
3279044
3280199
3280875
3280932
3281226
3282231
3283326
3285289
3287735
3288210
3288798
3289113
3289392
3289599
3291208
3292153
3292830
3296459
3299523
3299701
3299980
3300920
3301794
3303382
3303430
3303910
3304386
3304677
3305101
3310759
3310872
3311779
3312543
3313591
3313994
3314294
3314602
3315675
3317189
3320960
3321764
3322644
3324292
3325602
3327621
3327723
3327771
3328395
3329090
3330332
3330919
3331539
3332354
3332456
3333212
3334942
3336498
3338043
3339375
3339407
3340670
3343340
3343438
3344021
3344032
3344340
3344797
3345585
3346382
3347322
3347536
3347830
3347940
3348779
3350178
3352880
3355194
3357065
3357286
3359455
3359529
3360236
3360799
3361453
3361616
3362906
3362951
3364449
3365474
3367001
3369696
3370096
3370947
3371893
3372509
3372887
3373474
3374173
3374214
3376068
3376519
3377636
3377877
3380144
3380568
3380593
3381476
3381559
3382548
3382554
3383105
3384819
3384924
3386682
3388430
3388715
3391038
3391405
3392496
3393728
3393961
3393996
3394047
3394225
3394492
3397796
3398838
3400060
3401578
3401942
3402306
3405156
3407494
3408057
3408242
3408335
3408748
3409267
3410034
3410275
3410673
3411928
3413053
3413836
3413878
3413939
3415666
3416445
3416466
3417649
3420959
3421254
3421616
3421684
3421723
3422234
3422649
3422983
3426411
3427124
3427155
3427977
3430887
3431930
3434000
3434273
3436872
3437753
3442298
3442424
3442772
3443145
3443153
3444628
3445939
3446486
3448165
3448890
3451937
3452217
3452281
3453835
3455565
3457598
3458661
3459243
3460026
3460320
3460504
3460633
3460769
3461386
3462366
3463158
3463929
3465563
3467099
3468051
3469800
3471012
3472210
3472545
3472548
3475633
3476780
3477657
3477758
3478471
3478709
3479014
3480917
3482527
3483213
3483962
3484028
3484704
3487418
3488776
3489292
3494179
3494763
3496359
3498338
3498506
3499802
3499885
3500109
3500646
3500656
3500942
3501743
3504633
3504717
3507670
3508471
3509084
3511918
3512229
3512709
3512883
3512995
3513577
3513870
3515400
3515797
3517645
3517928
3518383
3520360
3523910
3526195
3526833
3527955
3528977
3529417
3529753
3530665
3533245
3534335
3536042
3536298
3536664
3537878
3538827
3539293
3539734
3539783
3540502
3540936
3541082
3542195
3542531
3542893
3543422
3544176
3544496
3544501
3544650
3545009
3545940
3546209
3548667
3549916
3550354
3551040
3553501
3554489
3554731
3554890
3554939
3555191
3558869
3559092
3559603
3560381
3563120
3564158
3565448
3566325
3566326
3569843
3570986
3571127
3571459
3571926
3571995
3572421
3576296
3577015
3578419
3578555
3579850
3582472
3583547
3584296
3584461
3586283
3588467
3594970
3596896
3597039
3599468
3600104
3600352
3601187
3602579
3602608
3603398
3604172
3604626
3606369
3610606
3611878
3612026
3613216
3613844
3615072
3615638
3617072
3617137
3617379
3618904
3618916
3619912
3621474
3621767
3622784
3623092
3624676
3624768
3625365
3625440
3625684
3626074
3627315
3627899
3628181
3629333
3632834
3633620
3635131
3638080
3638140
3638911
3639504
3640154
3641134
3642334
3646021
3646093
3648129
3649362
3651987
3652727
3653386
3653985
3657453
3662504
3664498
3664911
3666219
3667070
3667615
3668871
3676557
3676771
3677243
3677835
3679566
3679613
3679823
3680438
3680763
3680840
3684152
3684798
3686676
3686777
3689104
3689931
3690481
3690635
3690918
3690982
3691107
3691219
3692193
3692735
3693332
3693349
3693951
3694808
3695728
3697534
3697539
3698330
3698622
3699073
3699424
3704299
3705148
3705961
3707114
3707256
3707455
3708819
3709694
3712287
3712793
3713855
3714588
3715161
3715650
3715676
3717104
3717308
3718585
3718878
3719917
3720487
3721147
3726597
3728240
3729754
3732365
3732592
3733630
3735534
3736170
3739410
3740525
3740563
3741907
3741911
3743645
3744984
3747485
3749072
3750221
3751408
3751893
3753479
3753837
3754850
3755096
3755150
3755462
3755579
3756160
3756874
3758046
3758793
3759457
3760375
3760423
3763224
3763326
3765311
3765455
3767368
3767945
3768239
3768461
3770249
3770895
3775580
3775848
3776289
3777985
3779071
3779315
3779465
3779566
3779836
3781067
3784561
3785255
3785547
3786529
3788637
3789167
3789259
3790594
3790641
3792764
3796107
3797183
3797378
3799482
3800115
3801094
3801790
3801802
3802759
3803490
3804542
3805034
3806390
3808959
3809440
3810208
3810237
3813673
3814282
3814519
3819739
3823922
3824366
3824539
3827876
3828437
3828876
3830718
3831084
3831301
3831428
3833887
3834627
3835168
3836124
3836602
3836930
3839585
3840623
3841845
3845664
3848191
3848996
3849181
3850627
3851403
3853998
3854169
3855517
3863279
3864486
3865289
3867008
3870795
3871529
3872600
3872644
3874018
3874054
3878281
3879571
3882055
3882094
3887302
3888028
3888962
3889070
3889244
3891028
3891506
3892444
3893426
3895720
3897768
3898209
3898831
3898868
3901389
3901428
3903731
3904062
3904354
3904405
3905009
3906331
3907167
3908240
3910658
3910783
3911088
3911667
3913148
3913477
3914226
3914759
3919282
3919988
3921656
3924618
3926115
3929377
3930170
3930225
3930700
3930777
3931268
3932866
3934326
3936799
3939441
3939629
3940895
3940995
3942096
3942155
3942585
3942905
3943032
3946162
3946450
3946556
3947158
3947565
3947998
3948762
3949472
3949477
3950414
3951482
3952262
3952616
3954741
3955145
3957890
3958798
3960514
3960923
3961915
3962175
3964901
3966275
3967485
3970189
3970823
3972058
3972465
3972779
3974450
3974609
3975570
3977214
3978024
3980715
3980855
3981077
3981770
3983428
3984060
3984308
3984661
3985269
3986032
3987324
3987869
3988526
3989199
3991135
3992229
3992419
3996930
3997167
3997339
3998571
3998694
3998725
3999609
4002531
4003802
4004110
4004223
4004521
4005385
4006049
4007270
4007778
4008900
4009254
4010541
4012199
4012938
4014987
4015615
4018241
4019527
4019786
4021431
4022289
4022757
4023026
4023977
4024815
4025706
4026160
4027985
4029349
4029617
4031541
4032415
4032643
4035069
4040725
4041387
4041751
4041800
4041979
4042740
4044604
4046507
4047114
4050046
4050950
4052279
4053815
4053995
4054348
4054524
4054579
4054664
4055180
4056208
4056733
4057840
4058158
4058500
4058793
4058933
4059882
4060818
4062800
4066312
4067386
4067477
4067499
4067798
4067816
4069035
4069562
4070259
4072230
4072878
4073118
4074302
4074979
4075210
4077270
4079241
4079309
4080807
4081296
4081367
4082852
4083187
4083982
4085530
4085735
4087734
4087953
4089746
4090117
4092997
4093042
4093693
4093751
4093831
4095916
4096278
4098033
4099265
4104858
4105449
4105674
4106608
4106862
4108372
4109256
4109746
4109873
4112616
4112845
4112965
4114115
4114849
4115511
4116208
4116679
4119410
4119560
4121234
4124508
4124760
4124875
4125093
4125244
4129672
4131076
4131409
4131502
4132127
4132170
4133116
4133813
4136094
4136396
4136553
4138077
4138963
4141274
4141505
4142382
4142691
4143608
4145046
4147144
4149342
4149520
4150986
4153280
4153811
4153910
4154210
4154294
4154905
4155088
4156880
4156906
4157947
4158227
4158793
4158999
4159941
4164664
4164739
4166174
4166533
4167876
4168145
4168391
4168578
4168616
4168694
4168816
4172085
4172211
4172701
4174404
4174547
4176280
4176641
4178653
4179910
4180607
4180763
4181013
4182741
4182938
4183701
4184674
4186462
4188499
4188795
4189006
4190780
4191431
4191609
4192238
4193218
4195712
4196962
4201139
4201531
4201699
4201814
4202004
4203340
4204573
4204858
4205378
4206086
4206185
4206377
4207228
4207657
4209768
4211404
4211979
4212098
4212117
4212588
4214460
4216504
4221105
4221826
4221940
4223556
4227179
4228037
4229544
4230138
4230553
4232920
4232997
4233457
4233592
4233608
4235745
4235811
4236422
4236821
4239572
4239651
4240520
4241057
4241105
4242769
4243192
4243474
4247843
4248633
4249232
4250474
4251151
4251471
4254365
4255820
4257426
4257649
4258577
4260100
4260347
4261192
4261373
4262253
4262862
4263461
4265006
4266463
4266615
4268674
4270176
4270364
4272807
4272997
4273155
4277540
4278493
4279900
4280825
4282351
4283858
4285258
4285820
4287010
4287098
4288173
4288426
4288591
4290493
4291907
4292363
4294078
4294302
4298295
4299720
4300074
4300426
4300621
4302322
4304598
4304762
4304945
4305308
4310078
4311982
4314077
4314328
4315231
4316124
4317647
4319107
4319789
4321877
4322763
4323010
4323942
4325208
4325226
4325648
4326496
4326654
4327143
4328425
4329105
4329288
4330417
4332809
4335413
4335592
4337047
4338086
4338208
4338946
4340556
4340905
4341780
4344030
4345327
4346241
4346278
4347219
4349710
4350503
4351311
4351446
4352426
4353422
4355655
4358759
4359327
4359438
4360172
4360512
4361361
4361477
4362249
4362611
4364320
4364615
4365482
4367319
4367790
4368437
4370070
4370742
4370964
4372050
4373330
4373659
4374058
4374459
4378410
4378962
4379157
4380288
4382457
4382717
4382754
4384430
4385423
4385453
4385907
4386152
4387060
4387095
4387237
4387445
4388454
4390006
4392038
4393051
4393843
4395926
4398841
4399721
4400119
4400681
4401076
4403066
4403179
4407754
4407899
4408026
4410193
4411688
4411924
4412013
4413344
4414143
4414869
4415235
4415693
4415933
4418143
4418294
4420707
4421089
4424151
4426031
4426767
4427482
4429258
4429570
4431574
4433151
4434195
4435472
4436081
4438078
4439332
4441203
4442143
4443374
4444498
4445582
4446868
4446974
4447988
4450340
4450676
4451032
4451102
4451132
4451707
4452533
4452608
4452690
4454839
4455433
4459625
4460520
4461889
4462536
4465279
4466928
4469795
4470317
4471851
4471941
4472560
4473411
4473902
4473964
4477724
4477828
4478152
4478605
4478614
4479156
4480486
4481014
4483938
4484151
4484349
4485556
4486561
4488721
4489900
4492971
4493861
4493911
4495856
4495959
4496253
4496303
4496833
4497595
4499215
4499465
4500061
4500203
4504880
4505051
4505638
4506920
4507396
4508404
4509011
4509304
4510036
4513150
4514564
4517448
4518737
4518806
4520799
4522183
4522780
4523666
4524210
4529581
4531535
4531538
4533881
4533990
4534048
4536609
4539541
4540038
4540396
4540598
4541269
4542026
4544425
4544546
4545071
4545479
4546412
4546651
4547446
4550401
4550801
4551461
4554300
4555193
4555914
4558155
4558215
4559008
4559237
4560454
4565302
4567204
4569053
4569891
4570132
4571206
4573293
4573581
4574695
4574818
4577567
4579109
4580085
4581306
4586111
4587352
4587365
4587601
4587952
4588134
4588981
4589218
4590188
4590205
4590227
4590920
4591156
4591961
4592107
4592222
4593484
4594449
4594648
4595121
4595747
4596162
4597493
4598209
4599112
4599307
4599757
4600497
4602232
4602812
4603771
4604052
4604271
4604846
4605429
4606002
4606484
4606548
4606925
4606931
4607954
4608506
4609390
4609859
4610642
4611367
4612455
4615401
4618973
4624194
4624528
4625170
4626446
4627197
4628028
4628091
4628700
4628739
4628979
4630886
4632422
4633335
4634440
4634916
4636480
4637724
4637985
4640999
4641232
4641522
4641972
4642277
4642721
4643242
4643282
4644450
4644795
4645053
4646498
4648707
4651500
4651596
4651648
4652624
4652823
4654387
4654747
4655087
4655713
4655873
4656036
4657878
4659161
4659226
4660157
4661854
4662177
4662826
4664764
4665067
4666592
4666633
4668811
4669905
4670947
4672161
4672899
4673428
4673783
4676308
4677020
4678407
4679214
4679680
4680235
4680600
4682105
4682483
4682725
4683399
4685210
4685286
4687763
4688314
4689183
4689565
4690160
4690302
4690481
4691742
4694548
4695204
4695326
4696451
4696758
4697316
4697905
4698238
4700131
4700334
4700470
4700853
4702088
4706011
4706022
4707996
4708942
4710610
4710984
4711950
4715669
4715838
4717335
4718713
4719029
4719668
4719711
4719837
4721319
4721399
4723247
4723845
4724406
4727485
4729222
4729307
4731680
4731690
4732402
4733324
4734634
4735287
4735766
4738147
4740632
4741152
4742340
4742514
4742953
4745169
4745986
4746453
4746551
4747301
4748986
4749080
4750764
4751582
4755332
4755400
4757322
4758869
4759437
4759723
4760025
4760108
4760616
4760695
4761231
4761619
4761877
4762991
4764581
4765221
4765356
4769480
4771201
4771458
4772079
4774478
4777052
4779238
4782865
4784501
4784889
4786822
4787508
4787884
4788030
4788078
4788443
4790096
4790251
4791631
4792321
4792649
4794483
4795495
4796524
4798411
4798906
4800117
4800217
4800269
4801935
4803386
4804535
4805046
4807067
4808643
4808904
4809459
4810190
4810861
4811514
4813662
4817231
4818154
4818325
4820279
4821667
4822390
4822976
4824168
4824792
4826296
4826616
4827414
4828083
4828453
4831601
4832325
4832821
4833388
4834748
4835262
4835982
4836806
4839786
4840023
4841291
4843707
4844152
4844156
4844218
4844671
4844746
4844864
4845234
4845875
4846457
4847278
4849136
4849541
4849713
4849721
4849733
4850581
4850791
4853378
4853654
4854099
4855212
4858051
4858560
4861057
4861734
4862696
4862842
4862958
4863395
4864875
4865513
4865912
4867515
4867556
4869286
4869320
4871897
4872815
4872978
4875124
4875694
4875923
4879029
4879419
4880299
4881274
4881278
4881375
4881999
4883123
4885688
4886777
4887472
4887745
4888092
4889941
4890967
4891059
4892685
4893335
4893786
4893851
4894339
4896235
4896718
4896884
4897773
4898664
4899859
4903876
4903929
4904355
4906846
4908164
4911232
4911288
4912261
4913250
4914756
4916087
4916370
4918038
4918602
4919308
4921121
4921259
4925618
4925884
4925975
4927548
4927986
4928103
4933268
4934033
4934140
4934260
4934688
4934901
4935612
4935810
4935860
4936020
4936798
4938462
4938854
4940151
4940898
4941138
4941383
4941479
4942555
4943357
4943715
4943814
4949165
4949421
4949810
4950158
4951230
4951976
4952873
4953118
4954893
4955407
4955738
4955991
4956416
4959456
4959714
4960630
4961330
4961843
4962505
4962661
4962983
4963400
4963765
4964127
4965751
4966073
4968393
4968590
4969544
4972731
4974047
4974330
4975414
4976263
4976576
4980712
4981158
4981425
4981783
4982823
4985396
4986496
4987308
4987511
4988978
4990880
4991672
4992450
4992550
4993958
4995344
4995677
4996303
4996962
5001029
5001259
5001691
5002193
5003605
5006229
5007468
5007715
5007892
5009002
5010198
5011894
5011941
5012025
5014031
5014355
5015585
5016163
5016272
5017558
5018265
5022898
5022952
5025017
5025200
5027612
5027679
5030706
5031411
5033335
5034056
5036078
5036802
5038298
5038956
5040090
5040160
5040402
5043867
5043962
5046937
5046975
5048178
5048606
5050298
5051344
5051519
5052221
5052364
5053301
5053848
5055578
5055984
5057082
5060351
5060702
5061367
5061451
5061452
5061839
5063255
5066263
5068867
5070076
5070911
5074985
5075388
5076423
5076783
5079240
5079475
5081642
5081789
5082734
5084305
5084887
5087602
5088153
5088207
5088398
5090153
5090398
5091298
5091815
5092325
5092720
5092765
5093319
5095968
5096234
5096838
5096859
5098506
5099742
5100272
5101566
5101669
5101684
5104933
5105181
5105804
5105918
5106340
5106799
5106802
5107055
5107796
5110002
5112990
5113427
5113880
5116420
5118598
5119779
5119927
5121105
5122146
5122789
5122860
5123019
5123605
5124909
5125424
5125737
5125835
5126349
5128241
5129100
5130487
5130678
5133029
5134156
5134397
5134473
5134575
5136034
5137563
5137748
5138035
5141066
5141591
5142456
5142473
5142661
5143564
5145930
5146048
5148074
5148441
5149120
5149662
5149704
5149803
5149843
5150819
5152385
5153244
5156730
5157718
5157744
5157832
5159316
5159982
5161332
5163718
5164465
5165758
5167279
5167932
5168491
5168523
5168969
5169554
5170920
5171178
5171456
5172679
5174242
5175862
5176228
5177251
5179173
5179789
5180372
5180677
5182518
5182939
5184535
5185777
5188010
5191082
5192294
5192511
5193171
5193293
5193556
5194776
5194929
5195054
5195404
5196052
5197069
5197135
5197995
5198170
5198258
5198802
5198936
5199332
5199613
5199760
5201231
5201765
5202305
5208190
5208254
5209364
5209573
5210143
5210673
5210822
5211219
5212599
5214004
5215092
5215174
5216844
5216994
5217934
5218236
5218933
5218958
5219809
5220018
5220062
5220715
5220795
5222603
5223647
5224068
5224931
5225511
5226014
5227343
5227521
5228637
5230744
5230780
5232893
5232923
5234227
5235380
5235942
5236403
5237502
5238518
5239287
5239581
5241502
5242336
5244204
5246158
5246647
5247280
5248000
5250489
5250897
5251150
5251980
5252754
5253076
5253258
5253319
5253608
5254199
5254362
5255698
5256219
5257303
5257416
5257462
5258129
5258750
5259572
5259590
5259935
5260338
5261172
5261396
5262313
5262329
5262405
5262659
5262886
5262952
5263022
5264086
5264259
5264948
5265607
5267476
5269148
5270118
5270701
5271104
5272068
5272323
5272698
5272951
5273343
5273560
5274193
5274303
5275869
5275875
5278321
5279190
5281379
5281858
5282076
5282882
5283560
5283770
5284551
5286670
5288624
5289076
5289215
5290020
5293297
5294140
5294631
5295797
5296195
5299278
5299343
5300332
5301301
5302280
5304507
5305592
5305738
5306217
5308351
5308773
5310087
5310240
5310960
5311203
5311266
5312119
5312920
5314447
5314484
5314905
5315566
5316403
5316663
5317061
5318390
5319329
5320090
5320362
5320678
5320795
5321670
5322658
5322988
5324428
5325703
5325727
5326947
5327701
5328232
5330323
5330458
5331230
5331952
5331984
5333158
5336128
5337417
5339001
5340653
5342074
5343387
5346565
5347653
5349513
5349718
5350601
5351846
5352384
5353316
5354409
5356230
5356648
5358658
5364021
5364953
5370112
5370677
5371457
5371506
5371936
5371978
5374502
5375697
5377207
5377358
5378037
5379089
5379165
5381605
5381970
5382000
5382193
5383967
5385165
5386562
5387934
5388045
5388531
5388682
5389082
5389472
5389727
5390273
5390719
5391033
5392412
5394086
5394467
5394478
5395253
5396053
5396358
5396660
5396821
5396888
5397356
5399902
5401260
5402438
5403322
5403514
5403557
5403854
5404039
5404715
5406579
5406669
5407999
5408182
5408303
5414608
5414627
5414988
5415462
5416256
5417114
5417270
5417982
5418645
5419570
5421071
5421493
5421729
5421804
5422132
5422655
5423564
5425059
5425289
5425625
5425777
5430241
5430312
5430614
5431690
5431755
5435440
5438189
5438208
5438453
5439299
5439941
5440789
5441301
5441597
5442733
5442866
5443774
5443846
5444716
5445848
5446040
5446380
5446854
5447124
5447198
5447466
5448345
5448489
5448563
5448737
5449202
5449303
5449719
5449813
5451212
5451708
5453414
5453825
5454465
5462733
5462990
5463665
5464518
5467978
5468574
5470038
5471842
5475596
5475870
5475878
5476075
5476511
5476605
5476889
5477487
5478209
5478927
5479378
5481968
5482604
5483660
5483824
5484181
5488862
5490032
5490906
5491089
5491624
5491798
5494306
5494693
5499942
5501126
5501547
5502071
5502149
5503214
5504303
5505206
5506611
5506747
5508200
5509362
5509525
5510006
5510055
5510454
5510805
5511733
5511804
5511838
5512173
5513205
5514736
5514954
5515110
5516024
5516939
5516943
5517926
5518936
5520349
5520563
5520996
5521212
5522468
5522727
5523411
5524020
5524767
5527645
5527777
5529503
5529695
5530673
5530875
5531486
5532953
5533833
5534591
5535989
5536002
5536134
5536645
5537263
5537360
5537643
5538860
5539702
5540947
5543708
5544684
5545371
5546160
5547176
5547317
5548012
5548604
5552740
5554413
5554867
5555025
5558844
5559578
5562069
5564085
5564304
5564329
5564677
5565670
5567110
5572184
5573553
5575145
5577150
5577679
5580150
5580813
5583882
5584447
5585929
5586064
5587180
5587766
5587808
5587992
5588492
5589220
5590132
5590355
5590930
5593208
5593721
5593807
5595615
5596385
5598338
5598568
5599184
5600476
5603898
5603975
5604229
5604512
5605228
5606306
5606812
5607349
5608728
5609190
5609987
5612021
5612425
5612780
5614812
5615090
5615147
5616029
5617920
5618340
5619058
5619284
5620649
5620669
5620690
5622208
5622311
5624450
5626988
5627001
5627263
5628241
5629060
5630043
5630407
5632130
5636012
5636924
5637251
5638211
5639115
5639302
5639770
5641048
5641784
5643811
5643910
5645377
5646417
5646644
5647033
5647799
5648660
5649114
5650241
5652133
5652242
5652408
5652649
5652858
5654022
5654391
5654477
5655738
5656461
5656951
5657090
5657284
5657584
5657948
5658791
5658795
5659286
5659447
5661200
5661629
5662031
5663866
5664895
5667158
5667903
5668246
5670515
5670724
5670901
5671417
5672918
5674405
5674851
5675429
5675768
5678460
5678552
5680082
5680235
5681000
5681241
5681466
5683798
5683920
5685391
5686565
5686955
5687361
5688312
5688571
5688611
5691787
5692288
5692897
5693891
5696517
5696733
5698266
5699866
5700204
5702649
5704130
5706764
5707635
5708080
5710584
5711913
5711979
5713003
5714035
5714129
5715170
5716248
5716643
5720336
5721481
5721753
5722485
5723082
5724280
5724688
5725201
5726026
5726163
5727048
5730091
5730128
5730949
5732962
5733011
5735919
5736194
5736595
5736888
5738496
5738725
5742204
5744264
5744605
5745561
5745991
5747560
5749857
5751034
5751879
5754498
5755233
5756379
5756616
5756965
5757466
5760418
5761191
5762300
5765187
5766101
5766887
5768424
5768893
5769642
5770543
5770625
5773968
5774768
5774900
5775401
5777209
5777320
5778394
5778706
5781174
5781862
5782591
5782615
5784046
5784599
5786248
5787644
5789000
5789321
5789409
5790976
5795101
5798558
5798962
5799179
5800292
5801372
5801714
5803703
5805547
5805817
5810551
5812839
5813486
5814501
5816410
5816505
5816861
5819941
5820745
5821473
5821764
5822090
5822883
5822905
5824009
5824922
5825103
5827154
5827418
5828246
5828807
5830424
5831121
5832430
5833753
5835048
5837431
5838254
5838319
5839540
5841106
5842070
5843438
5844785
5845998
5847490
5847591
5847644
5848140
5848764
5849096
5849727
5850410
5850845
5851816
5852136
5852206
5852226
5852930
5856292
5857497
5858856
5859959
5861420
5862455
5863141
5864991
5865706
5866834
5868519
5868833
5869030
5870670
5870878
5871653
5872718
5872960
5873177
5874305
5876614
5878235
5878256
5878919
5879963
5880090
5880512
5880515
5882201
5882532
5883813
5883978
5884268
5884273
5884676
5885789
5888319
5889982
5890231
5890363
5893555
5894024
5896633
5897150
5900241
5902251
5902812
5904346
5905949
5907171
5907607
5910432
5910669
5911010
5912630
5912783
5914693
5914734
5916060
5916322
5916892
5917961
5918113
5918294
5918611
5919337
5919992
5921791
5921917
5924482
5924604
5924953
5925744
5927385
5928457
5928934
5929390
5929967
5930599
5931624
5933771
5937929
5938940
5940021
5940839
5943108
5944904
5945225
5947372
5947815
5950043
5952531
5952785
5953044
5954274
5955098
5955458
5955923
5956704
5958723
5959031
5959546
5959667
5961097
5961354
5961931
5962275
5962752
5963025
5963906
5963934
5965204
5966549
5967207
5967362
5967465
5970701
5974327
5974354
5975963
5976862
5978507
5979611
5980591
5981326
5981670
5982053
5982299
5982330
5982776
5982795
5986004
5986792
5986882
5988461
5990942
5992995
5993174
5993855
5995183
5995312
5997615
5999982
6000961
6002247
6003699
6004454
6004752
6005101
6005162
6005885
6006036
6007357
6007426
6007835
6008582
6012288
6013856
6014024
6014833
6015116
6016936
6018678
6019908
6021067
6021422
6027072
6028351
6028533
6029057
6030616
6033037
6036041
6036221
6037917
6038486
6038748
6039338
6039808
6040770
6041376
6042268
6044396
6045008
6046274
6046687
6049249
6050282
6050598
6053044
6053467
6057447
6058264
6059122
6059266
6059571
6059773
6060412
6062861
6064017
6064293
6065562
6066527
6068044
6068251
6069663
6070507
6072188
6074496
6074970
6075233
6075603
6077809
6079925
6081237
6082780
6084832
6085475
6086562
6087982
6088535
6089288
6089359
6089435
6089667
6091242
6091741
6092088
6092369
6092860
6093364
6093743
6094621
6094671
6095287
6095381
6095574
6098967
6099194
6099274
6103576
6104083
6105111
6105673
6107345
6109091
6110157
6111647
6112022
6112067
6113483
6116401
6117152
6118360
6119207
6120225
6121053
6121126
6121421
6122213
6124828
6126863
6128565
6128608
6129161
6130112
6130723
6131121
6131316
6132373
6133432
6133839
6136453
6136608
6142462
6143477
6145271
6147514
6150000
6150723
6152396
6152976
6153054
6153276
6154426
6156677
6156855
6157937
6158106
6160720
6161010
6161511
6163658
6164547
6164751
6165787
6166511
6166809
6167200
6167581
6167963
6169635
6170406
6171049
6174036
6174248
6177302
6177513
6177688
6185168
6186150
6189600
6190266
6190321
6191789
6192778
6194298
6195138
6195301
6195410
6197660
6197930
6197955
6198044
6199837
6200330
6201840
6201952
6202909
6203699
6205736
6208049
6208158
6208680
6209892
6210048
6210620
6210728
6213384
6213569
6213679
6213719
6214416
6215813
6215889
6218670
6219332
6219465
6220445
6220458
6221016
6221103
6221504
6221522
6221879
6223625
6224522
6229012
6229230
6229885
6230439
6230496
6230582
6231042
6231070
6231592
6231678
6233104
6233465
6234679
6236895
6237125
6239860
6240163
6240599
6240748
6242545
6243733
6243962
6244341
6244676
6245187
6247963
6248150
6248329
6251338
6252297
6253278
6256124
6256333
6257030
6257961
6258726
6259210
6259300
6260780
6262453
6263692
6264561
6264723
6268758
6269212
6269399
6269915
6271191
6272242
6272426
6273260
6273272
6273292
6274471
6275275
6276149
6276589
6276789
6278490
6278861
6279031
6279762
6281195
6283449
6283569
6284453
6285782
6286944
6286996
6289336
6289430
6291249
6291283
6291721
6294563
6295059
6296261
6300684
6300787
6302278
6303359
6303710
6304128
6308475
6309248
6309541
6310255
6311471
6311473
6314408
6316966
6317057
6318821
6319681
6320319
6320876
6325600
6326140
6326202
6327046
6329286
6333134
6334935
6335227
6335499
6336264
6338762
6338969
6339047
6340290
6340590
6341350
6341840
6342075
6342096
6342228
6342836
6343339
6343760
6346235
6346598
6347460
6347722
6349601
6350595
6351357
6352392
6353384
6354724
6355752
6356599
6356662
6357613
6357910
6358025
6358861
6358913
6359326
6361206
6363301
6363403
6363546
6364304
6364556
6364643
6365129
6367208
6367432
6367607
6368358
6370966
6371573
6371664
6372984
6375738
6377887
6379910
6380369
6380507
6382550
6383120
6383218
6383635
6384068
6384737
6385145
6386295
6386464
6386828
6388269
6390071
6390162
6390836
6392135
6395232
6395324
6397562
6398837
6401407
6401510
6401596
6401937
6404229
6404357
6404757
6405309
6405928
6408198
6408428
6413454
6413987
6415564
6417425
6417741
6418673
6418911
6423378
6423500
6424844
6425923
6426460
6426505
6426979
6427769
6428239
6428333
6428356
6428451
6430516
6432605
6432704
6434780
6435536
6436472
6436799
6437770
6438668
6438727
6439601
6439993
6440560
6443018
6443019
6443062
6443737
6444385
6444776
6447961
6448396
6449520
6449675
6450436
6451480
6451511
6453833
6459194
6459847
6460217
6461579
6463121
6463534
6463772
6464293
6465015
6465378
6465606
6466420
6467755
6468905
6468924
6469295
6469691
6470213
6472462
6473285
6474482
6474762
6475834
6477960
6478388
6478711
6479572
6480265
6480296
6482325
6482789
6482874
6485514
6486177
6487843
6488535
6488743
6492049
6492783
6493187
6494043
6495021
6496256
6496423
6497507
6497635
6498766
6498975
6501072
6503211
6505394
6506694
6506741
6508132
6508889
6509467
6509751
6511419
6512365
6512577
6513205
6513558
6514423
6515800
6516947
6521201
6522639
6522759
6523538
6524566
6525488
6525833
6526009
6526134
6526929
6526953
6527662
6530139
6531031
6533442
6534567
6535062
6536274
6536669
6536875
6537937
6538047
6538462
6539148
6539337
6539625
6539673
6540644
6540997
6541919
6542189
6542440
6543369
6543478
6544805
6544976
6545013
6545698
6545933
6546722
6548092
6550046
6550789
6553295
6554146
6554736
6555655
6556294
6556606
6558946
6558970
6559770
6560532
6561482
6561492
6562289
6563182
6564247
6564577
6565993
6567183
6568124
6568520
6568578
6568794
6568804
6569375
6569517
6570537
6570664
6571243
6571795
6572559
6573797
6574245
6574543
6575763
6575971
6576859
6577272
6579536
6581244
6581360
6581797
6582389
6583028
6583760
6584388
6585911
6586269
6589417
6591300
6591996
6593052
6593363
6593659
6594463
6595917
6596430
6597231
6597786
6597832
6597968
6598842
6599644
6599698
6599890
6600319
6600446
6600888
6603638
6603779
6603847
6604432
6604897
6605692
6605737
6606186
6606719
6607262
6608521
6608817
6609641
6609647
6610529
6611520
6612871
6612908
6612978
6613984
6615497
6615695
6618695
6619193
6619201
6620117
6620147
6621282
6621639
6625525
6625584
6625830
6625926
6626295
6626951
6627942
6628836
6629409
6629746
6630410
6630637
6632562
6633154
6637832
6638129
6639765
6642955
6643218
6644257
6644414
6645362
6645678
6645786
6648619
6650131
6650401
6653304
6653908
6656008
6656693
6656726
6658025
6658473
6659176
6659720
6661545
6661688
6662096
6662265
6662298
6663059
6666940
6666962
6669860
6670160
6671912
6674204
6674606
6674854
6675240
6675509
6677845
6679804
6682927
6683671
6685397
6685652
6687279
6687675
6688840
6689115
6690254
6691001
6692198
6693370
6694568
6695201
6695666
6698126
6698716
6699737
6699908
6700585
6701919
6702458
6703954
6703955
6704881
6706531
6706778
6707038
6708302
6710715
6712241
6714778
6714901
6715097
6717801
6720091
6720167
6722796
6725689
6726712
6726860
6726997
6727020
6727163
6730674
6732756
6732894
6733317
6733541
6733577
6734201
6734306
6736178
6736543
6736555
6736942
6736949
6737268
6737390
6737935
6739059
6739825
6739840
6742544
6743666
6744825
6745054
6748967
6749828
6749853
6750366
6751860
6752903
6754848
6756221
6758704
6758762
6759095
6759610
6760068
6760858
6762112
6762799
6763003
6763664
6763843
6765006
6765229
6765930
6766277
6767827
6767890
6770016
6770772
6772667
6774665
6774904
6777113
6778156
6778473
6779635
6780525
6780833
6781085
6782347
6784536
6784871
6784989
6785778
6786282
6786516
6786680
6787226
6788141
6789440
6790318
6790877
6791322
6793496
6794207
6794396
6794760
6795930
6797258
6797971
6798890
6799403
6799691
6801322
6803097
6805671
6806962
6807009
6807482
6808127
6810466
6813974
6817324
6819129
6819232
6821063
6821136
6821164
6821240
6821987
6822841
6823110
6823780
6824539
6825998
6826217
6826813
6827437
6827791
6829796
6830919
6830947
6831392
6832251
6832435
6835727
6837113
6838932
6840114
6841817
6842165
6844491
6844664
6845215
6845397
6845575
6845930
6846426
6846804
6846934
6848989
6850361
6850368
6850578
6851222
6852097
6853742
6854883
6856705
6858531
6860056
6862558
6863012
6865359
6865415
6865913
6866162
6866167
6866399
6866603
6867379
6869803
6869863
6870868
6872717
6872828
6873627
6874032
6874622
6875286
6875417
6875956
6877118
6878734
6879235
6879702
6881476
6881559
6882487
6883251
6883421
6883681
6884314
6884608
6886197
6886295
6886320
6886335
6888509
6890643
6891454
6892281
6892918
6893749
6894528
6894565
6895107
6895345
6896539
6897550
6898452
6899025
6899387
6901712
6905415
6906620
6906755
6906919
6907283
6908766
6911612
6911957
6913609
6915566
6916370
6916541
6919584
6919805
6921072
6921093
6921138
6921639
6921716
6923599
6923794
6924860
6925940
6926104
6926575
6927351
6929495
6929978
6931739
6932228
6937879
6937982
6940584
6941376
6944120
6944690
6944918
6944936
6945897
6946502
6946715
6946862
6947477
6947837
6948505
6950276
6951949
6952675
6953122
6953964
6955081
6955245
6955778
6955944
6956109
6956910
6959546
6959614
6960762
6961241
6964237
6964506
6965353
6965466
6965563
6969045
6969129
6969384
6969426
6970244
6971650
6972178
6974415
6974724
6974818
6974946
6976538
6976574
6976801
6977085
6977962
6979663
6980032
6980492
6983239
6983292
6984107
6984412
6985535
6986172
6986984
6988513
6988906
6989418
6990740
6990961
6992307
6992914
6995150
6997497
6999579
7000029
7002043
7002534
7002708
7003441
7004465
7004807
7005500
7005731
7006471
7008245
7009580
7010952
7011151
7015250
7015984
7016408
7016651
7016759
7019987
7022624
7023218
7025337
7028822
7029539
7029901
7031682
7032207
7035001
7035552
7035610
7036362
7037869
7038388
7039404
7039440
7039710
7039985
7040831
7041936
7044834
7048025
7050045
7052377
7053139
7054088
7054452
7057845
7058370
7059648
7060960
7061806
7062199
7064622
7065014
7067184
7068561
7070048
7070220
7070333
7071444
7072520
7075055
7075909
7077333
7079639
7080890
7081226
7081363
7082950
7083771
7086092
7092127
7093716
7095012
7095817
7095835
7098625
7098821
7102918
7103481
7104060
7104298
7105020
7106466
7106634
7107052
7108969
7109024
7109139
7109209
7109365
7110920
7114713
7114723
7114905
7115354
7115738
7116931
7117136
7118405
7118420
7118894
7119676
7120871
7121192
7121568
7121887
7124555
7125525
7126945
7128471
7129632
7132346
7132461
7133738
7134466
7134514
7136941
7137240
7137439
7139004
7140222
7143278
7143901
7144623
7144882
7146119
7147208
7148174
7148859
7151361
7151514
7151841
7152580
7156101
7156128
7156520
7160973
7161817
7163172
7163643
7166787
7167472
7168281
7169475
7169811
7170280
7171092
7172855
7173770
7177953
7178966
7179002
7179472
7180358
7180512
7180766
7181059
7182203
7183062
7183396
7184983
7185331
7186699
7186804
7187511
7188081
7188629
7188869
7190098
7191447
7191728
7195648
7195726
7196771
7197842
7202009
7202939
7203748
7203788
7203840
7204012
7204972
7206174
7206614
7208542
7209816
7211172
7211431
7212223
7212865
7215271
7215360
7215509
7215510
7216537
7218792
7219337
7221608
7223427
7223919
7224339
7224612
7224722
7230843
7231520
7232084
7232480
7235928
7236077
7236577
7237109
7239402
7240111
7241197
7242366
7242502
7242543
7245174
7246012
7246351
7247481
7248107
7248149
7249067
7250579
7251186
7252757
7254432
7254470
7259090
7260266
7260693
7261160
7266009
7266114
7266861
7270079
7270783
7272727
7274399
7274851
7274977
7276991
7277923
7278409
7279446
7279470
7280782
7282416
7284119
7286440
7286791
7287658
7288127
7290819
7291227
7293571
7293652
7293701
7293745
7294066
7296378
7296575
7296794
7299605
7300621
7301597
7306501
7307506
7308418
7308937
7308955
7308962
7309306
7310916
7311785
7312437
7313345
7316681
7317528
7318370
7318988
7320943
7323052
7323359
7324720
7325710
7326773
7329278
7329711
7330190
7331157
7334776
7336092
7336479
7338107
7338204
7338306
7338775
7340059
7341119
7343034
7343138
7343762
7344510
7344717
7345207
7345298
7345570
7346450
7347623
7349155
7350379
7350482
7351176
7351229
7351623
7351763
7352842
7355291
7356622
7357643
7358272
7358520
7358730
7360432
7360535
7360835
7361175
7363009
7363112
7363366
7364956
7366098
7367912
7369179
7371130
7371262
7373159
7375735
7376482
7378808
7379979
7380667
7384050
7388782
7392256
7393762
7394660
7395314
7396676
7402105
7403614
7403663
7404372
7407302
7407749
7408597
7409741
7410495
7411924
7411983
7414141
7415999
7419432
7419702
7420096
7420407
7420565
7420574
7420779
7421287
7421843
7424174
7424201
7424401
7425001
7425952
7426013
7426736
7427276
7427576
7428073
7428342
7433321
7433558
7433842
7436752
7436895
7437375
7439614
7440588
7440822
7441060
7441280
7441931
7443163
7443172
7444250
7445167
7445194
7447771
7447948
7448277
7448596
7449528
7449807
7451116
7454131
7454301
7455748
7456644
7456776
7459053
7459288
7459937
7460519
7461210
7463401
7463522
7464249
7466042
7466531
7467995
7468289
7468499
7468836
7469140
7469604
7470172
7470644
7470653
7471238
7471673
7473186
7475867
7476246
7477839
7477864
7478126
7478936
7481434
7484428
7486731
7486758
7488507
7488867
7489070
7489624
7491181
7492251
7492646
7492893
7495508
7495621
7496504
7499572
7500111
7500236
7500726
7501470
7502109
7504939
7504997
7506620
7507399
7507882
7508814
7509496
7509832
7510232
7510639
7512188
7512320
7512380
7512918
7513051
7513807
7514914
7517673
7518409
7519118
7520702
7523811
7525735
7526880
7527911
7528282
7529166
7529814
7535182
7535343
7536887
7537020
7540388
7541002
7541468
7542494
7542864
7543127
7543285
7543437
7544202
7544339
7546282
7549326
7549782
7550351
7551508
7553077
7554015
7554948
7555122
7555399
7555938
7556076
7556232
7557824
7558304
7558306
7558582
7558642
7558961
7559071
7559388
7561101
7561380
7561687
7562616
7563840
7565443
7566403
7569122
7569363
7570409
7571659
7572173
7572700
7573650
7574027
7574978
7575269
7575540
7575825
7578855
7580265
7580499
7584535
7585414
7585427
7585750
7586119
7586265
7586640
7587891
7588875
7589113
7590901
7591077
7592117
7593031
7593159
7593195
7593250
7593863
7595461
7596069
7597097
7599985
7601370
7601937
7602242
7603755
7604419
7605937
7607484
7608452
7609229
7609491
7610544
7610757
7611219
7614290
7614543
7615628
7616525
7620095
7621792
7623143
7624297
7624811
7625014
7626474
7626928
7626941
7627568
7628635
7630828
7632750
7635615
7636989
7637205
7637749
7638838
7640435
7641325
7641623
7644059
7644841
7647389
7649163
7649425
7649892
7651479
7653277
7653491
7653669
7654065
7655401
7656093
7657289
7657397
7658164
7658678
7663333
7663972
7665154
7665759
7666476
7667331
7667672
7667923
7668150
7668941
7670292
7671638
7672411
7672481
7672566
7673225
7673625
7674537
7674838
7675804
7676128
7677251
7678135
7678317
7680147
7680428
7680976
7681488
7682013
7682387
7682727
7682991
7683601
7684557
7684982
7685197
7686723
7687423
7687693
7688317
7689186
7692291
7693122
7693809
7695005
7696258
7697937
7700489
7700515
7700907
7701540
7704199
7704207
7705208
7705351
7712997
7715000
7715724
7718710
7718945
7719319
7720174
7720564
7720846
7721782
7723316
7724449
7726351
7726932
7727185
7727721
7728628
7732043
7735395
7735780
7741933
7742559
7743833
7744774
7746728
7747942
7748299
7750118
7751083
7751207
7751313
7753098
7755720
7756079
7761540
7761644
7762094
7763026
7763070
7764071
7768027
7771386
7771462
7773791
7774025
7774280
7775089
7775260
7775934
7776938
7779211
7779901
7781424
7781673
7784451
7784825
7784836
7785372
7785444
7787315
7788214
7788562
7790208
7791712
7792402
7792538
7793470
7794164
7798099
7798175
7798640
7799916
7803419
7805646
7805707
7806632
7807090
7807184
7809225
7809512
7809586
7812746
7814002
7815443
7816337
7820018
7821553
7822979
7824142
7825691
7827617
7827755
7831148
7832356
7832395
7833643
7833839
7834648
7835637
7836370
7837300
7837410
7841363
7841473
7842212
7843243
7843434
7846676
7846988
7848169
7848391
7849126
7849149
7849843
7849953
7852676
7853008
7853677
7853951
7854105
7856346
7856749
7857704
7857977
7858071
7859250
7859627
7860207
7861074
7861394
7862185
7862517
7863195
7863488
7864091
7865293
7865567
7868183
7868714
7869130
7869240
7869379
7869394
7869577
7869750
7870546
7870756
7871058
7871460
7871495
7871733
7872659
7873463
7873546
7874960
7874997
7876011
7877027
7877629
7879530
7879575
7879616
7880265
7883845
7885080
7886494
7886937
7887198
7889512
7892697
7893560
7894401
7894919
7895933
7896318
7896344
7898937
7898954
7901282
7901390
7901441
7901467
7904032
7904292
7905301
7905848
7907392
7910632
7910807
7911231
7912467
7913512
7913753
7914172
7914703
7914979
7915611
7915887
7916351
7916858
7918460
7920051
7920713
7922591
7923083
7923130
7924286
7924491
7925170
7925185
7925403
7925407
7926283
7926617
7927556
7927818
7928253
7930388
7930804
7933352
7933440
7933812
7934939
7935254
7936674
7936708
7937273
7937308
7937605
7940893
7941135
7941191
7941238
7941678
7941866
7942006
7942612
7942873
7944443
7945919
7946516
7947675
7948937
7950027
7950687
7950696
7950849
7950906
7951847
7953234
7953546
7953663
7953849
7955106
7955624
7956561
7956930
7959167
7959342
7961476
7961772
7963016
7964586
7964750
7967653
7967929
7969279
7970513
7971823
7973092
7974203
7974280
7974840
7974986
7975865
7976244
7976799
7977464
7977746
7979691
7980533
7980577
7981695
7982631
7982718
7982820
7982957
7983166
7984308
7984585
7985355
7986751
7991153
7991412
7991955
7993156
7993910
7995219
7997371
8000233
8003380
8004252
8005660
8012302
8012787
8013606
8013772
8013903
8014122
8014265
8015825
8018982
8019223
8022020
8022108
8024159
8024981
8025811
8027436
8027487
8027791
8027991
8030486
8032933
8033846
8034053
8035202
8035632
8035939
8037435
8038737
8038963
8039768
8040431
8041169
8041335
8042112
8042701
8043829
8045707
8046107
8046509
8046576
8047707
8047815
8048142
8049412
8049514
8054190
8054875
8056337
8056500
8057049
8057789
8057824
8058179
8061386
8061916
8062429
8063065
8064516
8065172
8065358
8066193
8066922
8068176
8068566
8068626
8069428
8069882
8070876
8071350
8071611
8073883
8074325
8074452
8075024
8075107
8076955
8077376
8077389
8078045
8081960
8082870
8082942
8083239
8083834
8084406
8084724
8084749
8084891
8085053
8086939
8087329
8090305
8090524
8091966
8096849
8098359
8099523
8101597
8104173
8104706
8105396
8105855
8107977
8109018
8109442
8109999
8111167
8113775
8116827
8117302
8118174
8118674
8122118
8122160
8122779
8123455
8123515
8124452
8124870
8126811
8127864
8128235
8128571
8128905
8129237
8129830
8132800
8134850
8136079
8136221
8136484
8137943
8139223
8139688
8142643
8143381
8143970
8147076
8148512
8151887
8152382
8155164
8155673
8156260
8156648
8156649
8156770
8159479
8160400
8160600
8165845
8167059
8168117
8173336
8174737
8176633
8176826
8177322
8178385
8179117
8180091
8180252
8180297
8180581
8181060
8181641
8182797
8183448
8183674
8186153
8186433
8186850
8187727
8188445
8189447
8189886
8190553
8191820
8192013
8192356
8192571
8193684
8193866
8195002
8195084
8199080
8199402
8199885
8200055
8200559
8200776
8204335
8204681
8205738
8206347
8206495
8206554
8207701
8208131
8208461
8208509
8209184
8209517
8210218
8211008
8214091
8217844
8219880
8224562
8227209
8227871
8228406
8229340
8232242
8236268
8238822
8239013
8240213
8241759
8243188
8244273
8244612
8245228
8246695
8246744
8246876
8247862
8248860
8255170
8256322
8257102
8257591
8257807
8258147
8258869
8261316
8262221
8262838
8263010
8264026
8264546
8264895
8265245
8269437
8269570
8271333
8271400
8271869
8272051
8275824
8276778
8277640
8279520
8283380
8283753
8286001
8288457
8290481
8291136
8291286
8292373
8294764
8297089
8297178
8297875
8298515
8298692
8300104
8300122
8300480
8300798
8301707
8302640
8304148
8305270
8308541
8308661
8309423
8312231
8312614
8313533
8316846
8317750
8319317
8320209
8320316
8322363
8322710
8323123
8323931
8326744
8326882
8328480
8329126
8331523
8332708
8332833
8332940
8333901
8334511
8334678
8335831
8336014
8336327
8336440
8339978
8340012
8341076
8341290
8342173
8343010
8343556
8345368
8348495
8349719
8349960
8350507
8353394
8355271
8355312
8357054
8357607
8360178
8361394
8362018
8363298
8364305
8364740
8365675
8367316
8371005
8372713
8374069
8374449
8374905
8375019
8375646
8375959
8377218
8377722
8379251
8379962
8381242
8382463
8382882
8383176
8385381
8385554
8385924
8386323
8386817
8388002
8389662
8392729
8393908
8394219
8394705
8394782
8396289
8396989
8397067
8397107
8397485
8400148
8400511
8402008
8402177
8402435
8403537
8408135
8408160
8408924
8409891
8410225
8412577
8414066
8414669
8415451
8416621
8417015
8417475
8418706
8418936
8419108
8419295
8420040
8420252
8421068
8421877
8423058
8423071
8423249
8425764
8425902
8426245
8427517
8427650
8429749
8431922
8432168
8432443
8435224
8435330
8435662
8440386
8441218
8441312
8444859
8446909
8447684
8449512
8452311
8453465
8453854
8453997
8454032
8454894
8459267
8462190
8462716
8464859
8467628
8470922
8471468
8471794
8472223
8472634
8473642
8474611
8475024
8475588
8477547
8477796
8477817
8478098
8480995
8481411
8481958
8483143
8484615
8485048
8485403
8485777
8486854
8486870
8487479
8490086
8490903
8493319
8496110
8496352
8502350
8502809
8503198
8503852
8504829
8504959
8505686
8505962
8507207
8507777
8507811
8507842
8508092
8508796
8509212
8511005
8511677
8512541
8515013
8516035
8517273
8517821
8518179
8519564
8519787
8519966
8520383
8521733
8522995
8527574
8527756
8528716
8528848
8529050
8529220
8530702
8531213
8532301
8532637
8533189
8533912
8536655
8539014
8539816
8541912
8541989
8542652
8544406
8544542
8545339
8545555
8545658
8547534
8549510
8549709
8550191
8552684
8554726
8555716
8555808
8557403
8558094
8559004
8560567
8562476
8563761
8569495
8570032
8570994
8571143
8572834
8573701
8576881
8577206
8578805
8578941
8584251
8584968
8586727
8587406
8588541
8588810
8589163
8590078
8590185
8590450
8591055
8591371
8595358
8596959
8598068
8600849
8601429
8601530
8602164
8604073
8604424
8604806
8605276
8606459
8607421
8609416
8609707
8610292
8610838
8612516
8612578
8613551
8614563
8615301
8615486
8615927
8618539
8619517
8619944
8620572
8623390
8625488
8627818
8631985
8632472
8632889
8633160
8634936
8635209
8635300
8635607
8635734
8636239
8639953
8642403
8643745
8645375
8646279
8647688
8648403
8650198
8650407
8650982
8651302
8651798
8651906
8654235
8655630
8657335
8658807
8659110
8659281
8659464
8660029
8662633
8662767
8663696
8663736
8663983
8665114
8667538
8667865
8670508
8670723
8670867
8671079
8671174
8674979
8677940
8678026
8678618
8679236
8679574
8686488
8687576
8687772
8688027
8689234
8689442
8690575
8691521
8692439
8692864
8693062
8694744
8695039
8695111
8695692
8695832
8697294
8698008
8699889
8700194
8701071
8703300
8704229
8704271
8704499
8705690
8709107
8710778
8712751
8715675
8716836
8716914
8717989
8719616
8720019
8720773
8720995
8721908
8722725
8722865
8723557
8725876
8726218
8726911
8727857
8729371
8730040
8735644
8736311
8737097
8738308
8738651
8739089
8742904
8744315
8744880
8746240
8746383
8746782
8749187
8750873
8751341
8751544
8752060
8753605
8754104
8754556
8754646
8756193
8756310
8757759
8759246
8760660
8761233
8762925
8763192
8765423
8766499
8768013
8768210
8769457
8769866
8770499
8770986
8771091
8772623
8775964
8777455
8777853
8777984
8778061
8779259
8780302
8780652
8782391
8784349
8785528
8786903
8788370
8789375
8789514
8790814
8791013
8791898
8792546
8792660
8793031
8794188
8795475
8795678
8796979
8797885
8800337
8801429
8804495
8804771
8805528
8805936
8807935
8807953
8811414
8811488
8812493
8812526
8813139
8813679
8813873
8815116
8815795
8816326
8817062
8818089
8818188
8818979
8819012
8820228
8824277
8825099
8825909
8826074
8826251
8826633
8827411
8827727
8830790
8831097
8832334
8836637
8838700
8839615
8840142
8841359
8841396
8842353
8842939
8843098
8844529
8844841
8845137
8846201
8846531
8848685
8852547
8852997
8853905
8854167
8855700
8858295
8861254
8861827
8862289
8862346
8862653
8862968
8863282
8863433
8864357
8865195
8865229
8865732
8865772
8867829
8868210
8869750
8870153
8870949
8871152
8872223
8874599
8874661
8874739
8880056
8882216
8885879
8888085
8888445
8889971
8890169
8892272
8892522
8892530
8893190
8894335
8895408
8895536
8898809
8899856
8899972
8901519
8901683
8903174
8903333
8903474
8908138
8908239
8909322
8910757
8910988
8915322
8915590
8916030
8917369
8918223
8921897
8922917
8923269
8923693
8925162
8925252
8927751
8928553
8928757
8930378
8930811
8931080
8931358
8931803
8931814
8932394
8934955
8935396
8936362
8937335
8937965
8938495
8939215
8939828
8939919
8941884
8943300
8943435
8943445
8945699
8946126
8946289
8948030
8948163
8950537
8950831
8953335
8954789
8955188
8955993
8957540
8957557
8957669
8958003
8959094
8960568
8960818
8961647
8963523
8964197
8965194
8966629
8967483
8968365
8971529
8972010
8972880
8973869
8974520
8974982
8975581
8975802
8976341
8976776
8977503
8979593
8980303
8980726
8981065
8981348
8983227
8983495
8983681
8984940
8985749
8987231
8991463
8991634
8993901
8994444
8996075
8996186
8996314
8996468
8999643
9000264
9003010
9003147
9004547
9004912
9005487
9005526
9006076
9007257
9008233
9011074
9011091
9011519
9013346
9013533
9014006
9014433
9014562
9015165
9015285
9015406
9017681
9017852
9018088
9018247
9018460
9018719
9021843
9023147
9023396
9023397
9024657
9024868
9025280
9025317
9025318
9025855
9026062
9026091
9028450
9028499
9028681
9029828
9030259
9033084
9034150
9035717
9036461
9036671
9036818
9039653
9040258
9042711
9043699
9043955
9044248
9045605
9045833
9048590
9049040
9049215
9049652
9049992
9050547
9050700
9054029
9055553
9056337
9056948
9057264
9058353
9058357
9058583
9063074
9064489
9064635
9065420
9065917
9066935
9067905
9068577
9069142
9069276
9071711
9073063
9073165
9073826
9074427
9074758
9075320
9076526
9077137
9077622
9078904
9079693
9079740
9081874
9082249
9083358
9085701
9087444
9088335
9090364
9092121
9092599
9092911
9093646
9093925
9094704
9095368
9096311
9096609
9101977
9103123
9104923
9105151
9105757
9106347
9106350
9107286
9109139
9109287
9110593
9115614
9115726
9115940
9117050
9119842
9120289
9121382
9123360
9123429
9124225
9124286
9130859
9130939
9133989
9134098
9134476
9135371
9135772
9136220
9136317
9136352
9137194
9137299
9137422
9138401
9139357
9139988
9140386
9141661
9141705
9143435
9144119
9146829
9147354
9148317
9149477
9151233
9151313
9151458
9152553
9154016
9156260
9157006
9159646
9159884
9160609
9160874
9161065
9164868
9165828
9165911
9167058
9169102
9171715
9172188
9178629
9180527
9184530
9185212
9186053
9186385
9187583
9188801
9190589
9191270
9194576
9195512
9197153
9198831
9199039
9199915
9201287
9202092
9202566
9203413
9204801
9205009
9206885
9206901
9207244
9207611
9209309
9210080
9211782
9212536
9214711
9218653
9218917
9220101
9220679
9222822
9223506
9224674
9224896
9226448
9229154
9231781
9232777
9234968
9237577
9238421
9238600
9238887
9239952
9240147
9240192
9241727
9242430
9242707
9244568
9246208
9246349
9247091
9248989
9250462
9252494
9252740
9254095
9257250
9257269
9259485
9260593
9260945
9263015
9263103
9263122
9264767
9264943
9265225
9268139
9269916
9272370
9272763
9272919
9273100
9273336
9274475
9276159
9278893
9279594
9279741
9279828
9280997
9282137
9282163
9282279
9284153
9287663
9287740
9287894
9288658
9291042
9291543
9292750
9294570
9294715
9294917
9295834
9296442
9298059
9298834
9300526
9301320
9302385
9304523
9304527
9305634
9306332
9307174
9307844
9308649
9309196
9309567
9309885
9310296
9310466
9311933
9313531
9313602
9318488
9318999
9319767
9320265
9322570
9325265
9326231
9330416
9332418
9333674
9335898
9337357
9338308
9338698
9339858
9340201
9341219
9341235
9341358
9341946
9343290
9343499
9344459
9344829
9345044
9345499
9346409
9347733
9349392
9351949
9352271
9352536
9352922
9353938
9354391
9354483
9354602
9354622
9356451
9357377
9357751
9357859
9358855
9363012
9364497
9364540
9364603
9367997
9368704
9368938
9373507
9373568
9374664
9374946
9377004
9377211
9378695
9381000
9381074
9383180
9386120
9387368
9387463
9387786
9388267
9388299
9389502
9390302
9390902
9391719
9392078
9392607
9392699
9393391
9393448
9393494
9395316
9395722
9396061
9396177
9396351
9397604
9397850
9398358
9398562
9399290
9400624
9400784
9400832
9401083
9401635
9402489
9403242
9404443
9404667
9406032
9409251
9410033
9410358
9410425
9411577
9411841
9411900
9411912
9412371
9413766
9414641
9416245
9416798
9421840
9422092
9422288
9422827
9423572
9424272
9425570
9426079
9426176
9426618
9427602
9429551
9430733
9432150
9432742
9432875
9433146
9434978
9435516
9435620
9436457
9436496
9437181
9437452
9438482
9438925
9440827
9440838
9441496
9441634
9442456
9442477
9445095
9446106
9446669
9447184
9449410
9453728
9454272
9454543
9456879
9456996
9457462
9463086
9465672
9465726
9465919
9466379
9466873
9467334
9471920
9472058
9472617
9473489
9475218
9476451
9477137
9477974
9478295
9478627
9481009
9481028
9481420
9484494
9489173
9489802
9493118
9495699
9497343
9500598
9500715
9501835
9501955
9502576
9504428
9504661
9506760
9507039
9507981
9508479
9510336
9511402
9514185
9514711
9514984
9516099
9516206
9516274
9517954
9518410
9518514
9521040
9521094
9521925
9522380
9522983
9524035
9526330
9529229
9529871
9530191
9530685
9531235
9531415
9531653
9532722
9534346
9534687
9535473
9535522
9536592
9537214
9538090
9539821
9539935
9539961
9540271
9541436
9541776
9541967
9542172
9542706
9544397
9544752
9547558
9547934
9548027
9548154
9548358
9549566
9549683
9550759
9551549
9551834
9553055
9553963
9554865
9555003
9555038
9556024
9557297
9557455
9558077
9559499
9559820
9560876
9562390
9563676
9564125
9566259
9568023
9568499
9569415
9569812
9570403
9570499
9570568
9572652
9573243
9573898
9573932
9574443
9574935
9575730
9576509
9577781
9578216
9581261
9581513
9582041
9582152
9583306
9584112
9584148
9584181
9585615
9587430
9590000
9590628
9590725
9593076
9594835
9595826
9596701
9599994
9600058
9600113
9600893
9602137
9606304
9606520
9607648
9609361
9609482
9611520
9612134
9612524
9612595
9613369
9614456
9615401
9615565
9615744
9616529
9617444
9617657
9617897
9618168
9618261
9619132
9621148
9621306
9621327
9623800
9626750
9628629
9629137
9629652
9630084
9630182
9630433
9630688
9630815
9632366
9632638
9634174
9634385
9636699
9637732
9637796
9638805
9640705
9640739
9641617
9643224
9643689
9644346
9645480
9645677
9646590
9647177
9647308
9649436
9652741
9653301
9653392
9654169
9654241
9654632
9654698
9655585
9655751
9656715
9656754
9656976
9658633
9660454
9661899
9662545
9663507
9663570
9667501
9667790
9668924
9670212
9670636
9672241
9672865
9673849
9674675
9675973
9676189
9679539
9680531
9682030
9682033
9682042
9682654
9682719
9683688
9685156
9686461
9686851
9687901
9688439
9689911
9692056
9692456
9694216
9696892
9698507
9698572
9700611
9701557
9702021
9702875
9703301
9703410
9707705
9708873
9709290
9709986
9710501
9711442
9711539
9711905
9712385
9712730
9712749
9715352
9715794
9716400
9717187
9717683
9718645
9719878
9720181
9720875
9721161
9722076
9722612
9723595
9723761
9724275
9724613
9724931
9724988
9724992
9726010
9727208
9727279
9727655
9727801
9729336
9732293
9733360
9736755
9739398
9739985
9741486
9741998
9742729
9743857
9744150
9746360
9746546
9748063
9749752
9751953
9752288
9753538
9753764
9755156
9755195
9755380
9756470
9757168
9757705
9758817
9759202
9760293
9764073
9765647
9767093
9767178
9769617
9769688
9770188
9771282
9771990
9772041
9772508
9775373
9776796
9781589
9782882
9783100
9783119
9783900
9785416
9786084
9787639
9790748
9791592
9793158
9794035
9794280
9796817
9797846
9799304
9800690
9800792
9802161
9802305
9804453
9810023
9810087
9810134
9810768
9811376
9812167
9813589
9817340
9817581
9817954
9818706
9818731
9819121
9819784
9821142
9821824
9823881
9825044
9825441
9825847
9826773
9826804
9826928
9828653
9829516
9830022
9830261
9831970
9832001
9832112
9832877
9835182
9836328
9836855
9838014
9838720
9839375
9839452
9839863
9842172
9842522
9843042
9844203
9844671
9844790
9845387
9846072
9848184
9848965
9850410
9851471
9853239
9853555
9854527
9854890
9857380
9860441
9861995
9864139
9865701
9866411
9866706
9867670
9868390
9869413
9870220
9872107
9872408
9874845
9875313
9875741
9876198
9876373
9876666
9878969
9879659
9880198
9880335
9880359
9881827
9882940
9883164
9883224
9883960
9885331
9885755
9885786
9885923
9885945
9886822
9887507
9889735
9890682
9892960
9895424
9895444
9897104
9897932
9898751
9902064
9902237
9903638
9903982
9904588
9905222
9906269
9906935
9910855
9911049
9914665
9915587
9916784
9917189
9917916
9919016
9920036
9921107
9921392
9921399
9922598
9922815
9923026
9923364
9923881
9924569
9924648
9926989
9927229
9928208
9928517
9929323
9930432
9932140
9933038
9933663
9934119
9934737
9935789
9936560
9936614
9937440
9938609
9939073
9939129
9939327
9939445
9940002
9940213
9942846
9943340
9943611
9945721
9946354
9946891
9947366
9947495
9949031
9949099
9950784
9951295
9952053
9952606
9954972
9956512
9956524
9956770
9959170
9960315
9964656
9967499
9967817
9967886
9969201
9969489
9969747
9972345
9974818
9977552
9977833
9978887
9979600
9981267
9981308
9981335
9981560
9982016
9985054
9985670
9990497
9991608
9991749
9992868
9993015
9993657
9997809
9999807
9999927
