91
276
399
519
807
1299
2304
2709
2723
3135
3988
4335
6137
6317
7673
8411
8655
8829
9107
9359
10653
10701
10961
11171
12277
12401
12671
13086
13760
14389
14912
15004
15669
15888
16120
18835
20045
20103
22171
23916
24570
25542
26173
27156
28189
29658
29910
30695
31969
32461
32842
32905
33139
34810
35295
38272
38395
39362
40007
40153
40169
42166
42924
45220
45304
45408
45657
46967
47469
48425
50081
50184
51338
51658
52262
52479
53385
59332
61206
62873
64655
65755
67655
69071
70292
70940
71886
72758
73002
73702
75837
76375
77147
77507
77915
78788
79007
81055
81186
81764
82001
83112
83219
84298
85788
86546
87561
88957
90564
91628
92939
92970
93537
94118
95005
95127
97702
98748
98960
99868
100125
103428
103651
103707
103823
103960
104316
106754
107701
107955
107971
108786
109891
110378
110428
111015
111953
113258
113612
114675
114887
115085
115456
116002
118076
118324
118333
118864
120582
120667
121299
121584
122516
122703
122841
123532
123552
123770
125806
130438
131301
132406
132776
133546
133621
134384
137680
138123
138275
139399
140897
141530
141872
142754
142975
145091
145099
147949
147958
149308
149624
150110
152341
152713
152881
153752
154774
155344
155459
156538
157972
158572
162030
163242
163798
164055
164154
164642
164809
165643
166536
166679
166984
167556
169353
170530
171250
174187
174719
175590
176232
176508
178037
178265
178274
178922
179117
179765
180269
180289
180950
181663
181690
183823
184553
185447
186295
186757
187062
191266
191890
192500
193157
193298
194558
194700
196786
197267
197531
198767
198885
199307
201688
205396
205983
207408
208787
210267
211445
211723
212197
212221
217587
218524
219288
219290
219554
222282
222949
223170
226625
226710
227054
227234
230423
231166
232056
232809
233611
234971
236170
236691
237785
238733
238972
238989
240761
242034
242056
242579
242667
243686
243759
245182
245187
245853
246932
246953
248231
248898
249356
251020
251882
252930
253489
254362
255889
256416
257691
257918
258239
258750
259152
260421
260791
262258
262382
264167
265327
265559
267121
271687
272184
272528
272690
273999
274209
275045
275320
275441
275629
276074
277425
277513
277714
277930
278238
278448
279540
281033
283561
283598
284380
285128
286144
286970
287357
287686
288694
290675
290980
291771
292691
294829
295613
298681
298776
301764
301919
301943
302921
304254
306958
307793
309503
311672
311890
313544
314453
315752
316789
317033
317041
318623
319570
319987
321190
321564
322554
322609
324089
325686
325731
325840
327737
328527
329564
329914
329991
330559
330640
330722
333239
334224
335594
336058
337972
337980
338528
338801
339035
339360
340141
340572
341030
341287
341853
343670
343858
347374
347391
349318
349804
351033
354445
355194
355429
355792
355908
356678
357495
359320
361699
361839
362692
363628
365471
368558
372498
372773
374398
374440
374824
378680
379800
381508
382563
383016
383725
383935
384471
384854
386821
391227
392601
393411
394094
395536
395607
395811
396888
396972
397470
397856
398132
399917
400364
401114
402320
402716
402747
403122
405195
407462
407488
408390
411770
412156
414320
415357
415532
416243
417029
417984
421045
421529
422721
423900
424082
424208
424852
425766
428717
429040
429168
430524
430954
431339
432334
434982
436432
439830
439835
439940
440154
441240
442852
445280
447985
450262
452883
453248
454065
455303
455870
456282
458918
460033
460959
461759
461916
462857
463224
463450
463748
463878
465777
466368
467877
468302
468924
469502
470405
470644
470898
473055
473477
473491
475435
479100
480274
480833
484456
484981
485088
486277
486692
489468
490023
490641
491176
492570
494457
495706
497799
499181
499461
499487
504126
507122
507512
507619
508629
510342
510564
511005
511531
512757
513818
513864
514005
514900
515560
515740
517123
517658
517972
519309
521261
524807
524967
524993
525740
525748
526145
526179
526220
526241
526399
526953
527267
527300
527576
529628
530366
532961
534045
535741
536669
538053
539161
539324
539562
541460
541710
542199
542884
543427
543886
544550
544679
545137
545281
546289
546875
547568
548120
549016
549097
551070
552758
552813
554253
554979
555234
556114
556245
556863
557803
558882
560486
560803
561260
561966
562296
562732
566201
566942
567919
567946
569572
569774
572525
573412
573959
574029
575129
576626
577577
577584
577697
577702
578139
579224
580092
580134
580943
581449
583514
583604
583880
584892
585663
585742
586420
588203
589289
590884
593926
594151
594516
594813
595661
596293
598348
599109
600144
600599
602481
603031
603454
603490
604481
605400
605842
605858
608743
609108
609489
609734
609919
609960
610421
610873
611471
612223
613615
616374
616572
617579
618917
619697
621251
621889
622231
623937
624507
625038
626351
626424
627110
627822
628008
629449
630095
632660
632969
633544
633581
636831
638330
639381
639391
640875
641198
641646
641793
642536
642791
643087
643512
643794
644142
644760
645054
645239
645859
645955
649123
649430
650807
651003
652856
653772
653855
654322
655014
656089
656961
656969
657309
657364
662211
663051
663205
663623
664763
664938
666813
669852
670215
672089
674030
676689
677955
678573
678951
679084
680123
680282
682420
682702
682932
683465
683686
684130
684853
686902
687289
687680
688537
689118
689356
690154
690771
692016
693008
693744
694401
694700
695623
696146
699339
700108
700557
701612
701642
702465
702940
703964
704801
706472
707055
707412
710497
711200
713030
713886
714650
716066
716380
716735
718240
718303
718547
718821
720055
720351
720788
721548
721870
724887
725211
725620
726152
728352
729410
729583
730583
732011
732493
732961
733999
736169
736286
737034
737670
737738
741508
742240
742656
742852
743787
743896
744574
745193
745386
749489
749579
750707
750755
751517
752320
753400
754334
754738
755944
756067
757650
758304
758519
759430
759669
759900
762249
763058
763594
763675
763729
764380
764718
766948
767217
768357
768602
771699
771956
772053
773281
774192
775486
776151
776970
777271
777407
777745
780097
780178
780186
780340
781520
782028
782383
782923
785020
786432
786896
787325
787485
789041
789958
790267
790894
791622
796567
796636
797814
798463
800114
800393
801016
801894
803365
803439
803828
804255
806560
808898
809368
809640
811226
811528
811704
812512
813104
813870
814681
815562
815900
816191
816529
816750
818350
819514
820228
820239
820303
820801
820952
822422
822708
826265
827526
828346
828497
828971
833838
835056
836426
836613
838176
839015
841672
843507
844160
844835
845634
846091
848851
848909
850139
850954
850985
853151
853517
853871
855832
858003
859090
862406
862434
863641
863888
864222
865189
865962
867141
867421
867485
867886
868236
869185
869257
869931
872424
872604
874062
875948
877539
878337
878568
878681
878686
878973
879129
880780
880886
881474
882618
884317
885820
889656
890798
890894
891036
891061
892235
892455
893482
894287
895329
895666
897574
900494
901028
903871
904051
904302
905704
906422
908327
908901
909204
911313
912326
912717
912846
913819
913833
914044
915165
915860
918667
920132
920366
921965
922070
922481
924504
924574
925855
927224
927329
932861
933031
934565
935573
935780
935977
936447
936471
939822
940197
940724
941174
941912
942017
942613
942962
942985
945059
945164
946769
946957
948991
949374
950305
952048
952375
952481
952491
953652
953833
953844
954104
954818
954948
956022
956231
956306
956411
959547
960023
960110
963425
964117
964715
965396
965479
965978
966129
966323
968286
968738
970313
971569
975867
975935
976402
981716
983449
983561
983792
986959
987360
987763
988065
988682
989482
991073
991605
991783
992727
994117
1000124
1001530
1002817
1003487
1003718
1004700
1005536
1005666
1005811
1007240
1007677
1007750
1008344
1009031
1010093
1010500
1011651
1012023
1012027
1012079
1012676
1012835
1013257
1014373
1016552
1016909
1016932
1017535
1017566
1018668
1019627
1020156
1020436
1023314
1024448
1025925
1026268
1030061
1030350
1033440
1034718
1036635
1037208
1037434
1039498
1039581
1039834
1041035
1041080
1041534
1041809
1043032
1045475
1047400
1048284
1048633
1049139
1050366
1051222
1051461
1053450
1054324
1054518
1056113
1056237
1056664
1059423
1059450
1059861
1060067
1060415
1060820
1062452
1063227
1063271
1064133
1064516
1066893
1067223
1068215
1068996
1069034
1069761
1069805
1072150
1073247
1075540
1075891
1075957
1076189
1076920
1077075
1078073
1078285
1083490
1083513
1084400
1084692
1086753
1088613
1090874
1091036
1091575
1093050
1095269
1097235
1097415
1097721
1097940
1098406
1102954
1103208
1103271
1103594
1103922
1108184
1108315
1110231
1110364
1110428
1110917
1111552
1112086
1113566
1116746
1120072
1120634
1121897
1123764
1124079
1125742
1125761
1126486
1128771
1128816
1129352
1129780
1131175
1132002
1132419
1133066
1133275
1133290
1134842
1137445
1140555
1141867
1142142
1142366
1142734
1144087
1144864
1146638
1146970
1147219
1148278
1148676
1148881
1149362
1149783
1149816
1151664
1151848
1156101
1157963
1158404
1158909
1160638
1163032
1163283
1164271
1164985
1168722
1170561
1176186
1176784
1178017
1178429
1180517
1180937
1181538
1181774
1181814
1183068
1184101
1184701
1185289
1187247
1191531
1191862
1192044
1192663
1193513
1193744
1195819
1197617
1198082
1199279
1200692
1202899
1203262
1203898
1203901
1205720
1206816
1207634
1209097
1213808
1214117
1215225
1215355
1217660
1219007
1219220
1219617
1221393
1221434
1223253
1223517
1224427
1224783
1225520
1225754
1226307
1226395
1226469
1226989
1229090
1229106
1229336
1229422
1229978
1230150
1231019
1232707
1233207
1233739
1235709
1235907
1236698
1237220
1237539
1241608
1242913
1243396
1244557
1245363
1246049
1246557
1248273
1248354
1251747
1251961
1255064
1255126
1257030
1257755
1258461
1258606
1258802
1259776
1260015
1260746
1262015
1262103
1262732
1266206
1266832
1268165
1269169
1269763
1270273
1270456
1270467
1270656
1272538
1273849
1274534
1274741
1275359
1275971
1276916
1277453
1277966
1278085
1278733
1280135
1280744
1281134
1281196
1282839
1284140
1285213
1285977
1286263
1288681
1288782
1290712
1290757
1291159
1292414
1294000
1294552
1295241
1295377
1295516
1295882
1296334
1297365
1298325
1299552
1299584
1300150
1301654
1301851
1302964
1303054
1303342
1303898
1305888
1307893
1308528
1309429
1310315
1311346
1311567
1313985
1315090
1315304
1315388
1315594
1316477
1317302
1317513
1317593
1319050
1320853
1321183
1321324
1321359
1322187
1324270
1325187
1325205
1325605
1326043
1326105
1326302
1327132
1327833
1328287
1328539
1329487
1329932
1330678
1331335
1331940
1332225
1333358
1336821
1337353
1337877
1338086
1338433
1339252
1339354
1339862
1340785
1340801
1341615
1345799
1345949
1347327
1348803
1349202
1349295
1350832
1351240
1352132
1353120
1353246
1353840
1355129
1355163
1356547
1357302
1357397
1358366
1358724
1358972
1359132
1359506
1360526
1360700
1363855
1365581
1365867
1370363
1370855
1372651
1372691
1372895
1376917
1378028
1379003
1379246
1379622
1382395
1382752
1383879
1384795
1385378
1388217
1390781
1391857
1392593
1392845
1393862
1395043
1396038
1396070
1396385
1399328
1399854
1401222
1401867
1402364
1403429
1404159
1404738
1407141
1407751
1407837
1409293
1414271
1414758
1415043
1415341
1416900
1417644
1417844
1418271
1418562
1419168
1422028
1423640
1423879
1425090
1426156
1426776
1427060
1428786
1428918
1429353
1429718
1432667
1433036
1433643
1433817
1433940
1434037
1434264
1436510
1436688
1437466
1437659
1437790
1438395
1438822
1446056
1446059
1446161
1446603
1447829
1449469
1449770
1450455
1452294
1452394
1452612
1452929
1453397
1454212
1454228
1454307
1456775
1458161
1458802
1460120
1460897
1462058
1463378
1463762
1464294
1464342
1464961
1465042
1465748
1468432
1468513
1469685
1469733
1470971
1472414
1473142
1473321
1475411
1477027
1477108
1478630
1478679
1479527
1479558
1480644
1482494
1484113
1484138
1484560
1484621
1484882
1484916
1484965
1485165
1486064
1488790
1488820
1489607
1491409
1491776
1491900
1491933
1492227
1492663
1492870
1495507
1495696
1497624
1502387
1502801
1505398
1505976
1506382
1507539
1508290
1511908
1512290
1513464
1514744
1517428
1520389
1521503
1521522
1521759
1522194
1522328
1522769
1522981
1522992
1530397
1530611
1531936
1535269
1536644
1537161
1537718
1538197
1539367
1542043
1542448
1542472
1544758
1545553
1545710
1546738
1547094
1547750
1547855
1550528
1553342
1554571
1555213
1555251
1555806
1557348
1557968
1558012
1558063
1558842
1558914
1559424
1560489
1561146
1562356
1562805
1563899
1564496
1565055
1565146
1565731
1566429
1568676
1569131
1569547
1570612
1571031
1572046
1575286
1576307
1577877
1581524
1582027
1583325
1585944
1586706
1589757
1590309
1590784
1591691
1593401
1595485
1595705
1601319
1601973
1603476
1603943
1604933
1606112
1607005
1607751
1608178
1609458
1612209
1612267
1616239
1616367
1616607
1618082
1618729
1618901
1618979
1619532
1619613
1620059
1620821
1622981
1625889
1626032
1626356
1628037
1628964
1629489
1630675
1631850
1632278
1633969
1634448
1634502
1634922
1635658
1636776
1636939
1637438
1637800
1640237
1644251
1645750
1646197
1647125
1648018
1648417
1649648
1650268
1650549
1653027
1654641
1654800
1655647
1656026
1656194
1656290
1657661
1657988
1659020
1659382
1659780
1665929
1666175
1668186
1672224
1672452
1673682
1674195
1675758
1676286
1678278
1678380
1680314
1680744
1681198
1681456
1681937
1683528
1683620
1684424
1687597
1688638
1688857
1688873
1689461
1689921
1691331
1693903
1693924
1694752
1695019
1697193
1698255
1698685
1700659
1702137
1703425
1704215
1706929
1707498
1708225
1708617
1708692
1709640
1711616
1711746
1713850
1714203
1714275
1719034
1720758
1721030
1723109
1723201
1723713
1724092
1725287
1726466
1727139
1727470
1728877
1733151
1736493
1736656
1737427
1742732
1742868
1744213
1744334
1745005
1745525
1746043
1748158
1748324
1748483
1749700
1749705
1753026
1755253
1757373
1758488
1759948
1760110
1760719
1760838
1762701
1763288
1763803
1764027
1764343
1765633
1766403
1768357
1769402
1771103
1771926
1771961
1772612
1774393
1774558
1775327
1775591
1776067
1776630
1779832
1780069
1781325
1781691
1781990
1782321
1783721
1785350
1787131
1789981
1790086
1791618
1791631
1791834
1792103
1792255
1792600
1792740
1793400
1793844
1795543
1801288
1801481
1801753
1802878
1804515
1806237
1807611
1809145
1809819
1809949
1810212
1810744
1813447
1814313
1815436
1815444
1816840
1818028
1818479
1819602
1820403
1820536
1821006
1821764
1823114
1823275
1824324
1825062
1826310
1827536
1827711
1828397
1830420
1832056
1834088
1834382
1839642
1840351
1840473
1841866
1842066
1842191
1844658
1846389
1847511
1847521
1848276
1848908
1848977
1851018
1851520
1851543
1851619
1853111
1854318
1856445
1856946
1858094
1858227
1859175
1859258
1862903
1866415
1866857
1870789
1872175
1872320
1872762
1873135
1874741
1874820
1875286
1875829
1877881
1878770
1879887
1880126
1881174
1881180
1882103
1882378
1884341
1884404
1888445
1889185
1889438
1889826
1890197
1891693
1892312
1893761
1894645
1895343
1899371
1900262
1900637
1900870
1901165
1901487
1901565
1902014
1903069
1905214
1905731
1906525
1906834
1908096
1910758
1911307
1911393
1914216
1914221
1916551
1916806
1916818
1917302
1917680
1917770
1918192
1918358
1918464
1920811
1921252
1923699
1924678
1924704
1924807
1926045
1930160
1932087
1932266
1932952
1934102
1935820
1936516
1937428
1938104
1939369
1942177
1943239
1945851
1946546
1946549
1946578
1946602
1948037
1948775
1951081
1951155
1951512
1952273
1953289
1954701
1955604
1955933
1958102
1959043
1959537
1960521
1960678
1962638
1962746
1963342
1963585
1965579
1966374
1968755
1969183
1971309
1971733
1972149
1973204
1974105
1975535
1976496
1978297
1978380
1979727
1980538
1980550
1981374
1982557
1985237
1987582
1988137
1989934
1989978
1990372
1991265
1991501
1991824
1992100
1994386
1994884
1996377
1996700
1996706
1997464
1997513
1999334
1999720
2000528
2001370
2001590
2002709
2002784
2003281
2003543
2003778
2003844
2004451
2005553
2008791
2008870
2009234
2009255
2009333
2009854
2010463
2012261
2013690
2013844
2016466
2016869
2017658
2020371
2022191
2022340
2024828
2024985
2025777
2026168
2026313
2030165
2032586
2034007
2035343
2035850
2037346
2037557
2037786
2039454
2041147
2041773
2041954
2041970
2042009
2042115
2042765
2045560
2046559
2046780
2047633
2048159
2050191
2051357
2052375
2053181
2054352
2056239
2056874
2057012
2057661
2058266
2058571
2058583
2060758
2061410
2061577
2065027
2069616
2070079
2070336
2071573
2071671
2072071
2073411
2074274
2077811
2079005
2079546
2079774
2080356
2081765
2081921
2082409
2084943
2087124
2088828
2088925
2090724
2093632
2094885
2096324
2096641
2098015
2098788
2099316
2099458
2100484
2103408
2103650
2104362
2105521
2105678
2106790
2106947
2108127
2108390
2109643
2109814
2110436
2112090
2112898
2112955
2114189
2115491
2116027
2116166
2116443
2118752
2119103
2119618
2120322
2121389
2123621
2124290
2124317
2124631
2125288
2125596
2126674
2126701
2127585
2128331
2131035
2133573
2137558
2137914
2138365
2139121
2139147
2139449
2140236
2141555
2142392
2144001
2144084
2144102
2144328
2144616
2144634
2145191
2145606
2146305
2148564
2148766
2149527
2150955
2152802
2153262
2154813
2154975
2155264
2155421
2155662
2156747
2157810
2160342
2160436
2160477
2161108
2161438
2162229
2162903
2163119
2164153
2164351
2164634
2165937
2166064
2167016
2168019
2168272
2168493
2169205
2170104
2171684
2173956
2175375
2177426
2178208
2182088
2183641
2184196
2185803
2186468
2186503
2187127
2187323
2188328
2188385
2188862
2190846
2190856
2191217
2191382
2191441
2193883
2194251
2194584
2194825
2195221
2196216
2197189
2198123
2199176
2202120
2204180
2205158
2205452
2208191
2208306
2208390
2209338
2209406
2211593
2213091
2214480
2214874
2215288
2215635
2215839
2217015
2217389
2217776
2218058
2218717
2219247
2219706
2219877
2222527
2222941
2223129
2224021
2224137
2224443
2226348
2231525
2231896
2231927
2232787
2233827
2234754
2234833
2234892
2235584
2235672
2235770
2236106
2236128
2239914
2241171
2241664
2242716
2244244
2244729
2247846
2248399
2250931
2252522
2252556
2252595
2252818
2253203
2253214
2254012
2254777
2254820
2256615
2258033
2258464
2259031
2259333
2261165
2261873
2264981
2265815
2266329
2266529
2267255
2272022
2272154
2273155
2273806
2274875
2275102
2275416
2275624
2277664
2278678
2278842
2279719
2279999
2282576
2284246
2285994
2287961
2289020
2292657
2294277
2295931
2296998
2298969
2299507
2300345
2301612
2302329
2303947
2305268
2306222
2307411
2307750
2309951
2310678
2311505
2312683
2313772
2315557
2317383
2318653
2319729
2320576
2321253
2321717
2325805
2326331
2326404
2327932
2330392
2334509
2336253
2336588
2336783
2336893
2337092
2337161
2338864
2339409
2339964
2342185
2342400
2343625
2345266
2345278
2346348
2346835
2346882
2347690
2348292
2350524
2350765
2351175
2352025
2352443
2352722
2355437
2358866
2359728
2361968
2362389
2362567
2367059
2367658
2368560
2370414
2370794
2370937
2372718
2373069
2375491
2377044
2378055
2378265
2378521
2382319
2382909
2383277
2384287
2386484
2387242
2387872
2389129
2390810
2394446
2394665
2396093
2398041
2398840
2399637
2400147
2401088
2404767
2410779
2411107
2413358
2414306
2415586
2415623
2415650
2417191
2417345
2417425
2418849
2419443
2419587
2420251
2420745
2420944
2424153
2424527
2425849
2428807
2430705
2431096
2431336
2432325
2432683
2433231
2433286
2433448
2433845
2434094
2434488
2434527
2434858
2436785
2438578
2439364
2439535
2440278
2440388
2441020
2443344
2445767
2446418
2446882
2448682
2449553
2451187
2451223
2453265
2453916
2455563
2456414
2457598
2458847
2459095
2459441
2460835
2460944
2461032
2461456
2461793
2462119
2462424
2462612
2463069
2463375
2463385
2463784
2464479
2464578
2464668
2464953
2465443
2468256
2470299
2470506
2471210
2472840
2474533
2475064
2475271
2475617
2475915
2477508
2477662
2478079
2478652
2480179
2480200
2480595
2480691
2481591
2481908
2484097
2487146
2487731
2489878
2490005
2490597
2492838
2493169
2493471
2494269
2494861
2494872
2495138
2499336
2500115
2501060
2501313
2501782
2502511
2502603
2503098
2503290
2505173
2506156
2506510
2510665
2511794
2512344
2512476
2514058
2514387
2514682
2516213
2516362
2518839
2520886
2521104
2521495
2522503
2522680
2523154
2523663
2523925
2525904
2526261
2527589
2528598
2528606
2529103
2529557
2531345
2531885
2532168
2533122
2534291
2537964
2539429
2539654
2540208
2540658
2540864
2541315
2543630
2545146
2545460
2545476
2545980
2546323
2548670
2548910
2550587
2552690
2553139
2554429
2554892
2556342
2556619
2556668
2557876
2558305
2558559
2559429
2559583
2559604
2561696
2562324
2562664
2563556
2564956
2566270
2566649
2567351
2567634
2568066
2568564
2570489
2571581
2572646
2573733
2574789
2574981
2575578
2575890
2577468
2578291
2579361
2581846
2582056
2582413
2582696
2583183
2583465
2585073
2586800
2587298
2589900
2590435
2592221
2593004
2594468
2599010
2599761
2600101
2600217
2600994
2601234
2603244
2603609
2603894
2605021
2605906
2607663
2608204
2608541
2609176
2611511
2614386
2615926
2616223
2617573
2618329
2619765
2621276
2621774
2623289
2623390
2624350
2625251
2625506
2626041
2626291
2626379
2626422
2626423
2627264
2628758
2630465
2630880
2631696
2632028
2632518
2634646
2637350
2638326
2640002
2640263
2640615
2640687
2640691
2641183
2641578
2642252
2642369
2643828
2643872
2644866
2645343
2647949
2649238
2650656
2651893
2652390
2653800
2654749
2654944
2655265
2655314
2656301
2656542
2658713
2660064
2660434
2661114
2661306
2661401
2663718
2664355
2666911
2669930
2670799
2671759
2672803
2672880
2673710
2674180
2675484
2676029
2676853
2677834
2678729
2678762
2679319
2679377
2681880
2683126
2683284
2685014
2685810
2686037
2686730
2686898
2688666
2689890
2691335
2693156
2694240
2694518
2695336
2696885
2697259
2697492
2697898
2698191
2698291
2698328
2698423
2700061
2700074
2700179
2700254
2700806
2701309
2701782
2703214
2704097
2706223
2706328
2707870
2709214
2710698
2712589
2716506
2718066
2718265
2719475
2720535
2720759
2722863
2723472
2723510
2723831
2724319
2725717
2727889
2728348
2730215
2730336
2730983
2731234
2731887
2732992
2734059
2734080
2735645
2735688
2736066
2736608
2736924
2738413
2740959
2741372
2742363
2744136
2744657
2745409
2745916
2746393
2746433
2747481
2748060
2748193
2754001
2755274
2755679
2757500
2757930
2759158
2759950
2760982
2761078
2761834
2763501
2763581
2764183
2764851
2765137
2765461
2767533
2767580
2768030
2768144
2770398
2771247
2771508
2772463
2772473
2772499
2774490
2774881
2776689
2776839
2776895
2777199
2780554
2781024
2781060
2781145
2781921
2783007
2783213
2784147
2785629
2788598
2788854
2790302
2792285
2793178
2793815
2794234
2795472
2795901
2796229
2796600
2796772
2796897
2799368
2800483
2804743
2804760
2805297
2805976
2807729
2809666
2810328
2810769
2811065
2811374
2814222
2815224
2815943
2816453
2817017
2818075
2821079
2822060
2827068
2828762
2829033
2829116
2829468
2830776
2832081
2832462
2833198
2833541
2833617
2834009
2834282
2834659
2835041
2836571
2838226
2839549
2839999
2841056
2841087
2841335
2841956
2844422
2844464
2845112
2846900
2850341
2851558
2851823
2852675
2854969
2855245
2859128
2859716
2860287
2860761
2860898
2861655
2862510
2862939
2863664
2864452
2864572
2867488
2868034
2868205
2868415
2868768
2870023
2870148
2870625
2871134
2872037
2872735
2872834
2873311
2876083
2877007
2878558
2878768
2879330
2879619
2880809
2882835
2884362
2885468
2886254
2888123
2888775
2889227
2889572
2890438
2890782
2891885
2893851
2893889
2895242
2895621
2897039
2897206
2897207
2897325
2898801
2898880
2901367
2901967
2903540
2905689
2905989
2906056
2906321
2908368
2908452
2908716
2911355
2911952
2912473
2912686
2913769
2914864
2915372
2916313
2917839
2920592
2922723
2923342
2924937
2925985
2927775
2929257
2929783
2931818
2931957
2933947
2935686
2935896
2936935
2938182
2939357
2940000
2940585
2940877
2941791
2941911
2943101
2948173
2948192
2948746
2950671
2950715
2952295
2954915
2955880
2958086
2959422
2959850
2960134
2960196
2962639
2963525
2964269
2964985
2966428
2967633
2968715
2970294
2971771
2972078
2973079
2974944
2975046
2975067
2976065
2977148
2977737
2979539
2980416
2981028
2982518
2982825
2984089
2984143
2984250
2984474
2985325
2987441
2987804
2987842
2988332
2989336
2989472
2991242
2992771
2994139
2994905
2995632
2996934
2997637
2998935
2999029
2999289
3001505
3001643
3001888
3002038
3003350
3003782
3004094
3006858
3007808
3008207
3008707
3009085
3010180
3011154
3011549
3013100
3014782
3015676
3018315
3020163
3021487
3022244
3022273
3022400
3022551
3023345
3023532
3024100
3024507
3025553
3026900
3027848
3028208
3028232
3028947
3030398
3030710
3033274
3033413
3034276
3036151
3037502
3037594
3037617
3038205
3038704
3038941
3040735
3040971
3042169
3042458
3042840
3043023
3044693
3045554
3046295
3048426
3050351
3050849
3051318
3053038
3053764
3054149
3054216
3054290
3054710
3055995
3058129
3059911
3060733
3060784
3060999
3062136
3062443
3063265
3063695
3066081
3066211
3068602
3069423
3070747
3076212
3076781
3077183
3077772
3079222
3080312
3080318
3080377
3080545
3080981
3082595
3082923
3083091
3084571
3084755
3084826
3085868
3086744
3087613
3087889
3088446
3091188
3091386
3091481
3091837
3092449
3093883
3094342
3094680
3094928
3096058
3096627
3099202
3099308
3099718
3100378
3101013
3101060
3101068
3104222
3104553
3105132
3105655
3106267
3106356
3109716
3109835
3110952
3111009
3111017
3111174
3112691
3112873
3112937
3113339
3114782
3114878
3115665
3116874
3117278
3118583
3122972
3124115
3124800
3125266
3128522
3129093
3129446
3129505
3132263
3132696
3134676
3135058
3136285
3136618
3136819
3137646
3137754
3138012
3138647
3140611
3140637
3141189
3142349
3143458
3144762
3145052
3146728
3146791
3149003
3149464
3149618
3150973
3151099
3151284
3151790
3151797
3152909
3153805
3155041
3156309
3156421
3157616
3157897
3159406
3160618
3160913
3162290
3163442
3163675
3165199
3165872
3166230
3167279
3167663
3169324
3173951
3173986
3177843
3178429
3179697
3181150
3182814
3184331
3184410
3186649
3188073
3188115
3188340
3188432
3188566
3188664
3188823
3189941
3192416
3193251
3193571
3195771
3196873
3198256
3200153
3200988
3201840
3202286
3203393
3204164
3204849
3207552
3208046
3208083
3213140
3213167
3213565
3214324
3216884
3217764
3218472
3219444
3220486
3220562
3220622
3222107
3222378
3222531
3224273
3227431
3228145
3228832
3230392
3231352
3232706
3233188
3234131
3234429
3237409
3237924
3238039
3239679
3240502
3241128
3241321
3241725
3241735
3242331
3242984
3244106
3244692
3246448
3247447
3247526
3248344
3248676
3248753
3248765
3248849
3249202
3249669
3250189
3250479
3250605
3252881
3257930
3259396
3259685
3260003
3260292
3261168
3261386
3261798
3261884
3262514
3263992
3267920
3268164
3270415
3271127
3272939
3273642
3274712
3275914
3276755
3280173
3280537
3280829
3281921
3282991
3283546
3284454
3285119
3285525
3286882
3288101
3288745
3289558
3290070
3290962
3295387
3297886
3298189
3298190
3298977
3299414
3304403
3304591
3306396
3306940
3307201
3307841
3308165
3308920
3309453
3309581
3314875
3316893
3319244
3320790
3321746
3322397
3323218
3323222
3323499
3324570
3326031
3326433
3326637
3327398
3327791
3329338
3329693
3330151
3330304
3330544
3330638
3330826
3331117
3331368
3332380
3332840
3333738
3334448
3335001
3335446
3335588
3336482
3336852
3338239
3339222
3341492
3342664
3344128
3346760
3348183
3349394
3350148
3351313
3353335
3355562
3357307
3358123
3358359
3358700
3360435
3360553
3361106
3361657
3362808
3363356
3364122
3365842
3366000
3366660
3368254
3368367
3368786
3369169
3369647
3374788
3376388
3377156
3377177
3377247
3383498
3384191
3384769
3384833
3387385
3387635
3387758
3387869
3388433
3388921
3391557
3391864
3392458
3392480
3393319
3396769
3396864
3397469
3397891
3398598
3401217
3401405
3402046
3402785
3402916
3405227
3405412
3408236
3409675
3410415
3410470
3410513
3410658
3411879
3412218
3412387
3413004
3413338
3413632
3415152
3416020
3416274
3416575
3418067
3419717
3420119
3421182
3421371
3426084
3426218
3427484
3427594
3428411
3430933
3431453
3433718
3440842
3443254
3443533
3445439
3445574
3448201
3448787
3450386
3451396
3453061
3453134
3453645
3453696
3455295
3455356
3455376
3455493
3455821
3456618
3457441
3457739
3459042
3459542
3460509
3460765
3461163
3462079
3464106
3464779
3465022
3465261
3466150
3466636
3467092
3468799
3469340
3470835
3472318
3473019
3473449
3473732
3474342
3474469
3475547
3475914
3476255
3476710
3478019
3478467
3479595
3480031
3480447
3480805
3481811
3481882
3483335
3483520
3483551
3486223
3486400
3486868
3486910
3488711
3490308
3490345
3490820
3491942
3493339
3493400
3494657
3496584
3498231
3498320
3499622
3499874
3501223
3501696
3504551
3505504
3505696
3506001
3506392
3507331
3507372
3507397
3507472
3507804
3508341
3508758
3508768
3510810
3511285
3514754
3515072
3515969
3516032
3516609
3517110
3518514
3520135
3520283
3522121
3522604
3523183
3523305
3523894
3525219
3525397
3530133
3530514
3530837
3531696
3535141
3535661
3536670
3539621
3541006
3541259
3543125
3544419
3544859
3544975
3545347
3547500
3548675
3550231
3552015
3552538
3553183
3554923
3555197
3556865
3557000
3559052
3559595
3561174
3562179
3562245
3562551
3563834
3563908
3564022
3564861
3565073
3565870
3566022
3566250
3567053
3568571
3568727
3571488
3573716
3576292
3578375
3581402
3582045
3582149
3584026
3584543
3585138
3585594
3585623
3588751
3591109
3595114
3595764
3597762
3599661
3600005
3601647
3602828
3604297
3604720
3605350
3605510
3608975
3609396
3611441
3612267
3613512
3615270
3615872
3616320
3616480
3616986
3617351
3617865
3618112
3618125
3618204
3618781
3619204
3619245
3619312
3619644
3620646
3621597
3622113
3622220
3622270
3622650
3623654
3624108
3624264
3626663
3629019
3629673
3629737
3631863
3632774
3633408
3633858
3634256
3634359
3635648
3635905
3636418
3639174
3639209
3639826
3645598
3646869
3647757
3648230
3648263
3649363
3649450
3649640
3649665
3651359
3654010
3654359
3657154
3657508
3658365
3658929
3659521
3661369
3662098
3663083
3663102
3663467
3664915
3665262
3667137
3667239
3668078
3670519
3670569
3670600
3671349
3673250
3674098
3675197
3675593
3675701
3676849
3677566
3677872
3679012
3681088
3681566
3682592
3683060
3683542
3683615
3683909
3685762
3686249
3688990
3689129
3689462
3690202
3691977
3692226
3694095
3694803
3698616
3699140
3700129
3700792
3700898
3702150
3703590
3704243
3705214
3708049
3710251
3710808
3711646
3711978
3713192
3714370
3714466
3718707
3720577
3721916
3721988
3722522
3723966
3724803
3725854
3726002
3727623
3728969
3729219
3731218
3732846
3732927
3733743
3734482
3736302
3737697
3739458
3739832
3741164
3742565
3744000
3744727
3744867
3745250
3745801
3747454
3748590
3749018
3749640
3749894
3751598
3753498
3753650
3754716
3754880
3756659
3758238
3758708
3760406
3760413
3760931
3760987
3761425
3762934
3763017
3764113
3764753
3764906
3765025
3766682
3767135
3767654
3767941
3768187
3768611
3768746
3770259
3770460
3770552
3770610
3770885
3771118
3771982
3772346
3772546
3772849
3773395
3773888
3774985
3775853
3777120
3777623
3780110
3780509
3780544
3781184
3781432
3783202
3783787
3783921
3785126
3786402
3787291
3789258
3791863
3793043
3793166
3795724
3795962
3796962
3799090
3801773
3801829
3803515
3803971
3804984
3807377
3807525
3808284
3808858
3808935
3813131
3813300
3813437
3814703
3815030
3815653
3816427
3817922
3818326
3821783
3823266
3824775
3825409
3825627
3826282
3826327
3826380
3828117
3829209
3829224
3829340
3831613
3833194
3833966
3834842
3835981
3836225
3837411
3837748
3837820
3838827
3841553
3841711
3841994
3846576
3847667
3848255
3849158
3849286
3849438
3849734
3851253
3851347
3851605
3853194
3856169
3857118
3857583
3858588
3859455
3859714
3860194
3861746
3863708
3865620
3867875
3868750
3869049
3869397
3869629
3870905
3871333
3871884
3874005
3874937
3875127
3875970
3876465
3878866
3879526
3881688
3882788
3882883
3884199
3884700
3885210
3885365
3885719
3886962
3887433
3888766
3891847
3891851
3891988
3892208
3893186
3893574
3894680
3895405
3896238
3896485
3897664
3898007
3898102
3900076
3900613
3901358
3901897
3902451
3903341
3904234
3904601
3904819
3905531
3908068
3910780
3910787
3911036
3911101
3911674
3912226
3912524
3913230
3913803
3915208
3915401
3916000
3919684
3921525
3921908
3923654
3924206
3926175
3926961
3927465
3929349
3929837
3929845
3929891
3930157
3931274
3932538
3933170
3934161
3934412
3935236
3935415
3935886
3936161
3936228
3936648
3937465
3938305
3939464
3941623
3943311
3943512
3944136
3944851
3945537
3946002
3946459
3947248
3948021
3948228
3949602
3952104
3952469
3953990
3954822
3955325
3956570
3959151
3959700
3960656
3960796
3961238
3961834
3965156
3966022
3968948
3969166
3970208
3971401
3971658
3976910
3977219
3977736
3978264
3978522
3979856
3980634
3981435
3982066
3982264
3984395
3986800
3987238
3987721
3988324
3988626
3991916
3992585
3992875
3993965
3994916
3995420
3995965
3996228
3996499
3998977
3999985
4002667
4004948
4005921
4006765
4009858
4010882
4011024
4011495
4014374
4015212
4015596
4015670
4016758
4018207
4020652
4020739
4022857
4023819
4028205
4030844
4031648
4035965
4037156
4037611
4038915
4039171
4045023
4045048
4045249
4045274
4045660
4046932
4047215
4049737
4052154
4052441
4054188
4056257
4057881
4058785
4060410
4063553
4063600
4063850
4064746
4064942
4065797
4066307
4066640
4068911
4070193
4070292
4070494
4071755
4072411
4073168
4073632
4073938
4074633
4074741
4076288
4076866
4078341
4079548
4080108
4080744
4082730
4082979
4085605
4087255
4088402
4089239
4090163
4090796
4091373
4092170
4092426
4092668
4092863
4093731
4095217
4096005
4096577
4096992
4097342
4097613
4098124
4098382
4098571
4099332
4100149
4101383
4102991
4103650
4104488
4105207
4105228
4108501
4110038
4110200
4110950
4115336
4115478
4118896
4119283
4119738
4121399
4122673
4123305
4125581
4125635
4125877
4126701
4127007
4127245
4128976
4128979
4131281
4131388
4132345
4133105
4133187
4134233
4135092
4135093
4135321
4137025
4137461
4139141
4139415
4140248
4142872
4143065
4143162
4143708
4144183
4145029
4147601
4148321
4149165
4151165
4151358
4152141
4154464
4154499
4154814
4155814
4157600
4160853
4162834
4167300
4168132
4168139
4168301
4168466
4170220
4171577
4172483
4172838
4174069
4174927
4175197
4175522
4175868
4177431
4177900
4177988
4178063
4179368
4179464
4179657
4179963
4181478
4182635
4182710
4183952
4185355
4185689
4187765
4188095
4190871
4195024
4199760
4199849
4199870
4200088
4200121
4201270
4202637
4202995
4205482
4205674
4205763
4206599
4206603
4206741
4207358
4210492
4211559
4214084
4214345
4214943
4214962
4215202
4215456
4216123
4219150
4219345
4219602
4220038
4223729
4224338
4225020
4225378
4226130
4227584
4227700
4228512
4229871
4230371
4230514
4232043
4233228
4236202
4237145
4238788
4239892
4240229
4240292
4242257
4243877
4244847
4246583
4248150
4248734
4250247
4250989
4251455
4251578
4251634
4252379
4252453
4254547
4257283
4258490
4259017
4259594
4262629
4263157
4264503
4265735
4266092
4266914
4267029
4267556
4268421
4269763
4269953
4271790
4271887
4272936
4274329
4275637
4279050
4279587
4280180
4283703
4284328
4284424
4285319
4285461
4288127
4288360
4288955
4290514
4290866
4291527
4293812
4294432
4296019
4299045
4299515
4299916
4300272
4301362
4302768
4304073
4304142
4304658
4306235
4306476
4306587
4306750
4308004
4308659
4311055
4311267
4312394
4314968
4315851
4316932
4316947
4319147
4320079
4320796
4324769
4324943
4325215
4325661
4325888
4327483
4327704
4327764
4329044
4329367
4329551
4333494
4335265
4339244
4341226
4341908
4344143
4345020
4345063
4345722
4346866
4350025
4350317
4352563
4354203
4356919
4357310
4357488
4358159
4358779
4359810
4360343
4362552
4362817
4363197
4364216
4365956
4366368
4366415
4366721
4367424
4369522
4370028
4370176
4371394
4371868
4372278
4372433
4372980
4373646
4374197
4374322
4375415
4378414
4379799
4380274
4380664
4381687
4382850
4387089
4387461
4387865
4388751
4390437
4393050
4394557
4395206
4395399
4398116
4398700
4404755
4404862
4406606
4406715
4407911
4408165
4411975
4412423
4414141
4414580
4416056
4416208
4416534
4416691
4418045
4418266
4419289
4420150
4420578
4420801
4422207
4423252
4423432
4424242
4424427
4427751
4430557
4432746
4434581
4437834
4438071
4438412
4439289
4440479
4441248
4441958
4443979
4444580
4446386
4446543
4446900
4449167
4451673
4452625
4453177
4453526
4453959
4456545
4461824
4463727
4466013
4466226
4467315
4468381
4470479
4470507
4470752
4471048
4471601
4472852
4473545
4473999
4474420
4474644
4476439
4476727
4478504
4480866
4481152
4481404
4488681
4488903
4490494
4491030
4491967
4493387
4495139
4496690
4496736
4496757
4498581
4499963
4501645
4501756
4503788
4504241
4507242
4509237
4509627
4510719
4510871
4511836
4512262
4513380
4514378
4514754
4515008
4515037
4516386
4516779
4517477
4519120
4519468
4519783
4520719
4521562
4523452
4523994
4524355
4525009
4526280
4526661
4527448
4527707
4527886
4529326
4529413
4529684
4531380
4533035
4534059
4535279
4535382
4536246
4536450
4539923
4540888
4540904
4542456
4545961
4547190
4553170
4553177
4553949
4554283
4557756
4559718
4559901
4560170
4561059
4561098
4561618
4561994
4564361
4564678
4564714
4564985
4567567
4568476
4568757
4570759
4571913
4574604
4574805
4577121
4579011
4583227
4583258
4583490
4583563
4585053
4585358
4585968
4589050
4589696
4589753
4589914
4591138
4591257
4591271
4591716
4593117
4595346
4595826
4597200
4601668
4602037
4602049
4602705
4604808
4605080
4609192
4610703
4612734
4614506
4614805
4615410
4616164
4618078
4619163
4619551
4620557
4620673
4624065
4626202
4626746
4629416
4630616
4630733
4630783
4630990
4631837
4632312
4632969
4633598
4633679
4635193
4635415
4635518
4636811
4636877
4637468
4637892
4639545
4639923
4640546
4641129
4642422
4645027
4646904
4647052
4647176
4649230
4649696
4649725
4653863
4654933
4655562
4657043
4658574
4658667
4658896
4659123
4659179
4659260
4659608
4659856
4660158
4660343
4660571
4661003
4662257
4662829
4662895
4664052
4666189
4666374
4666824
4667120
4669563
4670062
4670168
4671523
4672064
4672665
4672787
4673723
4674010
4675727
4681632
4682757
4682788
4683825
4684420
4685298
4686722
4688097
4688267
4688735
4689388
4692039
4692182
4692607
4693511
4693534
4694588
4694642
4696756
4698793
4699601
4700560
4702005
4703736
4705845
4707434
4708168
4708655
4709719
4709844
4710881
4714674
4714809
4716253
4716335
4716801
4719586
4719863
4720220
4720500
4721469
4721570
4721946
4722668
4723636
4724259
4728444
4732052
4733528
4734971
4735859
4738932
4739133
4739649
4742171
4742852
4743051
4745362
4746185
4747469
4748840
4749432
4749475
4749622
4749632
4751194
4751417
4751973
4752921
4754338
4756479
4757041
4757229
4757807
4757906
4758986
4760182
4760546
4760952
4761776
4765368
4768236
4768472
4769204
4769470
4774897
4775532
4777417
4777443
4778200
4778289
4778412
4779827
4780460
4781438
4781681
4782455
4783986
4783997
4784771
4785472
4785704
4786264
4786549
4787898
4789018
4789675
4794683
4795488
4797414
4798025
4800591
4800619
4802720
4802995
4803417
4803451
4803781
4803940
4805127
4807092
4807115
4807395
4808619
4809628
4809880
4810541
4811895
4811965
4812161
4812950
4815103
4816460
4818053
4819735
4821129
4821666
4823436
4823642
4829802
4830346
4831699
4832565
4832997
4834391
4836257
4836389
4836585
4837361
4838479
4839222
4840570
4841019
4841549
4841724
4842890
4843963
4846710
4848647
4849756
4852682
4853093
4853105
4854511
4855605
4856928
4860068
4862080
4863157
4863696
4865419
4869262
4869461
4869574
4872545
4873451
4873646
4875924
4876237
4877116
4877441
4877470
4880383
4881551
4886977
4888061
4889643
4889768
4891684
4893066
4893200
4893203
4893737
4895794
4895810
4896393
4896454
4899344
4900021
4900954
4901059
4902709
4903242
4904054
4905248
4905908
4906010
4906052
4906460
4907567
4908608
4909467
4911835
4913774
4914650
4915449
4916397
4916496
4917341
4919078
4921182
4924540
4925386
4927930
4928715
4929233
4930819
4930917
4931733
4933526
4933591
4941906
4942465
4944152
4945276
4945814
4948290
4948722
4949083
4949825
4951312
4953183
4953404
4955546
4955813
4956184
4957908
4958389
4958835
4958883
4961577
4961599
4962860
4963191
4963767
4963986
4964630
4965204
4966565
4966727
4966865
4967502
4970808
4971510
4972034
4972855
4974520
4977492
4978279
4978831
4980823
4982294
4983916
4986663
4987780
4989174
4990397
4991262
4991840
4992790
4993070
4993861
4994210
4995587
4995984
4998642
5000580
5001354
5005408
5005667
5006264
5006404
5006519
5006540
5007676
5007730
5008486
5008620
5009512
5009872
5010592
5011240
5011392
5013560
5014576
5014795
5015535
5015941
5016263
5017854
5018957
5020086
5021172
5022447
5023406
5023462
5023852
5027152
5027485
5027636
5028405
5029524
5029632
5032647
5034476
5035400
5035946
5037002
5041638
5042248
5043774
5046399
5046593
5050162
5053778
5054330
5054456
5055714
5055758
5059738
5060477
5060813
5061186
5062621
5063607
5063772
5063851
5064581
5064906
5065692
5065936
5066440
5067889
5068261
5068349
5068801
5071468
5074048
5075080
5082993
5083068
5085084
5085425
5086330
5087123
5087540
5088279
5089927
5091117
5092623
5092793
5094480
5094493
5098565
5100872
5101408
5102080
5103889
5104639
5105238
5106628
5107662
5108420
5109498
5109811
5110831
5110860
5111262
5115878
5117122
5118291
5119116
5119484
5121364
5122717
5125280
5126891
5128240
5129377
5130281
5130690
5131386
5131540
5132274
5132851
5135747
5137562
5139635
5140473
5141449
5142159
5143447
5145928
5149705
5149757
5150934
5151112
5151202
5153673
5154574
5154698
5156436
5157397
5158171
5158213
5159373
5159900
5160354
5161008
5163150
5164116
5164524
5168887
5169384
5169533
5169856
5172621
5172716
5173970
5175044
5175528
5176908
5178464
5180182
5180422
5181392
5182990
5183965
5184332
5184598
5187987
5188586
5189307
5189552
5189673
5190082
5190634
5191195
5191543
5193664
5194554
5195019
5196940
5198224
5198898
5199371
5200060
5201895
5203268
5203285
5203332
5205921
5206661
5207669
5208300
5209058
5212352
5213017
5214401
5214539
5219290
5219517
5219797
5220508
5220566
5222359
5224399
5226345
5226415
5228665
5231422
5231515
5232596
5234610
5235228
5235968
5236584
5236678
5238116
5240105
5240893
5242625
5242924
5244275
5246234
5246286
5247858
5247864
5248246
5248832
5248874
5250127
5250262
5250481
5251373
5251896
5255544
5257528
5258909
5261335
5263299
5263908
5264766
5265115
5266400
5268041
5268224
5269838
5270006
5274048
5274450
5274975
5278311
5278533
5279802
5280111
5281492
5281961
5282049
5282393
5284439
5285461
5290648
5290971
5292241
5292626
5293004
5294128
5294375
5295025
5295055
5297049
5297077
5298510
5299372
5302293
5303838
5305553
5305974
5306533
5306596
5308793
5308864
5309315
5311855
5314631
5314895
5315236
5315822
5316546
5316825
5317239
5318070
5318809
5318830
5320289
5322812
5323989
5324136
5329966
5329999
5330387
5330961
5331267
5331728
5331729
5335397
5336035
5336788
5340809
5342180
5342388
5342411
5342693
5344032
5345794
5345913
5346354
5346675
5346710
5346850
5346962
5347977
5348810
5349053
5349971
5351216
5351233
5351409
5351612
5352629
5352771
5352818
5353768
5356791
5357071
5357093
5357306
5357399
5359088
5359374
5360189
5363361
5365986
5368423
5369058
5370259
5373071
5373439
5373797
5376536
5379529
5379625
5381414
5382974
5383442
5384168
5384323
5386253
5387279
5387629
5389266
5391262
5392581
5393185
5394625
5394663
5396410
5397565
5397572
5401196
5401867
5401871
5401950
5402922
5404706
5405085
5406009
5406791
5407980
5410197
5410307
5410940
5411669
5411757
5412343
5413037
5415185
5417263
5419447
5419854
5421039
5422377
5423487
5423593
5425203
5427139
5432239
5432938
5435542
5436821
5437452
5437897
5439478
5440071
5441100
5441925
5442506
5443724
5444174
5444609
5444923
5445317
5445952
5448783
5450153
5451610
5452127
5452928
5452981
5457809
5460902
5461364
5461777
5462044
5462820
5465219
5465242
5465421
5467639
5467990
5469510
5470625
5470752
5471739
5471973
5472333
5474803
5474960
5475818
5476256
5478037
5479868
5480070
5481980
5482175
5482514
5483493
5484866
5485304
5485755
5485833
5485945
5487255
5487519
5487806
5488126
5488510
5488628
5488813
5489090
5491369
5492960
5493026
5493780
5494632
5496207
5498321
5500141
5500968
5501215
5501242
5501379
5502167
5509129
5512649
5514893
5517560
5518149
5518235
5518855
5521335
5521647
5523301
5524214
5524654
5525441
5526066
5526949
5527054
5527619
5528782
5528783
5529478
5529690
5530679
5532292
5533096
5535804
5536498
5536922
5537960
5538215
5542736
5547106
5547403
5548174
5548372
5548630
5548991
5550090
5550743
5554405
5554705
5554888
5555415
5556963
5557094
5557487
5558217
5558256
5558799
5559628
5559972
5560756
5562139
5562144
5562962
5563100
5563388
5565764
5567619
5568333
5568726
5571148
5571341
5572323
5575096
5577524
5578128
5579723
5580498
5581831
5582340
5582369
5582764
5583739
5586321
5587235
5587320
5587963
5589251
5590584
5590989
5591710
5592306
5593369
5593759
5594222
5596101
5597009
5597053
5598244
5598296
5598979
5599255
5599442
5599542
5599917
5600374
5603013
5605680
5607752
5610114
5611379
5617094
5617996
5618535
5618852
5618897
5620813
5620897
5621406
5624098
5624245
5624256
5626003
5626031
5627929
5629553
5630084
5631500
5632145
5634944
5636819
5636990
5637186
5637499
5638107
5638680
5639476
5639925
5641398
5642472
5644212
5646424
5647702
5648184
5648385
5648831
5653895
5654468
5655402
5656063
5657582
5657878
5657992
5660399
5660786
5660825
5661149
5661477
5662205
5662562
5664418
5665034
5665419
5665913
5666925
5667411
5669519
5670040
5671683
5673376
5673920
5674639
5675073
5675546
5675705
5676358
5676401
5677784
5677894
5680059
5680919
5680988
5682691
5683115
5683379
5684038
5686576
5688211
5689209
5690751
5694928
5695084
5696593
5697755
5697855
5697922
5698517
5699222
5699270
5699753
5700235
5700598
5700673
5703760
5704239
5706634
5706790
5711109
5714362
5714857
5715537
5717370
5718929
5719286
5721089
5723865
5723912
5724755
5724961
5725196
5725515
5727033
5728708
5729192
5729205
5733710
5733906
5733920
5734300
5735220
5739002
5739127
5739422
5740201
5740378
5741191
5741387
5742156
5742614
5742972
5743058
5743428
5743961
5744039
5745797
5748096
5749110
5750797
5754770
5754966
5756837
5757434
5759333
5761412
5763815
5764475
5766314
5767733
5768183
5768453
5769527
5770630
5771967
5772567
5772575
5772591
5774084
5780917
5781415
5783220
5784140
5785277
5785557
5785935
5786415
5786570
5786964
5789823
5790102
5790198
5790689
5792180
5792711
5793513
5793586
5794404
5795181
5796476
5797228
5797304
5797797
5798374
5798646
5798674
5800026
5802206
5802273
5802887
5803249
5806884
5807827
5807971
5810168
5811425
5811522
5813618
5815323
5815577
5815670
5815743
5816218
5817224
5818398
5820002
5820349
5821137
5822222
5822530
5822908
5823309
5823617
5824247
5824589
5824670
5824778
5825972
5826022
5827692
5828441
5829780
5830737
5831470
5834054
5835535
5836485
5836942
5837599
5840633
5840980
5841915
5842416
5843413
5843522
5844260
5844425
5849378
5849892
5851028
5851139
5851592
5852322
5852495
5853005
5853336
5854922
5855953
5857420
5857506
5857784
5858067
5859438
5861095
5864204
5865815
5866879
5867901
5869469
5869511
5871511
5871865
5873626
5875657
5875707
5875852
5876110
5876375
5877373
5877559
5877664
5877850
5881725
5883269
5883329
5883768
5883872
5884186
5887030
5888096
5890258
5891651
5891710
5894741
5894948
5896285
5896736
5896951
5897562
5898612
5899170
5901143
5902465
5902742
5903037
5903260
5907673
5908413
5909383
5910456
5911788
5912822
5913768
5914009
5914521
5914782
5917640
5920098
5920360
5921027
5921492
5922757
5923725
5923802
5925189
5925338
5926345
5927161
5927389
5927607
5928045
5928651
5930035
5930389
5931848
5932605
5932650
5933927
5934442
5935575
5940589
5943329
5943577
5944536
5945178
5946219
5946694
5948710
5952561
5953188
5953634
5955271
5955424
5955479
5955720
5956639
5956963
5957519
5957535
5958598
5959492
5960178
5960981
5961662
5962199
5962834
5964042
5966219
5966842
5967252
5967276
5968692
5972791
5972944
5973028
5974439
5974640
5977275
5977510
5978093
5980732
5981662
5982335
5982342
5982739
5983165
5983392
5984416
5989888
5991796
5993166
5993430
5995510
5996324
5996471
5996572
5998684
6000421
6000826
6001780
6003184
6003304
6004397
6004925
6005732
6006686
6006872
6008024
6010223
6010768
6012404
6012899
6013517
6013792
6013877
6016325
6016585
6016704
6017504
6017924
6018598
6018949
6021294
6021835
6023275
6025078
6025470
6026755
6026836
6028217
6028444
6028853
6029356
6033942
6034573
6035605
6035697
6035831
6037017
6037958
6038037
6038560
6038971
6039979
6043910
6045081
6045803
6045841
6046168
6049260
6049267
6050470
6051366
6052661
6054659
6055095
6057558
6057930
6058897
6059493
6061332
6062728
6063182
6065489
6066216
6067305
6067655
6067680
6068726
6071156
6072253
6073829
6076807
6077605
6078069
6079094
6079763
6080134
6080394
6080851
6081289
6081552
6081626
6082208
6085183
6086582
6087387
6087536
6087626
6088490
6089877
6091025
6094014
6094403
6094491
6094633
6095122
6095759
6096497
6099718
6102282
6102411
6105480
6106084
6106374
6106533
6113241
6115320
6115327
6116255
6117324
6117428
6117913
6119455
6120924
6121959
6122450
6122528
6122570
6125589
6125799
6128343
6128560
6129202
6129232
6132930
6134940
6135183
6135492
6135874
6138323
6138714
6140484
6142101
6143222
6146013
6146015
6147973
6151481
6155859
6156590
6156628
6156888
6157890
6157897
6157944
6158035
6159974
6160678
6161349
6162500
6163182
6163711
6164616
6165840
6166033
6167681
6168225
6171614
6172956
6174443
6174480
6174639
6176101
6176974
6177757
6178181
6178591
6179457
6180303
6183964
6184334
6184979
6186809
6186936
6187050
6187121
6187717
6188462
6188672
6188728
6190907
6190936
6191464
6192297
6193228
6195449
6196503
6197590
6198931
6200255
6200997
6201292
6201471
6202306
6203693
6205067
6205378
6206343
6206769
6207526
6208177
6208366
6208963
6209716
6211028
6211086
6211984
6214908
6217234
6220084
6222377
6222776
6224682
6225962
6227885
6228089
6229817
6231127
6231438
6231468
6233342
6233886
6234601
6235066
6235443
6235768
6236914
6237334
6237364
6239029
6239123
6240876
6240980
6241709
6241838
6242532
6243239
6244319
6244451
6250340
6251176
6251614
6252896
6253170
6254432
6255563
6256348
6256636
6257186
6257316
6258072
6258996
6259489
6260208
6262789
6266299
6267371
6272765
6273617
6274408
6277101
6277132
6278217
6281615
6282434
6283869
6285098
6285622
6287264
6288278
6288340
6288397
6290249
6290282
6290908
6291530
6292127
6292828
6292851
6293379
6293916
6293945
6294422
6295722
6295798
6296197
6296524
6297589
6299076
6299950
6301190
6301330
6303383
6303859
6303896
6304658
6305499
6305931
6306322
6306554
6307484
6307643
6309140
6311215
6311536
6313104
6314006
6314599
6314656
6315572
6316055
6317930
6320807
6320913
6322985
6323462
6324092
6324319
6324407
6324748
6326072
6326347
6329589
6329858
6330314
6331822
6332904
6333453
6333680
6334185
6334257
6335121
6335423
6336048
6336101
6338241
6340690
6341356
6341623
6342198
6342633
6343378
6344169
6344868
6344884
6347570
6348722
6348954
6348994
6349364
6351842
6355646
6359061
6359145
6359606
6359809
6361309
6361413
6361778
6362124
6362539
6363193
6366226
6369632
6371375
6372070
6372654
6373196
6373533
6373630
6373635
6374368
6375117
6376931
6379485
6381905
6383169
6383795
6386011
6386661
6387579
6389282
6390980
6391722
6392341
6392780
6394012
6396737
6396832
6397567
6398076
6399589
6399797
6402768
6402967
6403221
6406141
6406645
6408100
6408682
6408935
6408957
6410141
6410272
6410434
6412047
6413627
6413851
6415167
6415202
6415498
6415965
6417061
6418640
6418672
6418989
6420732
6421367
6421424
6421679
6422265
6422773
6423180
6424607
6424657
6426487
6426595
6427013
6427412
6429370
6429692
6430038
6431167
6434685
6437444
6437937
6437941
6438748
6440252
6444504
6446133
6446561
6448038
6449184
6451121
6451942
6451943
6452247
6456258
6456282
6456400
6456950
6458087
6458753
6458766
6459183
6459838
6460119
6461225
6461373
6463915
6466387
6469673
6470867
6472443
6472453
6472585
6473894
6474433
6474558
6474990
6475159
6475651
6477125
6477794
6479617
6481301
6483298
6484894
6486275
6487603
6487749
6488368
6489872
6490383
6490676
6491493
6491657
6491962
6495870
6496065
6496394
6496718
6496773
6496940
6497177
6497204
6497304
6497871
6498375
6498442
6498525
6501055
6502224
6502988
6503224
6503628
6503967
6505165
6510042
6510108
6510292
6510624
6512293
6512912
6512955
6513261
6513912
6515767
6516071
6516162
6517709
6517768
6520418
6523197
6523260
6525153
6525240
6525971
6528818
6531663
6535138
6535371
6536618
6537133
6538882
6539297
6539898
6540268
6542248
6543968
6545494
6547379
6547602
6547953
6548273
6549870
6550337
6550402
6550975
6554023
6555685
6558475
6561778
6562557
6562842
6563815
6566931
6567186
6567806
6567830
6568216
6568568
6568640
6569520
6569832
6569971
6571457
6572625
6573395
6573859
6574315
6574837
6581094
6583182
6583274
6583711
6585966
6587578
6587630
6588466
6589141
6590002
6590431
6591617
6592145
6595808
6597112
6598668
6598998
6599158
6601030
6601422
6602124
6602288
6602451
6602910
6605254
6606375
6609618
6609752
6610246
6612526
6614710
6614849
6614910
6615545
6615629
6615924
6616203
6616265
6619481
6619526
6621349
6621635
6621894
6622694
6623292
6624011
6624796
6625835
6627000
6629302
6632904
6634046
6635641
6638466
6638676
6639690
6641138
6644307
6645556
6645799
6645847
6646008
6646703
6648416
6648799
6649370
6649745
6649891
6651173
6652258
6654078
6656323
6657227
6658148
6660175
6661734
6662177
6664473
6665001
6666038
6667746
6668156
6669651
6670136
6673551
6674669
6677531
6679944
6680489
6681294
6681507
6684806
6685867
6688140
6688453
6689256
6689923
6689933
6690018
6690698
6690963
6691016
6691307
6691444
6693366
6697207
6698887
6699692
6699994
6701025
6704283
6704903
6705393
6705724
6705863
6706792
6706926
6707208
6708161
6708197
6710166
6710940
6711519
6712945
6715222
6717300
6717542
6717604
6717872
6718102
6718319
6718461
6719568
6719730
6720278
6720398
6724587
6724842
6725132
6727355
6727756
6728864
6728868
6729350
6729415
6730028
6730562
6731952
6732080
6735892
6736484
6737453
6738290
6743773
6744478
6746810
6746840
6748404
6748528
6748549
6751573
6752395
6753681
6753809
6753816
6754002
6754610
6754902
6757033
6758847
6760130
6763443
6763571
6765346
6766267
6769414
6772164
6773737
6776461
6776902
6777560
6778933
6779105
6779231
6779384
6780013
6782172
6782504
6782896
6784894
6785290
6785731
6786484
6786518
6787268
6787525
6787742
6788126
6790296
6791940
6792303
6793036
6793686
6794023
6794966
6795521
6797323
6798578
6798657
6799414
6799668
6800919
6803228
6803737
6804136
6805240
6805773
6805966
6806366
6806809
6807539
6810444
6811531
6813009
6814247
6814402
6814414
6814479
6814494
6814562
6814657
6818261
6818955
6821165
6821268
6821652
6822304
6822363
6822475
6822857
6825139
6826289
6826479
6829811
6830240
6832637
6834836
6835058
6835339
6837242
6838562
6839492
6840364
6844569
6845809
6845996
6847123
6849466
6850302
6850758
6851840
6854344
6854694
6855119
6855304
6856009
6857197
6859812
6864562
6865355
6866800
6867779
6869351
6869997
6872164
6872845
6872898
6873762
6874116
6874285
6877003
6878297
6879666
6879774
6881829
6882847
6886828
6888442
6890190
6892799
6893059
6894942
6897529
6900351
6900967
6901023
6901295
6901405
6902343
6905476
6906595
6906811
6906920
6907629
6908404
6909627
6911322
6912026
6913478
6914282
6915155
6915269
6915329
6921116
6922067
6922402
6923737
6924457
6925101
6925834
6927255
6927416
6930801
6930816
6934117
6935000
6938543
6939007
6939129
6940039
6940072
6940888
6941028
6941434
6942527
6943463
6944336
6944625
6947382
6948115
6949838
6949953
6954520
6955686
6955873
6956398
6964098
6965936
6968099
6968325
6972056
6972655
6973237
6973543
6974637
6975508
6975753
6976134
6976166
6978511
6978815
6980400
6981223
6983106
6983693
6983764
6983888
6986537
6987294
6987923
6990429
6992423
6992759
6993392
6995915
6996721
6997069
6998639
7001153
7001717
7001903
7001973
7004967
7006503
7009046
7009243
7009872
7010114
7010505
7012921
7013349
7014783
7017349
7017749
7018156
7018432
7019604
7019986
7020174
7022655
7022989
7024063
7026185
7026593
7027184
7027793
7029318
7031030
7031221
7032080
7033825
7034214
7034485
7035228
7035424
7035606
7035794
7036027
7036957
7037976
7038370
7038432
7038870
7039517
7040092
7042682
7042886
7043094
7045362
7049957
7050789
7051443
7051826
7053044
7055324
7057865
7058076
7059262
7059372
7059796
7060646
7063792
7064669
7066336
7070531
7071422
7072183
7072353
7072509
7073120
7073136
7073343
7074458
7075275
7076845
7077317
7077625
7077822
7079001
7079434
7080462
7080805
7083539
7084233
7084381
7085574
7087484
7087933
7089219
7089680
7090598
7090792
7091142
7091366
7091613
7092957
7094389
7095376
7100644
7100879
7101786
7102319
7103690
7104250
7108397
7108713
7110021
7110030
7110272
7110463
7111206
7111682
7113233
7114735
7115526
7120511
7123443
7123795
7124329
7124376
7126072
7127678
7127909
7128192
7128240
7129574
7132432
7132808
7132842
7134291
7135729
7136419
7137396
7137826
7141104
7141821
7142102
7143018
7144037
7144312
7147112
7147165
7147240
7150322
7150951
7151553
7151713
7152635
7152753
7153020
7153818
7155741
7155863
7160129
7160227
7161137
7161326
7162385
7163511
7165098
7165346
7166494
7166649
7168076
7168917
7170039
7171944
7173794
7174915
7174993
7177737
7177838
7179014
7179736
7179993
7180063
7180068
7180286
7181637
7181897
7181965
7182073
7182890
7183934
7184205
7185189
7186238
7186849
7186915
7187507
7187691
7189590
7189652
7191893
7192829
7193497
7196075
7196699
7196831
7197109
7197692
7198141
7199032
7200203
7200476
7200610
7200953
7201608
7202146
7203303
7203924
7204047
7204354
7206360
7206466
7207405
7207607
7209477
7210259
7210897
7211032
7211471
7212794
7213942
7214569
7215115
7218434
7219115
7219346
7220809
7224092
7224427
7224459
7225268
7225358
7227341
7228782
7228904
7231019
7232398
7232736
7234177
7235791
7237940
7238334
7238701
7240031
7240751
7241954
7242231
7242515
7242897
7245510
7245745
7246384
7248495
7249890
7250317
7251522
7251621
7254282
7256477
7256809
7259723
7259979
7261473
7262072
7262195
7264309
7264484
7265775
7266077
7267443
7268086
7268723
7270674
7272850
7274879
7275664
7276479
7276627
7276808
7277138
7277169
7277338
7277501
7278172
7278276
7280562
7281205
7281345
7282869
7283042
7285629
7285668
7285870
7286235
7286691
7288475
7289270
7290112
7291002
7292608
7293985
7294736
7295124
7295155
7296136
7298979
7299451
7300470
7301582
7303095
7305004
7305249
7308135
7308417
7308801
7309266
7309842
7310486
7311594
7314518
7318097
7319742
7322644
7322933
7323289
7323677
7324249
7324584
7324752
7326770
7327047
7327588
7327849
7328081
7328272
7330926
7331701
7332164
7333613
7334584
7334803
7334989
7335190
7335288
7335653
7335755
7337075
7338046
7338302
7340366
7340493
7341892
7343693
7344211
7344759
7348808
7348971
7349386
7351072
7351446
7352318
7352719
7353872
7354978
7355000
7355038
7356546
7356639
7358204
7360717
7361792
7362068
7363101
7363666
7364660
7365109
7365119
7366640
7366770
7367807
7369384
7369997
7371822
7371876
7372243
7373087
7373235
7375065
7375115
7375290
7375903
7379879
7380701
7381577
7382045
7384037
7385263
7386389
7386825
7389113
7389148
7389247
7389407
7389948
7390191
7390357
7390628
7390793
7391251
7391506
7395825
7397430
7398049
7398463
7398790
7400206
7401430
7402487
7403761
7404193
7404402
7404683
7405237
7405451
7406275
7408616
7409990
7411331
7411642
7411908
7413590
7414576
7415231
7416109
7416910
7418379
7419317
7419333
7419921
7420039
7420457
7420970
7421355
7421615
7422139
7422680
7424005
7424235
7424745
7426858
7427335
7428680
7431124
7433142
7436194
7437578
7438259
7438451
7438846
7438849
7441253
7441842
7442929
7443792
7444600
7447460
7448593
7449157
7449803
7449878
7450957
7451251
7451461
7452037
7452446
7452894
7453035
7453310
7453864
7454247
7454252
7455018
7458573
7459203
7460380
7460920
7460984
7461769
7463367
7464218
7464400
7467114
7467369
7468647
7468803
7469860
7469900
7470063
7472457
7472473
7472832
7473249
7473344
7473564
7473890
7474606
7474785
7475677
7476920
7477013
7477307
7477344
7477905
7478132
7478514
7478829
7479737
7482410
7482453
7482953
7483890
7484412
7484746
7484934
7485504
7485912
7486843
7488339
7490221
7490952
7491760
7492058
7492581
7496483
7497778
7499920
7501471
7502308
7502533
7502748
7502847
7504494
7505104
7505357
7505527
7506129
7507623
7507677
7508563
7509937
7510682
7510931
7514088
7514400
7514657
7514848
7515076
7516576
7517768
7521404
7522447
7522579
7523023
7524721
7525862
7526026
7526558
7527737
7527782
7528626
7529926
7530378
7531884
7534205
7534703
7537621
7543269
7543799
7543860
7545075
7546221
7546413
7547531
7548086
7548872
7549061
7549196
7550480
7550833
7551761
7552192
7553530
7553616
7556064
7557495
7560217
7560663
7562538
7563040
7563642
7564414
7564843
7564898
7564971
7565614
7566024
7566620
7568098
7568386
7568744
7568787
7571730
7572030
7572169
7573214
7574748
7575090
7575813
7576544
7577482
7577801
7578332
7579598
7581254
7582168
7584036
7585146
7585428
7591299
7593336
7594937
7595276
7598072
7598563
7599856
7600551
7601325
7601841
7602746
7604149
7605336
7611332
7612481
7614507
7615152
7615808
7617536
7619569
7619595
7621535
7621874
7623015
7623145
7623485
7625258
7625983
7628584
7629082
7629638
7631991
7634284
7634341
7635470
7636030
7636338
7637287
7638525
7639666
7640585
7642598
7642707
7643758
7644166
7644319
7645568
7647247
7647638
7648882
7652004
7655398
7657980
7659778
7660036
7661623
7662368
7663350
7663520
7664333
7664577
7665643
7666179
7666932
7667182
7668436
7668938
7670999
7671098
7671494
7672122
7672756
7673978
7675069
7675871
7676574
7677109
7678204
7678964
7680642
7681367
7682483
7682768
7682977
7683206
7683671
7685303
7686725
7689291
7691957
7691985
7692794
7692877
7693186
7693273
7694854
7695430
7696018
7696926
7699018
7706071
7707892
7708090
7708454
7709831
7710950
7711987
7712354
7712421
7712468
7712745
7716324
7717174
7718086
7719965
7720532
7722942
7724254
7724955
7725580
7729779
7729959
7730404
7731536
7732828
7733882
7734293
7736872
7737270
7738322
7739178
7739801
7740340
7741711
7741965
7742695
7742840
7744157
7745023
7746023
7749003
7749008
7750318
7750781
7750886
7751500
7751927
7752407
7754073
7754471
7755626
7756053
7756450
7756761
7757913
7758197
7758792
7758885
7760288
7761467
7762745
7763136
7765176
7765284
7766662
7769102
7770069
7771917
7772482
7773865
7774202
7774675
7775490
7775821
7776187
7776583
7777089
7777296
7777969
7778419
7778678
7778932
7780557
7782628
7783862
7785644
7787224
7788899
7789836
7791384
7791454
7793030
7793359
7794636
7795340
7796535
7798289
7799159
7799233
7799599
7799999
7802285
7802846
7804721
7805540
7805670
7807952
7808917
7809309
7810089
7811596
7811986
7812127
7812426
7813124
7813487
7814499
7815230
7816332
7817876
7818004
7818777
7822184
7823992
7824496
7827326
7829747
7830358
7830523
7830683
7831316
7831326
7831595
7832269
7832279
7833998
7834881
7835082
7836076
7838361
7838629
7838647
7838723
7839496
7839877
7839911
7839984
7841452
7842447
7844006
7844104
7846279
7846984
7847643
7849079
7853111
7854001
7855084
7855650
7857722
7858213
7858501
7859009
7867153
7868472
7868829
7868911
7869181
7869558
7871887
7872182
7873762
7875262
7877403
7881704
7882602
7882671
7882767
7882793
7884718
7884881
7885507
7886289
7887882
7888208
7888333
7888340
7888356
7889654
7892748
7894542
7895746
7896221
7896538
7899028
7900310
7900942
7901655
7904823
7906997
7907356
7908076
7908425
7908544
7908574
7909165
7911022
7913062
7913218
7913331
7913463
7915380
7915639
7917200
7919027
7919618
7919786
7922238
7922344
7923173
7923234
7923995
7924779
7925888
7928989
7930348
7930352
7931500
7934729
7936844
7937526
7938864
7941901
7942076
7942501
7942642
7944985
7946044
7946165
7947968
7948366
7950014
7950640
7950655
7952960
7954264
7957119
7958194
7958507
7958842
7960636
7961715
7961857
7962856
7963093
7963247
7963368
7966373
7966596
7968009
7968689
7972233
7974712
7976932
7978440
7980320
7980500
7983251
7983408
7983452
7986967
7987827
7988089
7989007
7989958
7991583
7993112
7993649
7994007
7994154
7997784
7999446
8000620
8000759
8001091
8003499
8003708
8003805
8004304
8004610
8006063
8006902
8007768
8007794
8010662
8011023
8011240
8012429
8013302
8013574
8014942
8015058
8015989
8016350
8016437
8018537
8018575
8020948
8021523
8022603
8023150
8023869
8025088
8027164
8027354
8030522
8031361
8032022
8032326
8033205
8034506
8035132
8035180
8036480
8037369
8037742
8039462
8043508
8043943
8045115
8045437
8045777
8045884
8046476
8046716
8047590
8047695
8048348
8049757
8050118
8050172
8052055
8053177
8054210
8054567
8055053
8055636
8056426
8059479
8060135
8061121
8063324
8063954
8064192
8066561
8068409
8069543
8069997
8070676
8071499
8072069
8073111
8073394
8073460
8073794
8074012
8074032
8074813
8077191
8077355
8077434
8078362
8078647
8080392
8081135
8081944
8082148
8082499
8083098
8084412
8085484
8086848
8087331
8088457
8088784
8088937
8091530
8091876
8092870
8093669
8093956
8094017
8094088
8095294
8097514
8098479
8098768
8100274
8101682
8102689
8103541
8104810
8105332
8112330
8112386
8113567
8115405
8117761
8119261
8120678
8121615
8123906
8124416
8127193
8127616
8129090
8131062
8132821
8136196
8136422
8137439
8138920
8141654
8142075
8142569
8142742
8143388
8144248
8145614
8145871
8149218
8150306
8151310
8151624
8152033
8152907
8154160
8154332
8155318
8156339
8156755
8157335
8158003
8159466
8160673
8161461
8164620
8166542
8168328
8168556
8168780
8169878
8170503
8170596
8173186
8173352
8173413
8174232
8174631
8175875
8176355
8177773
8178810
8179617
8180285
8180738
8181162
8182280
8183104
8185213
8185653
8187119
8188397
8189032
8189792
8190864
8191207
8191376
8191891
8192190
8192593
8197824
8199210
8199558
8200015
8201475
8202160
8202282
8202880
8203252
8208709
8210035
8210612
8211486
8214349
8214829
8215185
8215747
8221733
8222370
8223056
8223549
8226809
8227501
8229437
8230023
8230958
8231010
8231533
8234517
8235677
8236132
8236605
8236748
8237706
8238662
8238828
8239159
8240038
8240294
8241730
8242079
8243763
8243804
8244059
8244939
8245062
8246243
8248609
8248801
8249452
8249675
8251778
8252496
8254023
8254696
8254771
8255358
8255641
8257059
8258852
8259229
8260156
8260583
8262976
8263193
8264046
8265336
8266897
8268872
8270829
8271693
8271746
8273913
8274881
8277020
8277663
8277690
8278219
8279647
8280781
8280793
8280854
8280879
8281488
8282094
8282373
8282802
8282839
8283411
8284339
8284545
8286059
8286303
8287145
8289419
8293181
8296278
8296430
8296493
8298756
8299344
8300897
8301717
8303703
8305494
8306907
8309180
8310394
8314232
8314919
8317627
8318710
8319959
8320535
8321161
8323476
8323525
8323579
8324544
8324883
8325306
8326219
8327850
8328075
8329571
8330667
8331483
8333161
8335620
8336349
8336982
8338190
8339275
8340525
8343603
8344205
8345278
8346763
8347697
8348031
8348341
8349867
8350567
8351263
8351624
8360814
8363337
8364952
8365809
8367197
8367886
8368140
8370662
8371783
8372107
8372290
8374906
8375393
8375803
8377648
8379681
8380448
8383790
8384269
8386938
8388113
8388368
8388881
8389047
8392511
8392677
8393277
8395342
8397671
8397901
8399192
8400655
8401297
8402248
8403374
8404005
8404143
8404685
8404722
8405860
8406007
8407124
8407255
8407907
8408840
8409150
8409398
8410116
8410684
8411037
8411694
8413519
8413608
8415239
8415567
8416717
8416847
8417686
8418041
8419116
8419400
8422498
8422521
8422573
8423425
8425005
8425170
8426214
8426276
8426613
8427079
8428705
8428943
8430268
8432389
8435074
8436100
8436627
8439051
8441858
8442543
8443172
8444391
8444503
8445410
8448274
8449180
8450782
8451764
8453280
8453357
8453593
8455260
8456131
8456881
8457504
8458998
8460243
8461647
8461705
8462338
8463396
8464048
8464422
8465369
8466152
8466414
8466465
8467644
8467800
8472619
8472708
8474520
8474955
8475031
8475772
8476934
8477966
8479765
8480311
8480896
8480964
8481835
8482149
8483392
8483545
8483674
8483992
8484075
8487760
8488005
8488037
8488077
8488955
8489313
8491756
8492864
8494336
8495250
8496353
8499469
8500673
8501813
8504099
8504410
8504449
8504871
8506160
8506310
8506458
8508834
8509490
8513274
8513640
8513879
8514302
8515452
8515845
8516409
8517171
8517506
8517805
8520327
8521022
8521128
8522042
8522281
8523355
8523441
8523731
8524552
8526150
8526229
8527234
8528251
8528579
8528645
8528965
8529469
8530999
8531708
8535768
8536164
8537403
8537618
8540098
8540730
8541312
8542055
8542138
8542673
8542819
8543894
8546134
8546167
8547228
8548033
8551849
8551968
8552916
8553940
8554030
8554405
8556025
8556735
8556819
8557475
8560067
8560095
8562400
8562433
8562765
8562769
8564101
8564259
8564475
8564544
8564853
8565514
8566576
8567444
8568201
8568734
8570336
8570357
8570361
8570810
8571241
8571874
8573119
8573206
8573529
8574897
8575358
8576654
8578276
8578560
8578802
8580746
8580872
8580891
8580964
8582720
8585012
8585176
8585719
8586657
8587108
8589122
8589337
8591277
8591781
8594943
8595433
8596968
8597314
8599426
8599525
8602014
8602573
8604310
8604422
8607696
8608873
8609014
8609067
8611629
8612319
8612373
8613049
8615219
8615234
8616388
8617410
8617786
8619301
8619446
8619557
8621982
8623279
8623547
8624000
8624841
8625095
8625543
8626225
8627132
8627658
8628799
8629321
8630339
8630496
8632081
8632670
8632912
8633156
8635721
8635827
8636346
8636792
8637197
8639150
8640169
8640547
8641281
8641390
8642050
8643358
8644221
8648390
8648826
8651266
8653056
8653057
8654817
8656076
8657306
8657782
8658780
8658853
8663298
8663304
8663441
8663648
8663747
8664842
8665203
8666643
8667403
8669018
8674584
8674924
8677887
8678330
8678388
8679043
8679921
8680450
8681481
8681898
8684776
8687566
8691386
8692818
8693369
8693781
8694509
8695483
8695605
8695610
8696351
8696970
8697118
8698470
8698478
8698753
8699002
8699156
8699879
8700732
8701349
8702451
8703670
8703956
8705554
8708132
8708411
8709813
8710692
8711577
8711987
8712039
8714330
8714435
8714828
8716418
8716465
8717786
8718004
8718063
8723679
8723987
8724558
8725464
8727854
8730568
8730684
8731016
8732402
8732451
8732590
8732690
8733035
8733507
8735130
8735590
8736229
8737022
8738026
8740377
8741354
8742560
8743196
8744334
8745043
8745589
8746862
8748104
8749091
8750210
8750268
8750933
8751248
8752752
8753516
8754350
8757143
8757193
8759002
8759885
8761562
8761932
8765069
8766719
8767074
8767172
8767287
8768755
8771554
8771853
8774216
8774345
8775516
8778449
8779459
8785292
8786793
8788595
8788702
8788946
8789094
8790881
8796239
8797064
8797583
8798928
8800379
8800658
8801048
8802694
8803377
8803739
8803829
8805661
8810072
8811484
8813374
8815655
8815720
8816740
8817489
8818778
8819144
8821847
8821909
8822246
8822365
8824236
8824347
8824472
8827906
8828665
8831486
8832052
8834604
8835610
8835810
8836257
8836443
8836617
8837422
8840716
8841979
8841984
8842193
8842485
8843991
8848458
8848611
8848632
8848649
8851688
8851778
8852635
8853900
8855192
8856203
8856679
8856752
8861388
8861571
8862640
8863991
8864004
8866271
8866467
8868803
8870370
8870614
8870638
8871005
8871305
8871649
8872548
8873164
8873674
8873776
8874063
8875555
8876202
8879144
8879533
8880375
8880868
8882751
8883308
8885696
8886833
8887097
8887524
8887574
8888932
8891719
8892695
8893111
8893321
8893374
8895317
8896647
8898586
8898596
8902819
8904599
8905162
8905179
8905525
8908725
8909928
8910716
8911031
8911575
8911969
8912271
8913076
8913079
8914753
8915361
8915753
8917445
8918118
8918363
8918374
8918884
8919501
8919599
8919648
8921525
8923731
8924094
8926018
8927663
8927736
8928409
8929203
8929638
8930426
8930808
8930831
8932964
8933549
8933761
8933804
8933868
8934032
8934589
8936660
8937691
8937934
8940461
8940842
8941045
8942179
8943999
8944424
8945235
8945924
8947686
8955180
8957722
8958020
8958051
8959810
8961792
8962903
8966018
8968297
8968850
8969956
8970020
8972202
8973254
8975281
8975837
8977489
8978384
8979065
8979362
8979650
8981483
8982943
8983911
8984166
8984303
8984465
8985010
8985947
8987461
8988938
8989853
8991847
8991951
8996638
8997133
8997234
8999799
9001028
9001556
9001806
9002245
9002456
9004119
9007259
9007542
9010649
9011332
9011405
9011426
9012109
9013311
9016043
9017047
9017445
9018238
9019472
9020793
9021410
9024422
9024717
9025210
9027530
9028140
9029040
9030435
9034934
9035267
9036476
9036515
9036633
9036769
9037674
9039727
9041808
9043285
9046265
9047503
9047914
9048034
9048488
9049576
9052490
9053131
9053339
9055006
9055458
9056876
9058193
9059310
9060044
9061682
9061782
9062362
9063365
9065005
9067179
9068491
9069817
9071523
9072429
9072890
9073708
9075381
9076872
9077064
9078632
9081167
9081545
9081554
9082333
9085214
9086012
9086372
9087509
9088473
9089605
9092894
9093997
9094066
9095348
9095475
9095867
9097427
9097533
9097670
9097915
9097993
9099127
9101518
9101946
9102423
9103582
9103835
9104951
9105348
9105439
9105552
9105560
9106358
9107853
9108295
9109106
9110233
9111760
9112968
9114123
9114837
9114879
9114916
9115944
9116867
9117518
9117878
9120697
9122147
9124112
9125502
9126229
9128656
9128806
9128906
9129423
9129687
9130405
9131500
9131919
9134385
9135270
9135820
9136101
9136499
9138415
9139178
9139523
9139607
9140503
9142439
9144203
9144547
9144578
9145215
9145597
9146694
9148400
9148773
9150777
9151504
9159170
9159468
9159992
9160338
9160808
9161323
9161658
9162204
9162897
9163877
9164103
9165413
9165810
9166238
9167460
9167513
9171360
9172021
9172548
9172838
9174321
9174586
9176104
9176136
9176478
9176630
9177755
9177998
9182366
9184486
9184823
9185577
9185612
9186051
9186259
9186623
9189143
9190304
9191216
9193818
9194708
9197504
9200749
9201807
9201822
9204660
9207284
9208639
9208755
9210713
9212258
9217949
9218364
9218750
9218937
9220484
9220607
9221091
9221266
9223207
9226319
9226784
9227766
9229413
9230689
9231013
9231448
9231592
9232061
9232727
9233280
9234679
9234863
9235076
9235927
9240068
9240104
9240424
9242965
9243292
9243833
9244459
9245764
9247221
9247893
9250650
9250673
9251259
9251602
9251897
9253017
9253504
9253953
9254394
9254461
9255958
9256000
9257703
9259338
9260919
9261286
9264140
9264280
9264441
9265262
9265791
9265848
9266223
9266792
9267003
9267610
9267699
9267789
9268463
9268787
9271295
9272473
9272994
9273700
9274158
9275090
9275622
9276127
9276334
9278041
9278390
9279338
9279435
9283694
9284952
9285717
9288474
9288739
9288963
9290638
9291395
9293729
9294343
9294515
9295606
9297541
9297936
9298718
9301579
9301821
9302100
9303214
9303803
9304172
9304572
9305400
9305877
9307223
9307579
9308168
9308581
9312217
9312844
9313846
9314048
9314303
9314895
9315825
9317366
9317512
9319613
9320534
9320980
9321103
9322002
9322842
9325758
9325866
9327456
9328881
9329740
9330422
9333171
9333282
9333714
9334938
9335152
9336665
9340538
9342027
9342989
9343633
9343990
9344658
9346870
9351197
9351309
9351862
9352330
9353541
9354595
9357264
9357604
9359981
9360189
9360803
9361049
9361959
9362500
9362855
9363878
9364604
9365022
9365295
9370084
9370444
9371019
9372945
9374204
9374241
9378238
9378807
9380238
9383270
9385338
9385354
9386888
9387035
9388811
9389680
9390001
9390780
9390965
9394042
9394427
9395637
9395708
9396399
9398002
9398833
9400588
9401440
9404790
9406658
9407294
9409887
9411173
9411365
9411606
9412040
9413066
9413411
9414209
9415443
9415840
9415965
9417963
9418013
9418846
9421075
9421429
9423950
9424269
9426747
9427229
9428023
9429748
9429975
9430393
9432381
9432484
9433242
9433950
9434282
9434988
9435986
9436057
9436450
9436835
9439052
9439103
9440378
9441332
9441795
9442069
9442424
9443253
9443423
9444862
9446469
9449212
9450784
9453691
9454245
9455337
9456262
9457186
9457780
9459216
9460722
9461113
9461946
9462957
9464378
9467532
9468057
9468160
9468234
9469330
9470181
9471311
9472401
9472776
9474108
9474664
9474723
9475770
9476383
9477365
9478388
9478761
9479689
9480782
9482148
9484060
9485368
9485631
9486691
9487209
9487500
9488767
9489151
9489675
9490947
9490987
9491929
9492732
9494187
9495245
9496510
9496559
9496963
9500248
9501715
9503003
9503145
9503808
9503920
9504376
9507381
9507403
9507736
9508680
9509358
9511183
9511895
9515308
9516499
9516941
9517209
9517232
9518244
9518817
9518819
9519082
9519499
9519841
9520427
9520882
9522001
9526592
9526948
9527205
9530788
9531512
9531741
9532394
9533129
9534731
9536846
9537563
9538182
9538786
9539046
9539252
9539335
9539752
9540714
9541476
9543869
9545801
9547281
9547875
9549890
9549923
9550570
9550631
9550648
9551591
9551836
9551858
9551991
9552130
9552550
9553247
9553573
9553905
9554215
9554328
9554610
9555130
9556337
9556590
9557308
9561136
9561570
9562523
9563692
9565995
9566107
9566662
9566973
9567661
9568282
9568493
9570180
9572194
9572679
9576639
9577312
9578984
9579990
9580175
9580593
9581612
9582027
9582158
9582257
9582288
9582828
9583336
9584340
9585050
9587134
9589689
9589920
9590464
9590909
9591523
9592275
9593598
9595497
9596162
9597703
9599761
9600937
9603540
9604055
9605188
9605460
9607135
9608100
9610377
9610673
9611609
9612062
9613114
9613940
9618539
9619863
9620308
9621278
9621497
9622728
9622769
9623566
9623640
9624436
9626444
9626677
9627704
9628691
9630083
9631810
9631882
9632051
9632130
9632434
9633063
9633401
9634649
9636431
9640692
9643999
9644175
9644604
9646411
9646654
9646973
9647593
9648142
9649323
9649523
9649876
9652379
9652969
9654221
9654401
9656510
9656514
9656521
9657356
9657425
9657794
9658615
9661107
9661434
9661479
9662290
9663598
9664209
9666542
9667714
9670565
9670914
9671046
9672449
9674812
9676280
9677314
9677872
9678059
9680424
9681487
9681721
9682924
9683057
9683281
9683715
9684041
9684749
9685330
9686881
9689838
9690082
9690158
9691052
9693701
9694416
9694583
9696768
9696869
9697075
9697744
9699063
9700825
9701282
9701543
9703175
9704208
9707277
9707377
9707464
9707955
9709423
9710190
9710262
9711157
9711477
9712878
9713453
9716024
9716666
9719959
9722401
9722410
9726070
9726840
9729121
9730317
9730757
9731008
9731328
9732783
9732822
9733706
9734893
9737858
9738870
9739372
9739832
9741951
9746016
9746614
9748991
9751047
9751681
9752012
9752909
9754275
9755581
9756180
9757929
9758479
9759541
9759727
9760185
9760699
9760702
9761419
9761448
9762329
9762920
9764271
9766022
9766369
9768781
9769328
9771835
9772595
9774150
9774939
9775435
9775941
9777089
9778219
9778406
9778455
9779248
9779419
9779816
9782340
9785275
9786948
9789528
9790227
9790816
9790911
9793312
9794342
9794841
9795020
9795190
9796050
9796701
9798301
9798333
9800622
9801422
9801842
9805426
9808548
9808680
9809565
9811693
9812302
9813953
9814505
9814702
9815341
9815888
9817484
9817707
9818637
9820005
9820470
9820670
9823829
9824745
9825487
9827407
9829014
9831291
9831487
9832178
9832755
9833004
9834762
9837801
9838012
9839353
9839365
9839764
9840118
9840568
9840726
9840799
9841047
9841734
9841933
9842788
9843138
9843495
9846138
9847124
9847253
9853542
9853728
9855021
9856080
9857086
9858302
9859903
9860067
9861219
9861284
9863107
9863219
9864146
9864313
9865368
9865820
9866278
9866854
9868473
9868588
9869476
9870435
9870436
9873226
9874093
9875069
9879362
9879976
9880475
9881090
9881582
9881781
9883040
9883565
9885499
9889585
9890300
9891088
9893320
9900009
9900728
9901323
9901624
9901844
9902104
9902128
9908057
9908650
9912361
9914510
9914534
9915081
9915737
9918524
9919198
9919396
9920704
9921375
9921739
9924786
9925825
9927457
9927657
9928453
9929434
9931371
9933992
9934629
9935170
9936523
9936839
9938602
9939356
9940408
9942394
9942902
9942968
9943039
9943336
9944509
9944789
9946059
9946340
9947340
9949544
9949873
9950342
9951555
9951741
9954003
9956753
9956882
9957304
9958048
9959809
9961674
9962101
9962739
9964045
9965912
9966926
9968325
9969322
9970146
9974709
9974951
9975079
9975542
9977710
9978663
9978777
9980503
9981625
9984423
9985238
9985239
9985369
9985565
9985881
9986354
9989469
9989632
9989964
9990688
9990722
9991671
9991883
9992246
9993546
9994240
9996111
9997641
9998789
9999994
