996
1536
1625
3458
3773
4407
4798
7913
8734
10097
11516
12316
13265
15010
15458
16652
16799
17648
17682
18763
21020
21096
21424
22376
23846
24896
25988
27225
28109
29402
30034
30276
30988
31338
33206
33646
33990
35480
35525
37274
39279
39310
40475
45258
45841
45846
49018
49823
51291
51413
52693
52978
56767
60263
61011
61370
61461
64045
64642
64785
67213
67737
68215
68517
73747
75598
77276
77590
78002
78938
79714
80351
81280
82094
82313
82679
83188
83596
86078
86577
88229
88652
89740
90134
90682
91022
91484
93058
93619
94301
94461
98428
98795
98852
99006
99253
99845
101131
104252
104377
105127
105211
108085
109301
113302
113779
114248
115512
119588
120197
123080
123693
123700
124141
124385
124545
125874
128346
128795
129050
129752
129855
129932
130170
132637
132841
132851
133091
136052
136387
137377
137492
137742
141085
141691
142456
143526
145632
146248
146446
147068
148041
148287
148554
148602
148609
149321
150197
150334
150481
150834
153164
153560
153696
154275
154864
156692
156805
157656
158270
159943
159993
160342
162546
162646
164604
167885
172088
173341
178580
179167
179540
179766
180560
182804
184141
186157
187291
187364
187574
188800
191865
192476
192950
193491
193599
194886
197241
197817
198005
199924
202535
203804
204042
204695
204841
205916
206232
208645
210246
211398
211427
212887
213077
213608
213938
216270
216860
217715
219177
222021
222797
223185
223231
223431
225252
227563
227654
228592
228746
228824
229486
230672
230770
232399
233567
234577
236498
240243
240500
245359
246162
246295
246593
248336
254185
254485
256434
256633
256859
258862
259719
259772
261061
261894
262906
264515
268171
269592
269745
270826
271029
271334
271446
271668
272521
275543
276131
276680
277518
277605
277783
278807
281246
282006
283086
283138
284153
284215
285284
286445
287031
287310
287996
288108
288673
290412
291155
294481
294997
298611
299379
300331
300471
300841
304230
305324
305604
306040
306346
309622
310441
310612
311733
312924
312973
313553
313809
315787
316036
317130
317363
318148
318191
318830
318955
319137
319919
320968
321980
322983
323431
323567
325972
326506
327439
327578
329146
330111
331335
331504
332363
335371
335812
337431
337888
338616
339137
340274
340725
341378
342274
342579
343385
345481
345721
345938
347711
348522
348972
350904
351259
352012
352105
352761
353624
354588
356122
357073
357485
358728
358787
359508
360383
361895
362093
362409
365876
367906
369158
370058
370271
370712
372443
373242
373700
376205
378559
380375
380582
381388
384103
387257
387776
389749
391274
393056
399431
400095
403147
403490
404054
404754
405154
407665
410609
410923
411174
411312
415336
416255
416411
416929
417592
419909
420139
420855
422525
423300
427444
429350
429694
429740
430536
430802
430966
432547
433912
435302
436897
437068
437237
437443
439058
440938
445154
445271
445583
446110
446885
447256
447534
448587
450383
451911
452302
454273
454281
454301
454483
454538
454961
455664
456199
456392
456686
456794
457261
459287
460823
460993
461388
461890
464773
467039
467139
467199
467638
467967
469811
471804
472481
474699
474963
476024
476296
476450
478081
482214
482219
484798
486067
486331
486820
488133
489652
490932
491019
492473
492686
493261
493313
493336
496861
498086
499791
502472
503962
504593
504928
506909
508462
508479
510641
513277
513740
514174
514437
514822
514867
519646
520498
521336
521428
522184
523083
523897
524485
525190
525582
525947
527317
528068
528760
528987
532154
532888
532893
535568
535611
536342
536530
536907
537388
537754
538837
540101
542043
542221
542671
542673
543271
544141
544712
544884
546427
546487
547050
547355
548524
549306
550752
551193
553248
555618
556324
556898
557069
558265
558464
559434
559971
560549
560676
561608
562414
562798
564093
564330
564894
565274
565405
567915
568559
569808
571190
571886
573572
574052
574909
575120
575410
575793
578068
581516
581903
582206
587729
588198
588217
588411
590682
592113
592921
593816
593970
594409
597810
597890
599955
602458
604969
604977
606061
606742
606784
607399
608211
610912
612655
613230
614116
614248
616122
617149
617714
618116
621168
622388
622710
623721
626312
626723
626912
628280
630657
630880
632175
632559
634953
635884
636702
636833
638812
639791
640596
641206
646018
646737
647091
647805
648548
650108
650589
652043
652860
653493
653901
654060
654111
655082
655656
656244
658726
659446
659557
659597
659608
659751
661218
661363
661479
662306
662308
663262
663387
666583
668496
668738
670410
673220
673812
676531
676750
676996
678540
679003
681141
681232
682985
683195
683473
684548
684656
685674
686369
689061
689534
691200
691383
693213
697735
698972
700297
701170
702164
702854
706246
706671
706857
707085
710383
710707
711379
711817
713040
715365
716640
717751
718464
721404
722529
724732
728611
729073
730143
730927
731088
733218
734097
734292
734964
735130
735458
736882
738657
738725
740380
740772
743164
743330
744038
744041
744386
744505
748595
749780
750406
751572
751752
754712
755553
755830
755967
757557
757855
758444
758531
758814
759135
759376
759536
761106
761355
761628
762045
763035
764736
765298
765696
766130
770069
770405
771169
773657
774833
776605
778911
780819
781425
782501
782711
782733
782788
783182
783291
783486
785376
785430
786572
787025
788938
788999
789369
790151
790378
791083
791655
793803
794141
794142
794201
795193
795683
798137
798467
798710
798720
799289
799721
801821
803490
804812
805954
806261
807225
809139
810566
811572
812533
812770
814084
816739
818759
819826
820792
822246
822303
824262
825550
825659
826106
826741
832846
834301
834693
834991
835951
836304
836645
838493
841232
842142
842258
842574
842735
844235
844375
844614
845284
846338
846380
846632
846901
847469
849165
850633
851738
854347
855943
856174
858749
859323
859986
860583
861215
861532
862376
862938
862959
863155
863415
864551
864791
864999
866857
867230
867966
868766
869527
871220
871276
871544
872662
872922
873995
874878
875065
875077
876983
878776
879116
881871
883399
884345
884609
884688
887293
887466
888875
889092
894203
894467
898436
901171
902342
904715
904975
905182
905428
909002
913413
913534
915386
915728
916183
916747
918199
919803
920202
921232
922170
922277
925771
928158
928380
928488
929793
930679
931119
931214
932238
932450
935312
937247
937439
939730
939894
940203
941986
941999
942317
942645
946382
949105
951683
952401
953232
955079
956902
958410
958435
959237
959687
960597
960837
961318
961321
961790
961852
962212
963334
963343
965886
967038
968488
971998
972842
972926
973173
978944
981655
981709
982060
982429
982577
985041
985496
985532
986635
986820
987086
987248
988989
989038
989305
990526
991050
992868
993546
994216
995149
995262
995929
997273
998132
998294
999463
1000302
1000436
1001783
1002005
1002385
1003369
1004547
1005252
1005481
1007898
1010438
1010978
1011587
1011739
1012520
1013131
1014456
1014879
1014940
1015194
1015850
1016465
1017153
1017299
1018151
1019497
1019575
1021713
1021826
1021965
1022360
1027148
1027357
1027916
1027932
1028479
1028635
1029530
1029610
1031346
1031911
1032426
1033108
1035252
1035419
1036531
1037243
1037753
1038855
1039010
1041497
1042514
1043247
1043532
1044630
1044790
1045388
1045629
1046032
1046241
1047023
1048136
1049121
1051297
1051992
1055017
1055436
1056444
1057201
1057599
1059063
1059968
1061879
1061967
1064561
1068523
1068683
1069587
1069922
1072004
1072477
1073182
1073693
1075032
1075108
1075606
1076569
1076867
1078195
1082899
1083949
1085103
1085165
1085208
1086820
1088344
1090718
1092182
1093640
1095147
1095834
1097167
1099906
1100459
1101486
1101860
1103829
1105370
1107501
1107598
1109093
1110015
1110571
1111850
1113624
1114752
1115506
1117064
1118227
1118725
1119272
1119943
1121951
1123730
1123797
1124644
1126461
1126928
1127451
1127547
1129961
1130497
1130511
1130796
1131980
1132807
1133431
1134672
1134763
1136840
1137799
1141237
1142386
1142606
1144125
1146426
1146881
1147993
1151246
1151792
1152515
1152804
1153675
1154390
1155673
1157005
1157463
1158039
1158232
1158273
1160483
1161107
1161822
1162053
1162983
1164544
1166134
1169019
1169291
1169635
1172363
1178069
1178306
1181303
1181396
1183783
1183843
1185508
1185615
1185883
1186507
1188317
1188964
1189690
1189716
1189836
1190334
1194485
1195195
1195777
1197359
1198648
1200062
1202676
1204029
1204950
1205282
1206441
1208491
1208703
1211011
1211711
1216697
1216766
1216786
1217358
1217836
1219082
1219967
1220063
1221682
1222964
1222971
1223298
1223434
1223491
1223839
1224852
1225476
1225606
1226819
1226910
1228334
1228793
1229039
1229490
1230090
1231093
1231799
1233405
1237805
1238007
1239630
1240247
1240824
1241327
1241564
1245564
1245731
1247578
1249263
1251044
1254344
1254519
1255553
1255898
1257618
1259357
1260126
1261442
1261774
1262673
1264665
1265175
1268638
1269004
1272044
1272612
1273171
1274512
1275349
1276433
1278147
1278493
1278983
1279211
1279231
1279756
1285091
1286796
1288797
1290047
1290411
1290469
1290771
1291548
1291592
1291918
1292494
1292710
1293263
1293291
1294236
1295263
1298074
1298388
1298631
1299605
1301075
1302296
1303022
1306217
1306339
1306690
1307642
1307773
1307930
1308915
1308952
1308992
1311032
1311477
1312072
1312210
1313441
1314543
1315027
1316527
1318594
1319844
1321071
1324234
1327761
1330026
1331152
1334108
1336227
1336646
1337043
1338850
1339715
1339740
1340717
1341087
1341685
1342015
1342434
1342846
1344980
1345532
1346135
1346379
1346746
1347324
1347546
1347911
1348575
1349248
1351262
1353056
1354260
1354317
1354370
1355407
1357829
1358120
1359102
1361313
1363462
1363932
1364332
1365348
1365361
1365787
1368162
1368267
1369737
1369898
1371137
1373260
1373622
1373785
1376037
1376153
1376234
1376869
1377588
1381929
1382210
1382533
1382543
1385622
1385743
1387802
1388683
1389227
1391061
1391520
1392401
1392773
1394212
1394248
1394798
1395336
1395770
1395852
1396117
1396472
1396753
1396896
1398769
1399471
1399625
1402533
1402722
1402769
1404408
1405556
1405828
1406952
1407735
1410544
1412266
1412412
1412667
1413046
1413487
1413505
1415014
1415196
1416127
1417746
1417831
1417978
1418756
1418768
1420431
1421034
1424676
1424784
1425309
1425855
1427674
1427867
1428805
1430624
1432197
1432466
1432758
1432765
1433586
1434920
1435685
1440894
1442531
1444266
1444914
1445461
1446377
1447822
1448546
1449915
1451648
1453565
1455284
1455563
1455832
1456131
1456279
1456394
1456875
1457199
1464307
1467030
1467098
1470566
1471793
1477343
1477543
1478650
1479505
1483743
1485056
1485364
1485917
1488299
1489638
1491660
1492148
1495120
1495193
1495524
1496472
1498267
1498568
1499474
1500810
1501475
1503823
1504907
1505027
1506258
1508127
1509796
1512642
1513126
1514029
1514525
1514683
1517045
1517829
1518516
1518897
1519708
1520574
1521444
1522253
1522727
1522864
1523176
1524624
1524845
1525239
1525246
1527505
1531932
1533589
1534323
1534560
1535413
1536439
1537838
1539046
1539991
1541944
1542397
1542690
1543255
1544088
1544380
1544607
1545538
1547985
1548201
1548711
1549283
1549709
1550632
1551518
1552719
1554277
1558626
1559718
1560846
1563023
1563787
1564391
1566928
1568476
1570052
1571383
1571945
1577756
1578746
1580264
1580708
1581042
1583055
1583073
1584764
1584778
1585902
1587372
1587931
1588744
1589343
1589409
1589779
1596300
1597544
1598569
1598724
1598883
1600863
1601112
1601233
1602580
1604027
1604847
1605228
1607310
1608034
1609864
1612085
1612681
1614658
1614902
1616358
1617322
1619081
1619393
1620108
1621099
1622585
1622879
1624476
1624514
1624541
1624986
1627407
1627638
1628119
1628203
1629415
1629441
1629844
1630340
1631952
1634813
1635027
1635447
1635669
1636029
1636807
1636874
1636987
1637920
1639429
1639537
1640333
1641160
1641242
1646526
1651576
1653744
1655180
1656697
1657113
1657546
1657790
1658206
1659507
1663899
1664619
1664702
1664777
1664837
1665606
1666673
1666687
1668618
1669225
1670700
1670801
1671101
1671204
1672400
1672546
1674058
1674815
1675115
1675687
1677346
1677605
1679185
1679804
1681328
1681564
1684407
1684563
1685041
1685672
1686554
1688756
1692123
1694073
1694557
1696060
1697454
1697598
1697670
1697804
1699226
1700278
1703340
1703573
1703785
1704189
1704531
1705116
1705833
1706048
1706524
1706527
1707175
1710163
1711130
1711267
1711657
1713598
1714150
1715070
1715605
1716866
1719359
1719982
1721494
1721846
1721962
1723340
1723377
1726575
1726801
1727436
1729488
1730668
1732894
1733604
1734840
1735793
1736558
1737563
1737602
1737604
1738045
1739761
1741495
1742708
1744041
1744719
1745331
1746641
1749283
1749388
1750492
1750791
1750839
1751781
1752632
1753329
1753764
1755344
1757010
1757163
1758374
1760443
1761079
1761473
1761954
1763014
1763261
1764061
1765607
1766296
1766698
1767797
1768533
1769660
1770409
1772935
1774530
1774681
1775373
1775811
1777400
1777622
1778431
1779670
1779817
1780102
1784328
1785046
1785845
1786171
1787585
1788573
1789139
1791054
1792650
1793747
1793819
1793885
1794274
1794894
1795398
1798117
1798590
1798766
1799737
1801843
1801903
1806056
1806420
1807442
1809920
1811507
1811524
1812476
1813461
1813924
1814545
1814948
1814982
1815673
1816020
1816355
1816559
1816709
1816785
1816857
1817171
1817538
1817706
1818115
1819914
1822551
1823558
1823769
1823778
1824431
1825342
1825478
1827537
1828281
1828960
1829979
1830853
1831412
1832760
1833053
1834615
1835777
1837922
1838153
1838958
1839772
1840537
1841504
1843858
1844052
1853811
1855441
1855695
1855755
1856364
1856536
1856774
1857126
1857307
1857439
1858049
1858151
1860459
1861400
1861915
1861933
1862193
1865307
1866878
1867528
1868948
1868983
1870427
1871286
1871464
1871684
1874540
1874541
1874812
1875723
1876108
1877118
1878326
1880117
1882688
1883284
1884372
1884382
1884543
1884624
1886343
1887635
1889431
1890046
1890542
1891523
1891746
1891896
1892221
1893709
1896152
1898039
1899019
1899180
1899639
1900683
1901407
1903027
1904899
1906102
1906791
1907000
1908001
1908039
1909161
1912421
1912698
1913488
1914523
1914560
1915750
1916801
1917604
1917702
1919212
1919389
1919480
1920538
1920783
1920954
1922795
1922893
1922998
1925472
1926030
1926319
1926849
1928844
1930077
1931205
1931529
1931705
1932160
1933482
1936511
1936565
1939247
1941571
1943105
1943217
1944771
1945344
1945801
1947046
1949369
1950019
1950578
1950666
1952174
1952626
1952940
1953262
1954023
1954870
1954899
1962533
1963875
1966057
1966182
1966727
1966935
1970488
1970668
1972441
1972910
1973774
1974387
1976572
1977396
1978234
1979068
1979440
1979594
1982519
1984979
1985805
1986168
1986269
1986780
1987180
1987614
1991686
1993165
1993479
1995636
1996269
1996271
1996603
1998940
1999187
1999555
1999594
2000543
2000951
2001429
2001990
2002204
2002754
2003095
2003243
2003311
2004413
2004587
2005294
2006875
2007024
2007273
2012621
2013186
2013672
2013942
2014050
2016313
2017287
2018453
2020490
2022212
2022273
2022990
2023517
2023817
2026497
2028552
2029129
2029177
2029709
2029777
2030338
2032004
2033189
2033434
2035371
2035607
2036196
2036851
2038454
2038996
2039190
2039703
2040058
2040411
2041817
2044384
2044505
2045060
2046393
2046399
2046550
2046860
2047375
2048609
2048952
2049373
2049384
2050312
2050332
2050483
2051121
2051639
2052687
2052766
2052819
2053566
2054384
2055447
2055953
2057560
2057988
2060952
2061615
2061999
2063706
2064046
2065879
2066949
2068305
2069330
2069677
2070714
2072598
2074534
2074716
2077001
2077342
2077359
2079701
2080189
2080643
2082420
2083243
2083256
2083550
2083848
2085459
2086713
2088262
2090383
2093690
2093920
2095047
2095163
2096205
2099551
2101508
2102859
2103352
2104354
2107459
2107598
2108183
2109772
2109857
2110264
2110329
2113121
2113415
2113477
2113492
2114042
2114698
2114937
2115784
2116353
2117412
2118946
2120271
2121862
2121896
2123870
2124061
2124458
2124790
2125933
2126611
2127259
2128088
2129801
2130526
2132202
2133792
2134299
2134894
2135558
2136350
2138834
2141375
2142961
2143971
2144112
2144582
2144950
2147065
2147892
2150318
2154201
2154569
2155038
2156259
2158098
2158439
2158835
2164685
2166296
2170469
2171054
2171299
2171661
2172826
2173688
2174478
2176777
2176848
2177907
2179233
2179808
2181143
2181529
2182613
2186357
2188027
2189519
2190536
2190549
2192122
2194295
2195314
2197112
2197549
2200548
2201296
2202439
2203509
2203659
2203705
2204496
2205201
2206637
2207014
2207100
2207354
2207789
2208555
2209082
2211401
2212186
2212459
2213057
2213872
2215946
2216329
2217477
2220114
2220282
2221007
2221485
2224146
2226093
2228256
2229000
2229471
2229838
2230395
2233270
2236539
2236618
2238114
2239344
2239352
2240151
2240174
2240551
2241525
2241616
2243126
2243455
2244591
2245581
2246042
2247031
2247549
2249179
2249930
2251376
2251396
2252825
2253748
2255411
2256723
2256859
2258096
2258944
2260385
2261746
2262401
2262641
2263585
2265944
2268068
2268952
2269001
2269590
2270327
2271162
2272508
2274260
2275796
2276250
2277195
2277262
2277793
2278731
2278741
2279620
2279697
2280563
2280675
2281899
2283719
2283949
2284202
2284746
2285602
2287302
2287750
2287831
2288171
2288697
2288793
2290949
2291328
2292152
2293365
2293450
2293876
2293943
2294432
2300785
2301846
2302419
2303022
2303225
2303473
2304165
2306153
2306734
2307801
2307972
2308738
2310683
2311193
2311634
2312358
2312501
2312802
2313419
2315545
2316636
2316863
2316934
2317728
2321201
2321313
2321852
2322641
2323058
2323397
2324218
2325275
2326578
2327624
2328526
2328680
2329534
2329562
2330258
2332603
2333462
2335990
2335994
2336811
2337690
2337924
2338710
2339040
2339245
2339534
2340305
2343724
2343951
2344569
2344885
2344905
2345389
2347584
2347594
2347847
2348405
2353684
2354846
2356000
2357538
2360367
2360383
2360761
2361596
2362663
2362799
2362872
2363252
2364193
2364196
2364342
2364454
2365041
2365433
2365625
2365685
2366373
2366515
2370962
2371161
2373099
2375099
2375484
2376121
2376590
2376841
2378341
2380105
2380207
2382219
2382904
2385161
2385549
2385553
2385626
2386991
2390812
2391128
2391869
2392416
2395584
2397587
2397932
2398569
2399677
2400601
2401218
2402506
2403558
2403945
2405275
2405427
2405542
2407487
2408532
2409014
2409898
2410557
2414800
2416015
2417222
2417710
2417722
2419641
2419898
2420805
2424129
2424466
2424762
2425502
2426730
2426891
2428361
2430163
2431277
2432189
2433099
2434455
2435297
2435302
2437555
2438281
2438761
2439212
2439947
2440348
2440367
2440950
2441542
2444628
2444741
2445119
2445323
2446370
2448179
2449357
2451355
2451643
2452413
2452979
2453791
2453827
2455556
2456978
2456980
2457496
2458749
2459629
2462135
2462730
2465433
2465845
2465855
2466049
2466353
2466431
2467269
2469107
2469375
2469930
2470744
2471367
2471478
2475157
2475565
2477692
2483091
2485350
2485823
2486154
2487657
2489330
2495750
2496103
2497888
2497890
2498377
2499749
2500885
2501431
2502057
2502787
2504367
2505122
2506371
2508085
2509830
2510990
2511839
2512405
2512938
2513411
2513447
2514006
2516414
2517617
2519693
2521008
2521220
2522031
2524337
2525514
2526019
2526530
2528324
2529863
2531193
2533182
2535974
2537676
2538771
2540633
2540660
2540976
2541594
2541903
2542569
2544259
2549543
2549925
2550115
2550127
2552937
2553506
2554020
2554376
2554483
2554627
2556089
2556771
2564039
2565522
2565899
2567188
2569296
2570087
2570756
2570815
2571117
2573765
2574039
2575684
2577005
2580345
2581523
2581894
2583405
2584621
2585114
2585931
2585999
2591294
2591794
2592180
2593089
2593124
2594975
2595044
2595243
2597304
2600568
2602028
2602646
2603500
2603541
2604253
2606077
2606290
2607019
2607732
2609473
2609615
2610825
2611934
2612077
2613335
2614962
2615579
2616112
2616708
2616786
2616805
2617325
2620263
2621438
2624826
2626088
2626628
2628525
2629540
2629689
2632258
2632400
2633689
2633945
2635961
2637445
2637782
2639212
2639599
2639871
2641101
2642099
2642307
2642356
2644448
2645622
2648850
2649019
2649191
2649586
2650409
2651524
2651867
2655319
2656524
2659140
2659813
2660437
2660940
2666063
2666378
2670231
2671005
2671888
2674259
2676273
2677518
2677535
2678672
2679113
2679459
2680872
2681326
2681920
2682012
2682536
2683402
2684526
2684752
2684943
2685345
2685425
2686103
2686497
2686807
2686949
2688347
2688529
2690320
2690487
2691402
2692237
2693378
2693534
2693737
2695009
2695862
2697606
2700450
2701051
2701205
2702275
2702491
2702834
2703777
2705214
2706289
2706753
2706992
2707410
2707666
2710589
2711023
2713393
2713899
2714423
2715770
2715907
2718062
2718906
2719015
2721525
2723187
2724399
2724451
2725220
2726326
2728710
2729333
2729391
2731545
2732047
2732845
2734687
2734828
2735616
2737516
2737739
2737941
2739522
2741015
2742224
2744488
2746445
2746588
2747902
2747961
2748411
2749063
2749202
2749354
2749789
2749809
2750542
2753132
2753267
2754747
2755923
2756499
2757087
2757265
2757488
2758576
2758718
2759449
2760057
2761285
2761475
2763029
2763322
2763444
2764007
2764058
2764945
2765781
2766244
2766934
2768594
2770486
2771833
2774665
2775648
2775692
2778268
2778352
2778703
2778899
2781216
2782228
2784995
2785661
2785860
2787432
2787630
2787860
2788068
2788444
2789607
2791332
2792184
2794191
2797451
2797731
2799225
2801073
2801191
2801468
2801471
2802143
2803498
2804444
2805926
2806302
2806627
2809757
2810979
2811225
2812073
2813796
2814621
2815430
2815432
2817432
2819112
2820523
2821230
2822190
2824457
2826005
2826858
2828802
2830583
2830633
2831700
2834066
2834592
2834772
2836606
2837709
2838886
2839919
2840592
2841697
2842459
2843118
2844455
2845113
2845692
2846032
2846904
2848187
2848884
2848955
2849143
2849795
2852584
2853157
2853268
2854990
2855080
2855833
2856813
2857170
2857236
2858221
2860234
2860488
2862870
2863121
2863724
2864049
2864922
2864954
2865804
2867728
2867835
2868537
2868758
2869177
2869193
2869400
2871506
2872296
2872988
2874461
2874837
2874856
2879011
2879043
2879807
2880433
2882602
2883094
2883158
2883287
2885704
2886547
2886831
2889388
2889932
2890317
2891111
2891992
2892244
2893827
2894152
2895915
2896251
2897241
2897495
2897643
2897915
2898041
2898770
2898976
2899170
2902035
2902065
2903168
2903573
2903890
2905176
2905948
2905949
2907861
2909092
2909352
2910195
2911387
2912584
2915168
2915188
2915573
2915595
2915754
2917901
2918224
2921982
2923456
2924393
2925366
2925862
2926518
2927135
2927351
2930419
2932086
2932628
2934363
2934999
2935047
2935450
2935656
2936165
2936297
2937677
2937911
2938193
2939600
2941027
2941056
2941999
2943199
2943973
2944658
2945071
2945243
2945607
2945962
2947910
2948603
2948634
2951113
2953788
2954170
2954535
2955875
2956663
2957205
2957211
2957598
2957647
2958778
2960738
2961679
2962236
2963990
2964990
2968962
2969418
2969518
2969660
2971521
2974310
2977128
2978729
2978802
2979876
2981558
2986544
2989394
2989531
2991780
2993228
2994741
2995310
2997808
2999616
3001569
3002647
3003192
3004855
3005106
3005668
3006036
3007816
3010661
3011192
3011813
3014586
3014991
3015877
3015913
3016308
3016519
3017604
3018531
3018805
3020029
3022054
3022243
3023004
3023199
3023579
3027865
3028263
3029993
3032054
3032674
3033142
3033415
3033848
3034416
3034484
3034849
3037708
3038450
3040426
3044070
3045636
3045786
3046137
3046713
3048492
3049733
3050660
3051466
3052973
3054922
3056911
3057629
3058872
3058912
3063578
3063626
3063693
3063863
3064564
3065793
3066213
3066487
3067764
3068006
3068009
3069254
3069817
3070056
3071177
3073315
3073918
3076029
3076216
3077382
3077440
3078241
3079884
3080799
3081017
3081353
3081441
3081863
3081882
3084051
3085816
3087017
3088307
3088638
3089622
3090260
3090654
3092808
3092950
3094528
3095948
3097275
3097926
3098566
3098667
3102358
3103584
3103974
3107010
3107653
3108663
3110110
3110563
3111116
3113240
3115042
3115377
3115697
3116171
3117087
3117717
3118774
3120855
3121409
3126281
3127322
3127495
3128586
3129660
3130372
3131728
3132548
3133159
3133220
3133232
3133482
3134854
3134988
3135902
3137555
3138059
3138187
3138963
3138998
3142153
3144401
3144718
3144764
3144924
3145568
3145883
3147097
3147591
3147599
3148096
3148252
3149914
3152084
3152089
3152290
3152658
3154260
3158557
3160818
3162555
3163066
3164132
3164345
3166472
3167304
3168197
3168220
3168420
3170657
3171987
3172079
3173473
3173736
3175722
3177951
3178098
3178687
3178729
3178801
3179355
3181468
3181829
3181988
3182909
3183346
3183638
3185865
3186414
3186814
3187289
3187481
3187482
3187758
3191025
3191387
3193043
3194168
3195006
3196492
3197451
3198273
3198820
3203045
3203207
3203906
3203989
3204439
3206375
3206806
3206952
3207028
3207275
3208185
3210073
3211628
3211757
3212368
3212441
3214841
3215539
3218951
3220982
3220994
3222111
3223107
3224655
3225099
3225943
3227391
3228121
3228612
3229241
3231283
3231623
3232487
3232744
3234583
3235033
3235748
3237027
3237505
3237746
3239455
3239809
3240265
3241177
3241281
3241346
3241562
3243510
3243513
3245047
3245777
3247238
3248201
3249517
3250933
3252396
3252587
3254202
3254497
3254672
3254846
3255132
3256963
3257137
3257633
3257678
3259471
3261159
3261553
3262312
3262871
3263641
3264089
3264677
3265361
3265479
3266252
3267656
3268014
3268873
3268916
3269508
3269693
3269992
3270299
3270580
3270891
3277007
3277922
3278463
3278960
3281014
3282331
3282466
3282837
3283780
3284499
3287542
3287617
3287758
3290605
3290967
3292244
3293185
3294440
3295178
3296148
3296324
3296565
3296613
3298244
3298362
3298623
3298786
3298923
3300209
3300472
3300745
3302690
3303249
3303368
3304648
3305448
3306431
3307465
3307684
3309917
3310575
3311163
3311389
3311710
3312136
3312631
3314772
3315441
3316898
3317124
3317266
3318740
3320740
3321547
3322569
3323494
3325202
3327156
3327623
3327770
3329931
3332184
3333877
3336795
3340354
3341785
3342302
3343203
3345423
3345728
3347542
3347596
3348836
3348911
3350941
3351557
3352332
3353986
3354714
3354963
3357873
3358321
3358815
3360459
3360708
3360722
3362081
3363847
3365867
3366919
3367414
3367576
3369404
3369741
3371143
3372970
3376914
3377488
3378268
3378447
3379022
3380109
3380162
3382194
3383082
3383373
3384043
3384248
3386080
3386097
3386600
3387204
3387493
3387764
3389512
3389738
3393674
3394767
3394958
3395291
3395441
3395710
3396597
3397930
3399192
3399616
3400205
3403241
3404147
3404450
3406528
3407188
3407289
3408084
3408407
3408845
3410751
3411026
3412518
3414294
3414627
3418372
3418412
3419588
3419755
3420636
3421624
3421641
3422867
3423647
3423818
3424537
3424773
3425323
3425668
3427018
3428087
3428554
3428648
3428744
3429410
3429789
3430108
3431014
3432179
3434612
3434783
3435809
3436744
3437941
3438370
3440137
3442507
3444069
3446131
3446439
3448373
3451019
3451557
3455576
3457080
3457150
3460311
3460623
3462014
3462528
3463887
3465914
3468757
3469061
3469141
3473007
3474121
3476004
3476925
3477976
3478039
3480738
3482048
3482719
3483560
3485898
3488300
3489019
3493487
3495407
3495561
3497134
3497281
3497547
3497581
3498786
3500055
3500180
3503086
3505530
3505786
3505909
3506245
3506693
3508133
3509190
3509311
3509590
3509918
3510751
3511121
3511382
3511855
3513278
3513471
3513901
3514553
3515751
3516222
3517719
3519085
3521240
3522107
3523262
3523598
3523857
3524034
3525513
3526220
3527144
3528811
3530420
3530481
3530748
3531835
3531892
3533732
3534755
3536121
3536667
3538505
3538544
3538814
3539061
3539815
3540393
3541146
3542812
3543705
3543733
3543916
3544388
3544765
3545393
3550321
3551701
3551827
3551998
3552277
3553159
3554766
3556818
3557721
3558468
3559865
3560835
3562780
3562936
3563061
3563098
3564469
3564523
3565111
3565147
3567609
3567768
3568877
3569081
3569501
3569828
3570665
3570852
3571789
3572730
3574133
3575037
3575190
3577140
3577438
3580092
3581141
3584426
3584641
3584668
3585328
3586425
3586499
3586975
3589238
3589571
3589635
3591413
3591510
3593314
3593862
3597317
3598379
3599981
3600337
3600967
3604021
3605176
3606260
3606385
3609470
3610087
3611128
3611893
3612301
3613976
3615409
3615662
3616089
3616098
3617038
3617075
3617808
3618433
3618799
3619223
3619387
3620794
3621252
3622525
3626380
3626693
3626928
3628436
3630650
3633722
3634856
3635322
3635839
3640791
3640948
3641481
3642789
3645183
3645459
3646430
3648170
3648182
3649236
3649471
3649934
3650318
3651045
3654360
3655774
3656518
3657633
3659921
3661790
3663621
3663834
3665010
3665012
3666041
3666676
3667550
3668110
3668155
3668743
3669073
3669201
3669724
3670233
3671701
3672559
3678617
3679085
3679236
3679606
3680290
3680954
3681531
3681890
3681996
3682683
3682746
3683811
3685658
3686203
3687279
3687656
3688507
3688953
3690301
3692178
3692515
3694649
3694836
3696261
3698469
3698639
3700576
3701464
3702001
3704787
3705393
3705896
3706217
3707203
3708061
3710730
3713135
3715870
3716534
3716902
3719158
3719248
3720169
3720702
3723222
3724712
3725497
3726080
3726754
3728472
3729830
3731866
3733590
3736221
3737684
3738547
3738590
3738987
3742491
3742613
3743706
3743824
3744089
3745061
3746089
3747587
3748387
3748940
3751471
3754591
3754643
3755890
3758528
3760537
3760914
3763214
3764248
3764880
3767263
3772068
3772430
3774787
3775381
3776525
3778032
3779183
3779333
3780353
3780682
3781587
3784125
3784342
3785779
3787243
3788449
3789097
3790287
3790521
3791658
3794256
3794532
3795532
3795579
3796798
3797348
3797650
3797851
3797934
3799083
3800124
3800576
3803530
3804510
3804557
3805888
3806042
3807072
3808053
3808746
3808844
3808983
3809992
3811507
3811706
3813232
3813348
3813964
3814847
3815209
3816009
3816041
3817441
3817680
3818517
3819447
3823627
3824040
3824335
3825449
3828196
3828885
3832196
3834367
3835579
3836137
3836387
3838084
3840128
3845363
3845754
3847053
3847375
3848066
3849395
3849758
3850654
3851607
3852382
3856471
3856732
3857927
3858941
3864997
3866170
3869468
3871058
3871382
3872052
3872621
3872893
3874268
3874513
3874883
3875520
3875534
3875708
3876186
3877905
3878295
3879407
3881227
3882408
3882585
3884153
3886629
3886954
3889027
3889232
3889975
3893450
3893886
3894074
3894109
3896965
3898191
3898516
3898639
3900167
3901644
3901663
3902153
3902645
3903712
3904214
3906132
3910283
3910707
3910994
3911460
3912536
3913522
3916029
3916703
3917962
3918148
3919416
3919643
3919787
3925755
3927101
3927332
3929503
3930537
3931130
3932593
3933234
3934218
3936023
3936485
3936893
3937867
3938233
3939674
3940510
3941926
3942176
3942293
3942858
3943065
3943208
3946406
3946704
3947167
3948349
3949146
3949453
3949996
3950677
3951408
3952115
3953531
3953692
3953710
3953966
3956468
3957182
3957600
3958482
3958729
3959588
3960264
3962605
3962743
3962996
3964005
3964023
3964472
3964866
3966867
3966878
3967382
3967582
3967836
3969196
3970309
3971904
3972119
3972466
3972813
3973328
3973473
3973596
3975498
3977956
3977975
3978048
3980456
3981849
3981989
3982141
3982700
3983150
3984687
3985288
3985861
3987973
3988812
3989363
3989410
3989626
3990165
3990478
3991569
3992301
3992595
3992883
3997047
3998038
3998519
3999127
4000847
4002369
4004024
4004497
4004605
4005096
4006036
4006052
4006889
4007657
4009092
4009096
4010338
4011309
4011324
4011848
4012582
4012723
4013709
4013875
4014994
4015401
4017788
4017887
4017973
4018934
4020868
4021646
4023009
4023849
4033859
4034010
4036306
4036609
4038168
4038312
4038428
4038580
4041288
4041853
4043977
4044927
4045962
4047055
4048809
4050655
4051499
4052729
4052789
4054921
4055891
4056748
4062495
4063101
4064267
4064486
4066440
4066658
4068412
4068637
4075090
4075848
4075916
4076286
4076830
4078260
4078899
4079253
4080554
4082273
4082778
4084348
4084884
4084972
4086722
4090716
4091573
4091663
4091811
4092178
4092989
4094048
4094421
4095048
4098034
4098981
4101284
4101503
4101660
4103267
4104569
4104657
4105943
4107542
4107841
4108402
4110000
4110253
4110504
4110678
4111445
4113081
4113205
4115077
4118265
4118421
4118645
4118989
4119586
4119781
4120388
4122731
4123267
4124071
4124804
4125200
4125685
4125894
4126690
4127037
4127537
4127839
4128342
4129358
4130850
4131488
4131795
4133154
4133573
4133749
4134517
4137005
4137561
4138124
4138462
4138800
4139565
4139637
4140481
4141426
4141620
4143344
4143385
4143711
4144085
4145005
4145203
4148554
4151539
4151856
4152083
4152666
4153584
4154160
4155678
4155693
4156178
4156507
4156920
4157492
4158258
4159218
4159569
4160241
4160662
4160837
4163219
4163510
4163513
4164796
4168778
4169430
4170630
4170762
4170989
4173007
4177169
4178580
4179228
4179583
4179706
4180066
4180319
4181073
4181420
4181848
4181986
4184642
4185908
4186260
4187907
4188465
4189296
4189990
4191887
4193920
4195017
4196359
4196758
4198180
4198287
4198856
4199279
4199392
4199589
4199818
4200253
4200338
4200537
4200738
4200755
4201169
4201711
4202088
4202726
4204479
4206287
4206998
4208532
4209917
4211478
4213178
4213627
4215352
4216284
4217519
4218138
4218615
4219713
4219738
4223213
4225107
4225873
4226464
4226838
4229921
4230895
4230944
4230965
4231965
4233701
4235721
4235785
4238564
4238857
4239723
4239896
4241020
4242933
4243504
4244073
4244401
4245776
4246915
4247295
4247580
4248425
4248551
4251072
4251752
4252999
4253649
4255816
4255883
4256166
4256492
4256872
4257060
4258194
4258834
4259557
4259741
4260488
4261490
4261859
4262351
4264540
4264821
4265335
4265359
4265850
4266625
4268985
4269233
4271835
4272202
4272806
4272918
4273214
4273474
4274516
4274858
4275096
4275885
4278221
4278675
4278783
4280171
4281822
4283860
4284234
4284263
4285019
4285662
4285922
4285962
4288026
4288065
4288398
4289761
4290870
4293280
4295316
4295834
4296397
4296774
4298204
4300653
4300678
4302755
4304684
4305150
4305520
4305892
4307196
4308679
4309496
4309610
4310874
4311317
4313720
4314997
4315431
4315472
4315605
4316152
4316614
4316714
4319596
4319712
4320529
4322154
4324096
4325431
4325480
4327241
4328524
4328933
4329455
4331009
4331977
4333194
4333599
4334740
4335847
4336444
4337078
4337277
4337852
4338824
4339850
4342805
4343788
4344081
4346566
4346756
4346937
4347873
4349494
4350007
4350727
4352196
4353457
4353552
4353970
4354181
4355476
4355953
4357219
4357786
4358006
4360734
4360841
4363253
4363323
4363768
4364257
4364638
4366878
4368292
4370983
4371052
4371109
4372465
4373546
4373617
4374619
4376063
4378895
4379161
4380996
4381925
4384335
4386244
4387680
4387797
4389264
4390389
4393389
4393910
4395980
4396086
4397098
4398311
4399098
4404897
4409488
4409566
4411275
4412086
4414409
4414627
4415551
4416700
4417784
4418191
4418795
4420010
4420601
4424043
4425277
4426326
4429962
4432906
4432918
4434982
4435011
4438492
4438578
4439152
4440804
4441414
4441478
4442880
4444881
4448466
4448619
4448676
4449375
4449609
4450133
4450164
4451932
4453586
4454545
4454644
4459533
4460893
4461045
4461055
4462569
4463571
4464835
4465776
4467662
4468314
4468441
4469172
4469654
4471126
4471202
4471646
4473083
4473302
4473511
4474601
4474930
4478230
4478723
4479025
4480701
4482103
4483072
4483217
4483659
4483871
4484494
4484733
4485817
4487431
4488060
4489232
4490542
4490764
4493012
4494899
4494971
4495299
4498667
4498780
4498811
4499615
4502557
4503362
4503664
4504273
4505455
4505940
4506124
4507014
4508916
4509345
4511948
4514784
4515309
4517217
4518046
4518356
4518510
4518769
4519297
4519879
4520526
4521023
4524349
4524801
4525235
4525408
4526529
4528987
4529526
4532003
4532547
4532804
4533965
4535741
4538337
4538899
4539696
4540381
4541669
4542095
4542124
4542584
4543478
4544338
4545067
4546190
4546262
4546810
4547992
4548006
4548185
4548547
4551173
4551704
4553681
4554758
4556351
4557202
4557621
4557705
4559014
4559377
4559891
4560302
4561281
4561451
4561658
4562954
4564170
4564819
4565731
4566894
4567243
4571438
4572891
4573870
4573994
4576130
4577976
4580392
4581990
4583315
4584119
4584310
4585438
4586724
4587631
4589555
4591698
4594102
4594367
4595521
4595845
4598619
4599166
4601503
4601927
4603311
4607521
4609788
4610247
4610363
4611809
4614581
4615297
4615468
4615579
4616436
4616564
4618357
4619088
4619700
4620845
4621027
4621172
4621239
4621493
4622052
4622697
4623481
4624360
4624972
4625862
4627431
4628203
4629087
4629799
4631301
4635580
4635755
4636324
4637175
4637309
4637732
4637849
4639214
4639340
4640199
4640407
4640726
4642166
4643156
4643667
4643890
4645892
4648779
4649813
4652236
4652436
4653871
4654233
4654915
4655227
4656952
4657918
4659212
4659701
4660331
4660562
4660763
4662661
4665635
4666027
4666321
4666809
4667168
4668170
4668573
4669210
4669576
4671082
4672208
4676130
4676690
4677129
4677193
4678571
4679096
4679191
4679571
4680346
4680766
4680887
4682381
4682734
4683206
4683903
4686091
4686280
4686876
4687971
4689736
4691066
4692082
4692288
4693193
4694515
4694531
4694640
4694887
4695891
4696568
4697382
4698044
4698542
4699125
4699710
4700038
4700127
4701078
4702355
4702439
4703212
4703971
4704217
4706982
4707570
4708107
4709642
4710140
4710587
4712540
4713704
4717526
4717899
4718251
4718286
4719879
4722448
4728127
4732600
4733012
4736154
4737556
4737705
4738608
4739099
4741419
4741434
4742308
4742504
4743062
4744219
4745066
4745415
4746594
4748070
4748913
4751108
4752179
4752619
4752711
4753674
4754405
4754823
4755834
4756837
4758383
4759094
4762883
4763395
4763546
4763989
4767088
4768705
4769008
4769085
4770059
4770185
4770659
4773752
4774230
4774807
4775704
4775726
4775836
4775925
4778105
4779276
4782180
4783209
4784935
4787145
4791009
4794216
4796687
4799140
4802120
4802691
4803586
4803866
4804279
4804583
4805529
4806726
4806905
4809899
4810177
4812279
4812700
4815125
4817796
4820206
4820917
4822805
4822944
4823366
4824725
4827864
4828318
4829148
4831219
4832250
4832802
4833386
4833423
4833820
4833934
4834128
4835889
4837190
4840599
4840665
4841406
4842099
4842211
4843730
4845484
4845687
4846384
4847544
4848732
4849290
4849936
4851427
4851898
4853051
4853641
4853714
4854070
4854209
4854285
4855477
4856856
4858878
4858959
4860707
4861619
4862308
4863053
4864402
4865893
4866022
4866295
4866669
4866850
4868667
4869352
4869423
4870393
4870988
4871093
4871497
4873653
4875730
4876359
4878080
4879008
4880609
4880709
4882235
4883135
4884518
4887127
4887889
4888315
4888683
4889090
4890831
4891391
4891800
4891978
4892541
4893355
4893630
4894408
4894553
4896678
4896991
4897682
4898247
4898578
4898740
4898860
4904144
4904608
4906147
4906178
4909445
4909659
4909827
4910159
4912811
4915215
4917556
4917963
4918614
4919906
4921468
4921740
4921954
4922036
4925552
4926277
4926757
4927141
4929123
4930511
4931622
4931666
4931689
4932843
4935111
4936709
4936821
4936889
4937055
4938483
4939079
4940307
4941205
4945235
4945339
4946626
4947078
4947791
4948958
4949604
4949738
4950608
4950832
4952555
4952680
4953415
4956253
4958423
4958653
4959486
4959598
4959731
4960831
4960870
4961960
4961967
4963500
4963752
4963779
4964205
4965288
4965659
4966348
4969259
4969548
4971774
4971934
4972114
4973216
4974369
4974615
4975534
4976315
4976535
4979954
4982214
4982435
4983923
4984488
4985555
4986657
4987001
4987130
4988076
4989395
4990881
4990923
4992172
4992851
4993202
4994448
4996460
4997988
4998485
4998533
5001496
5002542
5003194
5004087
5004521
5006616
5007553
5008168
5008213
5009751
5010055
5010476
5010611
5012544
5016768
5018042
5018630
5019567
5020146
5021295
5021341
5021593
5023670
5024239
5025875
5026825
5027222
5027577
5027677
5028054
5031074
5031720
5031760
5031837
5031920
5032089
5032581
5034738
5035255
5036561
5037382
5038907
5041156
5041775
5042530
5051020
5051263
5051264
5052944
5053114
5053931
5055238
5056810
5057583
5057716
5061625
5064757
5064911
5066155
5066720
5066829
5066994
5067367
5067921
5068180
5068957
5070549
5072426
5073720
5073970
5076834
5077584
5078730
5078916
5078993
5081292
5082070
5082137
5082644
5083598
5086103
5087925
5088036
5088099
5089870
5090450
5090628
5092153
5092502
5093443
5093661
5094611
5096225
5097542
5097824
5098182
5098931
5102195
5103296
5103723
5104139
5105467
5106230
5106521
5106707
5106819
5106960
5107962
5108220
5109686
5110208
5110618
5110685
5110843
5112369
5112451
5113012
5113684
5114338
5114822
5114877
5118217
5120556
5121196
5122265
5122582
5122967
5123048
5123694
5123900
5123910
5124518
5124622
5125022
5125031
5125112
5126019
5126518
5126779
5127415
5127430
5130850
5131326
5132151
5133641
5134020
5135520
5135863
5136076
5136279
5136453
5136637
5137058
5141495
5142203
5142340
5142562
5142628
5142922
5143397
5144246
5145171
5145572
5147062
5147292
5148113
5148163
5149172
5150998
5151057
5151363
5152303
5153702
5153921
5156563
5156778
5158175
5158458
5158912
5160340
5161075
5162657
5162957
5163079
5164092
5165300
5165399
5167023
5167849
5169397
5171684
5172065
5172107
5172911
5173843
5174591
5175473
5176222
5176245
5177222
5177509
5178762
5179705
5180310
5180360
5180472
5180712
5184831
5187665
5188011
5189345
5190204
5190418
5191482
5192680
5193516
5193607
5193766
5195039
5195683
5195868
5195932
5197268
5197822
5198818
5199133
5200202
5200507
5200744
5200941
5201220
5201245
5201715
5201878
5202322
5203044
5203481
5203716
5203834
5203839
5204891
5205407
5206618
5206999
5209209
5209408
5209434
5210480
5211492
5212690
5212975
5213297
5213505
5215616
5215901
5216926
5217036
5217221
5217563
5219161
5220574
5221683
5222166
5222693
5222951
5223625
5226048
5226352
5226800
5227373
5230031
5231240
5231958
5233579
5234572
5234977
5235038
5235907
5238215
5238500
5240553
5240606
5241370
5244837
5245033
5245325
5245480
5247476
5248327
5248498
5248994
5249951
5251788
5252831
5253800
5255193
5255513
5255901
5256453
5256936
5257096
5257330
5259232
5259769
5260041
5262254
5262993
5263615
5263926
5269730
5270860
5273628
5273986
5274790
5275263
5275447
5275804
5276284
5276540
5277126
5281172
5281776
5282543
5282621
5283241
5286887
5287947
5290733
5292600
5292685
5293159
5293651
5295321
5295658
5297242
5299353
5301179
5301975
5302241
5306349
5308408
5312596
5313109
5314284
5314321
5316109
5317174
5318710
5321174
5321933
5323953
5324625
5324647
5331428
5332913
5334175
5334668
5335265
5335651
5335788
5337887
5341734
5342082
5342244
5342574
5342969
5342990
5343073
5343844
5344831
5344862
5344872
5345042
5345784
5345829
5347624
5348046
5348742
5349349
5351488
5351509
5352116
5352216
5353922
5354684
5355184
5356954
5358287
5358511
5359235
5360742
5362294
5364063
5365463
5366914
5367441
5367666
5367962
5368425
5368821
5368942
5369889
5371318
5371852
5372710
5373609
5373661
5373821
5374067
5374075
5374228
5375904
5376852
5376954
5377915
5378947
5379291
5379694
5379804
5379819
5380101
5380672
5384154
5384510
5384600
5384928
5390545
5392345
5392598
5392689
5394499
5396382
5396706
5397266
5399948
5400714
5400985
5401186
5404910
5405205
5406479
5407655
5407994
5409011
5409568
5410260
5411375
5413720
5415137
5416029
5417573
5418000
5419129
5420013
5421060
5422843
5424700
5425939
5426321
5429780
5429908
5429973
5430803
5431013
5432549
5434730
5434828
5436409
5437386
5438236
5439111
5439730
5441135
5441470
5441644
5442236
5442256
5442547
5443051
5443279
5444658
5444715
5445596
5445963
5446905
5447122
5448970
5449128
5451396
5451405
5451488
5454100
5454177
5455563
5456523
5456531
5458575
5459076
5459703
5459804
5461328
5462206
5463991
5464896
5466551
5466604
5467016
5467540
5467830
5468924
5469252
5469750
5470627
5470921
5473456
5475387
5475926
5476388
5476433
5476813
5478703
5479878
5480638
5480908
5481421
5482200
5482762
5485782
5486278
5486512
5487437
5488990
5489217
5489264
5490474
5491670
5492304
5492872
5493872
5494227
5495626
5496560
5496661
5502001
5502798
5503210
5504101
5504625
5504928
5504952
5506073
5507207
5507404
5508545
5509114
5510438
5511270
5511365
5511729
5512109
5515243
5515490
5516747
5517049
5517191
5518081
5518592
5519502
5519826
5521231
5521469
5521561
5521573
5521908
5522645
5522974
5523050
5525198
5526402
5527189
5528256
5528292
5528721
5529433
5530386
5531398
5531411
5531484
5532903
5535077
5535266
5536583
5536646
5539838
5541538
5541960
5543025
5544158
5545428
5546989
5547144
5547529
5547869
5552233
5554221
5554871
5555013
5558934
5559789
5560497
5560706
5560874
5561575
5563200
5563941
5564006
5564080
5564617
5565484
5566480
5569008
5569289
5571628
5571953
5574072
5574546
5575087
5575589
5576500
5576603
5576885
5580690
5580790
5581405
5582315
5582532
5583387
5583718
5583836
5583911
5585188
5585365
5586617
5589176
5590206
5590358
5592356
5592982
5593004
5593395
5594787
5595322
5595925
5598080
5598101
5598957
5599524
5599834
5602084
5602799
5603739
5603779
5604014
5604330
5605055
5605368
5605455
5605604
5605675
5609338
5609612
5609753
5611950
5612219
5613543
5613822
5613866
5618576
5618983
5619383
5621990
5622784
5622833
5624036
5624070
5624438
5624640
5625803
5627424
5627839
5628305
5629547
5632784
5632870
5634368
5635403
5638084
5638218
5638951
5639493
5640299
5640728
5640888
5643376
5644775
5647664
5648099
5648461
5648914
5650501
5650806
5651915
5651966
5652359
5652405
5653416
5653644
5653762
5654736
5655722
5657423
5659011
5661133
5661503
5661914
5663752
5664135
5665791
5668037
5668401
5671760
5671948
5672585
5672765
5675485
5676864
5676960
5677170
5677450
5679272
5679637
5681550
5682938
5687557
5690474
5691074
5692945
5693929
5694353
5694395
5696759
5697461
5700763
5700965
5701138
5701681
5703706
5703967
5705050
5705367
5705779
5706601
5707062
5707439
5707755
5707891
5709285
5712834
5713264
5714606
5715589
5716609
5717669
5718641
5720427
5721287
5722056
5723628
5723745
5724433
5724698
5724751
5728454
5729786
5730259
5730747
5732017
5732053
5733835
5735079
5735394
5737631
5738548
5739328
5739410
5740580
5742787
5743609
5744351
5744617
5744733
5744967
5747716
5748329
5751303
5751557
5753563
5753865
5755139
5756182
5756396
5757149
5757955
5760876
5761033
5763013
5763800
5763814
5765037
5766775
5767844
5768641
5769628
5769855
5770622
5770846
5773849
5775337
5777452
5778642
5779369
5779374
5780681
5781116
5785871
5787817
5788384
5788724
5789093
5791129
5791448
5793762
5795869
5797002
5797299
5801398
5803055
5803262
5804240
5806047
5809510
5809954
5810097
5810126
5811095
5811160
5811356
5811808
5812256
5812447
5813403
5816521
5817117
5817255
5818179
5818654
5819881
5820817
5821720
5824819
5825879
5827209
5827409
5827977
5830382
5831920
5833908
5835051
5835643
5835677
5837276
5839603
5839925
5840041
5840893
5841176
5841605
5842968
5843361
5845450
5846133
5846471
5846759
5847785
5847836
5848442
5849623
5849918
5851739
5851970
5852647
5852828
5854316
5857102
5857665
5858369
5859767
5860214
5862680
5862840
5868047
5868372
5869213
5869277
5869500
5869735
5869828
5870663
5871031
5871257
5871997
5872654
5873175
5874007
5874865
5875149
5875350
5877109
5877242
5879617
5880908
5883166
5884038
5886827
5886881
5887771
5889474
5890896
5891925
5894339
5894382
5894876
5896981
5897646
5898088
5898280
5899654
5899852
5900919
5902830
5904171
5907895
5909504
5911220
5911229
5911411
5913675
5915024
5915485
5918945
5919404
5920987
5921503
5923594
5924736
5925418
5925761
5926542
5928492
5929060
5930214
5930661
5932306
5932769
5933703
5934806
5934831
5936085
5937178
5938043
5940284
5940671
5940818
5941079
5942596
5944161
5944693
5944848
5947760
5949434
5949534
5949790
5951407
5952021
5952796
5952826
5952969
5954613
5956353
5956730
5959960
5963393
5963590
5964478
5966147
5967893
5968306
5968307
5968653
5969478
5971177
5971516
5971999
5973780
5974204
5975936
5978250
5978737
5978918
5979431
5979769
5981300
5982376
5982851
5983453
5984188
5985413
5986743
5987014
5988306
5988575
5989038
5991350
5991451
5991538
5993936
5995445
5995886
5997573
5998182
5998629
6003960
6007352
6007482
6008468
6009334
6009963
6010380
6012276
6012916
6014215
6016229
6018423
6019150
6019951
6020223
6022908
6023543
6023725
6024596
6025313
6025503
6026311
6026854
6026898
6032503
6034299
6036314
6037199
6037530
6038191
6038702
6040641
6040978
6041200
6042627
6044899
6045463
6045776
6046415
6046796
6048864
6051376
6053034
6053325
6054752
6057571
6057945
6058104
6058194
6059225
6059954
6061002
6061577
6062235
6063304
6063780
6066691
6066941
6067366
6068272
6069109
6069367
6069462
6070297
6071345
6072657
6074079
6074101
6076817
6077477
6079016
6080646
6082700
6084307
6084454
6085866
6087924
6089834
6090165
6090792
6091314
6092037
6092745
6093158
6094624
6095909
6096153
6096728
6098835
6103224
6105820
6106821
6107604
6108065
6108137
6109523
6110119
6110430
6111323
6111528
6111638
6112246
6112843
6113368
6114099
6114632
6114977
6115660
6118623
6119611
6119806
6122166
6122960
6123040
6123095
6123642
6125522
6126330
6127339
6129219
6129490
6133203
6133307
6133626
6134198
6134303
6134459
6134661
6135972
6136400
6137150
6138417
6138913
6141098
6141137
6141353
6142003
6144135
6145361
6147152
6148572
6149448
6150560
6150996
6151257
6153521
6156491
6157053
6158836
6158879
6159649
6161532
6161639
6162111
6162858
6163066
6164107
6168507
6168514
6168891
6169281
6169443
6171615
6172302
6174331
6175067
6175715
6176652
6177938
6177977
6177978
6178650
6180011
6180893
6181783
6183705
6184336
6184937
6185485
6186967
6187372
6190047
6190164
6190302
6191771
6193798
6194114
6194342
6195951
6197645
6199301
6199869
6201101
6201936
6202633
6203983
6204084
6204391
6205659
6207093
6207916
6209135
6209834
6209921
6211560
6211957
6211980
6212266
6212780
6213157
6213208
6213639
6213736
6213914
6215344
6215425
6215844
6216537
6216657
6217385
6218005
6218465
6220789
6222068
6222775
6222927
6224701
6225673
6226694
6227288
6229014
6229824
6230391
6231151
6232056
6232233
6235233
6237635
6238183
6238336
6239085
6239938
6240035
6240299
6240724
6241506
6241515
6242581
6242843
6244104
6246323
6248466
6248720
6250087
6252740
6254320
6255816
6256588
6256776
6259525
6260229
6261599
6263440
6264827
6267874
6268667
6268668
6268992
6270443
6270838
6272516
6273886
6273911
6274829
6275245
6275837
6275947
6276036
6276107
6276814
6277129
6277884
6278059
6278956
6279316
6279996
6280028
6280731
6281017
6281298
6282122
6282650
6283274
6284323
6287331
6287686
6288306
6289788
6290202
6290561
6291476
6291507
6293626
6294530
6294641
6296087
6297017
6297323
6297772
6298535
6300628
6303043
6304043
6304139
6305290
6305519
6306373
6306425
6307213
6307794
6308232
6308902
6309148
6309511
6310149
6310413
6311231
6311812
6315520
6316066
6316986
6319522
6319668
6319815
6319923
6320196
6320315
6321367
6321939
6323375
6324586
6326524
6326897
6329914
6331112
6332157
6332839
6333760
6333782
6333811
6334474
6335790
6336512
6336660
6337097
6337207
6337905
6339420
6340104
6342457
6342477
6343037
6343048
6344747
6345065
6346276
6347592
6348228
6348230
6348707
6350294
6351122
6353227
6353720
6354923
6356409
6357361
6358572
6358817
6360786
6361367
6361602
6361704
6362837
6363241
6363269
6363887
6364274
6364417
6365230
6365748
6367099
6368304
6370280
6370524
6371464
6371953
6372018
6372367
6374061
6374067
6375244
6375428
6378067
6378820
6379311
6380008
6381517
6381993
6382633
6382904
6383176
6384411
6385716
6388501
6388725
6389932
6391253
6391407
6393177
6394361
6394714
6395188
6395193
6395918
6397301
6398179
6398266
6398286
6400453
6400726
6400742
6401933
6402148
6404854
6405994
6407055
6407804
6410145
6411567
6412910
6413014
6416129
6419167
6420160
6420925
6421967
6422106
6422176
6422279
6423619
6424296
6424462
6425582
6426308
6426374
6430261
6430698
6431440
6432629
6433969
6434819
6436784
6439127
6439692
6439749
6439761
6440105
6440396
6440614
6443276
6443317
6444627
6445751
6446770
6447760
6448858
6449275
6449981
6451226
6451992
6452462
6452898
6454317
6454931
6454948
6455291
6456446
6457576
6457875
6458984
6464357
6464403
6464830
6464871
6465946
6466292
6469890
6470821
6472204
6472482
6473803
6474430
6476532
6480136
6480894
6481972
6484340
6485277
6485426
6485882
6486087
6487271
6487635
6488934
6489922
6490629
6490874
6491569
6492433
6494355
6494863
6496969
6497048
6498474
6500584
6500970
6503245
6503512
6503848
6506649
6508205
6509034
6509241
6512410
6512750
6512868
6513592
6515362
6516756
6517284
6520159
6521198
6521436
6522214
6523567
6529081
6529880
6529888
6530877
6531944
6532462
6532664
6533882
6536835
6541131
6541378
6542730
6542894
6543735
6544919
6544957
6545435
6547912
6548435
6549557
6551439
6552135
6553173
6553735
6554468
6555011
6555530
6556804
6557837
6558113
6558902
6562211
6562363
6562914
6565044
6565344
6565965
6568551
6571980
6572847
6573952
6576501
6576898
6577728
6579011
6579355
6579881
6580949
6581910
6582285
6583700
6585620
6587061
6587702
6588045
6588092
6588789
6588843
6588936
6589648
6590077
6590957
6592068
6592105
6592381
6592519
6592697
6593886
6595033
6595066
6595464
6598001
6598582
6599152
6600191
6603134
6603526
6606939
6607735
6608627
6610591
6611658
6614055
6614524
6615572
6615598
6618247
6618912
6619079
6620669
6621317
6621598
6622324
6622365
6622764
6622920
6623873
6624138
6631233
6631584
6632625
6634498
6634510
6634920
6634968
6635101
6636816
6637495
6639604
6640035
6640958
6641287
6641531
6645008
6647194
6650510
6651695
6652508
6652783
6653826
6655349
6656114
6657576
6657954
6659102
6659951
6660296
6661458
6664764
6665260
6667742
6667946
6668186
6669793
6669871
6670824
6673066
6673324
6673952
6674014
6674704
6676757
6678036
6680000
6681838
6682107
6683221
6683436
6684496
6684893
6685115
6685335
6688290
6688656
6688728
6689145
6689514
6689660
6690034
6690190
6693610
6695078
6695418
6696033
6697309
6697596
6699043
6699848
6700303
6700313
6700830
6702459
6702954
6703001
6707512
6708419
6709051
6709118
6709850
6712748
6713498
6713698
6713972
6715197
6715353
6715485
6715516
6716419
6716988
6718327
6718853
6722353
6723405
6726880
6727261
6727298
6727807
6727834
6728075
6732451
6732603
6738692
6739379
6740654
6743698
6744191
6744210
6744765
6745520
6749152
6749529
6750675
6752937
6753911
6754855
6756215
6756458
6757327
6757888
6758477
6759955
6760201
6760573
6761794
6762111
6762395
6763702
6765605
6766063
6768156
6768258
6768475
6770628
6770676
6771612
6772930
6773242
6773809
6774901
6775643
6776832
6777120
6777410
6777969
6779073
6780968
6781156
6781283
6781806
6782645
6783167
6783583
6784486
6785518
6786229
6790813
6791188
6791665
6793612
6794078
6795748
6797708
6798961
6799323
6800411
6800635
6800809
6802272
6804936
6805091
6805768
6807614
6809198
6813661
6814926
6815360
6815817
6817155
6817365
6817742
6820625
6821546
6823791
6825089
6825759
6825799
6825822
6826010
6828142
6828726
6828993
6830260
6830307
6830600
6831001
6831794
6831987
6833015
6833103
6834405
6834648
6836691
6837594
6837849
6838945
6839017
6841111
6841478
6842257
6846434
6847132
6848024
6848084
6849147
6849824
6851369
6851835
6856951
6857251
6857924
6858364
6859048
6859591
6859739
6860401
6861074
6861793
6862098
6864362
6864840
6864934
6865150
6865591
6865881
6866537
6866766
6867157
6867484
6868229
6869164
6869885
6871105
6871234
6871430
6871521
6871784
6872917
6875295
6876808
6878095
6878457
6878595
6878609
6878699
6879123
6879299
6880209
6880358
6880597
6881392
6881798
6882478
6884763
6886223
6892071
6892985
6894033
6895222
6896555
6897474
6897985
6899607
6899869
6900034
6900229
6900602
6901196
6902510
6904125
6904140
6904343
6905830
6906599
6906605
6908718
6910397
6911949
6912699
6916336
6917683
6917932
6918465
6919418
6921270
6923164
6923414
6923527
6924167
6924675
6926218
6926388
6930159
6930541
6931502
6931868
6932254
6932269
6933682
6934018
6935634
6935852
6936052
6938311
6938526
6939033
6941042
6942872
6944165
6946351
6947866
6949669
6950143
6952071
6952220
6954122
6954167
6955239
6958954
6960270
6960615
6960879
6962230
6962827
6963099
6963723
6964114
6965322
6966435
6966706
6968044
6968248
6969279
6969761
6970880
6971169
6971712
6972284
6972714
6973803
6975919
6976099
6976372
6976615
6977303
6977498
6980072
6983021
6983028
6984112
6984370
6985066
6987224
6988035
6988926
6990956
6992987
6996377
6996532
6997720
6998162
6998646
6999679
7000223
7000500
7001262
7002679
7002930
7004762
7006640
7007514
7007854
7008537
7008640
7009398
7009402
7009638
7010370
7010892
7012812
7014037
7014840
7015797
7018101
7018426
7018761
7018972
7019838
7021112
7023454
7024530
7028601
7028805
7029913
7035827
7037414
7037726
7037768
7039248
7040375
7040859
7041887
7041931
7042923
7043744
7044200
7045280
7046239
7047131
7048538
7049282
7050739
7051468
7052264
7054238
7054273
7055843
7056819
7058737
7062818
7063245
7064160
7066078
7067501
7067661
7068156
7068443
7068714
7071307
7071929
7072385
7072503
7072854
7073946
7074763
7078168
7078809
7079366
7079419
7083732
7083859
7086644
7087333
7087374
7091353
7093440
7093457
7095939
7095964
7098400
7100045
7100266
7100677
7101725
7103661
7104055
7106048
7107933
7108273
7108288
7108407
7109336
7109738
7112291
7112884
7115001
7115121
7115581
7115663
7116374
7117319
7117352
7117981
7121489
7122439
7122500
7122745
7123867
7124384
7124652
7125487
7125600
7127731
7128270
7128562
7129845
7132207
7133312
7134793
7136178
7137414
7138213
7138946
7139505
7142876
7143594
7143672
7144828
7145213
7146346
7146738
7146949
7148690
7148808
7150273
7150295
7152156
7155757
7156866
7157413
7157969
7160467
7160569
7160985
7161188
7161396
7162243
7162487
7163252
7166103
7166322
7168439
7169264
7170195
7172763
7172778
7173345
7173614
7173818
7175320
7176409
7176511
7178195
7178745
7178766
7180107
7180458
7180689
7183061
7184321
7184957
7186156
7186299
7186937
7188225
7188279
7188298
7190663
7192962
7193130
7193754
7196651
7199904
7201236
7201253
7201634
7202103
7203530
7203945
7204744
7205468
7206670
7206838
7208195
7208208
7208277
7208461
7209900
7211003
7211927
7212244
7215288
7216012
7218673
7222698
7223002
7223621
7224267
7224981
7226196
7226960
7227454
7227672
7228478
7229681
7229945
7235736
7238707
7238771
7239070
7239571
7240419
7241353
7242301
7243397
7244715
7244770
7244911
7245578
7247148
7247196
7249754
7249867
7251757
7252083
7253848
7254032
7254134
7254139
7254164
7254568
7254653
7254787
7256418
7257123
7258713
7259742
7262048
7263693
7264703
7264739
7266147
7267578
7269866
7270215
7271169
7274218
7276842
7281563
7282672
7283088
7283212
7284769
7286632
7287397
7289196
7291936
7292098
7293269
7294506
7295083
7295107
7296747
7296908
7299056
7300336
7303451
7305574
7305699
7309464
7310416
7312398
7314298
7315558
7315879
7317894
7318684
7318877
7320060
7320388
7321198
7322987
7324724
7326512
7326825
7326967
7328151
7329035
7329491
7330395
7331588
7332556
7336383
7337012
7337714
7337922
7338359
7339368
7342239
7342335
7347245
7347909
7348476
7348539
7350229
7352796
7354929
7356032
7356868
7359493
7359701
7359717
7359755
7360782
7360936
7361230
7361339
7362578
7363640
7365290
7365844
7366533
7367031
7367085
7368621
7369398
7370939
7371587
7372870
7374249
7374472
7374540
7376594
7377630
7380570
7381542
7382443
7383254
7383486
7383849
7386857
7387603
7387809
7389275
7389287
7391703
7392446
7393032
7395866
7396435
7399658
7399811
7400310
7400871
7401013
7402408
7402795
7402931
7403490
7404351
7404865
7405719
7406704
7408197
7408333
7410826
7411551
7411929
7412454
7414140
7415041
7415689
7415952
7419717
7420950
7421226
7421699
7422241
7422407
7422709
7423680
7424714
7424961
7427792
7428525
7430227
7431887
7432638
7435179
7435377
7438476
7438889
7439138
7440622
7442764
7443417
7445577
7446643
7447951
7447981
7448098
7448822
7449182
7449287
7449926
7451412
7453052
7453976
7454871
7455405
7455595
7455623
7455953
7456959
7458580
7459346
7461969
7464233
7464619
7464848
7466003
7466041
7466878
7466998
7468286
7469202
7470125
7470450
7470604
7470611
7471645
7471666
7472300
7472624
7473130
7473852
7474746
7475995
7476828
7478406
7479460
7480074
7480373
7481404
7482548
7483228
7483991
7484497
7486002
7486566
7487367
7488133
7488487
7488776
7488806
7489141
7489386
7489698
7490243
7490331
7491479
7491964
7492838
7492980
7493051
7493070
7493599
7495117
7496238
7497311
7499550
7499856
7500623
7500706
7500772
7501009
7501291
7501506
7502616
7507437
7509124
7510211
7510419
7510424
7511511
7512832
7514682
7514779
7515071
7520079
7520859
7521085
7521149
7521808
7522871
7523559
7524012
7527463
7527713
7529394
7529426
7529603
7529964
7530616
7531195
7532270
7532316
7533960
7534066
7534662
7537490
7537534
7537658
7538067
7538852
7538920
7540448
7543730
7544687
7544693
7545042
7546008
7546838
7547006
7547883
7549365
7549592
7549916
7552373
7552811
7552870
7553972
7554040
7554945
7556111
7556301
7559261
7559435
7562732
7562794
7564446
7565626
7566641
7566775
7567276
7567995
7568923
7570574
7572318
7572838
7573968
7574200
7575686
7575869
7576463
7577166
7577921
7578346
7578578
7581243
7581619
7583043
7584596
7584931
7586910
7587089
7588545
7588788
7589155
7590108
7590121
7592294
7595102
7596402
7596609
7596799
7598109
7599050
7600339
7600970
7602061
7602423
7603263
7603732
7604311
7606420
7607353
7608748
7609368
7609448
7611465
7613958
7617644
7617717
7618613
7621173
7621429
7621764
7622263
7624197
7624832
7625411
7627934
7629086
7630859
7631270
7631871
7633302
7633407
7633600
7634186
7635548
7635842
7638717
7639064
7639932
7643519
7643531
7644169
7644569
7644738
7648279
7648410
7649081
7649494
7651389
7653887
7655234
7656224
7658333
7658640
7658732
7658752
7659026
7660895
7661600
7661665
7662979
7662984
7664103
7664780
7664950
7664967
7665969
7666270
7668626
7668812
7669047
7669119
7669682
7670557
7673173
7673769
7674960
7675764
7676233
7676441
7676895
7679126
7681047
7682429
7683075
7684295
7685174
7685864
7686953
7687911
7688315
7688518
7689868
7690284
7695519
7696120
7696210
7697452
7697965
7697975
7698068
7699182
7699798
7701169
7701560
7702467
7702610
7703323
7703686
7704530
7706040
7709005
7709259
7709614
7710054
7710779
7710880
7711346
7713732
7715157
7719798
7720983
7721322
7721507
7722265
7723982
7724317
7724868
7725597
7726918
7728275
7729798
7732001
7732368
7732985
7733422
7734086
7734153
7734460
7735305
7735446
7736019
7737676
7737715
7739117
7741011
7741251
7742518
7743309
7743502
7743700
7746742
7747152
7748137
7748899
7749263
7749785
7750389
7751674
7752244
7753204
7755086
7755206
7757671
7758374
7758650
7759175
7760032
7760644
7761821
7763078
7763124
7763656
7764772
7765240
7765413
7766206
7766863
7768772
7770151
7770967
7771139
7776093
7776671
7777030
7777203
7777446
7777763
7778335
7779773
7780108
7780251
7780446
7781547
7781672
7781754
7782193
7782819
7783227
7784484
7784924
7785354
7785984
7787316
7787927
7788609
7789272
7789799
7790933
7791323
7791601
7791661
7792524
7793799
7794245
7794325
7794475
7795071
7795839
7796119
7797400
7797450
7798407
7802544
7804427
7804453
7806765
7807901
7810685
7810900
7810930
7813188
7814570
7815295
7816586
7816791
7818345
7819513
7820004
7822812
7824043
7825892
7826967
7828320
7828405
7830306
7833177
7834076
7835586
7837302
7837318
7837763
7838368
7839404
7839607
7841777
7842843
7842936
7842984
7843015
7844194
7844731
7849348
7850079
7850533
7851558
7854337
7854943
7856689
7858802
7858812
7859956
7860954
7863056
7863861
7864177
7864262
7864633
7866517
7866799
7867585
7867614
7868653
7868727
7868920
7868922
7871786
7871952
7872524
7873606
7874340
7875023
7875031
7877268
7878117
7880708
7881291
7882145
7882191
7884076
7884082
7884433
7885666
7886851
7888859
7891469
7891508
7891598
7891709
7892336
7896600
7897409
7897820
7898879
7899395
7900170
7900237
7900613
7900792
7901071
7902759
7906537
7907146
7907779
7908023
7908325
7911288
7911681
7911751
7913050
7913642
7914595
7914658
7915437
7917191
7917733
7918706
7918765
7918954
7920744
7921101
7922038
7922802
7923240
7923481
7926280
7927648
7929385
7931997
7932612
7933755
7934575
7935466
7935973
7936788
7936884
7937135
7938833
7940236
7940369
7942461
7943936
7945245
7945945
7946814
7947320
7949059
7949574
7950149
7951517
7952706
7955002
7955714
7956721
7957200
7957547
7958820
7959438
7959770
7961376
7962897
7962979
7963786
7966908
7968766
7970246
7970326
7970556
7971310
7972437
7972484
7975593
7976309
7976398
7976423
7977269
7978533
7979456
7979511
7980779
7981556
7982122
7983117
7983349
7983575
7984339
7984469
7985632
7985898
7986299
7988585
7989539
7991259
7991847
7992743
7996436
7997952
7998627
7999487
7999791
8001758
8006812
8008230
8008430
8008469
8008682
8009377
8010286
8010337
8012208
8012752
8013659
8013749
8014292
8016945
8017238
8017446
8017489
8017620
8020477
8022494
8022896
8023868
8025406
8025561
8026321
8026479
8026566
8027307
8027860
8030161
8030668
8031068
8031918
8032756
8033222
8035657
8036060
8036421
8037259
8037360
8037748
8038847
8040587
8040945
8041507
8041657
8042117
8042240
8042293
8043469
8044300
8044953
8045016
8045069
8045120
8046548
8046949
8047244
8047923
8048041
8048128
8048660
8049439
8049855
8050620
8051934
8052145
8052186
8052365
8052862
8052908
8053748
8055521
8056459
8056563
8057587
8059227
8060095
8060944
8061045
8061687
8063583
8064077
8064155
8065392
8068285
8068587
8068849
8068855
8070456
8070545
8070635
8071357
8071531
8072330
8072545
8072746
8072843
8075688
8078472
8080148
8081269
8083061
8083306
8083452
8084324
8087897
8088667
8089246
8090665
8090902
8091611
8092206
8095429
8096518
8100405
8100836
8101827
8102732
8105372
8105844
8107562
8108041
8108126
8108469
8109101
8109132
8109139
8109408
8109444
8111284
8112887
8113137
8113406
8113588
8114587
8115478
8118704
8119847
8120325
8120612
8121111
8121153
8122372
8123413
8123564
8125929
8126709
8128750
8129165
8129491
8129696
8129883
8136048
8137183
8138507
8138735
8139255
8139406
8140031
8141480
8142367
8149934
8150543
8150755
8151685
8155399
8158738
8159711
8159933
8159968
8160402
8161804
8162280
8162813
8167272
8168880
8170423
8171790
8172020
8174926
8175750
8176343
8176908
8177172
8178700
8178934
8180288
8180793
8181418
8181943
8182063
8184109
8184816
8184930
8185089
8186391
8186833
8187349
8188532
8189065
8190846
8191150
8192123
8192846
8193833
8194531
8195050
8195096
8197252
8197704
8198002
8201091
8202153
8202548
8202864
8203359
8206631
8207445
8207467
8207976
8208992
8209085
8210942
8211157
8212519
8214062
8215217
8216006
8217412
8217544
8219205
8219515
8221043
8222038
8222253
8222628
8222648
8222675
8223592
8224233
8224528
8224640
8224666
8224683
8225036
8225734
8225849
8226602
8227022
8227777
8228497
8229568
8230824
8231654
8231717
8231756
8234318
8234753
8234877
8237995
8238130
8238650
8242627
8242857
8244116
8244179
8245598
8245792
8246529
8246971
8248172
8248251
8248316
8249587
8250251
8252465
8252642
8253656
8253855
8254133
8255097
8256848
8257369
8258770
8258897
8259423
8259467
8260726
8261354
8261506
8262347
8265782
8267617
8267659
8268351
8273087
8275070
8276676
8277566
8277966
8278916
8279167
8279410
8282674
8284343
8286085
8289960
8292409
8294674
8294732
8295220
8298141
8298523
8298864
8301955
8302407
8303895
8305850
8306080
8306293
8308761
8309116
8309515
8310238
8310685
8310875
8311813
8312179
8313040
8313121
8314162
8316096
8318169
8318248
8320319
8323176
8325301
8325744
8327412
8329123
8329667
8329690
8329761
8331275
8332555
8333319
8336227
8337009
8337537
8337554
8337749
8338282
8339738
8340292
8341235
8343262
8343838
8346263
8346473
8347073
8349854
8350373
8350769
8351637
8352593
8353862
8353944
8354504
8354707
8360375
8360537
8360611
8361151
8361446
8362053
8362333
8363210
8366303
8369373
8370819
8370962
8371345
8371603
8371918
8372953
8373197
8373343
8373420
8373580
8375059
8375894
8376412
8377645
8379064
8379292
8379563
8379950
8381199
8382359
8387991
8389494
8390617
8391199
8391867
8392181
8393954
8394045
8395599
8395699
8396677
8397364
8397768
8398735
8398810
8399531
8400004
8401490
8402601
8402706
8402782
8403926
8404436
8406410
8406662
8407166
8407737
8408959
8410209
8411708
8411836
8412374
8412556
8412570
8414163
8415990
8420853
8424361
8426222
8426996
8427499
8429439
8430951
8431914
8433758
8437308
8437661
8438343
8439864
8440883
8441694
8443678
8444030
8444823
8445913
8446685
8447429
8447531
8447719
8448089
8448427
8448697
8450915
8451963
8454152
8454979
8455405
8455606
8456016
8456515
8456759
8457473
8457927
8458228
8459113
8459470
8459528
8460673
8462100
8462462
8462708
8463825
8464435
8465975
8466920
8467132
8467172
8467368
8468180
8470678
8474750
8475289
8476152
8476872
8478201
8479166
8480264
8482208
8482610
8482840
8482955
8483100
8483563
8485089
8485637
8490383
8491242
8491631
8491976
8493744
8493918
8495259
8495747
8495843
8496877
8497550
8499128
8500094
8501250
8503918
8504742
8506220
8506289
8506677
8507067
8507855
8508025
8508229
8510553
8510766
8510872
8511334
8511694
8511891
8513745
8514105
8516247
8517291
8518339
8518376
8518419
8521924
8523610
8525961
8526526
8527688
8528402
8528617
8529483
8529840
8530845
8532372
8534402
8534756
8535447
8535733
8536885
8537370
8538251
8538376
8538664
8539936
8540258
8540863
8541571
8541955
8542160
8544788
8544848
8545786
8546464
8548597
8549411
8550540
8550579
8550694
8551656
8554440
8554457
8554580
8556202
8559143
8560194
8563148
8565650
8566533
8566789
8567847
8568655
8569286
8569953
8571808
8572061
8573141
8573594
8574735
8575114
8576748
8577249
8577260
8577562
8578983
8579734
8580321
8580328
8580565
8581879
8581999
8582193
8585036
8585897
8586306
8587096
8587106
8587498
8593470
8593654
8595597
8597075
8597139
8597653
8598619
8598700
8598789
8598875
8600559
8600637
8601097
8602619
8603682
8603859
8604441
8605287
8605535
8609502
8609975
8610450
8610818
8613344
8614305
8614395
8614440
8616872
8619029
8624696
8626506
8627021
8628174
8628840
8630694
8631219
8632299
8632763
8633820
8634804
8635823
8636744
8638235
8639256
8640604
8640786
8641235
8641524
8643164
8643179
8645241
8646538
8646614
8647381
8650617
8650640
8650951
8651294
8652604
8653173
8654100
8654341
8655532
8655626
8656298
8658466
8659132
8662556
8663656
8664593
8664908
8667251
8669377
8671763
8671808
8672893
8673417
8673832
8673989
8675300
8675704
8676387
8677596
8678508
8679355
8681589
8683002
8683286
8684414
8685381
8685571
8688829
8689446
8692778
8692884
8693972
8694468
8694668
8695374
8695945
8699733
8704642
8705355
8705490
8705566
8706710
8707457
8707464
8707476
8708400
8709853
8709861
8711130
8711982
8712375
8712978
8714646
8715417
8716494
8717556
8718204
8719089
8720209
8721530
8722657
8723241
8723627
8723934
8725697
8726027
8727274
8728106
8728126
8728683
8728924
8729384
8729412
8730842
8731555
8732793
8733915
8734923
8737889
8738407
8739895
8741643
8741962
8742592
8744457
8744680
8744852
8745306
8745939
8747819
8748491
8749142
8749242
8749578
8754990
8755649
8757158
8758991
8760245
8763364
8763811
8763995
8764094
8764236
8764607
8766484
8769340
8769501
8769646
8770076
8770415
8770676
8772761
8772928
8775009
8775489
8776770
8776910
8778120
8780223
8780642
8782426
8783535
8785452
8786939
8788098
8788187
8788253
8790442
8791136
8791308
8791622
8792699
8794141
8794716
8795163
8797207
8797660
8797689
8798435
8801387
8803349
8804454
8805161
8805415
8806497
8808503
8808718
8810166
8810820
8812266
8816324
8816785
8817010
8818660
8818883
8819234
8819462
8819996
8820333
8822257
8823051
8823554
8824275
8824621
8825094
8826371
8826571
8826651
8826764
8826824
8833071
8835110
8836015
8837498
8837512
8837883
8840363
8841596
8842814
8844454
8844846
8847729
8848719
8850359
8851636
8851880
8852205
8852552
8854304
8854507
8855609
8856196
8857218
8858515
8858811
8860048
8860335
8862267
8863866
8865346
8866601
8867776
8869428
8869496
8869845
8870260
8870376
8872928
8873355
8873462
8873797
8873997
8877086
8879154
8879371
8880638
8881680
8881687
8884568
8885589
8885954
8887589
8888732
8888846
8892892
8894271
8894986
8895168
8895958
8896600
8897408
8900116
8902783
8904458
8907819
8908102
8908431
8908478
8909844
8912235
8912367
8912506
8914248
8914738
8915172
8917213
8917913
8918258
8918640
8919161
8919624
8920128
8920314
8922864
8923198
8924948
8926032
8926515
8927335
8928685
8928907
8929120
8929207
8930519
8930545
8931280
8932318
8933224
8933422
8935085
8935816
8936885
8937174
8938766
8942842
8943357
8944257
8944385
8947038
8947248
8948294
8950722
8950783
8951316
8951581
8952706
8955660
8956456
8956658
8959298
8960336
8962857
8963481
8965334
8965539
8965654
8965718
8965806
8966612
8967339
8967949
8968637
8969345
8969746
8970707
8971455
8972676
8972817
8972823
8973594
8973765
8973769
8973911
8973993
8975118
8976144
8977875
8978780
8980178
8981248
8982661
8986093
8989486
8990361
8992090
8992365
8992851
8994578
8994908
8995114
8995488
8995557
8997559
8998499
9002078
9006036
9006598
9007083
9007269
9007781
9007990
9009971
9012566
9013370
9015508
9015820
9016625
9017305
9017666
9017799
9017818
9018073
9019079
9019136
9019433
9021430
9021490
9021745
9022982
9026354
9026799
9027822
9028368
9029794
9030215
9031512
9031739
9033872
9036291
9036347
9036906
9037238
9037885
9037971
9038362
9040302
9041497
9042266
9043444
9044594
9045623
9046546
9046822
9046931
9046945
9047014
9047872
9051074
9051605
9053827
9056010
9059058
9060252
9060753
9062526
9064010
9064469
9065372
9065761
9066166
9067353
9067381
9067999
9068986
9070440
9070772
9071762
9072448
9074319
9074895
9078777
9078918
9080892
9081853
9087124
9088467
9088941
9089850
9090974
9091878
9092077
9094401
9096164
9098454
9099714
9100390
9100474
9104243
9105193
9106097
9107312
9107722
9109771
9110883
9113199
9115732
9117862
9118337
9118852
9119057
9120112
9120693
9121406
9121689
9121957
9123493
9123865
9123954
9124937
9124991
9125627
9125636
9128352
9128858
9129776
9130600
9132309
9132327
9133460
9134038
9134199
9135065
9136077
9137962
9138346
9140796
9140813
9141158
9143123
9144039
9144378
9144627
9146777
9148799
9149564
9149936
9151678
9152229
9152707
9152828
9156014
9156734
9157182
9157716
9158076
9158463
9161926
9164703
9164979
9165904
9165996
9166027
9168042
9169366
9171801
9174790
9177415
9178883
9179751
9182144
9183146
9184326
9184393
9184946
9186652
9188224
9189285
9190464
9190493
9191649
9193834
9194772
9194940
9197030
9197319
9200972
9201267
9201334
9206320
9206458
9207119
9209232
9209474
9210466
9210808
9211462
9212348
9213298
9213929
9214133
9214152
9214207
9217162
9217305
9218876
9219745
9220299
9222723
9222987
9223476
9223497
9224215
9224535
9226766
9226803
9228526
9229126
9229254
9229609
9229817
9230493
9231698
9233543
9233782
9237118
9237193
9237876
9238989
9239940
9240880
9241607
9242088
9243849
9245165
9245499
9246923
9248498
9248965
9251388
9252417
9252749
9254237
9256003
9256461
9259595
9260256
9261707
9262208
9262287
9263378
9263629
9265002
9266663
9266716
9269232
9271823
9272732
9273547
9273982
9274131
9274826
9275064
9275195
9277647
9278942
9279275
9279797
9280215
9281845
9281870
9283961
9285560
9285721
9285857
9287253
9287534
9287931
9290741
9292985
9295798
9298546
9299170
9301144
9301606
9301724
9303027
9303502
9305155
9305298
9306103
9307219
9308128
9309310
9312100
9312525
9313428
9313770
9314188
9314298
9314313
9314479
9316173
9316405
9316933
9318054
9318348
9318515
9320160
9322497
9322628
9324330
9325454
9325560
9325772
9326218
9326745
9326786
9327557
9330986
9331543
9332281
9332386
9337072
9337639
9339575
9339940
9340364
9340423
9340472
9340762
9341041
9341226
9341317
9341684
9342670
9342724
9344008
9346610
9346627
9346865
9348138
9348937
9349467
9350206
9353274
9353981
9356741
9357501
9357529
9357645
9358189
9358243
9358407
9358518
9358769
9359105
9359618
9360026
9360165
9361640
9362331
9362888
9364270
9366241
9367669
9369915
9371221
9373334
9374449
9374655
9376991
9377654
9377737
9377931
9379173
9379826
9380694
9380833
9381177
9381804
9382384
9382728
9384271
9386592
9386995
9387831
9388562
9389628
9389685
9389687
9390222
9391739
9391762
9391937
9393143
9394293
9394910
9395217
9395254
9395820
9396536
9397243
9397485
9399064
9399434
9399472
9401793
9402011
9404748
9406725
9406829
9407254
9407685
9407840
9409204
9410180
9412104
9412934
9413916
9414288
9415170
9415436
9416667
9417047
9417058
9418300
9418618
9419561
9425145
9425186
9425229
9425465
9425640
9425672
9426025
9427422
9427701
9430621
9432292
9432517
9432713
9432833
9433476
9433851
9434041
9438881
9439018
9440739
9441235
9445638
9446795
9447310
9447646
9447879
9449085
9449706
9450439
9451562
9452345
9452441
9453863
9454455
9455306
9455350
9457422
9458059
9460002
9460053
9461083
9461358
9461557
9461970
9462780
9465818
9466177
9466335
9466886
9467601
9467611
9469164
9470107
9470221
9472683
9474099
9474991
9475039
9475259
9476359
9476637
9476809
9476866
9476965
9477186
9477390
9477979
9478215
9482451
9482754
9482770
9483215
9483231
9484903
9487445
9487527
9491444
9494029
9496365
9496778
9498416
9498786
9500382
9507498
9508747
9511310
9511633
9514845
9516354
9516633
9517973
9520319
9521330
9522168
9522210
9522794
9525331
9526586
9526607
9526773
9526855
9527819
9528043
9528659
9529232
9530346
9532251
9533045
9533131
9534695
9535430
9536400
9536837
9539770
9540185
9540237
9543846
9545147
9545517
9547397
9548132
9550463
9551016
9551713
9552415
9552468
9553072
9554267
9554520
9554951
9556511
9556608
9557400
9559132
9559470
9560144
9560962
9561928
9561943
9562039
9562151
9564315
9564404
9565675
9566647
9567633
9568045
9568241
9568454
9569435
9571689
9572139
9572607
9572655
9572882
9574361
9574897
9575446
9575759
9575828
9577801
9580872
9581103
9581231
9581508
9581593
9582042
9582658
9583357
9587248
9588036
9588125
9591696
9592057
9592133
9592467
9593378
9594839
9597461
9597497
9597584
9599167
9599253
9599831
9600518
9601861
9602727
9602895
9603202
9604243
9604376
9605577
9605831
9606170
9607371
9608270
9612485
9612621
9612693
9613029
9613224
9613331
9613749
9614234
9616258
9616416
9617294
9618834
9619997
9620134
9620849
9622722
9623570
9624051
9626703
9628154
9629567
9629932
9630036
9631423
9632594
9635541
9635704
9635764
9637064
9637353
9637507
9638357
9638485
9641094
9642794
9643532
9644558
9645233
9645536
9646799
9648159
9648308
9649648
9649690
9649930
9650255
9650323
9652286
9653614
9653652
9653943
9654980
9655693
9656657
9657458
9657888
9659244
9663265
9667133
9668163
9669194
9670409
9671567
9671748
9672151
9677191
9677256
9677523
9678299
9678398
9680121
9682334
9683394
9683528
9683740
9684502
9688141
9688720
9690405
9692530
9693798
9694015
9695323
9696625
9698808
9699193
9700560
9701258
9701850
9703367
9703688
9704322
9704625
9704940
9705989
9706789
9710165
9710597
9710693
9711082
9711549
9711968
9713010
9714045
9714052
9715212
9716038
9716732
9720823
9721044
9722751
9724057
9724370
9727272
9727779
9727856
9728159
9728291
9728851
9729072
9729636
9729670
9732290
9732758
9732978
9733005
9734395
9736911
9738415
9739791
9740728
9740885
9741523
9742493
9742931
9743671
9744837
9744838
9746456
9748042
9749520
9749537
9754307
9754388
9755842
9755952
9756158
9756757
9757286
9757333
9757979
9758000
9758177
9758546
9758662
9760059
9762688
9763460
9766928
9766975
9767081
9767123
9767185
9767314
9767329
9768911
9769646
9770891
9772336
9773406
9774161
9777500
9777617
9778004
9778100
9778584
9780989
9786167
9786219
9786699
9786727
9787181
9787308
9788105
9788874
9789416
9790672
9791392
9791678
9791991
9793355
9795234
9796719
9797078
9797814
9800353
9800621
9801196
9801411
9802292
9803016
9803129
9803318
9803455
9803743
9804495
9806360
9808598
9809826
9810579
9810690
9812824
9813150
9813434
9814104
9814266
9815683
9818406
9819091
9819785
9820888
9822481
9828692
9829186
9831519
9832389
9836836
9838215
9838633
9840065
9840339
9840706
9844079
9849510
9850632
9851861
9852335
9853265
9853336
9853892
9854863
9855585
9855890
9856130
9857154
9857435
9859195
9859804
9860436
9860705
9862038
9863125
9865261
9866341
9867506
9867534
9869644
9869708
9870243
9870461
9871211
9872230
9872954
9873827
9873993
9874100
9877083
9877245
9879954
9880150
9880682
9881430
9883003
9884202
9884478
9885506
9886482
9886908
9887131
9887254
9887773
9889020
9890187
9891111
9891994
9892133
9893042
9893339
9893664
9894599
9895338
9899106
9900207
9901054
9902855
9902924
9903397
9905251
9906998
9907588
9907699
9908244
9911932
9913800
9914536
9915812
9916627
9917316
9920091
9920925
9921677
9927894
9928887
9931121
9932446
9932493
9934762
9935682
9937491
9938134
9938428
9938919
9939925
9940346
9942537
9950043
9951030
9952834
9953584
9954327
9954835
9955172
9956075
9956274
9957876
9958689
9960731
9963459
9963744
9964477
9965598
9965717
9966327
9968857
9970521
9971534
9975195
9975626
9976687
9977270
9978372
9979037
9979447
9980313
9982392
9982404
9982595
9982852
9984323
9984722
9986193
9986393
9988753
9990149
9992562
9994015
