3366
4696
4710
5763
6248
7498
7866
9214
10402
10705
11427
11525
13411
14431
15351
16456
18123
19267
21447
21843
23780
24141
26727
27977
28151
28426
28741
30258
31691
32223
32311
32554
33800
35803
36383
38235
42382
45491
45966
46137
46380
47849
49169
49387
51657
52546
52775
54535
56083
59417
59975
61479
61659
63352
63879
64052
65014
65236
67910
70839
71043
75517
75673
76605
77042
77989
78107
79873
82560
83262
85233
85442
85826
88539
88906
89884
90311
92896
92944
93042
94648
94778
95750
98668
99369
99794
100697
103955
107847
109863
110068
112171
112496
113620
115398
116056
116108
116388
117506
118427
120554
120710
121405
121417
122213
123424
123622
124296
125338
126513
129384
129869
131005
131352
132732
132904
132993
133152
134141
135523
135900
137024
137522
139369
144999
146097
148042
150355
150570
151552
153057
153236
155591
156522
157881
159215
159726
160143
161469
162538
162640
164301
165957
166251
166287
167983
168265
168754
169490
169562
169612
169662
170214
170865
170923
172060
172359
172387
174015
174338
177866
178398
178425
178600
180542
187964
189586
189719
190887
191016
191851
194149
195505
195603
195952
196806
197073
198569
198687
199687
200062
201485
202962
203269
204946
205827
205859
206468
208272
208823
209407
210329
210876
213051
213829
216111
220710
223076
224831
226091
226111
228491
231320
231733
233514
234534
235857
237731
242081
242297
244344
245398
246184
248265
249295
249658
254116
255956
256049
256494
258176
259822
260965
261897
261949
263380
265590
265925
266987
267380
273146
276246
277277
277313
277865
279447
281343
281400
282193
282270
282532
282858
283444
283966
284600
284804
286494
287868
288705
289778
289962
292095
292222
292659
293269
293672
293818
294211
295953
296821
296921
300480
301616
303727
304570
305325
307507
307551
308089
308341
310597
312574
313909
314106
315880
317601
318200
320836
321867
323249
327298
329888
330407
330585
331372
331421
331608
331986
332440
333264
333502
334315
334559
336202
336317
337265
338207
338657
339807
341779
341926
342663
343256
344928
346221
347349
349109
349529
349828
351026
351039
351242
352584
352667
355206
356457
356888
356967
357005
357199
359409
359524
361000
361444
361801
362383
362526
362760
364448
366013
368573
368976
370694
373567
376412
378069
380787
380951
381455
382217
382327
383123
383888
384252
386022
389104
391086
395961
397423
398198
400708
400836
400916
401229
401815
402205
402902
404906
405056
406586
406901
410189
410480
410583
410664
411046
411314
411587
412306
412584
414156
414642
416786
418672
418742
418807
419329
419860
423662
426997
427146
427782
429306
432195
432803
433818
433867
434080
435331
435514
436283
436982
436989
439882
442180
442479
442932
443056
443315
445074
446368
446470
447978
448698
453443
454039
455834
455919
456208
457587
457979
458282
460201
460393
461511
462666
462668
462851
462965
464630
464795
465203
465227
465931
466021
467402
467444
467902
468579
468803
469256
469911
469963
470209
470481
471707
472095
472108
472231
472450
472686
476403
477890
478640
481108
483419
486986
491988
496980
497280
498139
499342
501009
501397
502848
503098
503512
503805
506688
507030
507402
507652
509743
509770
510169
510571
512063
512235
512557
513635
515245
516806
518310
518383
518706
520362
521140
522480
522696
525129
525161
528043
528162
529165
529498
530516
531308
531592
534723
535348
536068
536694
538064
538831
539411
541024
541428
544023
547411
547729
548590
549093
549177
549246
549757
551246
551333
552237
552931
553289
554180
556021
556526
557019
557259
557592
557971
558450
558995
560188
561177
561426
562909
563108
564354
564436
564685
565106
569105
569658
571134
572236
573143
574130
574919
575550
575965
578517
579748
579897
580875
582971
583116
583731
584137
586097
586232
586832
588205
588454
588795
590226
590869
591633
591909
592193
592814
593966
595721
595746
595871
595920
596324
596508
598664
598806
601782
605928
607760
608618
609131
609863
611151
611573
611909
613056
614425
614618
617503
619585
621535
622956
623257
623606
625773
626904
629095
629396
630589
632485
632923
633886
634011
634504
636927
638460
639898
640158
640204
640250
641216
641927
642550
643878
645455
646200
651687
652578
652697
654252
654359
655061
657567
659561
660298
660974
662399
664308
664367
667042
667223
667272
667386
668520
670991
671065
672803
673935
674526
676138
677842
679352
680048
682886
683141
685168
685771
690037
690585
691442
691574
695026
695587
696924
699047
702023
703432
703562
703966
704578
704591
704917
705361
708588
709912
715738
717309
718284
720657
720796
720838
722247
723856
724188
725227
725729
728745
729791
731464
731705
731795
733728
734496
735475
736258
736601
737773
739625
740149
740528
741395
741416
741965
742124
742245
742746
742876
743456
744368
746128
747197
748445
749114
749341
750113
754576
754619
756232
757728
759028
759692
759868
760701
761404
762572
762896
763212
763359
764754
765049
766580
767191
767420
768058
769712
771185
771859
773804
773883
775746
777887
778368
779906
780303
780943
783080
783348
784005
784231
784957
786082
786083
786692
787024
787122
789241
789862
790883
791233
791751
791784
792176
792219
793205
793920
795268
795523
795537
796406
798407
799190
799323
799887
800702
802063
803739
803997
805515
807271
807334
808710
808956
809468
810086
810545
811237
812676
813258
814441
815230
815968
816510
817168
817613
818614
820163
820871
821548
821628
821705
821840
823076
823239
825120
825726
826341
829618
829943
831104
831302
831732
831857
831964
832347
833355
834407
836413
837625
839350
840044
840800
842805
846986
847282
847314
847402
848117
848594
848824
849204
850870
851291
851654
851745
852214
853584
858874
859025
859608
859622
859731
859934
861122
861566
862054
864105
864693
866177
866339
866411
866691
867103
868471
870605
871045
871111
871566
872697
872733
873318
874194
874515
874891
875806
876670
878738
878925
880844
881561
882142
882180
882384
882524
882909
882987
884105
884599
885108
886142
887141
887813
888351
888557
890197
890837
893805
894481
896082
897382
897436
897636
898085
898958
900413
902047
903121
904541
905065
907650
907810
907826
908479
909043
909210
909247
911070
912837
913542
914152
916132
917486
918048
919953
920418
921936
922497
922822
923245
923247
923444
923508
923631
923738
923786
925796
926787
929009
929022
929508
929904
930241
930798
931829
934497
935244
935885
936462
936479
937493
938016
938437
939121
939570
944361
944712
944793
947327
948591
949271
950034
951250
952303
952653
953252
953325
953326
954026
954118
957436
958669
959153
960314
960442
960760
964366
964423
968215
969027
969721
970889
971892
972351
976746
976954
977033
977083
981137
983005
984039
984698
985661
986125
986549
988648
989034
989267
990242
992125
993493
994049
995625
996764
996792
996815
997097
999147
999653
1000917
1001447
1002207
1003635
1003833
1004063
1004311
1004762
1005562
1006094
1007707
1008507
1010615
1011293
1011704
1012294
1013249
1014922
1015998
1017748
1017878
1018345
1019543
1019666
1020162
1020948
1021922
1021964
1022563
1022902
1023630
1023653
1024018
1025138
1025731
1030769
1030990
1032677
1032728
1034757
1034770
1034794
1035764
1037196
1037574
1038179
1038299
1038628
1039249
1039491
1039638
1040283
1040895
1041717
1042163
1043658
1043939
1045824
1046043
1048988
1049064
1049220
1049408
1051733
1052354
1055066
1057487
1058245
1058494
1058751
1059538
1062893
1063296
1063763
1063969
1064503
1065111
1065927
1065968
1066989
1067464
1069065
1069183
1069797
1070242
1070525
1071829
1072731
1073059
1076021
1076418
1080199
1081714
1081740
1082421
1082569
1083849
1086095
1087939
1090459
1090667
1092966
1093042
1093727
1093774
1094305
1096109
1098026
1098578
1098642
1101388
1104823
1106345
1106524
1107373
1107974
1108333
1110726
1114181
1114272
1115016
1115037
1115739
1116851
1117946
1118441
1119217
1119347
1120405
1122273
1122865
1124502
1125133
1125629
1126133
1129720
1130969
1131108
1131974
1134905
1134994
1137023
1137949
1138565
1140776
1141272
1141601
1142286
1144010
1144489
1144614
1145620
1146758
1146824
1147340
1148642
1148770
1149147
1149799
1150054
1151695
1151866
1152223
1154083
1154282
1154480
1154845
1155026
1155800
1157921
1158162
1158754
1159756
1162716
1162949
1163525
1164652
1164661
1165250
1165450
1167000
1170023
1170025
1170220
1172268
1172873
1173220
1174276
1174493
1174820
1175442
1176579
1181007
1181079
1182657
1182660
1184688
1185751
1188394
1188521
1189204
1189395
1190123
1192283
1192564
1195926
1196912
1197140
1198798
1199434
1199518
1200038
1200994
1204473
1204625
1205901
1206351
1207657
1209012
1209094
1210054
1210971
1211404
1211782
1213402
1214010
1214434
1214460
1216359
1216423
1217063
1217180
1220894
1221199
1223664
1224530
1225362
1226066
1228290
1228965
1229935
1230246
1230691
1231288
1231774
1231930
1233610
1235767
1236791
1237077
1237325
1237571
1237743
1238852
1240199
1243221
1243468
1247404
1247903
1248764
1248807
1249361
1250264
1253293
1255177
1256766
1257033
1257569
1258107
1258532
1264811
1265050
1265251
1265731
1266308
1267484
1269301
1269359
1271523
1272584
1272921
1273060
1274325
1274703
1274907
1275196
1276265
1276287
1276554
1276999
1277802
1278002
1280061
1280944
1280981
1284531
1285495
1286507
1288842
1289636
1290758
1291180
1291331
1292709
1292732
1293709
1296255
1297698
1298500
1298650
1300008
1300604
1300902
1301870
1302083
1302084
1302981
1303017
1304355
1304494
1306912
1307409
1308614
1308770
1309963
1310202
1310377
1310433
1311492
1311695
1311766
1312735
1313919
1314888
1316610
1317294
1317473
1320543
1322736
1324394
1324945
1324968
1327071
1327898
1328002
1329003
1329278
1330334
1330798
1331056
1331621
1333109
1333992
1334385
1334859
1336290
1336805
1337120
1337883
1338894
1339170
1339819
1340585
1342100
1342346
1343657
1343868
1344069
1344279
1344748
1345060
1345367
1348374
1349400
1349750
1351114
1352039
1353874
1354430
1355465
1355814
1356125
1356840
1357451
1358104
1358637
1359713
1362081
1362210
1363047
1363809
1363899
1364465
1365639
1367191
1369503
1369619
1370389
1373336
1373338
1374632
1375410
1376519
1378339
1378424
1378547
1379066
1379335
1380157
1380534
1381006
1383001
1385999
1386241
1388038
1388619
1389749
1390569
1393263
1394343
1394797
1394862
1394870
1395539
1395739
1396297
1398604
1399409
1400405
1401836
1403004
1405238
1406000
1406277
1407330
1408218
1408779
1409107
1409459
1410862
1411767
1412962
1413183
1414050
1416069
1416295
1419109
1420663
1421547
1422987
1424325
1425024
1425060
1427533
1428526
1428759
1430289
1430371
1433032
1434087
1434305
1434773
1435754
1436563
1436905
1437611
1438676
1438785
1439212
1441117
1441616
1442674
1443467
1444457
1444593
1444877
1445336
1446148
1448412
1448544
1448736
1448880
1449053
1449159
1449503
1449677
1450067
1450342
1452313
1453082
1453577
1453643
1454467
1454485
1455687
1455805
1456534
1457928
1459727
1460888
1461871
1462039
1462263
1464931
1466079
1466254
1466443
1467027
1471787
1474718
1477615
1478347
1479199
1481311
1481383
1481498
1483473
1486088
1487463
1488902
1489031
1490297
1490502
1491207
1491355
1491838
1492406
1493652
1493837
1494077
1495079
1495753
1495837
1496437
1497389
1497880
1497883
1498423
1499601
1500206
1501868
1504306
1504960
1505207
1507217
1507382
1508096
1510128
1510221
1511531
1512488
1513173
1513457
1515036
1515178
1516985
1517022
1518250
1519530
1525240
1529811
1531052
1531655
1534296
1534470
1534722
1534810
1535082
1538164
1539606
1540010
1540327
1540582
1540887
1541066
1541476
1541487
1541629
1541721
1542436
1545258
1545722
1546897
1547416
1549764
1552541
1552664
1553563
1554464
1554898
1554971
1555276
1555451
1556140
1556213
1556900
1558152
1558447
1559064
1559625
1560509
1562197
1562908
1563082
1563106
1564537
1566598
1567688
1568771
1569925
1570769
1571325
1571491
1571750
1572173
1573539
1575449
1575464
1577268
1578262
1580297
1582264
1582510
1583554
1584922
1585759
1588006
1589111
1589114
1589410
1590575
1590603
1591430
1591780
1593380
1594226
1595357
1595399
1595550
1597521
1597583
1597994
1599237
1599967
1602529
1602579
1602726
1603577
1604538
1605923
1606562
1607670
1607748
1608158
1608741
1610515
1610688
1611024
1612018
1614117
1614209
1615143
1615411
1616478
1616735
1618192
1618554
1618996
1619416
1623861
1627178
1628382
1630883
1631743
1632354
1632493
1632734
1633083
1633553
1634624
1634679
1636529
1639513
1640078
1641447
1642002
1642455
1645002
1645434
1646073
1647051
1647807
1653481
1654345
1655345
1656014
1656526
1656916
1658286
1659360
1659595
1662549
1663451
1663548
1665452
1665797
1669135
1671471
1672263
1672848
1672853
1673138
1673744
1675764
1680004
1680347
1682969
1684696
1685023
1685451
1685452
1685489
1686923
1691742
1692853
1695912
1696553
1697343
1697543
1697689
1697702
1698409
1698632
1699519
1702422
1702693
1703176
1705457
1705740
1706006
1707456
1709750
1709949
1711506
1711894
1713491
1714144
1715982
1716282
1716601
1716718
1717102
1718354
1718623
1721977
1722437
1724555
1724627
1725788
1728244
1728838
1729715
1729778
1730384
1732012
1733273
1734273
1735001
1735692
1735996
1736434
1736920
1738461
1739227
1739443
1740461
1742241
1743970
1745244
1745485
1746981
1747391
1747533
1748823
1749597
1750911
1752169
1752277
1752431
1752671
1754179
1755199
1755807
1756141
1756598
1758670
1758872
1760247
1765009
1765061
1766002
1767056
1767353
1768205
1768785
1769938
1771093
1772395
1772726
1773627
1775957
1777317
1777945
1778373
1778441
1781552
1781661
1782047
1784227
1784503
1784749
1784822
1787912
1791671
1792606
1793305
1794048
1794088
1795107
1795249
1797310
1797657
1798622
1799975
1800667
1801505
1801731
1802045
1803715
1804019
1804234
1804938
1806697
1807045
1807892
1810371
1810991
1811046
1811790
1812585
1812909
1814245
1815733
1818419
1819469
1819796
1820213
1820669
1820822
1822225
1823870
1824032
1826442
1826606
1827157
1827390
1828051
1832805
1833171
1834926
1835473
1836296
1837124
1838838
1839174
1839381
1839538
1839870
1840688
1841832
1843424
1843907
1844670
1845941
1847729
1849930
1851921
1854523
1855499
1856140
1856186
1856811
1859005
1859689
1860054
1860203
1860787
1861543
1862894
1863712
1865168
1865883
1867305
1867355
1867940
1868180
1869056
1869769
1870129
1870236
1872669
1873588
1875245
1875298
1875318
1875929
1876356
1876752
1877154
1877346
1880303
1880341
1882168
1884315
1886817
1887201
1887831
1892724
1893299
1894703
1895003
1896508
1898542
1899416
1900586
1901213
1901295
1901830
1902637
1903457
1904541
1905171
1905739
1906110
1906198
1907889
1908285
1908897
1909172
1911239
1911604
1913326
1914562
1914678
1915410
1916627
1920878
1921566
1923012
1923998
1925660
1926705
1926709
1927343
1928074
1928599
1929045
1929829
1931388
1933574
1933580
1933705
1935045
1935202
1935569
1937737
1938185
1939402
1940237
1941065
1941342
1941421
1941829
1942732
1942931
1947377
1947672
1949472
1950693
1951478
1951970
1955379
1955561
1957441
1959744
1960334
1962696
1965773
1966675
1966755
1968186
1969838
1969875
1970174
1970287
1970672
1972898
1974376
1975627
1975931
1977629
1979020
1980238
1980325
1980576
1981496
1986436
1986913
1988355
1988622
1989506
1991089
1991448
1993359
1995513
1999162
1999343
2003224
2003256
2004929
2006994
2007167
2008758
2009039
2009313
2011681
2011911
2012581
2015435
2016064
2018348
2018579
2018836
2019565
2020088
2020432
2021475
2021737
2022506
2023299
2023564
2024792
2026182
2030596
2032135
2032199
2032735
2032893
2035763
2036097
2037002
2037212
2037722
2038517
2041294
2041964
2042554
2043871
2044608
2045175
2046383
2049535
2050090
2050511
2055072
2056721
2057767
2058958
2059973
2060678
2060752
2065186
2066800
2067939
2068053
2068478
2069715
2069777
2070052
2070212
2076369
2076479
2078632
2082079
2083439
2084651
2084985
2085872
2086500
2088616
2088627
2089227
2089498
2089510
2090207
2092904
2093958
2094381
2095033
2097225
2098546
2098838
2099734
2099822
2100039
2100079
2102682
2106356
2106493
2107189
2107990
2109622
2110316
2110469
2111116
2111926
2116203
2117689
2117692
2120390
2121078
2123508
2124034
2125255
2125354
2126835
2126944
2131444
2131614
2132017
2134049
2135108
2135420
2136235
2136893
2137508
2140490
2142074
2142897
2145190
2145831
2147298
2149135
2150032
2154352
2154578
2157968
2160500
2162364
2162512
2163094
2163286
2164020
2165556
2165700
2166063
2166688
2167188
2168142
2169032
2169384
2171353
2172485
2173746
2174315
2175518
2177844
2178785
2179841
2181499
2181567
2182858
2183945
2185191
2185428
2185788
2188094
2190050
2190351
2191515
2191659
2198423
2199162
2199235
2200912
2200964
2202238
2202311
2202617
2202870
2205113
2205491
2206473
2206684
2209497
2210184
2210485
2210641
2216484
2217768
2217962
2219581
2220620
2220699
2220749
2221509
2222038
2222254
2222856
2223276
2226214
2226767
2227012
2228918
2229021
2229286
2231281
2231523
2232216
2233649
2234680
2234949
2235923
2236478
2236585
2236784
2236926
2237513
2239196
2239384
2240590
2241976
2242935
2244878
2245411
2248156
2249635
2249749
2249778
2251514
2252488
2252996
2253173
2253192
2253435
2253672
2255117
2255497
2255571
2256395
2256850
2258639
2260111
2260305
2261025
2261269
2261888
2263889
2266871
2266887
2267005
2267044
2269837
2270451
2271427
2271911
2273239
2275784
2278256
2279488
2279775
2280732
2280758
2284410
2284748
2287459
2290034
2290501
2292555
2295434
2297938
2298019
2299385
2299929
2301250
2301844
2302144
2303864
2304794
2304969
2307499
2307755
2308589
2312078
2312952
2313648
2316140
2316556
2318406
2319183
2320523
2326078
2326936
2327141
2327413
2327752
2327779
2328244
2330660
2331668
2333113
2335115
2335124
2335279
2336142
2337578
2338025
2341939
2342015
2343503
2343753
2345158
2347764
2348462
2349395
2350723
2351944
2351945
2351954
2356441
2356700
2357439
2357783
2359225
2360973
2362508
2363313
2364296
2364702
2366031
2366106
2368284
2370399
2370836
2371370
2372048
2372276
2372301
2373887
2376111
2376115
2376635
2377885
2378216
2379023
2379384
2381342
2383615
2385389
2386074
2387555
2388793
2389555
2390008
2390915
2391001
2391591
2393043
2393066
2393109
2393418
2393419
2393740
2393774
2394911
2396068
2396392
2397816
2397859
2398444
2402531
2404504
2404752
2407998
2408728
2409563
2410329
2410612
2412845
2412881
2413008
2413096
2413401
2413894
2415532
2416796
2417167
2418374
2420192
2421957
2422898
2423113
2423481
2423707
2424234
2424323
2425944
2426374
2427917
2427987
2428740
2429619
2429948
2430116
2430740
2431503
2431835
2432182
2432948
2433146
2433556
2437338
2437780
2438837
2439225
2444919
2445473
2446478
2449622
2453512
2453705
2454240
2455358
2455391
2457300
2458265
2458368
2458769
2458863
2459920
2460088
2460142
2460512
2460560
2460945
2461704
2463231
2463733
2465335
2466986
2467946
2468554
2468960
2472886
2472930
2474456
2474506
2475848
2478082
2479433
2480733
2482576
2485227
2486425
2486510
2486964
2487697
2487726
2487881
2488101
2488173
2489107
2489745
2491890
2492853
2493569
2493879
2496772
2498037
2498718
2499257
2502032
2502473
2502521
2505568
2505737
2506855
2509270
2509533
2510258
2511653
2515543
2516049
2517099
2518371
2520172
2520996
2521013
2521055
2521405
2522902
2523165
2524301
2526347
2527523
2528392
2532322
2532723
2535414
2535574
2536733
2536963
2537026
2537644
2538581
2540567
2540927
2541405
2542761
2542950
2543181
2543889
2547075
2549000
2549258
2549829
2550761
2551718
2552530
2552627
2552767
2553812
2559555
2562240
2563888
2566797
2568697
2568848
2569332
2569771
2570094
2571816
2573957
2576021
2577232
2578138
2579161
2580778
2582120
2582162
2582470
2586664
2586699
2586912
2589275
2590518
2591054
2592168
2593642
2595251
2596075
2596351
2597542
2599338
2599703
2600122
2600404
2602703
2602767
2604710
2605080
2606211
2606361
2606830
2606886
2607042
2607464
2607869
2608110
2608949
2609360
2612414
2613114
2615548
2616575
2617195
2617755
2618983
2618995
2619935
2620620
2621249
2622006
2623392
2623533
2623937
2623940
2624530
2626846
2627222
2628306
2628517
2628815
2631004
2631821
2634635
2634741
2636785
2637026
2638066
2638416
2638614
2641097
2642804
2643323
2643758
2644004
2644688
2645042
2645058
2645076
2645632
2646634
2646710
2648617
2649286
2649323
2654482
2655437
2656821
2658075
2660866
2664044
2666625
2668490
2668699
2669317
2669495
2669606
2669904
2670102
2670260
2670261
2671238
2671486
2671686
2672055
2675009
2676387
2677083
2677718
2679890
2680994
2681511
2681877
2682678
2686141
2687600
2689149
2690533
2691703
2693115
2694491
2695416
2695645
2697138
2701001
2701194
2701912
2702602
2702999
2704125
2704836
2705146
2705672
2706059
2706446
2707534
2708982
2709966
2712179
2712443
2713058
2713903
2714041
2714302
2715227
2715729
2715989
2716986
2719841
2720003
2723846
2725224
2727062
2730709
2731207
2732188
2732944
2732995
2734888
2736453
2736853
2736857
2738096
2738934
2739511
2739985
2742433
2742579
2742873
2744925
2745305
2745511
2747083
2747231
2748236
2750072
2750538
2751106
2751590
2752451
2754756
2755252
2755499
2755556
2756214
2759108
2760573
2764102
2764142
2765121
2767633
2767706
2768352
2769042
2770948
2773045
2773583
2773775
2777109
2777640
2779542
2779960
2780183
2780470
2780628
2780669
2781269
2781295
2781412
2781444
2781525
2782462
2783301
2783492
2784245
2784544
2785911
2787219
2789104
2789462
2789948
2790086
2791003
2791313
2791617
2792035
2793824
2794161
2794195
2796929
2797512
2797767
2798403
2798980
2801037
2802951
2803919
2806923
2809856
2810142
2810239
2811641
2813476
2813649
2814164
2817634
2820640
2820791
2820984
2821555
2822314
2822987
2824130
2824290
2824423
2825240
2827312
2828935
2829463
2829594
2829918
2830774
2831333
2831730
2831752
2832074
2832230
2832401
2834806
2837974
2838639
2838658
2839088
2839536
2844093
2844205
2844404
2845858
2846647
2849052
2851955
2853680
2855141
2856905
2857627
2857799
2858016
2859648
2859896
2859960
2862131
2862275
2862474
2862523
2864015
2864928
2867792
2868729
2871308
2872661
2873419
2873834
2873856
2874407
2874427
2875292
2875625
2875694
2877155
2877874
2877998
2881182
2881264
2882150
2882820
2883893
2884194
2885684
2886138
2886182
2888090
2888122
2888937
2893510
2897265
2897896
2897983
2898248
2899279
2900295
2902685
2903406
2904237
2904737
2906378
2906829
2907133
2907447
2907487
2907593
2908090
2908163
2910536
2912137
2912485
2912814
2912951
2918638
2918688
2918761
2919024
2919474
2922000
2922096
2922544
2927755
2928522
2930214
2931148
2933050
2935104
2935641
2935993
2936855
2938553
2943349
2943936
2944320
2944372
2945975
2947240
2948318
2950700
2953828
2954833
2958745
2959791
2961064
2961484
2961870
2962596
2964127
2965755
2968817
2969690
2970684
2970845
2971539
2972163
2972214
2975179
2975334
2977572
2978408
2978667
2979569
2979648
2980131
2982541
2982763
2983475
2985448
2985830
2987217
2987832
2989151
2989320
2991365
2991800
2992088
2993671
2994171
2995693
2995765
2996130
3000376
3002774
3004252
3004348
3006327
3007901
3009299
3009404
3009582
3009638
3010655
3011640
3011939
3014336
3015619
3017459
3019519
3019898
3021633
3024767
3027146
3027429
3028146
3029056
3031293
3031451
3031530
3031813
3033793
3035106
3036705
3038951
3040124
3040500
3040600
3040628
3041123
3041253
3042026
3042203
3042436
3045620
3048040
3052146
3052300
3053607
3053672
3054197
3054737
3054754
3055383
3056440
3057719
3057972
3058163
3058500
3059667
3060237
3062235
3063051
3064552
3064914
3068496
3070574
3071520
3071541
3071913
3072104
3072380
3072610
3075102
3075372
3075721
3076713
3076902
3076973
3078858
3080404
3080506
3080608
3081025
3082190
3082935
3083054
3083406
3083932
3083991
3085122
3085786
3087195
3087941
3089236
3089357
3090019
3091571
3095457
3096108
3097348
3097661
3102238
3102759
3103665
3103677
3106367
3106373
3107319
3107358
3107532
3107548
3107627
3110016
3110896
3110897
3112590
3115008
3115093
3115650
3116665
3117719
3118759
3119114
3119770
3120251
3120520
3120623
3120676
3121585
3122829
3123456
3124323
3124402
3125242
3125944
3127558
3130432
3131357
3131472
3131586
3132409
3132906
3133056
3136848
3138339
3139561
3139589
3139637
3141667
3142334
3143804
3144243
3145183
3146092
3146562
3146782
3149222
3149611
3149910
3151078
3151468
3152216
3152887
3153558
3153749
3157659
3158006
3158191
3159530
3159725
3160735
3161152
3162954
3163159
3164514
3164702
3165732
3167341
3167796
3168807
3169705
3170367
3171165
3171394
3171763
3171801
3172944
3173793
3173877
3176393
3176594
3176637
3177232
3178218
3179060
3180175
3181067
3181294
3181624
3184640
3185912
3186107
3186189
3187997
3188285
3188565
3190970
3191809
3191984
3192320
3194959
3195559
3195890
3196123
3197693
3198747
3198789
3198970
3199272
3200624
3200824
3201909
3202841
3204370
3204718
3205654
3205759
3206136
3207133
3210729
3212015
3212528
3213297
3213367
3215462
3215568
3215909
3215925
3217013
3220078
3220221
3222048
3222675
3222765
3223658
3224118
3225000
3226103
3226337
3227517
3229252
3230607
3230641
3231610
3231613
3233570
3233804
3234650
3236516
3237230
3240927
3240936
3243714
3244748
3247085
3247911
3248020
3248945
3249408
3249974
3252335
3254713
3254833
3256524
3256673
3258702
3260612
3260861
3261345
3261771
3263651
3265757
3266473
3269498
3270214
3272507
3272898
3275655
3276210
3277564
3278075
3278139
3279276
3279744
3280604
3281376
3282915
3285014
3285426
3285806
3286326
3286610
3287450
3287788
3292276
3292636
3293634
3294163
3296345
3296729
3297385
3298008
3298111
3299076
3300518
3301378
3301617
3301966
3301968
3304683
3305856
3306007
3306461
3307120
3307582
3309962
3310108
3311363
3311486
3312130
3312274
3312396
3313123
3313762
3314895
3315266
3315860
3319352
3319933
3321301
3321906
3323454
3323693
3324052
3328117
3330316
3331310
3331662
3331763
3333139
3333201
3334287
3335143
3337654
3338349
3338820
3340269
3343028
3346204
3348206
3348236
3349108
3349234
3352254
3352992
3354349
3355778
3356689
3357655
3358077
3358300
3359699
3360805
3361492
3363310
3364390
3367724
3367810
3368146
3369399
3369463
3370251
3371860
3371904
3372341
3374144
3374511
3375190
3375824
3378411
3378593
3378746
3378938
3379112
3381218
3381619
3382270
3383531
3383569
3383855
3386137
3388807
3388845
3392470
3392825
3393654
3393730
3395612
3395733
3396078
3396189
3399243
3399492
3400363
3401118
3401356
3402540
3402657
3402957
3403387
3404006
3404481
3405317
3405635
3407776
3407864
3409487
3409623
3410032
3410413
3410733
3412894
3413521
3414743
3415104
3416835
3416926
3417834
3417836
3417943
3418141
3421139
3421667
3422030
3424661
3424758
3425145
3425430
3425634
3426971
3427672
3428593
3430210
3430869
3433983
3439392
3439868
3439879
3440662
3441537
3444145
3445217
3446872
3447285
3448773
3449723
3451277
3453047
3453554
3455452
3456282
3456599
3458272
3458590
3459261
3462800
3465258
3465306
3469017
3469086
3469193
3469722
3470900
3471315
3471438
3471615
3472031
3472085
3472434
3476080
3476193
3476978
3477013
3480785
3480938
3481244
3482324
3484163
3485315
3485734
3487255
3489357
3492791
3494054
3495516
3496179
3496516
3496549
3496601
3496671
3497857
3498919
3499980
3500461
3501545
3504102
3504677
3504881
3506081
3507039
3507575
3507618
3507708
3507839
3510061
3511315
3511417
3511610
3513135
3514414
3514929
3516603
3518185
3518751
3519866
3520255
3520337
3520909
3524344
3525396
3532145
3532586
3533197
3535925
3536262
3537627
3538286
3538423
3538675
3539880
3540558
3541539
3542831
3543501
3543661
3544954
3546238
3546955
3547264
3547651
3547767
3548174
3548329
3549315
3549709
3552327
3553249
3553989
3554582
3555478
3556188
3556406
3557793
3557943
3557972
3558101
3558483
3559005
3559784
3560089
3561449
3561569
3561680
3562689
3565479
3566994
3568367
3569234
3570895
3572172
3573697
3575154
3578209
3578961
3579428
3580241
3581288
3581871
3584728
3585760
3586754
3587435
3588443
3591145
3594282
3594435
3595688
3595959
3596635
3597267
3597402
3598594
3598595
3599823
3602156
3603457
3603777
3606108
3607650
3609273
3609511
3609595
3609988
3610833
3611722
3611931
3612883
3613951
3614228
3614735
3615998
3616236
3617611
3618123
3622996
3624104
3624234
3624275
3624524
3625569
3626508
3628401
3628469
3629992
3630117
3630635
3631402
3631686
3632103
3632132
3632764
3633071
3633347
3633440
3633894
3634279
3634490
3635760
3636258
3639269
3640567
3641094
3643151
3643703
3644408
3645352
3645970
3646767
3647261
3647769
3647905
3649434
3651399
3651627
3651635
3652195
3653117
3654019
3654708
3655558
3656021
3657507
3657804
3658865
3661180
3661196
3662500
3662675
3662734
3664958
3671012
3671691
3671912
3672767
3673581
3673703
3674812
3676724
3677325
3678615
3678910
3679294
3681903
3684310
3684933
3685422
3686723
3687921
3689012
3689974
3690040
3690655
3693717
3693779
3693943
3694262
3694541
3694582
3694885
3695253
3697069
3697781
3698215
3698445
3698581
3699146
3701033
3701174
3701923
3702005
3702342
3702359
3702398
3702573
3703477
3704076
3704619
3708410
3709400
3710831
3711287
3712267
3713711
3715275
3717428
3717893
3718265
3718743
3718994
3719724
3720597
3720719
3722086
3722745
3725305
3725335
3726050
3726069
3726443
3726690
3726740
3726863
3728191
3729788
3730745
3732148
3732168
3732493
3732769
3734218
3737293
3738597
3741115
3741752
3742912
3745983
3747329
3748209
3748945
3749550
3752147
3752758
3753564
3754824
3755735
3755782
3756835
3757614
3759970
3760178
3761052
3765387
3768789
3769135
3769624
3771324
3771424
3772386
3772936
3773382
3774060
3776070
3777554
3778525
3779912
3780182
3780904
3782669
3782895
3783071
3783651
3785561
3786250
3790692
3792682
3792984
3793129
3794362
3794540
3795038
3796660
3796793
3796885
3798737
3800251
3800532
3800835
3803521
3806965
3807670
3807731
3808776
3810137
3810363
3810643
3812557
3815299
3817322
3817533
3818629
3821071
3821082
3822928
3823087
3823959
3824657
3825285
3826650
3828272
3828521
3831690
3832365
3833228
3833460
3834499
3835291
3835464
3836491
3837052
3839519
3840601
3841818
3843204
3847263
3847513
3849233
3850452
3850933
3851502
3851909
3852532
3852749
3853693
3854959
3856502
3857957
3858534
3858580
3859425
3860902
3862545
3864510
3864937
3867393
3869450
3869707
3869740
3871223
3871452
3872634
3873193
3873817
3874706
3875203
3876055
3877858
3878540
3878549
3878593
3880017
3885074
3885287
3885491
3886686
3887883
3889309
3893439
3893443
3895585
3896106
3898664
3899461
3900611
3900840
3902064
3903764
3904285
3904751
3906043
3906439
3907114
3907561
3907724
3908375
3909357
3911042
3912333
3913746
3914294
3914327
3914691
3915155
3916244
3917196
3918817
3919366
3920429
3921787
3924514
3924525
3924819
3924969
3925845
3925919
3926192
3926297
3931200
3931919
3933110
3933450
3935882
3936256
3936271
3936738
3937045
3937646
3938315
3940056
3940814
3942751
3945324
3946066
3948605
3950288
3951087
3952149
3952266
3953699
3954052
3954760
3956167
3958231
3958369
3958951
3959853
3962664
3963153
3966079
3968671
3970074
3970762
3971087
3971330
3971460
3972538
3972676
3972786
3974006
3975787
3976971
3979209
3983554
3983778
3984070
3985549
3985987
3987088
3992357
3993872
3994517
3994984
3995191
3995587
3995743
3996224
3997719
3997751
3999469
3999772
4001836
4003656
4004905
4005729
4005797
4006976
4008188
4008725
4009724
4012335
4014820
4015074
4015843
4016974
4017967
4018242
4019008
4019903
4019955
4021632
4023066
4023806
4024027
4024203
4024734
4025942
4026290
4027231
4028357
4028448
4033333
4033608
4035187
4035841
4036943
4038226
4038639
4039107
4039539
4039906
4040962
4041857
4041982
4045050
4046445
4047501
4049547
4050364
4053477
4061940
4062582
4064997
4065555
4065863
4068439
4068735
4071061
4073235
4073506
4074336
4074779
4074805
4076211
4076811
4080663
4080932
4081570
4081721
4082193
4083453
4086886
4087732
4087754
4089962
4090804
4093579
4094787
4095783
4096131
4096251
4096316
4096398
4096940
4098535
4099629
4099663
4099834
4100418
4100602
4102471
4102604
4103723
4103861
4104016
4104041
4105990
4106563
4107135
4107791
4108094
4109223
4110293
4110422
4111009
4112148
4112903
4113285
4114362
4117013
4117370
4117941
4118017
4118028
4119735
4119861
4120498
4121814
4122366
4122988
4123563
4124887
4125714
4130550
4132082
4133304
4134264
4134928
4135047
4135792
4136404
4136505
4138595
4139397
4142769
4143087
4143866
4144719
4144781
4144904
4146696
4148727
4149169
4151226
4151531
4153133
4154584
4156557
4159563
4159969
4164272
4166641
4168686
4169180
4169589
4169811
4170432
4171203
4172246
4172393
4172998
4173678
4174257
4175490
4177779
4178199
4178622
4180707
4181507
4182174
4183595
4184322
4184583
4186463
4187466
4187997
4191348
4191846
4193337
4195121
4195674
4196062
4196598
4197505
4197697
4197716
4197813
4197937
4198395
4198943
4203873
4203975
4204194
4205428
4205988
4206174
4206597
4206716
4207779
4208202
4210920
4211720
4211956
4212279
4212358
4212836
4213247
4214446
4214752
4216375
4217781
4219172
4220656
4222221
4222224
4226502
4227633
4229146
4229558
4230464
4231298
4231619
4232695
4233922
4234412
4235011
4235040
4235822
4236964
4237164
4238616
4239036
4239259
4239947
4244738
4244850
4247110
4247171
4247338
4247577
4249207
4251518
4251576
4251893
4252283
4253373
4259952
4260705
4260993
4261270
4261993
4262086
4262609
4265455
4265630
4268252
4269676
4270819
4271229
4271596
4271757
4271865
4273366
4273434
4275227
4275587
4275841
4276385
4276563
4278003
4281376
4281868
4282765
4285570
4286182
4287040
4288238
4289119
4290186
4291925
4292714
4292776
4292921
4293202
4293479
4293759
4293875
4293879
4294648
4294880
4297067
4298916
4299495
4299765
4300159
4300186
4300995
4301812
4302931
4303904
4304873
4305395
4305560
4305656
4306471
4306576
4307968
4311025
4311922
4313132
4314409
4316250
4321469
4322559
4322915
4323256
4324553
4325445
4326304
4327508
4327576
4328231
4328235
4328386
4328442
4328626
4329398
4329858
4330365
4330678
4331345
4331571
4331625
4333329
4334197
4334900
4335064
4335900
4336646
4338026
4339137
4339191
4339409
4340153
4340177
4341342
4341422
4341544
4344100
4344949
4345602
4347018
4347747
4349431
4349616
4350761
4353031
4353110
4354406
4354641
4355650
4357001
4357755
4358777
4360324
4361809
4362384
4364005
4365975
4366388
4366972
4367913
4368941
4369672
4369829
4370990
4371575
4371775
4374220
4374342
4374407
4375238
4375927
4378302
4378848
4380415
4380688
4380841
4381599
4382631
4384093
4384212
4385145
4385508
4388125
4389955
4390733
4393374
4394442
4394546
4394607
4397044
4397992
4400152
4400661
4400847
4401689
4403148
4403782
4404492
4405030
4406032
4407349
4408172
4408705
4411468
4411961
4412378
4413307
4413993
4417182
4417204
4417776
4418250
4418513
4419034
4419365
4419395
4419455
4420949
4421167
4421807
4422901
4423024
4424098
4424534
4424595
4425062
4425146
4425268
4427290
4427839
4429490
4431365
4433802
4434431
4436364
4437051
4437319
4438213
4438677
4439931
4439955
4440803
4442449
4442645
4443604
4444069
4445127
4445491
4446428
4447084
4450368
4451821
4455568
4456162
4458602
4459036
4459573
4460207
4460654
4461290
4461471
4462518
4462600
4464281
4468237
4468333
4468426
4470555
4470969
4471348
4472447
4472836
4474041
4474314
4474764
4475332
4476797
4478283
4479751
4480152
4481019
4481557
4482064
4482765
4483133
4483628
4487141
4487501
4488078
4488618
4490264
4492256
4492672
4492887
4495039
4496717
4497434
4498784
4499749
4500034
4501630
4502302
4504675
4505362
4505412
4506543
4507966
4509915
4510909
4511719
4514288
4514496
4518484
4518608
4519229
4520200
4520740
4521029
4521440
4521761
4522199
4524792
4526100
4527526
4527971
4528622
4528779
4531043
4531370
4532175
4532433
4534260
4534935
4536012
4537909
4538921
4539639
4541271
4541870
4541985
4547267
4549844
4549858
4551661
4551826
4551884
4552367
4553200
4556161
4557498
4558172
4559120
4561015
4562442
4562807
4564008
4566586
4567050
4567358
4568056
4568511
4569310
4570376
4570761
4570964
4570970
4571088
4571426
4571760
4571807
4575828
4576341
4579522
4580126
4582736
4583377
4583913
4584140
4584765
4585244
4585443
4586152
4587920
4587929
4588496
4589619
4590811
4594506
4594565
4594752
4595060
4596494
4597357
4597405
4597606
4599002
4599154
4603332
4603833
4604401
4604747
4607491
4607513
4610456
4613366
4614020
4614737
4614917
4615317
4615521
4616213
4617956
4621196
4622064
4622390
4623598
4623943
4624955
4626220
4626308
4626375
4627118
4629152
4630426
4631032
4631162
4632272
4632490
4634457
4634499
4636142
4637137
4639921
4640101
4641398
4643170
4643603
4644345
4644997
4646487
4646488
4646608
4648891
4652084
4652577
4652894
4654497
4656762
4659238
4663322
4663780
4663888
4664173
4664225
4665007
4665160
4667476
4667906
4668867
4669876
4670209
4671529
4673192
4673394
4675087
4675376
4676977
4679155
4679305
4679533
4680815
4681897
4683706
4684289
4684537
4684545
4684969
4686088
4686866
4687377
4688390
4688585
4689987
4690795
4691297
4691590
4692875
4694017
4694162
4694928
4695969
4702361
4704382
4707252
4707882
4710420
4710629
4711313
4712713
4712943
4714577
4715322
4719146
4719380
4719514
4719654
4719745
4720940
4725132
4725659
4726273
4726364
4726858
4728280
4730501
4731318
4732904
4734449
4734588
4735337
4736383
4736691
4737297
4737836
4738127
4740397
4740891
4741128
4743964
4744666
4745265
4746037
4746187
4747616
4747928
4748832
4749143
4749545
4750847
4752505
4753323
4753870
4754792
4757725
4759371
4760553
4761815
4764205
4764718
4765666
4766273
4766473
4766859
4768214
4768837
4769283
4769389
4770632
4771250
4771416
4772725
4773810
4774063
4774130
4774894
4775998
4776160
4776421
4776704
4776930
4776949
4778802
4779189
4779331
4779542
4781257
4782432
4783428
4785786
4786037
4786437
4786676
4787360
4787744
4789016
4794001
4794520
4795915
4796322
4796436
4797209
4797242
4797665
4797700
4798239
4798313
4799329
4801015
4801630
4801651
4803518
4804022
4804252
4804745
4806925
4809997
4813067
4813467
4813837
4814478
4815094
4815095
4817689
4817721
4818206
4818616
4818625
4819592
4821532
4822190
4822755
4822945
4823116
4825570
4827863
4827871
4828106
4828391
4828840
4830005
4832529
4833080
4833310
4835140
4836859
4837583
4837761
4839226
4839647
4841087
4841173
4841413
4842341
4845245
4847350
4847604
4848274
4848952
4849276
4850232
4850411
4851578
4853339
4853525
4854472
4855128
4855502
4855546
4858661
4859152
4860540
4860687
4861351
4861520
4862165
4862356
4862410
4863447
4866041
4866469
4866814
4868230
4869265
4869771
4869912
4870259
4870516
4870859
4870876
4870932
4874646
4874884
4875157
4877294
4878081
4879256
4883698
4883777
4884002
4888479
4889316
4889855
4890662
4893596
4893613
4894098
4894751
4895669
4896078
4896463
4897453
4898269
4898348
4899026
4899081
4900025
4900479
4901661
4904107
4907517
4908421
4908980
4910096
4910503
4910740
4910761
4912116
4912779
4913241
4913741
4913881
4914711
4914929
4917168
4917547
4917758
4918707
4919314
4920968
4921146
4921990
4923416
4924838
4925031
4927660
4927926
4928323
4930407
4932351
4932973
4933127
4935738
4939207
4941871
4941998
4942250
4943791
4944438
4946428
4947025
4947576
4947778
4948066
4949096
4951571
4951981
4953068
4953472
4955639
4956440
4957209
4960322
4960815
4963050
4963111
4963360
4963807
4964040
4964471
4966146
4966428
4967918
4967979
4968858
4978956
4979396
4979849
4980864
4981808
4982459
4983153
4983528
4984094
4984452
4984553
4985528
4988655
4988956
4991098
4993117
4995081
4995115
4996151
4996993
4997996
4998390
4998768
4999123
4999303
5001078
5003994
5004109
5005077
5005176
5005964
5009316
5010153
5010724
5011468
5012081
5013487
5014014
5015932
5015966
5020735
5021147
5022318
5023488
5023754
5024551
5025702
5026246
5027077
5027304
5028236
5028478
5032191
5035774
5037055
5037566
5037885
5039476
5039548
5040476
5041377
5041786
5042974
5043373
5044064
5044662
5044909
5045200
5045663
5046131
5046524
5048751
5050175
5051725
5052274
5053396
5054856
5055136
5055166
5055633
5056962
5057150
5057795
5058149
5058296
5058551
5060507
5060793
5060807
5061100
5061337
5062274
5062819
5063219
5064021
5064431
5066583
5066986
5067783
5068808
5069426
5071187
5071550
5071934
5073089
5073707
5073772
5074827
5075196
5077120
5078261
5080080
5081170
5081854
5082147
5082388
5082557
5082957
5083116
5083217
5084231
5084252
5084390
5085465
5092409
5093479
5095253
5096615
5097759
5098437
5100330
5102059
5102204
5102280
5102356
5102683
5103697
5103955
5104418
5106129
5107449
5108544
5108935
5108947
5109160
5110424
5110686
5112937
5114788
5115371
5116644
5116859
5117542
5118101
5119474
5120786
5121708
5124623
5125450
5129074
5130427
5130740
5130776
5131706
5132585
5132982
5135127
5136727
5137088
5139366
5140237
5141055
5141484
5143467
5144832
5144956
5145551
5146262
5148993
5149268
5151180
5153363
5156489
5158345
5158786
5158842
5159912
5161347
5162072
5162201
5162539
5165118
5167274
5168760
5170263
5171808
5172937
5175458
5175877
5176058
5176622
5176978
5178158
5179356
5181380
5181906
5182787
5182917
5184353
5184662
5184804
5185446
5185602
5187062
5187066
5187140
5187159
5187609
5188697
5189861
5190600
5191698
5191772
5192463
5193069
5193742
5193887
5195517
5198907
5199776
5200048
5201335
5202231
5202725
5204839
5212653
5213908
5215316
5215745
5217581
5219804
5220198
5222225
5222367
5222495
5225246
5227873
5228536
5228558
5228937
5229395
5229822
5230017
5232283
5233688
5234017
5234392
5234480
5236432
5237099
5238713
5238928
5240407
5240784
5242432
5243297
5243448
5245796
5246100
5246411
5246979
5248461
5250589
5252580
5252588
5252650
5256174
5256348
5258100
5258516
5259026
5260872
5261668
5262257
5265227
5265493
5268729
5269410
5270052
5270177
5270414
5270724
5270957
5275657
5277472
5277732
5278500
5279097
5279939
5280044
5280903
5280954
5281048
5282104
5282917
5284397
5288200
5289622
5289661
5291471
5294351
5295020
5295105
5297111
5297305
5297715
5298771
5299050
5300686
5301410
5301514
5302072
5303019
5304335
5306418
5306818
5307124
5307509
5307888
5308140
5309633
5310952
5312171
5312389
5312641
5314346
5314919
5316072
5316419
5317455
5317980
5318860
5323402
5323980
5324254
5324726
5324922
5328087
5329843
5330056
5330102
5331111
5331447
5331968
5332414
5332992
5333085
5333825
5336986
5337327
5337744
5339882
5340063
5340881
5342247
5342416
5343092
5344902
5347289
5347293
5348102
5348200
5350986
5352269
5352883
5353207
5353674
5354029
5354201
5354237
5355701
5357325
5361137
5361949
5362820
5364381
5364412
5364598
5365535
5365602
5365732
5367629
5368477
5369065
5370211
5370324
5370482
5370545
5371321
5371870
5372236
5372997
5373136
5374146
5374469
5376109
5378097
5378310
5378320
5381670
5382255
5383149
5384128
5384206
5384523
5384816
5385721
5387888
5389012
5391177
5391561
5391633
5391667
5392032
5392615
5394961
5395033
5395290
5396183
5396618
5397876
5398293
5398634
5398829
5399288
5399339
5400239
5401185
5401518
5401931
5402466
5403929
5404412
5404437
5405601
5405639
5406027
5406133
5406181
5408592
5410560
5411960
5412615
5413026
5414476
5415070
5415129
5417951
5418175
5418236
5418400
5420228
5420714
5424146
5424190
5424601
5425510
5426697
5428028
5428039
5428980
5430382
5431380
5431918
5432403
5433134
5433746
5434169
5436830
5438304
5438510
5439094
5439166
5439551
5441091
5441446
5443007
5445984
5448496
5449153
5449211
5450911
5451362
5451506
5452580
5453123
5455175
5456043
5456480
5456974
5457959
5458155
5458419
5458433
5458544
5459047
5459243
5459450
5460259
5460886
5462519
5462751
5462768
5463080
5463933
5464255
5464597
5466812
5468821
5469015
5469041
5469058
5469702
5470769
5471473
5472856
5473842
5474408
5475417
5475440
5476130
5477569
5480778
5481085
5481320
5483528
5484895
5486370
5487295
5489135
5489658
5489713
5489751
5490853
5491169
5491406
5491492
5492092
5492112
5492810
5493264
5493395
5494788
5497142
5497407
5497572
5497747
5500525
5501272
5501625
5502200
5502315
5503665
5505224
5506048
5506085
5506131
5507900
5509032
5509346
5509529
5510915
5512075
5512597
5513356
5513999
5514795
5516069
5516463
5516893
5517501
5517838
5518258
5518317
5518603
5519993
5521027
5523413
5525214
5525781
5526134
5527332
5527483
5529140
5529810
5530300
5531060
5534515
5534688
5535663
5538021
5538682
5539225
5541089
5542464
5542643
5543327
5544357
5544837
5546563
5546790
5548192
5549305
5550663
5554461
5554608
5554650
5554691
5554996
5556970
5558655
5558745
5558793
5559084
5559127
5560304
5560505
5562258
5564633
5565584
5565716
5565739
5566189
5566729
5567161
5567620
5568874
5570623
5571476
5572337
5572860
5572862
5573521
5575032
5575991
5576132
5577351
5577409
5577703
5577767
5580387
5580755
5587114
5587842
5587881
5588921
5591953
5592942
5595746
5596838
5597453
5597538
5597746
5597964
5600157
5600359
5601500
5602104
5604479
5604998
5606180
5607448
5608270
5609304
5611634
5611839
5612149
5612348
5614647
5616071
5618436
5618692
5619886
5620478
5620864
5623528
5626852
5627921
5629020
5630184
5633397
5634259
5634374
5636166
5636200
5638069
5638095
5638137
5640023
5640077
5641910
5642108
5642704
5646523
5651418
5654965
5655725
5656185
5656788
5659915
5661147
5662219
5663247
5664552
5665993
5667229
5667952
5670395
5670662
5672044
5672298
5674520
5675175
5675465
5675945
5676457
5677559
5677798
5678692
5679113
5680133
5680388
5680633
5682071
5682207
5682648
5682885
5684695
5686250
5687168
5687294
5688941
5689830
5689941
5690645
5692094
5692957
5698764
5699186
5699349
5699949
5700212
5701412
5701661
5702298
5703031
5703334
5704149
5704232
5704375
5704521
5706059
5706927
5707634
5709017
5709799
5709831
5710587
5711529
5712357
5715734
5716029
5716974
5718522
5718861
5720407
5720550
5722972
5723036
5725328
5726207
5726455
5727036
5728326
5731491
5732309
5732918
5733657
5733704
5734022
5734836
5736072
5738074
5738957
5739122
5739921
5740296
5740456
5747152
5748034
5748469
5749114
5749333
5750678
5751274
5752200
5754062
5756421
5756726
5758472
5759137
5759598
5759960
5760269
5760625
5763770
5764653
5766892
5767224
5767656
5767738
5770238
5770599
5771828
5772966
5773173
5776355
5776676
5780077
5781084
5781199
5781402
5781692
5782895
5783509
5784000
5784082
5785853
5787828
5788889
5789067
5789655
5793174
5794543
5799138
5799968
5801392
5802549
5802683
5807197
5808829
5809165
5810839
5811957
5814616
5816373
5816552
5818257
5819111
5820806
5820934
5821944
5827573
5827854
5830588
5831477
5832104
5833192
5833540
5838026
5838998
5839153
5839481
5839546
5840211
5842203
5842419
5842437
5842980
5843444
5843837
5845888
5845923
5846053
5847710
5850098
5850395
5850902
5851900
5852565
5852601
5853605
5853758
5857047
5859102
5859321
5860334
5860672
5863118
5863127
5865114
5865782
5866024
5866360
5866598
5868699
5870252
5870480
5870635
5871184
5872087
5872377
5872683
5877312
5877446
5877617
5877669
5877822
5878209
5881783
5883147
5885439
5886851
5889988
5891212
5892182
5892734
5892789
5895938
5900194
5900248
5900304
5900351
5902707
5903023
5905080
5905663
5907648
5908328
5908419
5909461
5911625
5911897
5912230
5913158
5913640
5918099
5918721
5919672
5922273
5923500
5923520
5923567
5924241
5926382
5926647
5927447
5927573
5928249
5928736
5929796
5932866
5933288
5939173
5939395
5939508
5939959
5942644
5943651
5943707
5944603
5945362
5945621
5945866
5946360
5946711
5948454
5951707
5952364
5953107
5953915
5954273
5954449
5954678
5957630
5957852
5958320
5958408
5958742
5960040
5962125
5964777
5964780
5965178
5966970
5967418
5969295
5969745
5969961
5969965
5970298
5971591
5971991
5972029
5972556
5972587
5975896
5976040
5977022
5979958
5980333
5981164
5984063
5985924
5987703
5988166
5988388
5988899
5996556
5997449
5997529
5998532
5999013
5999051
6003335
6003727
6004858
6006062
6009333
6010799
6010948
6011603
6011771
6013518
6013624
6013629
6013814
6014097
6016317
6016552
6017832
6018402
6018982
6022571
6023061
6023242
6023260
6023393
6023465
6023701
6026389
6026501
6028377
6028827
6029213
6029366
6029799
6030483
6030821
6030836
6031923
6032485
6032934
6035440
6036348
6037253
6038202
6038537
6038542
6039016
6041852
6043911
6046180
6046282
6047077
6047883
6048156
6050752
6051930
6052950
6053342
6054710
6055606
6056343
6058827
6061371
6065809
6066533
6066781
6068635
6073203
6074466
6074840
6075353
6076138
6076343
6076796
6077054
6078380
6078451
6078620
6078946
6079199
6079698
6079727
6080262
6080406
6081833
6083017
6086781
6088468
6089281
6090118
6091401
6091511
6091706
6091920
6092147
6092308
6094767
6095241
6096400
6098031
6100225
6100513
6100880
6101003
6102756
6104124
6105933
6109035
6110465
6111067
6111721
6112131
6112699
6113854
6114027
6114105
6115298
6117134
6118254
6118376
6119563
6119634
6122040
6122151
6123430
6125221
6125852
6126218
6127284
6129898
6130463
6131295
6132823
6134359
6136328
6138653
6139168
6140041
6140282
6141305
6141390
6144656
6145374
6145466
6146222
6146440
6146608
6149819
6151380
6152264
6153560
6154694
6155555
6155820
6156450
6157635
6158025
6159966
6161246
6163666
6163717
6165567
6165744
6165946
6166084
6166212
6167105
6167327
6170300
6170366
6171399
6171778
6171869
6173548
6176305
6177450
6178409
6180471
6180599
6181536
6181971
6182830
6183499
6185102
6187085
6187869
6189196
6189427
6189691
6191215
6192729
6193383
6193780
6194112
6194150
6195228
6195308
6195817
6196774
6197522
6198604
6199397
6199951
6200249
6201730
6203927
6204229
6204984
6205079
6205221
6205796
6206410
6207138
6207515
6208135
6208239
6208508
6208628
6211752
6212280
6215175
6215639
6217027
6217241
6218747
6219258
6220158
6222436
6227187
6227814
6227935
6228149
6228230
6232336
6232356
6232887
6233779
6234737
6236118
6236547
6237239
6240958
6241456
6241621
6241739
6242065
6243457
6246122
6247776
6249247
6249836
6251994
6253261
6253347
6253450
6253563
6254630
6255967
6258596
6260355
6261091
6262959
6264619
6264822
6265399
6265917
6266984
6269140
6269232
6270055
6270396
6270965
6272315
6272402
6274434
6276399
6276801
6277606
6278003
6278596
6281439
6281506
6281589
6283166
6283329
6283881
6284052
6284577
6286391
6286602
6287007
6287019
6287230
6287654
6288326
6289183
6289713
6290051
6291395
6292185
6292193
6292614
6293888
6293939
6295192
6296874
6298247
6299625
6299970
6300258
6302623
6302962
6305478
6306716
6307463
6307772
6308078
6308196
6310552
6310974
6311841
6315393
6315928
6316279
6316479
6318118
6318322
6318450
6318574
6318596
6319214
6319364
6320434
6321470
6321931
6322042
6322275
6322345
6322917
6323548
6323868
6324097
6324251
6324485
6327417
6328334
6328755
6329812
6331339
6331910
6333564
6333757
6334500
6335239
6335287
6336806
6337059
6337314
6338573
6338775
6338929
6341613
6342252
6342351
6344650
6345080
6345925
6348204
6350312
6350959
6351137
6351707
6353310
6354102
6355306
6358260
6358317
6358460
6359535
6362116
6363768
6364838
6365110
6365414
6367417
6368143
6368296
6370449
6374049
6376839
6378319
6378690
6381787
6382982
6383671
6384660
6384870
6386998
6387222
6388181
6389221
6392221
6392897
6394707
6396295
6396959
6397563
6399143
6402794
6404231
6404547
6404728
6405873
6407753
6408676
6409727
6409926
6412306
6413927
6415043
6415359
6417074
6418399
6418836
6422885
6423021
6423329
6424290
6426515
6428153
6428964
6429126
6429569
6431919
6433229
6433478
6433615
6434962
6435169
6435985
6436624
6437569
6437733
6438256
6438722
6439573
6439728
6439883
6440359
6441268
6443513
6444305
6445916
6446044
6448247
6449413
6450838
6452113
6452573
6452783
6452838
6452932
6453372
6453870
6454434
6455082
6456130
6456655
6456776
6457278
6457370
6458171
6458214
6458959
6459207
6460794
6461940
6462669
6463354
6466936
6467021
6469270
6470458
6472415
6472472
6473055
6474718
6475638
6477140
6478805
6479789
6479968
6480062
6480920
6481830
6483393
6483835
6483909
6484158
6484178
6484477
6484734
6488031
6488933
6489976
6490788
6491058
6493429
6493775
6494519
6495010
6495207
6495804
6496997
6497175
6497747
6501259
6501510
6501672
6502748
6503328
6503466
6504014
6505483
6505555
6506877
6507023
6508142
6508315
6508580
6509032
6509381
6509394
6509423
6510402
6510940
6511094
6514346
6514460
6514847
6518276
6519710
6519747
6519908
6520411
6521299
6522880
6525727
6526673
6527255
6528811
6530291
6530351
6530576
6531277
6531323
6532447
6532856
6535306
6535555
6536079
6537368
6539150
6539366
6540005
6541039
6541735
6542113
6543317
6543666
6544318
6547618
6548260
6548869
6549257
6549294
6549756
6551804
6552789
6552901
6555316
6557857
6560778
6560951
6562022
6563296
6563785
6566974
6567037
6567626
6568584
6568851
6569137
6571528
6575755
6575937
6576065
6576616
6578806
6579623
6579961
6580676
6581911
6582465
6582567
6584458
6584578
6584770
6586643
6587152
6587922
6588052
6588090
6589167
6589541
6591120
6591194
6591749
6592442
6593454
6594713
6595553
6596427
6596863
6598773
6600155
6600803
6601015
6601467
6601914
6603149
6603570
6603599
6603732
6605926
6605982
6607915
6608061
6608078
6609183
6612449
6613264
6613746
6614980
6615005
6615383
6616336
6616928
6617375
6617792
6619111
6619174
6619941
6620448
6621747
6622172
6623344
6623686
6624674
6625162
6626669
6626853
6627327
6628011
6628486
6629283
6629448
6631076
6632158
6633284
6635234
6636631
6637245
6640360
6640589
6641780
6642803
6644994
6645107
6645446
6648464
6648923
6648966
6649219
6649678
6652353
6653816
6655002
6655764
6656815
6657203
6657739
6659341
6659560
6660253
6660921
6662349
6664838
6665296
6665732
6667726
6668371
6669193
6670127
6670143
6670279
6670629
6670745
6670941
6671004
6671137
6672200
6673809
6674137
6675642
6675869
6677481
6678077
6678674
6678894
6678895
6679577
6680483
6680569
6683803
6684032
6688814
6691565
6694072
6695386
6695887
6696427
6696855
6697005
6697923
6698319
6698609
6699525
6700716
6701815
6702656
6702910
6702992
6703456
6704160
6704603
6706110
6706684
6706708
6707061
6707373
6709263
6709919
6710243
6710638
6710742
6710767
6711378
6713841
6714416
6717575
6718386
6721542
6721627
6722449
6722565
6723264
6726444
6729854
6729915
6730496
6730722
6731168
6731208
6731932
6732934
6734724
6738210
6738382
6741317
6744965
6745107
6745251
6746795
6747260
6747772
6749438
6749677
6750235
6750240
6750842
6752518
6754021
6754369
6755149
6756963
6757240
6758308
6759612
6759760
6761636
6763182
6763327
6766892
6772482
6774271
6775327
6775423
6776051
6776867
6776934
6777643
6780575
6781074
6781842
6783853
6785086
6786324
6787121
6787392
6788657
6789103
6792144
6792304
6792666
6792862
6796487
6797145
6797409
6797942
6798433
6800071
6801656
6801938
6802405
6803830
6804702
6807617
6808178
6808816
6809537
6810717
6811632
6812283
6813258
6814019
6814517
6814786
6815426
6815928
6821288
6821601
6821971
6822883
6823392
6827196
6828148
6828260
6829839
6831227
6831637
6833802
6834444
6837116
6839030
6839338
6839842
6843982
6844438
6845017
6845364
6846541
6847282
6847543
6847633
6847684
6847853
6850707
6853327
6853874
6854246
6854393
6854648
6855039
6855155
6856006
6857085
6859960
6860348
6863663
6864349
6864681
6865303
6865838
6867354
6868081
6870646
6871077
6871364
6872063
6875052
6876518
6878543
6878701
6878846
6878867
6880684
6881490
6883130
6884489
6886221
6886661
6886952
6888364
6888851
6889474
6889591
6889792
6889911
6892962
6894175
6895479
6895941
6896332
6896413
6897148
6898663
6901744
6902618
6902751
6903124
6903155
6904671
6905856
6907684
6907932
6912031
6912278
6912460
6912525
6915726
6915884
6916688
6916765
6917144
6917717
6918388
6918539
6919191
6920758
6921587
6923213
6923270
6923628
6925984
6926014
6928508
6930113
6930543
6931469
6932731
6933235
6934414
6937132
6937825
6938266
6938592
6939495
6939989
6940202
6941371
6942747
6942937
6943239
6943701
6944406
6945069
6946175
6947220
6948015
6948526
6948666
6949229
6949276
6949478
6951616
6952878
6952957
6953019
6954524
6956283
6957387
6961345
6962246
6963095
6964417
6965017
6967064
6968336
6968802
6970795
6973928
6974869
6975683
6976299
6976912
6977608
6977929
6978529
6979173
6979214
6979527
6980122
6981401
6982154
6984503
6986556
6991414
6991576
6993154
6994076
6994238
6994388
6994810
6994835
6995154
6995205
6996084
6996247
6996368
6997377
6998531
6998941
6998981
7000180
7000689
7000832
7001082
7001347
7002113
7002361
7003009
7003021
7004399
7005542
7006352
7007556
7010169
7010234
7010832
7016560
7017255
7017266
7017688
7018745
7019067
7019299
7019836
7021669
7022485
7023283
7024054
7024322
7025603
7026235
7027312
7027644
7028096
7028576
7028694
7029075
7029801
7030340
7030907
7030941
7032260
7033327
7033333
7035017
7035900
7036408
7037875
7038203
7039000
7039432
7041776
7041894
7041946
7043413
7043435
7045436
7046808
7048932
7049613
7050563
7051282
7051603
7051674
7052352
7052623
7053740
7054335
7055992
7056808
7056822
7058684
7059081
7060761
7061748
7061803
7063274
7063955
7064204
7064417
7064762
7067544
7068150
7070352
7071828
7072276
7072291
7072669
7072901
7073383
7073412
7074573
7076121
7076784
7077635
7078604
7079112
7080248
7081326
7082925
7082937
7084089
7085040
7085106
7085724
7085783
7086063
7086106
7086275
7087183
7087978
7088760
7089613
7092320
7092327
7093316
7093944
7094039
7094086
7096022
7096936
7097719
7097856
7098859
7099239
7101086
7101946
7103588
7103796
7103844
7105273
7108198
7109282
7110266
7110957
7113169
7114232
7114672
7116510
7117391
7118014
7118354
7119629
7120376
7120915
7120940
7123582
7125609
7125963
7126904
7128832
7128983
7135595
7137641
7137708
7137856
7143032
7143752
7144535
7144786
7144990
7145881
7147871
7150055
7152600
7152769
7154868
7154889
7154900
7155583
7156331
7157478
7157674
7158341
7159295
7159785
7161924
7162640
7163531
7163689
7163938
7164018
7164082
7168565
7168801
7169915
7170431
7170457
7170513
7171645
7172315
7173383
7174794
7176272
7177433
7178174
7179505
7179876
7180183
7182158
7182575
7184324
7185042
7185454
7185703
7188468
7188697
7188785
7189405
7189653
7191959
7192337
7192772
7194528
7196190
7196516
7196883
7197764
7197943
7199990
7201699
7202013
7202596
7203136
7203236
7205090
7208419
7210023
7211158
7212383
7212776
7214695
7216055
7217292
7218049
7219091
7220226
7220240
7223632
7224132
7224527
7224651
7226368
7226617
7226804
7226846
7227015
7227166
7227251
7228165
7230930
7231079
7231966
7232042
7235393
7237075
7237161
7240794
7242704
7243921
7244686
7244733
7245749
7246756
7248285
7248960
7255685
7256751
7257232
7257627
7257880
7260471
7262248
7262302
7262796
7263517
7263519
7263857
7264406
7264536
7265217
7265483
7265897
7266119
7267247
7267704
7268626
7270137
7270144
7271012
7272842
7272950
7273179
7273637
7273871
7273999
7275159
7275202
7275404
7276497
7277619
7279797
7280592
7281504
7284275
7285744
7286881
7287914
7289485
7290385
7290672
7290865
7291568
7292664
7293078
7293982
7294479
7294930
7296280
7298012
7298344
7299066
7301456
7302994
7303915
7304263
7305421
7305800
7306618
7308077
7308870
7309327
7310355
7312141
7313744
7317430
7318347
7320672
7321859
7321883
7322833
7323085
7324748
7325488
7326040
7326222
7327464
7327632
7327703
7328247
7328316
7328352
7328805
7329441
7330049
7331536
7332477
7332748
7333297
7334287
7335621
7336495
7336611
7337631
7337875
7339144
7339442
7341093
7345641
7347358
7348118
7348818
7349192
7349533
7349635
7351118
7352431
7352504
7354141
7354458
7355948
7357690
7358562
7359130
7360209
7361789
7361956
7364970
7365084
7365225
7366561
7367376
7367587
7369075
7369456
7370411
7371762
7372155
7372516
7372635
7374931
7376145
7378635
7382376
7384109
7384528
7385495
7389177
7390170
7390205
7391138
7391711
7392055
7392724
7393342
7393400
7394161
7395077
7395416
7395808
7396005
7397496
7397775
7398836
7399744
7401671
7401790
7405128
7409342
7409603
7411785
7412029
7412542
7413544
7415678
7416947
7417540
7418781
7425363
7425942
7426163
7426815
7427691
7427843
7428635
7429614
7429861
7429985
7430253
7430319
7430454
7431547
7431690
7432474
7434175
7434205
7437771
7438499
7438592
7439472
7441224
7442224
7442257
7442919
7443753
7444053
7444336
7445126
7445304
7446027
7447369
7448131
7448857
7449467
7451554
7452079
7452191
7452525
7452955
7453161
7453600
7458847
7460931
7461492
7462054
7462768
7463332
7464906
7465254
7466006
7466626
7466999
7467658
7469434
7472830
7473694
7473837
7474029
7474390
7474914
7476397
7477325
7477837
7479059
7479089
7479905
7480211
7480328
7482493
7485867
7485942
7486951
7487308
7487770
7488440
7488580
7493026
7494455
7494500
7494513
7494612
7495663
7496078
7497116
7497790
7498965
7499134
7499167
7499424
7499584
7499956
7501021
7503856
7504074
7506555
7508713
7510007
7511079
7511732
7512161
7513412
7514275
7514428
7514747
7514919
7517675
7518161
7519555
7519739
7520852
7521875
7522010
7522429
7523285
7523316
7523374
7524423
7524624
7525340
7525495
7525521
7528116
7528537
7530837
7531671
7531798
7532222
7532271
7533986
7534423
7536035
7536876
7538441
7539206
7539307
7539891
7540311
7541034
7544345
7546055
7547478
7549401
7549529
7550341
7550923
7551785
7553474
7556960
7557732
7560044
7562085
7562469
7563526
7564149
7564471
7566108
7566935
7569147
7572721
7572911
7574663
7575133
7576613
7577165
7578699
7578828
7579817
7581447
7582047
7588115
7589277
7589636
7589655
7589656
7591532
7594729
7595682
7601354
7603180
7603240
7604296
7605753
7608676
7609777
7612307
7614138
7615888
7617835
7618017
7618967
7619321
7621010
7621839
7622344
7624823
7625197
7627824
7629229
7629738
7631118
7633698
7633883
7634036
7634404
7634767
7635014
7635020
7636179
7636543
7637240
7637949
7638077
7639138
7639766
7642191
7642373
7642588
7643218
7643245
7643766
7644947
7645803
7646007
7647672
7649152
7649703
7650970
7651555
7652864
7653044
7653323
7653905
7655695
7655739
7656391
7656478
7660561
7662528
7663423
7663663
7664322
7664429
7664693
7665106
7665142
7665252
7665505
7665971
7666984
7667788
7669467
7670858
7670937
7672204
7672219
7673352
7673467
7673581
7674485
7675074
7678652
7678977
7680661
7681439
7681801
7683577
7684977
7685100
7685105
7685213
7685692
7685954
7686178
7687587
7688116
7689873
7690329
7692078
7694375
7694885
7696306
7696911
7696968
7698893
7699446
7701855
7704760
7705498
7705803
7706279
7707489
7710038
7711074
7711574
7714874
7715417
7717419
7718540
7719049
7721652
7722014
7723073
7723358
7724732
7725085
7725539
7727054
7728454
7729327
7731470
7731803
7734072
7735384
7735601
7736340
7737150
7737825
7739382
7739535
7740750
7741510
7741992
7742167
7742637
7743265
7744269
7744559
7746929
7749451
7749729
7752096
7753493
7753529
7753908
7755820
7756303
7758730
7760991
7761380
7761426
7761449
7761529
7762216
7762417
7762628
7764497
7764701
7765878
7767520
7769343
7771079
7771255
7772406
7773808
7774222
7776805
7779155
7780474
7781118
7781395
7781576
7781641
7784181
7784199
7784391
7785861
7786598
7787230
7787799
7788776
7789974
7790967
7791775
7792144
7793786
7794177
7794566
7795375
7796586
7797421
7798264
7798807
7799700
7800300
7800312
7801448
7801523
7802723
7803080
7803944
7806571
7807619
7808474
7809293
7810068
7811014
7813282
7813287
7814797
7818277
7819095
7819951
7820513
7821045
7821347
7822586
7823173
7823295
7825347
7827071
7827246
7830367
7830564
7832350
7833121
7833153
7834273
7836219
7836913
7837235
7837522
7837947
7838405
7839439
7839803
7840256
7840724
7840776
7840874
7841513
7842619
7844181
7844375
7844974
7845734
7846860
7847292
7848011
7848821
7848983
7850221
7850279
7850441
7850581
7851182
7852312
7852520
7853256
7853866
7856229
7856773
7857521
7857662
7857832
7857994
7860132
7860150
7860733
7860771
7860824
7862330
7862727
7863815
7864216
7864692
7864785
7866655
7868638
7868650
7870278
7870795
7872210
7872228
7872560
7874016
7874233
7874508
7876182
7876543
7876987
7878724
7879244
7881027
7881841
7882505
7882618
7883516
7883745
7886103
7886894
7887502
7887653
7888673
7888724
7889647
7896180
7897051
7897267
7898744
7901468
7902337
7902461
7904755
7907229
7907309
7908137
7908332
7909906
7910963
7910995
7911728
7913505
7913617
7913876
7914491
7915206
7915848
7916109
7916227
7916577
7917142
7917609
7918862
7918918
7919022
7919319
7920336
7922760
7923643
7923857
7924840
7927273
7928987
7929277
7930236
7930264
7933802
7934709
7936036
7937470
7937517
7937829
7938336
7938435
7941756
7942092
7942190
7942648
7943140
7945837
7947436
7950742
7952393
7952785
7953770
7954171
7954356
7957245
7957614
7958647
7961048
7963261
7963381
7964940
7966259
7968532
7969072
7970166
7970637
7971252
7971529
7971700
7971958
7972016
7974044
7974427
7976391
7977841
7979541
7980932
7981131
7981529
7982556
7983659
7984325
7984952
7985641
7986643
7987071
7987425
7990470
7990647
7990741
7990877
7992958
7993033
7994124
7996421
7997130
7997823
8000342
8003084
8004426
8006169
8006473
8007003
8007314
8007576
8007668
8008889
8009910
8010266
8010673
8011324
8011482
8011553
8013955
8014295
8014818
8015408
8015782
8016063
8018108
8022182
8022522
8022686
8022918
8025276
8026596
8027567
8027802
8029365
8029417
8029513
8029916
8030847
8034113
8035405
8035421
8036929
8038070
8038114
8040764
8041163
8041627
8043805
8044367
8045063
8046471
8046972
8047369
8049584
8051670
8052545
8053184
8054095
8054395
8055618
8057187
8057297
8058607
8058851
8059375
8059441
8059827
8061159
8061444
8063542
8064292
8065359
8065507
8065908
8066719
8067568
8068552
8068795
8071910
8072959
8075097
8075188
8075319
8076954
8078039
8078243
8078459
8078771
8078806
8079978
8080581
8080586
8082797
8082842
8083009
8083017
8083264
8083937
8084978
8085450
8088298
8089990
8090481
8091690
8093667
8093732
8095045
8095860
8096953
8097052
8097943
8097952
8098948
8099834
8101027
8101536
8101718
8102149
8103314
8104096
8104499
8105212
8107205
8109767
8110878
8111092
8111347
8111487
8111514
8112105
8112572
8113342
8113464
8113948
8115238
8117348
8118899
8119708
8121528
8121790
8122227
8122344
8124594
8126012
8126375
8126994
8127175
8127896
8128025
8131263
8131604
8133044
8133166
8135389
8135749
8137375
8138063
8138659
8138867
8139246
8140734
8141737
8143074
8143754
8143844
8144785
8145855
8148008
8148364
8151363
8151914
8151977
8152440
8155327
8156384
8156888
8157591
8157679
8157951
8158055
8161335
8161399
8163975
8163990
8165140
8166684
8167690
8170413
8172483
8174774
8175244
8176368
8176613
8182088
8182208
8182323
8183276
8183344
8185342
8185536
8186227
8188559
8189202
8189210
8190242
8191619
8192553
8192619
8193229
8194324
8194893
8196618
8198122
8198548
8200065
8202459
8202613
8202716
8203739
8203770
8206185
8207387
8210574
8212610
8213497
8213887
8215875
8215903
8218281
8218356
8218433
8218636
8219056
8219581
8219805
8221907
8222067
8225484
8225706
8225922
8226008
8227180
8228344
8228647
8229245
8229375
8231085
8231665
8232830
8233287
8233591
8234395
8236271
8236659
8240145
8240166
8240789
8241329
8241669
8242306
8242875
8243765
8244298
8248718
8248983
8250039
8250196
8250379
8251651
8254516
8254656
8255087
8256577
8258604
8259063
8263534
8263727
8264414
8265287
8265506
8266054
8269276
8271728
8271813
8272463
8272909
8273133
8273809
8274170
8274250
8274409
8276344
8277348
8278621
8279391
8279481
8279708
8280862
8281319
8282093
8282577
8284334
8284998
8285599
8286331
8286535
8286869
8288212
8290504
8290900
8290957
8294235
8297252
8297330
8297938
8298535
8299375
8299618
8300437
8300904
8301040
8301902
8302301
8302344
8302904
8303222
8303835
8307108
8307608
8307720
8309143
8311240
8312526
8312623
8312730
8314171
8315425
8316248
8316971
8317310
8317662
8317897
8319505
8321366
8322364
8323424
8323775
8323958
8324441
8324691
8328393
8328954
8329130
8330512
8331614
8332921
8333090
8334013
8334538
8334800
8337654
8338675
8341056
8341559
8341675
8341832
8342307
8342454
8343959
8347367
8347891
8348533
8349118
8351173
8352412
8352492
8352956
8353563
8354056
8354188
8354287
8354478
8354786
8355356
8356101
8356126
8357106
8360861
8361029
8362406
8364532
8365643
8365762
8365813
8367172
8367834
8369323
8372139
8372787
8372992
8374632
8375602
8378489
8379624
8379677
8379894
8381407
8382949
8383301
8385754
8385886
8386056
8386658
8386940
8390400
8390450
8390580
8391197
8394129
8394735
8395353
8395732
8396627
8398412
8399661
8401751
8401885
8403811
8405726
8408529
8410757
8411358
8411475
8412318
8413412
8413559
8413972
8413988
8414487
8418051
8418259
8418264
8421222
8424451
8425552
8427958
8431835
8432501
8433333
8433885
8434091
8434885
8435580
8436570
8436869
8437511
8437938
8438411
8439133
8439594
8439762
8440832
8442461
8443201
8445194
8445434
8445891
8449033
8452036
8453241
8454226
8454969
8457872
8458094
8458708
8461100
8461394
8462788
8463427
8463734
8464181
8465958
8467309
8467412
8468477
8471490
8471751
8472021
8472171
8473386
8474859
8475325
8477679
8478511
8478858
8478923
8479059
8480011
8480859
8481366
8481859
8483168
8485187
8486631
8487060
8487067
8487187
8487276
8487781
8488131
8489248
8490558
8492095
8493607
8494036
8495597
8496361
8497587
8498010
8499368
8500281
8502201
8504585
8505791
8507477
8508874
8509117
8512998
8513702
8513886
8514137
8514797
8515725
8516244
8516751
8517263
8517672
8518278
8518446
8518532
8518579
8519767
8519892
8523342
8523345
8523834
8524896
8525027
8526797
8527191
8528066
8528374
8529350
8529429
8530022
8530149
8531080
8532367
8533906
8534420
8536021
8536419
8536554
8537648
8538973
8539148
8540446
8542509
8542565
8545400
8546548
8550318
8551775
8557871
8558033
8559280
8560455
8560828
8562158
8562247
8563118
8563880
8563904
8564332
8565156
8565216
8565721
8567062
8568046
8568474
8569773
8571179
8571616
8572466
8573286
8574624
8575116
8576258
8577059
8577359
8577741
8577904
8578459
8578906
8579395
8580056
8580231
8581299
8586331
8588608
8589710
8591409
8593315
8594293
8595585
8599612
8600104
8600484
8601305
8602739
8602763
8604534
8604710
8605226
8605637
8606916
8607520
8607535
8607622
8608034
8609269
8609501
8609883
8610810
8612799
8613555
8615237
8615824
8616845
8617736
8617741
8617961
8618188
8618881
8618901
8620358
8620709
8621203
8624886
8625518
8626000
8627855
8628775
8628798
8629323
8631072
8631184
8631488
8631765
8632007
8632226
8633073
8634564
8634960
8635287
8637166
8639032
8639633
8639825
8641383
8642709
8642916
8644407
8644951
8645485
8645625
8645911
8646598
8650534
8650554
8651823
8652824
8654640
8654910
8655752
8656606
8658156
8658426
8661871
8664500
8664812
8665299
8665482
8666559
8666581
8666841
8667370
8667712
8668546
8670763
8671961
8672638
8672802
8674307
8675298
8675321
8677257
8677495
8678880
8679465
8679543
8679559
8680616
8681041
8681094
8684356
8684658
8684668
8685878
8689138
8693206
8694590
8695986
8697798
8698196
8698285
8698665
8700425
8701905
8702097
8702686
8703252
8703563
8703589
8704199
8705695
8705775
8706393
8707694
8708542
8708676
8709241
8709670
8710949
8711522
8711698
8712555
8715780
8716203
8716541
8717569
8719559
8720956
8721861
8722101
8722474
8723136
8724363
8726675
8727589
8730812
8733094
8734324
8736147
8737932
8739406
8739527
8740060
8741773
8742210
8743252
8743946
8744475
8746393
8747237
8748323
8748396
8749812
8749847
8751683
8753412
8755256
8757705
8758268
8759274
8760890
8763195
8765852
8768219
8768937
8769508
8769894
8770650
8771815
8772242
8772564
8774142
8774242
8774703
8775902
8776367
8776653
8779851
8781144
8781346
8782206
8782761
8783407
8783604
8783970
8784055
8784165
8785969
8787248
8788907
8791046
8792464
8793050
8794090
8795314
8795627
8798529
8798531
8798566
8801290
8801896
8802626
8803549
8805885
8806244
8806878
8807064
8807822
8808124
8808658
8810238
8810698
8810963
8812356
8813404
8813739
8814714
8815019
8816247
8816708
8817483
8819683
8820576
8820596
8821560
8821885
8821967
8822420
8824367
8824564
8824583
8826593
8827715
8828633
8829395
8829463
8830083
8831053
8831072
8831844
8833324
8834799
8836953
8838038
8839525
8840262
8841656
8842203
8842968
8847474
8847724
8848243
8850077
8851488
8854390
8854822
8855300
8855492
8856101
8856423
8856568
8857926
8860131
8860508
8860976
8865354
8865505
8866876
8870328
8872099
8876770
8877631
8877632
8879200
8879676
8881062
8881542
8883815
8885600
8886151
8886230
8887228
8888051
8888083
8888345
8890773
8891756
8891914
8893174
8895139
8895381
8895494
8895583
8896796
8897196
8899668
8900208
8900217
8900598
8902775
8903492
8903595
8904972
8913533
8915645
8915908
8917531
8918351
8918415
8919100
8920665
8922755
8923430
8923937
8924118
8924155
8926440
8927281
8927642
8928140
8930704
8931637
8931912
8933020
8935797
8936440
8936509
8936877
8936974
8937260
8938373
8939674
8940818
8942108
8944523
8946153
8947711
8947956
8948656
8949064
8950382
8951789
8952059
8954940
8956259
8957214
8959223
8960141
8960236
8960418
8960941
8961378
8961964
8963536
8964606
8965456
8965893
8966366
8966676
8969540
8972493
8972819
8973648
8975875
8976331
8976344
8976648
8976907
8978502
8978907
8979427
8979597
8980293
8980975
8981543
8982038
8982164
8982434
8986140
8987616
8988464
8989574
8994178
8994949
8997072
8997232
8999125
8999864
9001269
9001671
9002464
9003547
9003973
9004451
9005655
9006329
9007494
9007927
9009573
9009656
9010687
9011315
9012693
9013116
9017229
9017429
9017616
9017885
9018985
9021151
9021702
9022253
9022361
9024251
9024960
9025523
9026282
9027107
9029051
9029254
9031310
9032347
9032769
9033188
9034300
9034405
9034648
9039215
9041378
9043084
9043169
9044551
9046304
9050549
9051562
9052297
9054294
9054778
9056444
9057271
9057967
9058516
9059771
9059959
9063448
9064003
9064477
9065909
9069153
9069375
9071934
9074630
9075951
9078038
9080148
9080638
9082347
9083304
9083327
9083937
9084262
9084743
9084767
9085559
9086104
9086592
9086800
9086818
9087169
9087744
9088653
9092711
9093005
9093453
9093560
9094697
9095717
9097808
9098594
9099521
9099735
9099792
9100631
9101221
9101711
9102009
9102291
9103499
9103703
9103752
9104446
9105346
9105671
9106198
9107390
9108705
9110403
9111279
9111388
9111910
9115207
9116153
9117488
9117719
9119260
9121780
9122805
9123050
9124305
9124513
9124540
9124818
9125982
9128168
9129426
9129547
9131894
9132104
9134196
9134238
9134419
9134580
9134847
9136096
9137837
9140285
9143770
9144364
9145588
9145858
9145910
9146450
9147958
9149141
9149370
9149843
9150373
9150559
9151699
9152787
9153462
9153797
9153870
9154653
9155089
9156029
9156229
9156368
9156767
9157161
9157178
9159066
9159529
9159614
9159833
9160365
9161974
9165605
9166758
9169271
9169459
9170021
9171207
9171722
9171933
9174399
9175306
9175595
9176751
9177255
9177577
9178024
9178817
9179190
9179645
9180165
9180187
9180269
9180404
9180986
9181619
9182261
9184368
9184511
9184760
9186186
9186660
9186666
9188826
9191614
9192647
9195538
9196366
9197175
9197362
9198139
9199638
9202780
9204261
9204428
9204830
9205851
9206474
9207455
9210597
9212977
9213368
9213584
9217928
9218290
9219407
9220317
9220542
9220643
9220861
9221285
9221343
9224583
9224857
9226908
9227097
9227854
9228910
9229377
9229445
9230717
9233465
9234866
9235250
9235481
9235535
9237011
9237455
9238013
9239260
9240043
9240131
9240432
9241545
9241571
9242485
9243054
9243396
9244847
9245780
9246844
9246953
9247023
9247450
9248543
9249410
9249602
9251252
9251372
9251650
9252664
9253705
9254610
9254766
9254767
9256994
9257744
9257992
9258416
9258497
9258675
9259190
9263183
9264526
9265417
9265448
9266425
9266793
9268213
9269194
9270251
9271127
9273239
9276201
9276317
9279487
9279659
9280810
9280847
9280890
9281572
9281614
9282145
9288066
9289342
9290304
9291098
9292016
9292034
9292449
9293389
9293661
9295411
9297764
9299824
9300238
9301923
9302340
9302572
9302805
9303599
9305330
9306021
9307639
9310500
9311412
9312210
9312286
9312386
9313950
9315153
9318049
9318606
9319182
9319391
9320602
9322623
9322865
9323487
9323828
9324780
9325009
9327532
9327626
9328256
9328496
9330458
9333294
9333994
9334156
9334190
9336298
9336551
9338754
9341497
9341531
9342601
9342803
9342973
9343575
9346997
9347780
9348891
9349060
9351601
9351895
9353406
9358273
9358361
9358458
9359108
9360959
9360988
9361003
9361553
9362594
9367167
9369011
9372178
9372345
9373157
9373295
9373308
9374472
9374969
9377187
9379028
9380161
9380901
9381002
9382866
9383663
9383766
9384531
9386084
9387111
9388994
9389270
9389329
9390815
9390937
9391927
9392948
9394300
9394304
9394678
9395056
9395332
9397119
9397687
9398293
9398347
9398959
9400728
9402456
9405312
9405609
9405628
9405871
9406837
9407421
9407457
9408711
9408751
9409062
9410389
9412772
9415416
9416756
9421107
9421136
9425165
9426001
9426855
9429957
9430188
9430261
9430682
9432143
9432240
9434285
9436252
9436663
9438124
9438734
9439222
9440029
9440344
9440538
9443336
9443968
9444358
9444560
9444779
9444933
9448009
9448533
9449033
9449154
9451623
9452399
9452638
9452808
9453538
9453575
9454755
9455454
9456970
9458002
9459329
9460691
9461425
9461517
9462091
9462401
9462682
9463417
9463422
9467707
9468036
9468949
9469407
9470994
9471224
9472222
9473691
9476028
9478028
9479489
9480462
9483326
9484094
9485267
9485463
9487648
9487748
9487886
9488413
9488653
9488755
9488775
9489693
9492945
9493022
9493322
9494055
9494350
9496318
9497630
9498328
9498512
9498603
9499776
9500163
9501717
9507605
9509388
9509620
9513648
9514176
9514749
9518275
9518796
9519229
9520098
9520518
9520696
9522066
9522388
9522894
9522900
9524314
9524446
9527744
9530984
9531631
9532794
9534520
9537170
9537813
9538004
9542501
9542808
9544368
9547451
9547915
9548305
9548335
9550012
9550458
9550839
9550878
9551313
9551417
9553051
9553077
9553523
9557211
9557390
9557770
9560211
9560582
9560961
9561332
9562428
9563904
9564515
9565355
9566545
9568167
9568509
9569375
9569813
9570134
9570574
9571581
9571754
9571758
9571903
9572599
9574176
9576614
9577471
9578943
9580195
9580300
9581267
9581927
9585802
9586589
9588226
9589801
9590508
9590799
9591285
9592545
9592613
9592867
9593542
9595388
9596686
9598099
9599290
9600172
9604374
9604855
9606834
9607768
9607906
9609241
9611051
9611733
9612569
9614033
9615206
9616984
9617417
9617814
9618095
9618954
9619951
9620020
9620077
9620132
9621462
9622715
9622979
9623274
9624133
9625235
9625953
9626190
9627886
9630097
9631932
9632297
9634642
9635190
9636082
9636794
9637344
9638379
9639307
9640296
9640677
9643991
9644514
9646781
9646811
9647168
9648905
9650076
9651394
9652007
9652576
9652790
9654059
9655240
9655632
9656479
9657022
9657056
9657453
9658045
9658740
9659236
9659510
9660001
9661713
9662619
9666502
9671073
9671225
9671460
9672517
9673006
9673070
9676198
9678526
9678969
9680417
9680614
9680913
9681549
9681864
9683850
9683928
9684210
9685393
9687798
9689065
9689730
9689985
9691822
9693385
9693734
9693933
9695327
9695386
9696169
9697341
9697851
9700283
9701381
9702287
9704312
9704576
9706338
9706941
9706984
9707814
9710083
9710242
9710832
9710914
9711226
9711927
9717035
9717546
9717907
9718100
9718546
9718841
9720469
9721068
9722488
9722522
9723927
9724043
9727634
9729320
9730244
9730264
9737843
9738027
9739030
9739860
9740575
9746305
9747394
9750795
9751556
9751717
9752373
9752813
9754404
9755885
9756305
9756705
9758266
9758604
9759566
9760037
9762645
9763422
9763948
9764665
9765304
9765420
9766835
9767488
9768137
9770661
9772345
9774251
9778226
9779063
9781828
9783069
9783318
9783473
9784184
9784358
9788822
9790892
9791133
9791232
9797237
9797690
9797989
9800300
9802056
9802555
9804399
9806068
9806953
9806964
9807067
9807108
9808579
9810485
9810773
9811073
9811803
9811866
9811981
9812004
9812337
9814471
9814517
9814526
9815279
9816526
9817247
9817563
9819066
9825281
9827285
9828321
9828567
9830732
9831096
9831312
9831524
9832094
9832186
9834337
9834712
9836097
9839164
9841977
9842247
9842358
9842428
9842846
9843025
9844657
9844759
9848792
9849455
9853112
9853125
9854299
9854793
9855848
9855898
9856309
9859657
9861847
9864762
9865795
9866467
9867396
9870360
9870707
9870781
9871643
9871927
9873447
9873589
9873958
9875456
9875937
9877204
9878402
9878435
9878905
9879237
9879277
9880796
9882058
9885717
9886045
9887160
9887271
9887334
9887590
9888875
9892456
9892740
9896504
9896800
9896838
9897112
9897645
9898373
9899080
9899998
9903452
9904871
9905396
9908065
9908741
9909308
9910615
9911771
9913495
9914678
9914887
9917711
9919231
9919357
9919801
9920626
9920815
9920994
9924630
9924814
9926058
9927178
9927436
9928636
9928742
9929346
9931053
9933010
9933514
9933545
9934764
9936379
9939201
9942687
9943418
9945050
9947338
9947706
9948351
9948530
9949471
9950952
9952643
9953011
9956120
9957301
9958368
9958732
9960028
9960930
9961104
9961222
9963210
9966213
9968500
9968775
9973327
9973713
9974097
9974257
9974348
9975024
9975659
9976889
9981893
9986283
9988583
9989594
9989662
9991204
9992473
9993404
9993865
9994328
9994708
9995151
9996951
9997927
9998671
9999099
9999120
9999388
