293
3112
4422
8580
9366
10523
10525
12772
12807
15445
15503
16101
16955
18044
18324
23157
25148
26334
26358
26694
28618
28845
30435
31090
31314
31632
32151
33130
33156
34432
34602
34915
34923
36092
36664
37389
37508
37813
39337
42450
43216
43788
43882
44278
45659
45726
46671
48498
48582
49408
49779
49968
50501
51092
51879
52530
54141
54203
54215
56211
56994
59086
61298
61549
61605
65119
65179
66732
66892
67282
67457
68036
68479
69818
70033
71018
71988
73003
73267
76237
76781
78005
78708
79554
81522
82457
83933
84394
87140
88907
89982
92161
93193
93229
93905
95227
95862
96339
97698
98896
99880
100446
104542
104601
106425
106578
108799
108908
108913
110119
110459
110881
110928
115475
116726
118141
119715
119763
120507
120916
122162
122730
122933
123944
124323
125154
126462
126805
126930
127587
128297
128472
129083
130382
130417
134264
135505
135952
136128
136428
136791
138176
143044
143410
144012
145358
145659
146952
147228
147340
151298
152602
152972
153950
153951
159102
159255
159845
160500
162720
164506
166788
166829
167524
167951
168168
168881
169601
170881
170893
174289
182672
184357
186938
188338
189737
190226
192555
192576
193303
194253
195389
196969
197467
197712
198544
200619
201057
201318
202466
202800
203763
204789
206244
207026
207119
207486
207708
210520
216382
218580
219233
220027
220452
221309
221524
221933
222120
222346
222745
222806
223443
224072
224713
226144
227434
227620
231186
231356
232017
233534
235462
235724
236119
236618
238113
238800
239524
240196
240206
241139
242290
243063
243343
243625
244068
244859
244918
245192
245579
248010
249677
250470
250727
250976
252388
252692
253756
253862
254787
255177
255584
256879
259133
259378
261016
262759
263023
263382
266872
267746
267964
268284
270322
270830
270855
272008
273132
273782
274017
275115
275283
276215
276320
276767
277096
277951
278562
282463
283610
284342
284585
285539
285694
286808
287923
290564
291954
292849
293638
293962
294887
295440
296226
297994
298954
299166
300597
302227
302744
303277
304061
304232
304313
304686
306623
307279
309229
309595
310036
311061
312521
312823
313439
314601
315248
315406
316121
316486
319407
320499
320757
322146
322646
324247
324784
325286
325300
326041
327538
328528
330688
332860
333241
333803
333942
333977
335757
336508
337990
338259
339689
342571
343043
343253
343466
344768
344796
346655
348408
349556
350112
352876
353483
353603
353723
355499
355678
355711
355754
358546
358757
359140
359717
360817
361804
365919
366519
367737
367742
368639
370606
370650
371104
373018
373509
374478
374761
375002
376845
378116
379651
381229
383550
385305
385512
385999
386369
391806
394451
395626
396471
396668
397594
397717
397984
400414
402943
403152
405568
405780
406779
407271
407275
407533
408185
409417
409492
410479
410684
411765
412782
413451
413951
413960
414704
414831
414885
416250
416856
417035
417048
417573
419266
420565
420759
420958
423426
423460
423959
424184
424668
426797
427411
428549
429961
430227
431745
431771
433248
434303
434711
440496
440501
441623
441657
441752
441982
442345
444531
444631
445618
446650
447245
447997
448232
449329
449379
449562
452047
453780
454011
455274
455417
456092
460176
462059
462715
463438
463836
464481
464582
465309
465548
465786
465887
468111
469514
470084
471609
473302
473941
474124
477120
477130
479526
479558
481036
481187
481526
482492
483940
484234
484523
487868
488396
488901
489071
491602
492724
492870
493181
493223
493777
494162
494862
495517
496318
496444
497537
497967
498940
499184
499252
501382
501440
504287
504302
504397
504910
505134
505143
506844
508720
510020
510136
512294
512812
514274
515712
516959
517234
518340
518571
519258
519462
521436
527144
527513
528049
529154
530290
530320
531938
532733
533459
534201
534488
536363
536382
536724
538257
544631
546312
546356
548242
548445
548868
551381
553013
553262
553445
554163
556590
560287
560779
561178
562085
563142
563269
563528
564143
565879
565900
566449
566983
568352
568710
569517
571475
572109
572212
572920
573347
573911
575954
577453
577489
577505
578341
578383
578996
581521
581658
583210
584071
584209
585525
585966
586338
587360
587525
588137
590578
591119
591581
591926
592127
594076
596675
597355
600687
602517
602815
603073
603139
603752
604353
604631
606003
606043
606229
607083
607765
607834
608484
613255
613492
613905
615099
618557
619409
619942
620695
621848
621912
622148
622407
623277
624672
625145
625595
626370
627104
627592
628100
628820
629503
631252
631982
633139
633307
633547
633909
635128
635823
636974
637297
638414
639060
641191
641584
643343
644605
645525
647076
647306
648792
649695
652661
653091
656292
656355
656704
657463
657968
658025
658091
659316
660915
662796
663488
663632
666234
666681
669004
670883
670930
671328
674252
675230
678290
679177
680716
684753
685584
686027
687416
689171
689990
690669
690712
691565
693511
694306
694982
695665
695810
696020
697333
697604
697906
698196
702393
702488
702669
703314
704156
704916
707356
712391
716439
716676
717040
717092
717406
717910
718135
718900
718938
719607
719656
719711
721818
721848
722185
722877
722891
723516
723670
724757
725351
726778
727341
728424
728864
728983
730034
730289
731743
732933
733019
733366
733488
737000
745688
746970
748634
750410
750739
751416
752872
753026
754224
754917
755244
755826
756123
756129
756190
757221
757428
758389
758765
759241
759866
761618
763410
764618
764750
765122
765670
765940
765984
766443
766542
767258
768739
772190
773225
773937
774279
776244
777317
778463
778723
778847
780066
781937
782141
783448
784764
786811
787269
787773
788874
790513
791290
791713
792123
792373
793880
794400
795707
795769
796594
797970
798746
798834
799632
800015
801743
802013
802227
803332
804410
804763
805452
805746
806810
807419
808329
813846
815156
815411
815828
816581
817017
817860
819334
820032
822520
824710
825910
826016
826585
827314
827646
827820
827946
828289
829269
832063
832728
833248
833388
834470
836472
836614
836977
838114
838364
838983
839110
840092
840134
840222
841005
842785
843112
843495
843574
844417
844988
845136
845495
846331
846346
847174
847219
847920
849134
850129
851079
852062
852741
852836
853260
854145
855711
856474
857973
859707
861471
861709
865883
867012
868022
868435
868556
869063
869417
870271
874102
874153
874472
874975
875008
875035
875238
875725
878538
881683
882944
883294
883702
885682
890293
892535
894690
895345
895690
896968
903675
903769
904648
905521
905531
905707
906718
907476
907835
912023
914440
914487
917697
917736
922263
922788
925246
926517
927303
927497
927837
928519
929830
930113
930494
930984
931895
934246
935064
936772
937288
937797
938196
938230
939418
940143
940455
942798
943707
945022
945967
947356
948296
948549
950507
952662
955431
956466
956722
958693
959639
960580
963165
963378
965235
965735
966343
966464
968531
968635
968875
970079
973095
974267
974481
974619
975079
975275
976191
978034
978113
978697
978975
980296
980982
981502
982279
983324
984842
985045
985184
986644
987956
988163
988642
989405
989611
990735
990797
991432
993777
993813
994468
996123
996677
997426
997728
998073
998089
998510
998686
998942
1000218
1001757
1002121
1003106
1003116
1003361
1004286
1004534
1006926
1007080
1007267
1008150
1008838
1008943
1012262
1014748
1015783
1017050
1017302
1018657
1019636
1020634
1021404
1021612
1022601
1023032
1023825
1024535
1024553
1026065
1029921
1030148
1030707
1031693
1032499
1034885
1036413
1036461
1037611
1040079
1041229
1043012
1043391
1044334
1045452
1049517
1050360
1050788
1050810
1051347
1051843
1054070
1054155
1054669
1054953
1060702
1060724
1062014
1062172
1063759
1064188
1064542
1066541
1067141
1067449
1070779
1070995
1072714
1073997
1074106
1074814
1075450
1076127
1076438
1078140
1078628
1078874
1079863
1080794
1081164
1082970
1083221
1084155
1084372
1084599
1085176
1085946
1086131
1087153
1087364
1087775
1089240
1089983
1090164
1090815
1091110
1094303
1094834
1098220
1098760
1100194
1100429
1102402
1105395
1106526
1107795
1110716
1110930
1111572
1114092
1114333
1114598
1115226
1115318
1115389
1115749
1116701
1117426
1118520
1119249
1121447
1121711
1122710
1123745
1124373
1125753
1127832
1128686
1130233
1133349
1133606
1135259
1135262
1136472
1136554
1137297
1137572
1138947
1139132
1140802
1140898
1142674
1144639
1146093
1151751
1151872
1155807
1156918
1159649
1159808
1160810
1163179
1163988
1164043
1164275
1164472
1164496
1169998
1170033
1173714
1173907
1174817
1174828
1175040
1175935
1176159
1177754
1178513
1182599
1182839
1183417
1183597
1184489
1185416
1185597
1185842
1186112
1186314
1187703
1188399
1188808
1189001
1189234
1190196
1190531
1192077
1192562
1192996
1194138
1194662
1195510
1195785
1196139
1196715
1196819
1196948
1197018
1197192
1198753
1198788
1199467
1201264
1204163
1204777
1206361
1209724
1209820
1210055
1211937
1212226
1212482
1214922
1215808
1215911
1216460
1218726
1219209
1220358
1221418
1221885
1223159
1224070
1224438
1224853
1227267
1227485
1228689
1230199
1231173
1232085
1232558
1233119
1233370
1234261
1234480
1234497
1234755
1234884
1235074
1235262
1236718
1236884
1238089
1239531
1240461
1241239
1243762
1243876
1244977
1245629
1247547
1249671
1250052
1250233
1253622
1253776
1254979
1255681
1256204
1256309
1256503
1256583
1256973
1257069
1258184
1258220
1259729
1262108
1262469
1263250
1265469
1266130
1266626
1266920
1267201
1267390
1268602
1268762
1269877
1270320
1271121
1273342
1273791
1274413
1275784
1276383
1278861
1278995
1280415
1280707
1282554
1284407
1284868
1288423
1288970
1289037
1289208
1290131
1291337
1292561
1294078
1294364
1295191
1296437
1296453
1297367
1299243
1299847
1300500
1300538
1303304
1303491
1304244
1304319
1307706
1309282
1312592
1312730
1312846
1313523
1314890
1315929
1316571
1316865
1320920
1321320
1322089
1323097
1323237
1323587
1324214
1324365
1324482
1325574
1326869
1326998
1327624
1328193
1328636
1328751
1329754
1331394
1331435
1336476
1336962
1338354
1338624
1338750
1339742
1339984
1340482
1340736
1340906
1341035
1341471
1341866
1342530
1342878
1344690
1345113
1347805
1348055
1348842
1349345
1354690
1355156
1355225
1356745
1359825
1360487
1361990
1362235
1362707
1363839
1364928
1365010
1365416
1368177
1369337
1369942
1371024
1371750
1372807
1372877
1373739
1373856
1374383
1374667
1374927
1375303
1376450
1380227
1382932
1383438
1383529
1385823
1385914
1386331
1388773
1390655
1390720
1391379
1391711
1392206
1393772
1394388
1395327
1395443
1396279
1397516
1398460
1398918
1398999
1403251
1404873
1405779
1409861
1410323
1410536
1410896
1411305
1413143
1413441
1414026
1414638
1414864
1417414
1417980
1418117
1422151
1425052
1425997
1426321
1427106
1428751
1430568
1430866
1431394
1432874
1433019
1436053
1437607
1438027
1438177
1439208
1441459
1443571
1444371
1444812
1447675
1448233
1451540
1452267
1453907
1455546
1457938
1458751
1460371
1460999
1462898
1463708
1465072
1465272
1465542
1466650
1468333
1468627
1468840
1469988
1471981
1472732
1474354
1474688
1474868
1475323
1476367
1476769
1477465
1477702
1478521
1479099
1479615
1479840
1482961
1483524
1483855
1484328
1485914
1486701
1487243
1489636
1489928
1493868
1495552
1495790
1496061
1497063
1497697
1499427
1500247
1501856
1502792
1505409
1505564
1507075
1507156
1507799
1508254
1510047
1511167
1512107
1512703
1514251
1515202
1515426
1516505
1517451
1517469
1517611
1518367
1519379
1519686
1521573
1522203
1527656
1527871
1528295
1529610
1530305
1533165
1533400
1534518
1537449
1538523
1543731
1543908
1546017
1546194
1546630
1548234
1550099
1551030
1551933
1552438
1552946
1554637
1555400
1558455
1559114
1559340
1561437
1562244
1562362
1564037
1564791
1565393
1565433
1566237
1567090
1569355
1570467
1571432
1571737
1572777
1573532
1575867
1576066
1577942
1578270
1578345
1578444
1579741
1580104
1580762
1580779
1582453
1582948
1583456
1583738
1584569
1586880
1587446
1587812
1587828
1587947
1589261
1589525
1589755
1590299
1590855
1591739
1591743
1592976
1593624
1593817
1594713
1594938
1595970
1596299
1597635
1598446
1598852
1599837
1600438
1602713
1604254
1605475
1605876
1605877
1606149
1606223
1606298
1606642
1606775
1607299
1608885
1614536
1615201
1617193
1618480
1622360
1623063
1623210
1623364
1623772
1623788
1624722
1624775
1624896
1626801
1630869
1631208
1631456
1631902
1632924
1633106
1633777
1634190
1635885
1637026
1637545
1637967
1638999
1639914
1639947
1640811
1641876
1642253
1642768
1642773
1643469
1643526
1643767
1644074
1644821
1644957
1645590
1646731
1647110
1647294
1648767
1649584
1650214
1655430
1655474
1655587
1655940
1657766
1658256
1659894
1661453
1662739
1664285
1664784
1665245
1665776
1666530
1666589
1667474
1669229
1669780
1671480
1672936
1674280
1674761
1674982
1676060
1677312
1677991
1678022
1678786
1679729
1680217
1680523
1681053
1681942
1682000
1683544
1684552
1686914
1687030
1687682
1689363
1689399
1689883
1690894
1693630
1695063
1696047
1696125
1696248
1696825
1697562
1698669
1698926
1700257
1700853
1702006
1702832
1704016
1705165
1705480
1708672
1709845
1711698
1711702
1712449
1712809
1713746
1714553
1714625
1714649
1715302
1715677
1718625
1718943
1719819
1721756
1721813
1723096
1724771
1725355
1728002
1728725
1731006
1731139
1731315
1735077
1735153
1738424
1738996
1741120
1741882
1742619
1742655
1743589
1743822
1745601
1747177
1749389
1750243
1753008
1753451
1753781
1754583
1755657
1756479
1757616
1757638
1760685
1762636
1762664
1764412
1764877
1767303
1768288
1768571
1770074
1771221
1772564
1773278
1775032
1775442
1777255
1778359
1779149
1779731
1782899
1783151
1785394
1786182
1786933
1786993
1788142
1788449
1788841
1790271
1790731
1792264
1792654
1792691
1793110
1794818
1796010
1797575
1797623
1797853
1799376
1799511
1799598
1799763
1800053
1800127
1802776
1804007
1805371
1806461
1806611
1808921
1809066
1809412
1813480
1813609
1817719
1819154
1819570
1819738
1820579
1822399
1824555
1824764
1824775
1826573
1828022
1829671
1830299
1831641
1832393
1834702
1835193
1835235
1835448
1839371
1840412
1841403
1843269
1844038
1844067
1844087
1844376
1845114
1846135
1847171
1847701
1849753
1849807
1850281
1852163
1855130
1856925
1861465
1861486
1861595
1862777
1862788
1864110
1865319
1866160
1868397
1869337
1871424
1871520
1873241
1874934
1877041
1877698
1878508
1879858
1882165
1883546
1883738
1884175
1885385
1885469
1885746
1887821
1887889
1887970
1889016
1889478
1890864
1893251
1893718
1896659
1896682
1897934
1898056
1898100
1899364
1901201
1901334
1901484
1902970
1903293
1903470
1903785
1905728
1906905
1907824
1907902
1910147
1910211
1912907
1913497
1914907
1915198
1915387
1915713
1916441
1916770
1918983
1919777
1920747
1921454
1921650
1923560
1924229
1926993
1927157
1927513
1928029
1929503
1929586
1929954
1931137
1931362
1932531
1933981
1934914
1935952
1937198
1939166
1939746
1940470
1941662
1944439
1945333
1945731
1946356
1947974
1950122
1951049
1951208
1954877
1954944
1955935
1956567
1960214
1961626
1962381
1963393
1964995
1965851
1965891
1966492
1967071
1967489
1967547
1967627
1969660
1969742
1970300
1973119
1975066
1975085
1977111
1977625
1978400
1978605
1979127
1979212
1979216
1979348
1980100
1980173
1980389
1981208
1981372
1981681
1981779
1982523
1983546
1985010
1988256
1989900
1990123
1990325
1991309
1992242
1992782
1993059
1993367
1994797
1994921
1998564
2000032
2002104
2002184
2003724
2006024
2007270
2007630
2011063
2011146
2012083
2013113
2013604
2014903
2015045
2016134
2017218
2017337
2018052
2019521
2022840
2023755
2023779
2024808
2025207
2026193
2027526
2027653
2027820
2028670
2030499
2031858
2033141
2033504
2035578
2036514
2036672
2037894
2042423
2044531
2044757
2047790
2048024
2048325
2048888
2049020
2049060
2049583
2049818
2050632
2051133
2051205
2051873
2052128
2052928
2053448
2054977
2055997
2060530
2062067
2063231
2064851
2065361
2066477
2066725
2069110
2069262
2071467
2071495
2071626
2072292
2074157
2074639
2077525
2079740
2081569
2082162
2083926
2084250
2086168
2086635
2086710
2087433
2089998
2090985
2091675
2092025
2095594
2095632
2096042
2096343
2096747
2097774
2100064
2101539
2102835
2103549
2104645
2105072
2105086
2105278
2105780
2106088
2106156
2106235
2107955
2109204
2110801
2111893
2112597
2113534
2114125
2114750
2114809
2116131
2118697
2121206
2121594
2122399
2122798
2123802
2124382
2126010
2127170
2129482
2129577
2132093
2132487
2133676
2136728
2136959
2137164
2138893
2139631
2140512
2141455
2141853
2142303
2144812
2146471
2148075
2150120
2150572
2151313
2152998
2153903
2154205
2156379
2157816
2158454
2158468
2158956
2160038
2160285
2160878
2161237
2162376
2162840
2165044
2166854
2168327
2169577
2169666
2170142
2170279
2171613
2172155
2173034
2173606
2174695
2174953
2176324
2177488
2179541
2180389
2180883
2183056
2184674
2185842
2185857
2186150
2186576
2186696
2187042
2188395
2189747
2190315
2190695
2190747
2190945
2191602
2197290
2197592
2198352
2201981
2203103
2203942
2205294
2205843
2207012
2207059
2209522
2209675
2210248
2210249
2210345
2213556
2214190
2214542
2214845
2215833
2216900
2216905
2217178
2217868
2218231
2218457
2218536
2219086
2222713
2223249
2225067
2226303
2226466
2228474
2229340
2230563
2231336
2232046
2232618
2233717
2234469
2235356
2235999
2237230
2237454
2238192
2238933
2240105
2240226
2241498
2244335
2245203
2246037
2246698
2248905
2249284
2250820
2251054
2251948
2254030
2254468
2255778
2256532
2256649
2257570
2257658
2258631
2259377
2260021
2260046
2262440
2263037
2263358
2264526
2264850
2265310
2265613
2265635
2265998
2266121
2266857
2267139
2271191
2272507
2275879
2276146
2277559
2278286
2279118
2279187
2280446
2283873
2283958
2284549
2284839
2285100
2285566
2286000
2287492
2288167
2288345
2289626
2289646
2291213
2291353
2294966
2295831
2296698
2297495
2298175
2298396
2298923
2300241
2300466
2300818
2301061
2301176
2303361
2303664
2304800
2305857
2306344
2306422
2307039
2308837
2309419
2309965
2310811
2313988
2314077
2314347
2314469
2314957
2315197
2315768
2316302
2316763
2318496
2318837
2322332
2322822
2324220
2325145
2325849
2326031
2326457
2326614
2327190
2327571
2328630
2329490
2329935
2330819
2331702
2333452
2334382
2334938
2335307
2335972
2338249
2338422
2339070
2339357
2339901
2340464
2341522
2346350
2346719
2347810
2348991
2349561
2349870
2350011
2350111
2350824
2353867
2353912
2355584
2356993
2358611
2358729
2359045
2359599
2359835
2359868
2360580
2360876
2363073
2364731
2366720
2368412
2368472
2370560
2370917
2371424
2372780
2374300
2374461
2379034
2380211
2382785
2383655
2384969
2385076
2385644
2385961
2388596
2389957
2392053
2392388
2392680
2392885
2393444
2394225
2396751
2397295
2397325
2398299
2399602
2400419
2400746
2403424
2403426
2406912
2407031
2407952
2408530
2408550
2410407
2411180
2412923
2414736
2418049
2419946
2420602
2421159
2421197
2423031
2426728
2427338
2428768
2429214
2430381
2430837
2431778
2432143
2433005
2433726
2435744
2435861
2436015
2436542
2438562
2441127
2442659
2442675
2443424
2448243
2449308
2452174
2456241
2456582
2457088
2457637
2460719
2460864
2461201
2461483
2465621
2466292
2470009
2471519
2476971
2477151
2477819
2481604
2481733
2482809
2484249
2484624
2485170
2485327
2486391
2486730
2487063
2487230
2487369
2487685
2487972
2488467
2490490
2490611
2492229
2492335
2493247
2495408
2496046
2496509
2496739
2497538
2497854
2498388
2499180
2499328
2499485
2500378
2500673
2500752
2501840
2503540
2503829
2505059
2505282
2506887
2509658
2510073
2511316
2511710
2514731
2515499
2518340
2518411
2519136
2519678
2519680
2519929
2521330
2521580
2522855
2523901
2525500
2528089
2529380
2529465
2529688
2534770
2534905
2535790
2537469
2538344
2538977
2539050
2539731
2542540
2543609
2544100
2544297
2546546
2547334
2548123
2548220
2549161
2550471
2555066
2555333
2555935
2556310
2556436
2557849
2557853
2560195
2560781
2561549
2562558
2562746
2564647
2564719
2565622
2565992
2567368
2568758
2569438
2569522
2571787
2571863
2572131
2572723
2573281
2573874
2574242
2575027
2576124
2576218
2576371
2576466
2579002
2579108
2580298
2580686
2583051
2585186
2586211
2586410
2587390
2589491
2592109
2593809
2594888
2596085
2596684
2596979
2597711
2599830
2600326
2602443
2603393
2605258
2605277
2605728
2607415
2610995
2612099
2613663
2614793
2614848
2615946
2616219
2616957
2617943
2619248
2619311
2623035
2623045
2624416
2625047
2626695
2626982
2628611
2631055
2631255
2631764
2633087
2633996
2636815
2638082
2638832
2643265
2643571
2646339
2648489
2649419
2650287
2650465
2650953
2651215
2651531
2652739
2654088
2654943
2655050
2656931
2657781
2657979
2658980
2659233
2661536
2663716
2664638
2665042
2667738
2668289
2669429
2672585
2672714
2673571
2674931
2677085
2677567
2677610
2680794
2681045
2681330
2681699
2682203
2686974
2687348
2688322
2690823
2692027
2692811
2694489
2695327
2697823
2698397
2698437
2699285
2700045
2700280
2702698
2703431
2704629
2705116
2706218
2707084
2707630
2708010
2709285
2711548
2712670
2714228
2716532
2718600
2719083
2721528
2722053
2724050
2726074
2726214
2729458
2732732
2733968
2734010
2734031
2736987
2737553
2738738
2739243
2741805
2741920
2743537
2743591
2744971
2745390
2746722
2749631
2750960
2752311
2753632
2754782
2757789
2758760
2758947
2759841
2760979
2761450
2763205
2763462
2763510
2763678
2763954
2768054
2768512
2770225
2770249
2770816
2770831
2770923
2771063
2771318
2773312
2773546
2774714
2775298
2775724
2775754
2776223
2777308
2777875
2778205
2778388
2779203
2780208
2781224
2781651
2782447
2783506
2784029
2784597
2786062
2786243
2787542
2788073
2788320
2788327
2789888
2791701
2792558
2792857
2795066
2796646
2797207
2798453
2799094
2799453
2800590
2802444
2802520
2805039
2805493
2806818
2808457
2809488
2810173
2811044
2811512
2811802
2813961
2814132
2815068
2816833
2817025
2818171
2818521
2818638
2819001
2819659
2820615
2821919
2825202
2826472
2826882
2827888
2828397
2828837
2829342
2831001
2831494
2831927
2832061
2832402
2832970
2833203
2835323
2839080
2840535
2842700
2847259
2847518
2849757
2849912
2851082
2851414
2852736
2853115
2853943
2854198
2854797
2855507
2856077
2858621
2859303
2859485
2860867
2860995
2862809
2863586
2864714
2865281
2866191
2866508
2866517
2867421
2868622
2869176
2869318
2873162
2873692
2875589
2876548
2877858
2879727
2881044
2881152
2881939
2882524
2883594
2884596
2885259
2885812
2888483
2889032
2889412
2892560
2892740
2892863
2894611
2894892
2895476
2897576
2897633
2898954
2900115
2900147
2900334
2900401
2900895
2904202
2904576
2905776
2907684
2908816
2909304
2909740
2909762
2914388
2915755
2916132
2918066
2918692
2919257
2919499
2920190
2920209
2920986
2921995
2922448
2922471
2922734
2925921
2926022
2926611
2929862
2930143
2930651
2932767
2932834
2933513
2933872
2935354
2938218
2939547
2939833
2940955
2941601
2942139
2943715
2945479
2945627
2946000
2946021
2947996
2948225
2949106
2950825
2951226
2952272
2952641
2952887
2956240
2956753
2956950
2957780
2957794
2957817
2958681
2959336
2959965
2962926
2963916
2966503
2966821
2967655
2968876
2969041
2969594
2969663
2971370
2973651
2973730
2976309
2976817
2980265
2983519
2983537
2985281
2985285
2985870
2986903
2989661
2992569
2992813
2993987
2994010
2994574
2995274
2995850
2996794
2997080
2997426
2998256
2999403
3000075
3000527
3001968
3002324
3002845
3002930
3003248
3004720
3007273
3007508
3007732
3010318
3010403
3011193
3011457
3011961
3012791
3016272
3017607
3019267
3021037
3023044
3023461
3023594
3024618
3024746
3027623
3028289
3028598
3028720
3029786
3030006
3032062
3032634
3035799
3037529
3037994
3038612
3040255
3040660
3042846
3043068
3044442
3044766
3045871
3046424
3046714
3047061
3047127
3047376
3047921
3049873
3051887
3053785
3056784
3058466
3059641
3061574
3062833
3064226
3064365
3064515
3065829
3068135
3068257
3069090
3072756
3073092
3073744
3075072
3077390
3078030
3078653
3079490
3079511
3079821
3080974
3081341
3082249
3082965
3084166
3084226
3084886
3086467
3088937
3089500
3090842
3091012
3091096
3091232
3091853
3092426
3093075
3094484
3096131
3096205
3096293
3096448
3096467
3096582
3096788
3097091
3097390
3097536
3099035
3099297
3099509
3100399
3100450
3101563
3102732
3103656
3104247
3104898
3105116
3106660
3108786
3108874
3114638
3116151
3117560
3119723
3120467
3122537
3122898
3123957
3124633
3126803
3127949
3129226
3130262
3132539
3132969
3133787
3133847
3135372
3136587
3136907
3137190
3137339
3137639
3139502
3141286
3141339
3142689
3143377
3144513
3144787
3145067
3146602
3146837
3147042
3147246
3148170
3148696
3148719
3150558
3152058
3152279
3152993
3154052
3154571
3154825
3156222
3156574
3158019
3158213
3158862
3161041
3162563
3162690
3162910
3164268
3164542
3165164
3167711
3169403
3171475
3172535
3174958
3176558
3177141
3178838
3179029
3180077
3180812
3183748
3184058
3185139
3185799
3187530
3187622
3188186
3188230
3191172
3192825
3192996
3193100
3193740
3194538
3196996
3197085
3197140
3197315
3198183
3199042
3199549
3200748
3201100
3201865
3201879
3203100
3203201
3205314
3205386
3205416
3207580
3208078
3208195
3208255
3213153
3213439
3214374
3215155
3217563
3217620
3217942
3218443
3218692
3219401
3220314
3220334
3220442
3220600
3221542
3224101
3225515
3225655
3227530
3228951
3229246
3229852
3230015
3230320
3230687
3233310
3235413
3236416
3236437
3237276
3238561
3240385
3241252
3244180
3244210
3244523
3244550
3244861
3245147
3245353
3246301
3246504
3247074
3247259
3247374
3247570
3247833
3248049
3251222
3252342
3253903
3255843
3256136
3256530
3256621
3257396
3258320
3258653
3258784
3259504
3260223
3260984
3262059
3262612
3264807
3265367
3266193
3266972
3269163
3269483
3269570
3270196
3273302
3274638
3275182
3275923
3277161
3277405
3278279
3278366
3281847
3282668
3282755
3283690
3283933
3284310
3284885
3285186
3285473
3287147
3287419
3287989
3288048
3288228
3289995
3292045
3292377
3292587
3294061
3295967
3296254
3296435
3296809
3301506
3303227
3303755
3303913
3307429
3307982
3308140
3309227
3310191
3310463
3311174
3313759
3313805
3314102
3315614
3316668
3316857
3318387
3319018
3319809
3320536
3321355
3321782
3324417
3325216
3327106
3327416
3327784
3328628
3329337
3329698
3330145
3330319
3330715
3331340
3332128
3334124
3335468
3336040
3339352
3342848
3343073
3343313
3343691
3344026
3344105
3346710
3346789
3347452
3348596
3349276
3349487
3349569
3349832
3350059
3350526
3351244
3351319
3352480
3352810
3353091
3355272
3355406
3355499
3357233
3357347
3357796
3359131
3361449
3361927
3362458
3363510
3363744
3365042
3366002
3371810
3372817
3373047
3373522
3374455
3374479
3374723
3374834
3374866
3377396
3378204
3380213
3380941
3381026
3381820
3382910
3384561
3385891
3387020
3387437
3387798
3389088
3392829
3392888
3393717
3395098
3395334
3396049
3396273
3398804
3401017
3401129
3401229
3402728
3403694
3404472
3405401
3405689
3405867
3406999
3409360
3409917
3410378
3410636
3413120
3414084
3414534
3414815
3414906
3415645
3415686
3416684
3416788
3416958
3417376
3418247
3418356
3418487
3419253
3420427
3420467
3420944
3421988
3422302
3422448
3422579
3423344
3424540
3427379
3427386
3428975
3429442
3429863
3430883
3430923
3431134
3432819
3433118
3433763
3434449
3436111
3436856
3437563
3440347
3440948
3442355
3443555
3445846
3446363
3447395
3447997
3448962
3450149
3450402
3450603
3453689
3455085
3455822
3456178
3459026
3459038
3459062
3459185
3459778
3460828
3460967
3461124
3461217
3461365
3461539
3464091
3464677
3465847
3467484
3469033
3469148
3470131
3470917
3471778
3474423
3474607
3475145
3475193
3475940
3476482
3479898
3480326
3481406
3483116
3484682
3484954
3485153
3485971
3486063
3486206
3486555
3486897
3487059
3489730
3490554
3490997
3492126
3492731
3493041
3493520
3496840
3499536
3502014
3502225
3503271
3503911
3506185
3506911
3507254
3509349
3509497
3509986
3510169
3510570
3510786
3512158
3512218
3515384
3516445
3517663
3521372
3522554
3524318
3524442
3526999
3527220
3528414
3530426
3531300
3533836
3536893
3538516
3538989
3539078
3540885
3542207
3544013
3544715
3545349
3548408
3549077
3549695
3551008
3551162
3551278
3552411
3555007
3557912
3559522
3561952
3564349
3565558
3566297
3566343
3566515
3566680
3567814
3570062
3570087
3570486
3573052
3573537
3574287
3574442
3575405
3576026
3576847
3577596
3578673
3578842
3580117
3581194
3582772
3584938
3586026
3586627
3587390
3587465
3587672
3587959
3588795
3589202
3589717
3590587
3590588
3593474
3593515
3594254
3594797
3596712
3596814
3597477
3597861
3598876
3599815
3600672
3602928
3603169
3605091
3605790
3607178
3607822
3608091
3608381
3609013
3609804
3610544
3613059
3614029
3616111
3617306
3618042
3618185
3619772
3622197
3622526
3622708
3622736
3623035
3623122
3623171
3623314
3623351
3624987
3625326
3626355
3627683
3627902
3629500
3630267
3630996
3631045
3631617
3632173
3633134
3633641
3633891
3634249
3637726
3638113
3638122
3639640
3641763
3642300
3643161
3646461
3651072
3651900
3652273
3652842
3653544
3654709
3656857
3658507
3659099
3659265
3659858
3660159
3660632
3661467
3661664
3662679
3664438
3664762
3664985
3665266
3665678
3665684
3665958
3666793
3668016
3669324
3669972
3670186
3670323
3670389
3670657
3670692
3670947
3671407
3672339
3673152
3673310
3673902
3674168
3674515
3675175
3676929
3677828
3678172
3680364
3681306
3681424
3681518
3682110
3682213
3684735
3686629
3687414
3688223
3688810
3691065
3691433
3692763
3693268
3693568
3695464
3696046
3697058
3698870
3699843
3700193
3701003
3703311
3703798
3704200
3705939
3706176
3706418
3707444
3707922
3708264
3710692
3711225
3714845
3715032
3715214
3716201
3716571
3718355
3718750
3720792
3720988
3721064
3721429
3721531
3723439
3724634
3725817
3727990
3729708
3730759
3730841
3732440
3734063
3734935
3735341
3735642
3735938
3736975
3738795
3738799
3740827
3740934
3741018
3741356
3741683
3741950
3741974
3746071
3746161
3746436
3747530
3748071
3751073
3751781
3752224
3752273
3752299
3753633
3754213
3754942
3756755
3756961
3758126
3758457
3761418
3761682
3762400
3763701
3765041
3767870
3767913
3767959
3768067
3768571
3769157
3770343
3771129
3774013
3774116
3775142
3775727
3779859
3780734
3781674
3782040
3782074
3783122
3783874
3784354
3788084
3788404
3789439
3789720
3790549
3791552
3792851
3793210
3797904
3800150
3802012
3804189
3808836
3811950
3813114
3814035
3814039
3814724
3816652
3818117
3821968
3822384
3823057
3823391
3826750
3826908
3827056
3827413
3829203
3829775
3829811
3829812
3830190
3830455
3830495
3832029
3832730
3832758
3832958
3833278
3834223
3834507
3834592
3834777
3836960
3837048
3838173
3838644
3838690
3838703
3842335
3843389
3843447
3843497
3843753
3844480
3845413
3845653
3846657
3847160
3848867
3849429
3849548
3855070
3855415
3855569
3855951
3857490
3858970
3860781
3863485
3867457
3868815
3869255
3869958
3870781
3871919
3872444
3873759
3874406
3874441
3874945
3877058
3878481
3878515
3879325
3880527
3881218
3881330
3881503
3882815
3883725
3885468
3885626
3887011
3887067
3889330
3889489
3892978
3894316
3896233
3896766
3896845
3898850
3903143
3903523
3904558
3904943
3905806
3907520
3908220
3911434
3911464
3912110
3912372
3913438
3914424
3915089
3915169
3915521
3916067
3917223
3917568
3918161
3919857
3919968
3920216
3920269
3922136
3922273
3923422
3924482
3926230
3927514
3929698
3929761
3930088
3930160
3932356
3934930
3937014
3938590
3939862
3940493
3940952
3941517
3941788
3944528
3945598
3947220
3948091
3951088
3951714
3955524
3957235
3957715
3958052
3958554
3958778
3963203
3965660
3965699
3965798
3966378
3968881
3969375
3971137
3971461
3974090
3976318
3976577
3976719
3977510
3977718
3977727
3978588
3978664
3982483
3982600
3982616
3985345
3986899
3987030
3989511
3991248
3991285
3992849
3994452
3995115
3995552
3996475
3996713
3996746
3997917
4000813
4001627
4001697
4005489
4006611
4007557
4008791
4008944
4012550
4012790
4014901
4015011
4016604
4019490
4019794
4022312
4022917
4023541
4023669
4028052
4028756
4031783
4033425
4033698
4035074
4036629
4037498
4037868
4037999
4039254
4039715
4042106
4042635
4044676
4044681
4045389
4046079
4046084
4047392
4047865
4048022
4049198
4049879
4050648
4050787
4052357
4052735
4053108
4053276
4054415
4056427
4056931
4057671
4057915
4057969
4058501
4059011
4061165
4062173
4063162
4065034
4065757
4069299
4069736
4069894
4071186
4071722
4072272
4072555
4073834
4073897
4076832
4080149
4080350
4081880
4083870
4084057
4084444
4084624
4085109
4085404
4086002
4086162
4086366
4086443
4086577
4086916
4086931
4087428
4087749
4087924
4087987
4088490
4088925
4089421
4090044
4090757
4091092
4094471
4094769
4097679
4098102
4098469
4098485
4098502
4099678
4101793
4101833
4102080
4102155
4102489
4104847
4105141
4105164
4107245
4108438
4108771
4109759
4109907
4110706
4111860
4112681
4114483
4114555
4116453
4117814
4120087
4120412
4122152
4122231
4122555
4123106
4124140
4125173
4125481
4125829
4126856
4127849
4128045
4129236
4129920
4131958
4136611
4136875
4138817
4139721
4139747
4140138
4142818
4143633
4143815
4144061
4144724
4145062
4148304
4149571
4151418
4151956
4152159
4154516
4155126
4155517
4156339
4157094
4157194
4159168
4159439
4160191
4160750
4163921
4164541
4164639
4165322
4165948
4166564
4167024
4168881
4169060
4169138
4169872
4171381
4172958
4174998
4175198
4176597
4178145
4178715
4182476
4183097
4183644
4185635
4186138
4187654
4188348
4191528
4191583
4193696
4193755
4194218
4194761
4195022
4195321
4195477
4198356
4198396
4199048
4199259
4199446
4199449
4200190
4201705
4202059
4202535
4207363
4209610
4212820
4216173
4216688
4216941
4217142
4217858
4221720
4222501
4222873
4223477
4224399
4224731
4225402
4225568
4227064
4228564
4228711
4228767
4231646
4232559
4233487
4233820
4233980
4233991
4234948
4237276
4237391
4238734
4240104
4240417
4241642
4242101
4242777
4243602
4245489
4246288
4246979
4247673
4248452
4248537
4250091
4250379
4251968
4252505
4253043
4254249
4255101
4255133
4257265
4257787
4259985
4260455
4262683
4263112
4264010
4264482
4265167
4265535
4265736
4266019
4266249
4267080
4267800
4268340
4268391
4269144
4269171
4271658
4272097
4272116
4276661
4276786
4278180
4278369
4278639
4278835
4280293
4280514
4280586
4280713
4281390
4281795
4282157
4282756
4283650
4287796
4288174
4288565
4293363
4295226
4295416
4295617
4296562
4297309
4298110
4298247
4298735
4300093
4300476
4302623
4306093
4306397
4309725
4311125
4311803
4311986
4312551
4313133
4313800
4314730
4316902
4319406
4320386
4321454
4321774
4322500
4323781
4324536
4325244
4326596
4326779
4326931
4327697
4328444
4328465
4328562
4329854
4329936
4330554
4330769
4331500
4332484
4333678
4334373
4335873
4336129
4338748
4339790
4340789
4341927
4344854
4345665
4345796
4348981
4349564
4349965
4350396
4351317
4352655
4353997
4354243
4356815
4357368
4358066
4360303
4360880
4361288
4362837
4362863
4363559
4364111
4364136
4367185
4367683
4372504
4372765
4374373
4374397
4376567
4377277
4377714
4379234
4379307
4380672
4382214
4383081
4383432
4384401
4385307
4385858
4386853
4386971
4388540
4389845
4391434
4391618
4393417
4395014
4395832
4397548
4399653
4402342
4404376
4405013
4405790
4406608
4409153
4410053
4413826
4415349
4415572
4417495
4417561
4417890
4417957
4419621
4421740
4423096
4423314
4424975
4426084
4427400
4428810
4429531
4430823
4434695
4434860
4435023
4436200
4436343
4436352
4437065
4437579
4437652
4438601
4439242
4439618
4439875
4440005
4441984
4443532
4443726
4443809
4444780
4447866
4448476
4450161
4450320
4452687
4454785
4455501
4455876
4456287
4456610
4458276
4459568
4460056
4460066
4460119
4460309
4460851
4461255
4462350
4464541
4466353
4467378
4467552
4469021
4469272
4469466
4469478
4469815
4471514
4471922
4473540
4475029
4476043
4476707
4479514
4479608
4480034
4482405
4484586
4485983
4488318
4488406
4489803
4489843
4491721
4492387
4493949
4494214
4494955
4495100
4497701
4498726
4501015
4501470
4501641
4501853
4504049
4504173
4504403
4504489
4505674
4505908
4506365
4506541
4507015
4507652
4509511
4510992
4512848
4513192
4513620
4514449
4515708
4516460
4518799
4518915
4519010
4519419
4520094
4525599
4526713
4527638
4527653
4527977
4528032
4528374
4529034
4529246
4530026
4530220
4530973
4532660
4534392
4537134
4538034
4538147
4538589
4541542
4542218
4542260
4543380
4543535
4544022
4544397
4545837
4547633
4547813
4548103
4550900
4552133
4552242
4552318
4555550
4555906
4555923
4556483
4557845
4557867
4558607
4560248
4563243
4563521
4565759
4566745
4569496
4569760
4569900
4571490
4571658
4573207
4573241
4574114
4574265
4576155
4577137
4578950
4579882
4581208
4582782
4582840
4583478
4586257
4587381
4590162
4592088
4598604
4599206
4599226
4599772
4602426
4603526
4604657
4606454
4607219
4609289
4611641
4612663
4612820
4614699
4614809
4619772
4619878
4620638
4621131
4623014
4623483
4625966
4626475
4627477
4627993
4629319
4631521
4632166
4632367
4632455
4633785
4634328
4634342
4634555
4634938
4636508
4640031
4640986
4641392
4641431
4643236
4645244
4645653
4646037
4652195
4653460
4654197
4655827
4655902
4657953
4658927
4659148
4660091
4662563
4662576
4663973
4664766
4665156
4665293
4665299
4665879
4666338
4666503
4670475
4671831
4672078
4672982
4674511
4675151
4675301
4678416
4679482
4680514
4681077
4681080
4683475
4684184
4684282
4686485
4687709
4688112
4689984
4690379
4691209
4693064
4693503
4694027
4695368
4695493
4696632
4697331
4697541
4697963
4699031
4699160
4699878
4700296
4700358
4700789
4703917
4704075
4704391
4704999
4706627
4707636
4708275
4709125
4709140
4709759
4709882
4710334
4711590
4712322
4712499
4713796
4718371
4719250
4719884
4720045
4720655
4721568
4722002
4723448
4723624
4723962
4724288
4724340
4724796
4725196
4727727
4728636
4729313
4729335
4729676
4729886
4730579
4732683
4733145
4734080
4734093
4734988
4735279
4736022
4736470
4737021
4738900
4740373
4740386
4740591
4740646
4740796
4740872
4741637
4742385
4743160
4743279
4746658
4747526
4747695
4748141
4751583
4752349
4752792
4754424
4756245
4757606
4759280
4759674
4759700
4759787
4760360
4761601
4762153
4763272
4763813
4764650
4765425
4766314
4766732
4766956
4767675
4768533
4768578
4768594
4768757
4769844
4770736
4771256
4771606
4773441
4773881
4774457
4774707
4774863
4776178
4779089
4780156
4781659
4782765
4782897
4783049
4784596
4786325
4789541
4789637
4791056
4791249
4791289
4791706
4794281
4797470
4798424
4798511
4798957
4800041
4801056
4801090
4801850
4802311
4803339
4804287
4804635
4805264
4807007
4810370
4811599
4812562
4812667
4814328
4814877
4818106
4819499
4821174
4822405
4823194
4823666
4824209
4825196
4826676
4828574
4829132
4830220
4831181
4831379
4832916
4832971
4834350
4834796
4835998
4837260
4838281
4839416
4839709
4839971
4840716
4841088
4843842
4845209
4846117
4847083
4848567
4849388
4849627
4849846
4850321
4850417
4851545
4851641
4852207
4853410
4853412
4855716
4855868
4857265
4858744
4861269
4862003
4862491
4863316
4865196
4866577
4866663
4868738
4869227
4870724
4871108
4871110
4871130
4872935
4873823
4874447
4874985
4875592
4876358
4876577
4877050
4877295
4877537
4877585
4882017
4883383
4886921
4887057
4890996
4891330
4891497
4891635
4891736
4893344
4893488
4894459
4894743
4895735
4896222
4896921
4898118
4898254
4900285
4901766
4902492
4903072
4904667
4905128
4905234
4905533
4905584
4906347
4906442
4908014
4912009
4912722
4913274
4914278
4914617
4914804
4914991
4916232
4916534
4917482
4919618
4920363
4921578
4922066
4923659
4924095
4924881
4925221
4925860
4927523
4927874
4928518
4928716
4928956
4928996
4930382
4930466
4931239
4931327
4931335
4931382
4931398
4934515
4934747
4934979
4935317
4935955
4936121
4938745
4939895
4941492
4942400
4947784
4948772
4949226
4949417
4950626
4950638
4950974
4951173
4951491
4951864
4952771
4953645
4953739
4953754
4956149
4958859
4959627
4959642
4959950
4960100
4961590
4962162
4964563
4967218
4967503
4968205
4968313
4971407
4971465
4973066
4974326
4974468
4976223
4976766
4977228
4977551
4977941
4981454
4981743
4981844
4982031
4982540
4984210
4984927
4987635
4989176
4992525
4993633
4993868
4996217
4998583
5001389
5004064
5004147
5005083
5005495
5005955
5008027
5008944
5009476
5009986
5010399
5010514
5010758
5011979
5011982
5013435
5014952
5015823
5016461
5016512
5018674
5021261
5021478
5023074
5023398
5025411
5026003
5026772
5027557
5029793
5030427
5030703
5034334
5034346
5035308
5035891
5038650
5041035
5042478
5043177
5043382
5043902
5045685
5045688
5045733
5046311
5046775
5047847
5048203
5048320
5050164
5051889
5054980
5055612
5057425
5058528
5059318
5062960
5063296
5063581
5063836
5064114
5064495
5064796
5065448
5067771
5068787
5069085
5069402
5069571
5069894
5070664
5071287
5071558
5071601
5074045
5075162
5076419
5078167
5078822
5078960
5080608
5081843
5082240
5083773
5085205
5085522
5086751
5088000
5088316
5089281
5090855
5091173
5092226
5093002
5093423
5094247
5094402
5094888
5095391
5096190
5097418
5101435
5105255
5106240
5106919
5107514
5109865
5110064
5110326
5111662
5112217
5112422
5113639
5115074
5116621
5117113
5119776
5121534
5122787
5126126
5128448
5128938
5129848
5130692
5132966
5133220
5135194
5136285
5138193
5138441
5139275
5139413
5141129
5143346
5143494
5144348
5148384
5149231
5154914
5154921
5154979
5157702
5158080
5159652
5163508
5164439
5167516
5168027
5169228
5169842
5170005
5170039
5170276
5170731
5171354
5172157
5172795
5173881
5174494
5175309
5175494
5176415
5176849
5180874
5182322
5182703
5184399
5187535
5188661
5189575
5189912
5190035
5190578
5191216
5194097
5194426
5195755
5197110
5198285
5200686
5200689
5201938
5202326
5203720
5204416
5204906
5205623
5205624
5205722
5205735
5207440
5209238
5209565
5210179
5210784
5212799
5214619
5214634
5215436
5216206
5216472
5216620
5216871
5218503
5218797
5218883
5220888
5221809
5222390
5225837
5229665
5230513
5231763
5232920
5233608
5233805
5234036
5234554
5234796
5234843
5235899
5235992
5237759
5238832
5240064
5240399
5240500
5240777
5241909
5243026
5243770
5243927
5246773
5248237
5250645
5251601
5255166
5256650
5256846
5258723
5259548
5259842
5261431
5262519
5262707
5262793
5263202
5263266
5263304
5263747
5264806
5266088
5266635
5267213
5267549
5267571
5268255
5269285
5269654
5270847
5270958
5270975
5271044
5273002
5275133
5275960
5276172
5277588
5277754
5278343
5278539
5281520
5282875
5283455
5284424
5285163
5285204
5287422
5289265
5290248
5290913
5291457
5291578
5291950
5293397
5293690
5293709
5293745
5294187
5295547
5297349
5299783
5301330
5301769
5302497
5303106
5304525
5305439
5305578
5305709
5309779
5311441
5311730
5312218
5312671
5314022
5314345
5315221
5317720
5317779
5318124
5318409
5319295
5319406
5320035
5321406
5323938
5325082
5325417
5326603
5327695
5327967
5331203
5331664
5332933
5333623
5333664
5333955
5333988
5334252
5334589
5335998
5336341
5336732
5337115
5338205
5338262
5339547
5341803
5344049
5346229
5346510
5348298
5349569
5351069
5351806
5353850
5354326
5356880
5356894
5357016
5357236
5357360
5357721
5358390
5359633
5361042
5361442
5362254
5362268
5364815
5365005
5366760
5367914
5368645
5370473
5371735
5372111
5373485
5373891
5375177
5375391
5377245
5379341
5380802
5382148
5382470
5382585
5383901
5384296
5386912
5387752
5389475
5391600
5392037
5394706
5396736
5396773
5397213
5398779
5399060
5399273
5399720
5400542
5401043
5401774
5402796
5403011
5404420
5404637
5404713
5404908
5408962
5411500
5411672
5412624
5413262
5416609
5416762
5418066
5418931
5419250
5419731
5422221
5427544
5427723
5429106
5431773
5431796
5434691
5436202
5437734
5437969
5438190
5439307
5439717
5440035
5440110
5440265
5441050
5444055
5445120
5445646
5445784
5446651
5446933
5447528
5449422
5450430
5452184
5452194
5456195
5456233
5456909
5457891
5458737
5459520
5460021
5460621
5461365
5461534
5462499
5462564
5463100
5463911
5465601
5470855
5472466
5472570
5473124
5473358
5477055
5477119
5478710
5479015
5480098
5480646
5485785
5487969
5488456
5488548
5488673
5490721
5491893
5492853
5493119
5496920
5497936
5498134
5500800
5501185
5502870
5503025
5503066
5503384
5504572
5508274
5508293
5508950
5509342
5509523
5509676
5509894
5510180
5510815
5511573
5512023
5513541
5513780
5515101
5515486
5517016
5519663
5520746
5522773
5525813
5526755
5527259
5527549
5527692
5527725
5527864
5529724
5530195
5531614
5532109
5534531
5535325
5536328
5538285
5540011
5546821
5547693
5550843
5551704
5552121
5554047
5555007
5557584
5558645
5559270
5559502
5560004
5560629
5561255
5561507
5561805
5562672
5564079
5565479
5566876
5569142
5569328
5570233
5571464
5572025
5572486
5572543
5575097
5578190
5579302
5579368
5580993
5581159
5581754
5581826
5582881
5583005
5583279
5585827
5586243
5586863
5586961
5587613
5590049
5590177
5590251
5590528
5590757
5591079
5593514
5594705
5594878
5595000
5595053
5596146
5596286
5598439
5598453
5599089
5599310
5599517
5601657
5602136
5603129
5603788
5603850
5605574
5606107
5607227
5607409
5608962
5610394
5612299
5612874
5614398
5615217
5616062
5616219
5619397
5620647
5620735
5622678
5624480
5625423
5625927
5626190
5629434
5629780
5629950
5630900
5631079
5631152
5633320
5633514
5633952
5633964
5636042
5636761
5637136
5640565
5641750
5641995
5642577
5643595
5643871
5645160
5645644
5646089
5646468
5647347
5649868
5649996
5650899
5652252
5653298
5655198
5655305
5655656
5656983
5657397
5657612
5659060
5659391
5660680
5663768
5663924
5664289
5664784
5665698
5666560
5669217
5671284
5671503
5672423
5672914
5673899
5674122
5675068
5675222
5675556
5678182
5678215
5678433
5678907
5679103
5680706
5682841
5683732
5684369
5684819
5685797
5686157
5686464
5687845
5687919
5688318
5688372
5688951
5691948
5692574
5692692
5695842
5695907
5697337
5698651
5699357
5699933
5700220
5703678
5705212
5706415
5706968
5707900
5707921
5707974
5708703
5709669
5711879
5712000
5712120
5713440
5713504
5713583
5714670
5715906
5715977
5716686
5716881
5717558
5718511
5721104
5721899
5722642
5723710
5724821
5725861
5726118
5727123
5727755
5728484
5728847
5728951
5729000
5729304
5730912
5731136
5732143
5733266
5733521
5733932
5735886
5736433
5736781
5737752
5738200
5738782
5740418
5740997
5741365
5743636
5745998
5746177
5746377
5747808
5749116
5750611
5751458
5758057
5759127
5760320
5762098
5762458
5765243
5766262
5768248
5769059
5769943
5771140
5771156
5772467
5772962
5775736
5776338
5777690
5777935
5779267
5779274
5780491
5783175
5783285
5783960
5784037
5785934
5786067
5786685
5789359
5791549
5792030
5792125
5794968
5796264
5797726
5798006
5798723
5799298
5800606
5800747
5803057
5803813
5803926
5805113
5805336
5806110
5807903
5811895
5812366
5812592
5813118
5813715
5815753
5816751
5817025
5817360
5818001
5818405
5818451
5820000
5820482
5820537
5823853
5824093
5826927
5830080
5830927
5831077
5832308
5832444
5832635
5833283
5833447
5833546
5834143
5835406
5835509
5836576
5837195
5838085
5838088
5838435
5839256
5839555
5839628
5840727
5841594
5843566
5843643
5843949
5845022
5845608
5847351
5848789
5849587
5852590
5853776
5854062
5855041
5855126
5855950
5856130
5857802
5858193
5858561
5859180
5859416
5861494
5861512
5862353
5862969
5863820
5864867
5864949
5865121
5866214
5867573
5868000
5868993
5869532
5870833
5872928
5872945
5873510
5873683
5876070
5877658
5878064
5880270
5880468
5882409
5882526
5882762
5883128
5885011
5885691
5886714
5886965
5887333
5887872
5889818
5890074
5890486
5892849
5894088
5894732
5896255
5897785
5899576
5899804
5901712
5903005
5903017
5904941
5904975
5905742
5907471
5908374
5909512
5909558
5910028
5912450
5913023
5913312
5914229
5914842
5915294
5915432
5916490
5916672
5917283
5918031
5918141
5919958
5920220
5920996
5923216
5923530
5923723
5924666
5926538
5927395
5927740
5929906
5930182
5931110
5931483
5932518
5933379
5937097
5937985
5939265
5944046
5946675
5946682
5947845
5949275
5950963
5951425
5951675
5953663
5953888
5955427
5956488
5957238
5958264
5959267
5959280
5959541
5960819
5961617
5962079
5962721
5963196
5963676
5964231
5964643
5965469
5965661
5966081
5966155
5967049
5968348
5969150
5969234
5969534
5970019
5970076
5970268
5970591
5971903
5973335
5974619
5974669
5975509
5975692
5975937
5976103
5976309
5976383
5976667
5976890
5977545
5979571
5983498
5984375
5987676
5989070
5989878
5992185
5992305
5993370
5993641
5993718
5994060
5995296
5995749
5995963
5996761
5997293
5998498
6002612
6003311
6003903
6004075
6004429
6004464
6005539
6007556
6008142
6008406
6011713
6011804
6012454
6012537
6012631
6013672
6015011
6015686
6016520
6017357
6017583
6017977
6018067
6018519
6019588
6020680
6021047
6021934
6022155
6022801
6023031
6026210
6029168
6029483
6030948
6035647
6035835
6037671
6038968
6039265
6042471
6043101
6044046
6044752
6045436
6047969
6050155
6050423
6050547
6053302
6053859
6057034
6057163
6063736
6063749
6064399
6064458
6065600
6065700
6065845
6066298
6067394
6068345
6072676
6073423
6076969
6077210
6079580
6080385
6080952
6082159
6082951
6083051
6084998
6086210
6087828
6088654
6089488
6089639
6089725
6091716
6092087
6092445
6093229
6094558
6094809
6095880
6097970
6098042
6098588
6098985
6099471
6102372
6102619
6102820
6105540
6107015
6108270
6109012
6109758
6110481
6111200
6111229
6111407
6115333
6118364
6118786
6118836
6119331
6120051
6123955
6124824
6125494
6126007
6126385
6127146
6128176
6129856
6130120
6130763
6131613
6132552
6134842
6138836
6139501
6141707
6143048
6144143
6145435
6147854
6149814
6150412
6151486
6151932
6151953
6153219
6153263
6154573
6154882
6157854
6158858
6162801
6162811
6165118
6165219
6166803
6168015
6170038
6171818
6172812
6172998
6174580
6174833
6175153
6176116
6177545
6178246
6180738
6182222
6182311
6182446
6185706
6186478
6187831
6187989
6188610
6189317
6190888
6191810
6192046
6193016
6195112
6196461
6196904
6197471
6198481
6198667
6198978
6201268
6202373
6202522
6202953
6203086
6203778
6207184
6207877
6208258
6208572
6208930
6209810
6209884
6210377
6210853
6210910
6211363
6212372
6213917
6215551
6215789
6217985
6218655
6219404
6220226
6220883
6221273
6221378
6221730
6223147
6223806
6228496
6229668
6231229
6231593
6233652
6234701
6235477
6235634
6237109
6237917
6239336
6239525
6241064
6241776
6241805
6242953
6243840
6245352
6245418
6245630
6245767
6246844
6250856
6251528
6252136
6252821
6253334
6253605
6254055
6254334
6257929
6258171
6259074
6259701
6260265
6260872
6261072
6261322
6261334
6261717
6262775
6263474
6264198
6264769
6265161
6265993
6266613
6267160
6268802
6270630
6271293
6271498
6272836
6274097
6274800
6280214
6280676
6281627
6282279
6283543
6284036
6284717
6284741
6285138
6286613
6287812
6290727
6291048
6291768
6293043
6293220
6294093
6295360
6296001
6298487
6298748
6300032
6303351
6303394
6304842
6306103
6306490
6306837
6308890
6309120
6310860
6311402
6312065
6312076
6312531
6312861
6313049
6313938
6316018
6316069
6316284
6317113
6317343
6317787
6318117
6318552
6318815
6321340
6321870
6322237
6322928
6324406
6326026
6327543
6327842
6329398
6329904
6331806
6332068
6332225
6332574
6332680
6334356
6334588
6336034
6337863
6338213
6339056
6339236
6342718
6343435
6343465
6345178
6348538
6349714
6350278
6351036
6351322
6351462
6352342
6352499
6352607
6353706
6354039
6355245
6356494
6357762
6358483
6358811
6369474
6371987
6373162
6373634
6373649
6375814
6376282
6378195
6381039
6384400
6384686
6385063
6385902
6388756
6389673
6390267
6390491
6390787
6392951
6393087
6393284
6393668
6395554
6395620
6395927
6396238
6398305
6399363
6400649
6401433
6401486
6401607
6402224
6404084
6404296
6405834
6405991
6406374
6407662
6408310
6410708
6411644
6413031
6413130
6413656
6415464
6416543
6416871
6417357
6424727
6425144
6425545
6426613
6427241
6431593
6432602
6433833
6434061
6435751
6438101
6441448
6442187
6442384
6442568
6443761
6445081
6445763
6448536
6449131
6449544
6449560
6449717
6450916
6451548
6453341
6459147
6459302
6459635
6461665
6464863
6465189
6466543
6474641
6475529
6476286
6479269
6479462
6480408
6480574
6481488
6481549
6482196
6483522
6484092
6484372
6485286
6486537
6486877
6487168
6487952
6489199
6489950
6491063
6491973
6493502
6493676
6493699
6494112
6495047
6495094
6497047
6497851
6498530
6499281
6499585
6500537
6500830
6501679
6504212
6504697
6504968
6506538
6508189
6508262
6508630
6509710
6509951
6510132
6510868
6510928
6511577
6514835
6517876
6518060
6518427
6518537
6518643
6518739
6519290
6519463
6520034
6520090
6520150
6520448
6520902
6521651
6522305
6522332
6527148
6527764
6529873
6530780
6531391
6532251
6532305
6532796
6535104
6536305
6540278
6542111
6544187
6545742
6546267
6546655
6547710
6548487
6552790
6554119
6554695
6556160
6556210
6556433
6556799
6557042
6558160
6562706
6562873
6563472
6564433
6565454
6566038
6566722
6567475
6568599
6570218
6572006
6572138
6574545
6575340
6575782
6578018
6579304
6580636
6581070
6581410
6581997
6582286
6583860
6584631
6585651
6585939
6587117
6589277
6593896
6593939
6594170
6594397
6595527
6595640
6598493
6602081
6602447
6606587
6607812
6607819
6609443
6609503
6610795
6611591
6612136
6613005
6613631
6615380
6615466
6615746
6616637
6618319
6619437
6619795
6620319
6620402
6620480
6622168
6623280
6624428
6625281
6626019
6626672
6627741
6628765
6629193
6632283
6633620
6634020
6634817
6635196
6638213
6638647
6642285
6647174
6648394
6648410
6649057
6649061
6652105
6652638
6653049
6654651
6654686
6656217
6661208
6662570
6664154
6664388
6664811
6665289
6665939
6668393
6669753
6670398
6670541
6671300
6671362
6672035
6675435
6675510
6677830
6678352
6678833
6679800
6682154
6682984
6684925
6685725
6686486
6686665
6688733
6689003
6689421
6689932
6691295
6691414
6693336
6694354
6695904
6696900
6697305
6698411
6699402
6699633
6700597
6701305
6701926
6703194
6703674
6704527
6707250
6707573
6707903
6708633
6708722
6709943
6712967
6715061
6715529
6715583
6715970
6718167
6719071
6720468
6721036
6721592
6722019
6722981
6724089
6724389
6724511
6726102
6726727
6727873
6728123
6730331
6731986
6732157
6732639
6733354
6734212
6734414
6734591
6736263
6736333
6736642
6737379
6738264
6739939
6741108
6742291
6742640
6743354
6745134
6749282
6755616
6756130
6756157
6759382
6759829
6761079
6762025
6762141
6764053
6765051
6765481
6767236
6767939
6768123
6768993
6769501
6769706
6770066
6771651
6772565
6773202
6774157
6774361
6774595
6777215
6777312
6777372
6777602
6778755
6781511
6786036
6786501
6786749
6788965
6790174
6792201
6795139
6796664
6797002
6797078
6797103
6797794
6797908
6798004
6800067
6803116
6803351
6803881
6804841
6805656
6806536
6806544
6806713
6806754
6806911
6807008
6807112
6807502
6808090
6808850
6809494
6812319
6813560
6815344
6817811
6818859
6819111
6820212
6822012
6822882
6822972
6823123
6823872
6824761
6825158
6825764
6828211
6828390
6828756
6829090
6830170
6830259
6831757
6831782
6831803
6832197
6832677
6832794
6832909
6832959
6833112
6836071
6838350
6839141
6839706
6840023
6842032
6842980
6843175
6843819
6844831
6845744
6847806
6850571
6850960
6851284
6852190
6853266
6859508
6860375
6863126
6865125
6865691
6866125
6866360
6868951
6869910
6870738
6870961
6870993
6871421
6873136
6873647
6874122
6875495
6875658
6877545
6878391
6878525
6879039
6879849
6879871
6880213
6881645
6883080
6883093
6883801
6883860
6884991
6886515
6892744
6893744
6894116
6897547
6899193
6901204
6902406
6902628
6902637
6902678
6903866
6903981
6905604
6905842
6906177
6907600
6908898
6910665
6910978
6911266
6911356
6911675
6912287
6912812
6914080
6914339
6915972
6916604
6917198
6917959
6918674
6919123
6919603
6920581
6920596
6922923
6924222
6924916
6925941
6926708
6928545
6928763
6928869
6929508
6930566
6930891
6932821
6935567
6937447
6941255
6943028
6943438
6944581
6945646
6947628
6948061
6949275
6949625
6950734
6950991
6951170
6951221
6953001
6954196
6954250
6960345
6960868
6961050
6961142
6961981
6962030
6962204
6963036
6963491
6965124
6965325
6966012
6968094
6970406
6970422
6970549
6972756
6976306
6976781
6978310
6978923
6979541
6980527
6981143
6981267
6982433
6983656
6983955
6984114
6984149
6984248
6986116
6987860
6988195
6988771
6990140
6990998
6991496
6991686
6992556
6992833
6993517
6998876
7002538
7006393
7006966
7007975
7010538
7012116
7013502
7014400
7015599
7016552
7018927
7020709
7021263
7023777
7025618
7025695
7026514
7026992
7027536
7028792
7030478
7030796
7032821
7032853
7033842
7037416
7038689
7038925
7040853
7042185
7042913
7044793
7045752
7049542
7049634
7050633
7050836
7051357
7052860
7054811
7055621
7056496
7057979
7059110
7059607
7060153
7060897
7061355
7062945
7063906
7064490
7065962
7067776
7068061
7070388
7070511
7070833
7071840
7071971
7072294
7072681
7076006
7076945
7078012
7078571
7078617
7078713
7079807
7080815
7081574
7081810
7085954
7086040
7086042
7086558
7090138
7090385
7090588
7092325
7092408
7094283
7094899
7096870
7096904
7098230
7098792
7101137
7101370
7102458
7103691
7105155
7106690
7106709
7106735
7108536
7108552
7108610
7109057
7109181
7111208
7111441
7111861
7114552
7114769
7114940
7114996
7115190
7115794
7116250
7116656
7120223
7121277
7122135
7122348
7122549
7123567
7123660
7126211
7126716
7127312
7128064
7128102
7129014
7130838
7131462
7138216
7139126
7143096
7143912
7147144
7149256
7150531
7150931
7155013
7156948
7157467
7158730
7159217
7159383
7159904
7160863
7161106
7161657
7163998
7166769
7168457
7171229
7172125
7177474
7178521
7178544
7178844
7179120
7179853
7180120
7180284
7180811
7183423
7183898
7183931
7184408
7187054
7188439
7188829
7189100
7189691
7189714
7192164
7193842
7194646
7195090
7196251
7197073
7197473
7200098
7200616
7210405
7211762
7211899
7212049
7215597
7216308
7216426
7217800
7218456
7219107
7219543
7220348
7220789
7220825
7221071
7221356
7224436
7224520
7225258
7226297
7227898
7234712
7235186
7235365
7235368
7236499
7237816
7238077
7238245
7238631
7239425
7239734
7240295
7240357
7240573
7241442
7241542
7244470
7245170
7246037
7246507
7247198
7249055
7250012
7250509
7250575
7251125
7251686
7255574
7256039
7257027
7257467
7257711
7258122
7259911
7261888
7261899
7264881
7267060
7267755
7268501
7269178
7269355
7269613
7274041
7274535
7274640
7276458
7277159
7277986
7278088
7279161
7280310
7280346
7281661
7282003
7283064
7283116
7288453
7289168
7289620
7289773
7290625
7291332
7291673
7292960
7293271
7294153
7294339
7294998
7295072
7298064
7298280
7298719
7298845
7299230
7300131
7300205
7301499
7302836
7304093
7305375
7305616
7305907
7307185
7314616
7314713
7314993
7316480
7316698
7319442
7321246
7322433
7322435
7323769
7324400
7325854
7326943
7327876
7330962
7331131
7331477
7332008
7332319
7332557
7335555
7335879
7337002
7340135
7342180
7343555
7344064
7344980
7345391
7346346
7346419
7347707
7349277
7350272
7350904
7351403
7351608
7354896
7355949
7356134
7356506
7357106
7357216
7357866
7358474
7359120
7360403
7361689
7362003
7363144
7364293
7364502
7365005
7366062
7366073
7367265
7367472
7368162
7368577
7369073
7369678
7371920
7372197
7375808
7377633
7378995
7379022
7380099
7382928
7383300
7385489
7386151
7386410
7388937
7389828
7390366
7390413
7390660
7391023
7391927
7393229
7394283
7395826
7397023
7397249
7398467
7400140
7400828
7401660
7402517
7402914
7404064
7404179
7404670
7405903
7406306
7406771
7408558
7408631
7411400
7411417
7412384
7412980
7413225
7413348
7414493
7416130
7416685
7417718
7420448
7424479
7426056
7427160
7429149
7429166
7429406
7429892
7430236
7430348
7432190
7432820
7433428
7434284
7434879
7434921
7435055
7435489
7436213
7436284
7436331
7436447
7436482
7436538
7436633
7437242
7437334
7438087
7438149
7438477
7439436
7442295
7444228
7445979
7446313
7446641
7446901
7447917
7448546
7449774
7452200
7452238
7452318
7454721
7455918
7457438
7459851
7462228
7462791
7463085
7464682
7464802
7465553
7466068
7467494
7469749
7469938
7470981
7472321
7473511
7473566
7473909
7474284
7476217
7476742
7478092
7478617
7480230
7483271
7483576
7490681
7492881
7493761
7495697
7495809
7496163
7496529
7496673
7498652
7499976
7501379
7501423
7502652
7505018
7505228
7505765
7506134
7506828
7507125
7507196
7508131
7510855
7511210
7511597
7512825
7512911
7513166
7515046
7515863
7519945
7520190
7522235
7523527
7525727
7527250
7527283
7527363
7527427
7528886
7529007
7529509
7529524
7529715
7530284
7531662
7532221
7533647
7534599
7535036
7535269
7537934
7537968
7538387
7541368
7542630
7543039
7543171
7544694
7547098
7549216
7549569
7550389
7550641
7552538
7554801
7555107
7555897
7556861
7557741
7557966
7558494
7558497
7558833
7558909
7559849
7560693
7560964
7564074
7564101
7564562
7564780
7564820
7566622
7566682
7567405
7568169
7568726
7569460
7572170
7573917
7574425
7574658
7576853
7577124
7577424
7578251
7581582
7581787
7585557
7585788
7586214
7586475
7586595
7586841
7586923
7587742
7588108
7588196
7588368
7588496
7588930
7590124
7590543
7591072
7591312
7592463
7593401
7593404
7593742
7593981
7594554
7597099
7597279
7598491
7600530
7600789
7600855
7601118
7602012
7603941
7604768
7605075
7605335
7605988
7607934
7611486
7611865
7612823
7613085
7613519
7614350
7615401
7616754
7617848
7618318
7619342
7619558
7620925
7622349
7622924
7622991
7623050
7624329
7624779
7625007
7627012
7627127
7628716
7629811
7632553
7632846
7633748
7637345
7638086
7639407
7641309
7641497
7644092
7644313
7645069
7645386
7646221
7646549
7648178
7648397
7648910
7648954
7650677
7651982
7652188
7652807
7653205
7655106
7658498
7659937
7660065
7660934
7662372
7663959
7664109
7664319
7664631
7665837
7667179
7669059
7669506
7670080
7671877
7672349
7672701
7673761
7674864
7678168
7679159
7681303
7682229
7682891
7683349
7683853
7684683
7684885
7685880
7687881
7689753
7691028
7691446
7693101
7694042
7694521
7695672
7696864
7697297
7697951
7698691
7698701
7699402
7700123
7701394
7702021
7704776
7708032
7709767
7709991
7712320
7712636
7713458
7716780
7716798
7716975
7723669
7724102
7724114
7725063
7727644
7730956
7731925
7732022
7733015
7734358
7734404
7734753
7735391
7735675
7736347
7736400
7736782
7736828
7737445
7737952
7739739
7742350
7742625
7742683
7743529
7746429
7747409
7747676
7747707
7748000
7748015
7748076
7748465
7748699
7749011
7749138
7750110
7750371
7750758
7751759
7752017
7752952
7753145
7754806
7756208
7757538
7758217
7759201
7759661
7760585
7760755
7761858
7763272
7765144
7765494
7765527
7765569
7765704
7766034
7766749
7767067
7767811
7768990
7771659
7772330
7772395
7772568
7774899
7776031
7778072
7779512
7780509
7783823
7784063
7785182
7785395
7785402
7786042
7787717
7787836
7788035
7788571
7789595
7789807
7794569
7797121
7797727
7799094
7799579
7799893
7800166
7801211
7801603
7802724
7803544
7804296
7805541
7806872
7807110
7807775
7807950
7808143
7808530
7809127
7809305
7812122
7812796
7812980
7813264
7813381
7814387
7816648
7817658
7817790
7819869
7820493
7821017
7821050
7821145
7821944
7822173
7823410
7825367
7825570
7825837
7834264
7837039
7837195
7837386
7837828
7838530
7840000
7841894
7841985
7843397
7844490
7844849
7849173
7851855
7852358
7853203
7854302
7857078
7857702
7857900
7858729
7860110
7861108
7861703
7862669
7863886
7864049
7865542
7866206
7866255
7867012
7867082
7867215
7869411
7871718
7871980
7872250
7872956
7873035
7874059
7874158
7874506
7875039
7875668
7876547
7877424
7878031
7878401
7879937
7879963
7880749
7881155
7882218
7885064
7885476
7885605
7886658
7886669
7887112
7889046
7889409
7889915
7891077
7891101
7891517
7892019
7892580
7894689
7896846
7897025
7897170
7897556
7898364
7901098
7901621
7902245
7903678
7904197
7904366
7904422
7906482
7907965
7908103
7908319
7908542
7909476
7909518
7910178
7913601
7914597
7915470
7916567
7919729
7919900
7923170
7923462
7923631
7924240
7925521
7925818
7926759
7926861
7927242
7928021
7928614
7929140
7929208
7930605
7933113
7933334
7933935
7936059
7939186
7940639
7941479
7941517
7941962
7942004
7942337
7942462
7942711
7942714
7944041
7950360
7951137
7952600
7953127
7953760
7955126
7957086
7958835
7958913
7959940
7961591
7961636
7962142
7965017
7965076
7965219
7967229
7968174
7968940
7971201
7971826
7973657
7973847
7973855
7974443
7974788
7975511
7975705
7975774
7976389
7976570
7976609
7976995
7977232
7977559
7978128
7978574
7978801
7979826
7980019
7981656
7982169
7982464
7982490
7987379
7988842
7990037
7990217
7990240
7991928
7994892
7995664
7996637
7997337
7998827
8000091
8001573
8002502
8004166
8004301
8006740
8007697
8010240
8010691
8013956
8019262
8020033
8020160
8020658
8021578
8022125
8022353
8022983
8023099
8023129
8024195
8026207
8027344
8027797
8029090
8031742
8035332
8035767
8035813
8039534
8044589
8045278
8046106
8049071
8049526
8053863
8055506
8057571
8060341
8060715
8061493
8061512
8061607
8063370
8063395
8063995
8064809
8065117
8065563
8068072
8069053
8069700
8070025
8070220
8070749
8071159
8071509
8071588
8072467
8073191
8074341
8075448
8076578
8077828
8077843
8078156
8080583
8080867
8081683
8081853
8082972
8084124
8085378
8088438
8090292
8090883
8092877
8092891
8093872
8093924
8094145
8094500
8094645
8094649
8096020
8096238
8096625
8097804
8098756
8099600
8100330
8102222
8103134
8103264
8105204
8105729
8106280
8107804
8108512
8110341
8112078
8113103
8113432
8113867
8114515
8114575
8115467
8115889
8115976
8117140
8117230
8117955
8118068
8119801
8122652
8130125
8130624
8131306
8131932
8132687
8134020
8135487
8136226
8136761
8137123
8137203
8138205
8138601
8140260
8142410
8142776
8143982
8153705
8154422
8155362
8156584
8157891
8161266
8164094
8166234
8167353
8167371
8167522
8168598
8168786
8170202
8170331
8171057
8174933
8175339
8178860
8181511
8181977
8182200
8182434
8182483
8183187
8186371
8186474
8187224
8188320
8188581
8189961
8190928
8190944
8192150
8192529
8193317
8195192
8195782
8196534
8197573
8199961
8200583
8203078
8203333
8203725
8205118
8206871
8212242
8214489
8216368
8216953
8217172
8217188
8217264
8217414
8218975
8219482
8219516
8221245
8222775
8222906
8224145
8224982
8225515
8226058
8226121
8226374
8227021
8228180
8228342
8230431
8230555
8231217
8232159
8233509
8234132
8236257
8236377
8236490
8237267
8237820
8238689
8238790
8239855
8240013
8240586
8241063
8241638
8242704
8243579
8245596
8246192
8246697
8247776
8248956
8249062
8249747
8249847
8250650
8251347
8252343
8252923
8252960
8253918
8254280
8255264
8255299
8258037
8264988
8265126
8267531
8267539
8267860
8268118
8271275
8272396
8273603
8273751
8275377
8276340
8278243
8279113
8280121
8280403
8281290
8282418
8284176
8285403
8287911
8290675
8291222
8291419
8291966
8292898
8294298
8296657
8298103
8299220
8299733
8300138
8300833
8301216
8302020
8303827
8303992
8305958
8306992
8307583
8307648
8308638
8309324
8309598
8309623
8310772
8315526
8315736
8317775
8318571
8318813
8319171
8321169
8321652
8323087
8325473
8325954
8326517
8327065
8327339
8332948
8333418
8334119
8334578
8335227
8335500
8338919
8339999
8340358
8340540
8343285
8343528
8345988
8347625
8347804
8347836
8348003
8348930
8350937
8351409
8351601
8351903
8351921
8353719
8353968
8354032
8354844
8355144
8355409
8356326
8356592
8356706
8357012
8357072
8359425
8361084
8361240
8361474
8361584
8365040
8366158
8368369
8369013
8370481
8371601
8372792
8374681
8375809
8376921
8377050
8380371
8380928
8381038
8381482
8381719
8382748
8386447
8386616
8387061
8387232
8388122
8388725
8390504
8392969
8393301
8393929
8396712
8397791
8398295
8399230
8401473
8401584
8402851
8403232
8403986
8404106
8404142
8404758
8405250
8408195
8408353
8409628
8411259
8411406
8411570
8413522
8414182
8414791
8415766
8416871
8417106
8417201
8419582
8420763
8422096
8423194
8425311
8425428
8425434
8426522
8427283
8428249
8430722
8432308
8436222
8437260
8437585
8437639
8438192
8441230
8441628
8442783
8444102
8444247
8445617
8445986
8447107
8447784
8447936
8449849
8451023
8452251
8452299
8453555
8457516
8458145
8458915
8459132
8460424
8460836
8462877
8463224
8464708
8464726
8465433
8466587
8468132
8468299
8469266
8470118
8470198
8471091
8471622
8471903
8472796
8473996
8474296
8474544
8476462
8476508
8477611
8479816
8480807
8481942
8482557
8483903
8485769
8486804
8487483
8487652
8487725
8488162
8490971
8492207
8493362
8494285
8494716
8495725
8496033
8496142
8496215
8496686
8496979
8499408
8501590
8503854
8507709
8509400
8510558
8510847
8511255
8511687
8512777
8513524
8514546
8514655
8515011
8515592
8517282
8517954
8519503
8520104
8520455
8520537
8521608
8523943
8524369
8524580
8525077
8525281
8526284
8526350
8529678
8530719
8533185
8534709
8535328
8535930
8536340
8536576
8538951
8539618
8540173
8542624
8542852
8542926
8543884
8544180
8544860
8544904
8545245
8546535
8546968
8549261
8549539
8550257
8550754
8550961
8551143
8552545
8552774
8552990
8555047
8555450
8556182
8556887
8557374
8557545
8560262
8561385
8562558
8563144
8563706
8564713
8565707
8568101
8568372
8568753
8569414
8571784
8573843
8573908
8574119
8575185
8575285
8575961
8578460
8578555
8578589
8578975
8579662
8581130
8581932
8582948
8583564
8584118
8585042
8585426
8587318
8590674
8594067
8594222
8596480
8596902
8597078
8597085
8597515
8598195
8599439
8600380
8601959
8602166
8603081
8603219
8603504
8604927
8605560
8606845
8606979
8607569
8610225
8611705
8612039
8612851
8613088
8613489
8613886
8617281
8617498
8617979
8618252
8618822
8619098
8620501
8621591
8621736
8622093
8622344
8623640
8624113
8624119
8624368
8625828
8625910
8626435
8626676
8626754
8627732
8628091
8628388
8628812
8630687
8636042
8638554
8641486
8641838
8642270
8643304
8644254
8644597
8644787
8647045
8649488
8649880
8652360
8652381
8652389
8652579
8652708
8654410
8654943
8656106
8656343
8657180
8657654
8658045
8658781
8659686
8660942
8661734
8661821
8662274
8664646
8665576
8665910
8666162
8666493
8668184
8668937
8674379
8677590
8677673
8678966
8680184
8681046
8682578
8682681
8686112
8686831
8692516
8693170
8694155
8694201
8696806
8698109
8698167
8698920
8698964
8699428
8699670
8701739
8703085
8703547
8705084
8705919
8706504
8707551
8708592
8709229
8709470
8710607
8713053
8713241
8713444
8713570
8713748
8714140
8714793
8715064
8715086
8715541
8718368
8718922
8721249
8721936
8723929
8724288
8724434
8724842
8727197
8728233
8728659
8729421
8731968
8733306
8734629
8735984
8736053
8738252
8738447
8738940
8740826
8741197
8741478
8742035
8742100
8742251
8742930
8743662
8743955
8745347
8746272
8746657
8749114
8751070
8751191
8753530
8755838
8755864
8758159
8759094
8759294
8760345
8760510
8760694
8760803
8763294
8764280
8764600
8766469
8768295
8769042
8769504
8769807
8770113
8770421
8772258
8774869
8775365
8778670
8779439
8779999
8781376
8781845
8782396
8784396
8785142
8785722
8788500
8788788
8789285
8790387
8792353
8792636
8793149
8793934
8794509
8795952
8796671
8797403
8799304
8800149
8803410
8804083
8804156
8806387
8807006
8807159
8807737
8809178
8809562
8809819
8810110
8810479
8811060
8812380
8814789
8814913
8816341
8816532
8816574
8818051
8819387
8821676
8821858
8822384
8822585
8824426
8824464
8825294
8827519
8827839
8829785
8829896
8829960
8832149
8833331
8833504
8833609
8835083
8835281
8835621
8835895
8836935
8837396
8840411
8840966
8842371
8842409
8842825
8843901
8844494
8844718
8844723
8845187
8845382
8847450
8848421
8849098
8849114
8849449
8849708
8850132
8851051
8851675
8852204
8853211
8854073
8855325
8857551
8858117
8858750
8860090
8863326
8863449
8864606
8865590
8866643
8867140
8868396
8869400
8871139
8876649
8877394
8878477
8879201
8880421
8880513
8880671
8880701
8881318
8883460
8884321
8884532
8885224
8885492
8887248
8887718
8888270
8890502
8891413
8891730
8891962
8892651
8892773
8892951
8893393
8896075
8896513
8897932
8898097
8899576
8900749
8900819
8904091
8904136
8904495
8904967
8908244
8908705
8909622
8909623
8910525
8911793
8912945
8913317
8914578
8914787
8916644
8917134
8917329
8920280
8920533
8920983
8921248
8923790
8924508
8924995
8928214
8929343
8930477
8930927
8931543
8932028
8932827
8933847
8934065
8934378
8934417
8934953
8936422
8938114
8940854
8941056
8941190
8942395
8942976
8943480
8944193
8945778
8948741
8949473
8949935
8950206
8950286
8950461
8950918
8951007
8951633
8952312
8952711
8953491
8954583
8956550
8957547
8957924
8958619
8958643
8960076
8962273
8962675
8962795
8963271
8964877
8965285
8966144
8967081
8967159
8967586
8968152
8968344
8969246
8971201
8972057
8972628
8973510
8973645
8974819
8976692
8976898
8977036
8977551
8979925
8979978
8988765
8990388
8990994
8991602
8993725
8995804
8996316
8998068
8999031
8999287
8999626
8999645
9001726
9002703
9003070
9003811
9004929
9005538
9005946
9006935
9007015
9008469
9009963
9009983
9010702
9011401
9013445
9015541
9017185
9017892
9018466
9024723
9024731
9024939
9024989
9026393
9026401
9026659
9028369
9028616
9028993
9029055
9029640
9030221
9030681
9031114
9031263
9032107
9033419
9033890
9034519
9035259
9035816
9035857
9036076
9037243
9037821
9038763
9039342
9040445
9040672
9040807
9041295
9041875
9043855
9044740
9046611
9049495
9050957
9051468
9052421
9052619
9052854
9052981
9052994
9053344
9058549
9059333
9059630
9060645
9060735
9060803
9062153
9062199
9063800
9066124
9066242
9067034
9069469
9070122
9070301
9070717
9071190
9071935
9072485
9072605
9072619
9073540
9073808
9074669
9075344
9076061
9076955
9079720
9080150
9080473
9081344
9082287
9083452
9083519
9083932
9085283
9085354
9087531
9088689
9089699
9090171
9090738
9090981
9093568
9094693
9095651
9098064
9100327
9103459
9105574
9105880
9108519
9110491
9113311
9113395
9114605
9115463
9116205
9116550
9119543
9119571
9120843
9121014
9121243
9121573
9125299
9125493
9125546
9127440
9128490
9128542
9129457
9130135
9136257
9137104
9141159
9142304
9142392
9142911
9143907
9144258
9144315
9144535
9144993
9145445
9145856
9148543
9150326
9151879
9151942
9152485
9152588
9155894
9157997
9161700
9161980
9162763
9164760
9165087
9165687
9166148
9167281
9169546
9169768
9172783
9177860
9178104
9178177
9182048
9182928
9185235
9185454
9185508
9188230
9188604
9189830
9189907
9190992
9192956
9195280
9196814
9197352
9197933
9198559
9198574
9198839
9198897
9199376
9200144
9200623
9201416
9201656
9205106
9205859
9205971
9206046
9206804
9209876
9211618
9212667
9213051
9213554
9214676
9214855
9216864
9220869
9222811
9222950
9223051
9223631
9226675
9227571
9227984
9228742
9229396
9229792
9231704
9232289
9233079
9233588
9236639
9236841
9238918
9239508
9240510
9240580
9241091
9243123
9243737
9243780
9244141
9246341
9250391
9250863
9250888
9250964
9252275
9253621
9253868
9254519
9256488
9259207
9263128
9263862
9264017
9265083
9265884
9268779
9269331
9272111
9272590
9273260
9274786
9275030
9276958
9277458
9277955
9279388
9279882
9281430
9282311
9283907
9284088
9286289
9287042
9287510
9288169
9288862
9289168
9289324
9290994
9291500
9291682
9291707
9291734
9291896
9292024
9292136
9294877
9295196
9295244
9295349
9295646
9296163
9296225
9296972
9297948
9299971
9300862
9301953
9305699
9305787
9307008
9307861
9310271
9311590
9314979
9315110
9315206
9316059
9316432
9318407
9318513
9319308
9319710
9321279
9321648
9322236
9323796
9324131
9325168
9325387
9326115
9326450
9326915
9327004
9327097
9327708
9328490
9330227
9330570
9330631
9330735
9331381
9332109
9333254
9335717
9335803
9336350
9338503
9338787
9340265
9340695
9340707
9340894
9344106
9344309
9345919
9346515
9347279
9350358
9352222
9352521
9352530
9352591
9353050
9356082
9358434
9361945
9365189
9365797
9366162
9366603
9368446
9370462
9371971
9372476
9372868
9373532
9375942
9376388
9377095
9377214
9378248
9378514
9381023
9381475
9381617
9382463
9382553
9382779
9384367
9384580
9386988
9387267
9387818
9388315
9389111
9389824
9390225
9390388
9391497
9392554
9393032
9397307
9397700
9398301
9398914
9403686
9404002
9406581
9407979
9408188
9408197
9408336
9408423
9408805
9408877
9409519
9409659
9409790
9411005
9412403
9414721
9416767
9418569
9418997
9420901
9423133
9424242
9425866
9426175
9426306
9428255
9428834
9428981
9430386
9433287
9434232
9434233
9434569
9435084
9435196
9436014
9439641
9440791
9444155
9445437
9446926
9448278
9450081
9450495
9452503
9453443
9454265
9457187
9459351
9460150
9461022
9463630
9465122
9465266
9466052
9466104
9467779
9469474
9470304
9470735
9473117
9475036
9475701
9475935
9476238
9476509
9477102
9479229
9481743
9481751
9481803
9482274
9484701
9485393
9490144
9490647
9492019
9492078
9492956
9493754
9495243
9495724
9496092
9498350
9501525
9503236
9503395
9503922
9504733
9507175
9507926
9508707
9508941
9511858
9512003
9512267
9513926
9515057
9515780
9516934
9516993
9517075
9518315
9520479
9521345
9522845
9523470
9524171
9526623
9527169
9527191
9527626
9528438
9529027
9529719
9529934
9530118
9530601
9530885
9530954
9531144
9531178
9531946
9532968
9534654
9535458
9536515
9537817
9543827
9544717
9544952
9545711
9548220
9549965
9550563
9550916
9550982
9552161
9552546
9553100
9555799
9555814
9557049
9557626
9557653
9558387
9560052
9561897
9562090
9563565
9564458
9564459
9565952
9568013
9568874
9569247
9574359
9574561
9574836
9575775
9577804
9578567
9579258
9581329
9583250
9584279
9585052
9586313
9586570
9588832
9592035
9592464
9592584
9594547
9594577
9596320
9596443
9597464
9598561
9598861
9600610
9603274
9605065
9605885
9606578
9607305
9607607
9609103
9609994
9611512
9613615
9614359
9619192
9619868
9620151
9622931
9626515
9629314
9629410
9629976
9630523
9632174
9632576
9632873
9634710
9636444
9637126
9637851
9639571
9639578
9640942
9642121
9642646
9642849
9643441
9643635
9644943
9646150
9649937
9650181
9650236
9650257
9651124
9652289
9653393
9653961
9655530
9655661
9657230
9657424
9658383
9659930
9660204
9661312
9661634
9664235
9664502
9665003
9665128
9666011
9666250
9667617
9667641
9668383
9668889
9671180
9671793
9672417
9674176
9674340
9674470
9674669
9675214
9675957
9677431
9678149
9678336
9681477
9681672
9683795
9685008
9685127
9685589
9686351
9687904
9688806
9688845
9690007
9690955
9691602
9691782
9693984
9694484
9696085
9696302
9696830
9699129
9701009
9701656
9702103
9704270
9705058
9706510
9706588
9708412
9708482
9708874
9710977
9712166
9712518
9712854
9714080
9714401
9715062
9715603
9715780
9717190
9718159
9718542
9719137
9719706
9720148
9721358
9723804
9724183
9724321
9724929
9725293
9725754
9725944
9726382
9727141
9727836
9729837
9731254
9733966
9734868
9735886
9739637
9739868
9742001
9744875
9745352
9745770
9745988
9746641
9747489
9747844
9747981
9748338
9748434
9748546
9748891
9750013
9750978
9752412
9756028
9756049
9757057
9758263
9761540
9763200
9763812
9766339
9766850
9768666
9768681
9769058
9770716
9771863
9772999
9773635
9773698
9774381
9776211
9776391
9776457
9777421
9777426
9777898
9778066
9778467
9779878
9780100
9781488
9784621
9785910
9786144
9787836
9789532
9792212
9792216
9792785
9793020
9793220
9793284
9793440
9793513
9793799
9798850
9800272
9800597
9800783
9800857
9802736
9802887
9803112
9803883
9805204
9805421
9805502
9806882
9807511
9808273
9808570
9809329
9809482
9809870
9810763
9810884
9811733
9811794
9812964
9814424
9815815
9816579
9819514
9819616
9821402
9823402
9825372
9826488
9826914
9828184
9829851
9830101
9830163
9831510
9833058
9833175
9833541
9835269
9835953
9836374
9836463
9839522
9840174
9840710
9842560
9843132
9843518
9844255
9844689
9845650
9847323
9847634
9847802
9847897
9847915
9849613
9850810
9852400
9852999
9855667
9856419
9857264
9857717
9857824
9859148
9859349
9860768
9860917
9863295
9863420
9864019
9865633
9865844
9867605
9867994
9869395
9870420
9871273
9873611
9874689
9876580
9877636
9878095
9878922
9880415
9880735
9881432
9881651
9882338
9882371
9882446
9882734
9885096
9885319
9886042
9889477
9890110
9890462
9891765
9891978
9893414
9894415
9896374
9897314
9897382
9897787
9897865
9898040
9899357
9899618
9902057
9902803
9905516
9905620
9911857
9911961
9912259
9912756
9915123
9915235
9916508
9917041
9917660
9918308
9918395
9919952
9922622
9923529
9923745
9924840
9925320
9925417
9929657
9930936
9933159
9934563
9934908
9935395
9935487
9936338
9937016
9938901
9939614
9940071
9940093
9940230
9941609
9942343
9942852
9943008
9944878
9947374
9948380
9949184
9949594
9951269
9951878
9953737
9956540
9957099
9958461
9960566
9961999
9962673
9962734
9962844
9962892
9963538
9964119
9964723
9965254
9965837
9966492
9967755
9967800
9968652
9970130
9971341
9971373
9971614
9973672
9974164
9974757
9975100
9975184
9975572
9978110
9978786
9981246
9982160
9983576
9983824
9984397
9984807
9984860
9985068
9985842
9986436
9986957
9990786
9991427
9994000
9995127
9996421
9997222
9997712
9998040
9998741
9999847
9999985
