820
1631
3521
4961
6321
7752
8005
9643
11373
11416
11457
11555
12638
13170
13185
13291
14313
16609
16885
16909
17794
19599
19695
21273
21921
22946
24243
24305
24679
24803
27883
28571
30487
30670
30917
31565
32170
33397
34238
35460
35616
35904
37388
38361
39057
39315
39848
40232
41758
42175
42317
42323
44384
44501
44632
45137
47889
47893
49505
51904
53455
53586
54645
54736
54882
56384
57639
59457
59893
60338
63505
63527
64200
64630
64845
67286
70149
72117
73261
76103
76594
76653
77834
78101
78897
80215
83039
85712
87586
89743
90276
91052
92121
92712
93174
94950
95431
98361
98447
98760
99074
99085
103069
104247
104282
104672
104683
104767
105656
105954
106721
106784
107274
107939
108610
108923
109836
111739
112999
116004
117173
117318
117529
118448
118836
119102
119789
120329
122151
124059
124312
125256
125999
127209
128558
128837
131909
132866
133196
133758
133835
139063
139533
141588
142367
144199
146606
147666
147919
148724
150250
150429
150614
152337
155287
156058
156668
157042
157821
157907
158217
158908
161088
161613
162428
162784
163754
164802
165222
166102
166467
168871
169296
169521
170894
174120
174512
174673
175247
179075
181743
181906
183388
183904
186064
191722
192559
196111
199232
202761
204839
204963
205878
209947
210137
212382
213672
215464
215825
216300
216849
220275
221388
221962
223332
223647
224098
225133
225916
226474
226833
226846
227147
229155
229665
230325
231772
231956
232303
232610
234573
237313
239248
239317
240454
241546
241708
242365
243828
244856
247949
248441
248762
250389
250737
255368
255389
256162
256798
256817
258211
261024
261481
263661
263903
265156
268199
268287
270227
271905
273922
274291
276861
278410
279890
280238
281230
281479
284161
288372
288749
291005
291384
291687
291808
292010
293070
293495
295602
296437
296656
297722
299690
300379
302678
302765
303747
306624
308292
308307
308425
310780
313539
315881
316638
319764
320131
320924
322876
323384
324328
325333
325423
325867
326016
326366
326757
327262
327634
327955
330353
331497
331663
332499
332542
332920
334632
334962
336159
336813
336871
337676
338903
339800
340532
341515
343648
344779
344792
345206
346187
346853
349094
349995
351003
351885
354841
355491
355541
355964
357910
360977
361035
361212
362167
365463
369385
372141
373150
375853
376287
377531
378251
380196
380936
382250
383903
385671
385817
386089
386476
389059
390145
391438
398049
398184
401401
401659
402334
402381
402641
402980
403458
403793
404872
405339
406281
406898
406947
407957
408911
409976
410625
410884
411675
412774
414103
418440
421665
422077
423256
424233
424430
424667
425888
426550
427730
428042
428384
430805
433884
434557
435043
435873
435926
436116
437143
441085
441848
442774
445272
445719
446914
447177
449010
451193
451466
453213
453313
454310
454548
454627
456406
456433
458411
459265
459663
459812
459980
460834
461257
461774
462987
464103
465038
465643
466667
467557
469005
469155
471911
472914
474352
477634
478159
480255
484349
484712
486024
487397
489044
489511
492702
493200
494612
495329
496583
498939
499872
500994
501041
501595
502118
502553
505259
505935
507331
509713
510054
511299
511712
511906
512246
513234
514185
517015
517216
518651
518652
520548
520576
521230
521691
523049
524852
525128
525461
525749
526413
526618
527336
527641
527705
528791
528934
529058
529347
530016
530145
531360
531687
532285
532327
532831
534962
535414
537066
542789
543763
544695
545022
547490
549065
549138
549359
549519
550083
550291
551685
552721
552795
554615
556419
556607
557000
557080
557179
558436
558577
558914
560249
560924
561029
561440
561705
563911
564186
566000
567292
567493
567677
568657
571006
572815
577251
577706
580211
580913
583100
584271
585912
586946
586955
589009
592426
594412
597009
597594
598663
600034
601386
601804
602192
602487
604215
604939
605519
605522
606452
607204
608053
611028
615745
617041
617261
619272
620946
620985
621327
622672
623487
624264
624595
625630
625816
628147
628205
630832
631051
633027
633353
633482
634083
634146
634836
637029
637890
638392
638940
640071
640100
640874
640914
640930
641093
641791
641982
644370
646321
650679
651922
652136
655953
657297
661188
662543
663170
664271
667659
668012
668612
670551
672105
672647
672730
673503
674058
676309
676928
677413
679608
679797
680014
681378
681413
686086
687848
688286
688335
688863
689590
690740
690898
691916
692653
692930
693611
693802
694687
696946
700573
701833
701924
705812
705997
706119
706224
706771
707402
708156
708435
709753
713360
718474
719793
721472
722487
722947
724334
727803
729124
729797
731859
733752
734563
735332
735688
735832
736001
736047
739307
739586
739820
740426
740774
743618
744534
744802
745390
745814
747413
748547
748740
750681
750704
751496
754282
755186
755654
756279
756745
759305
763486
764585
765672
766022
766733
767646
768687
769590
770276
770974
771033
773183
773269
774243
775051
775185
775655
776063
776255
776268
777978
778110
779958
781588
782642
783531
783963
784032
785643
786087
786667
790515
791271
791976
792505
792747
793382
793465
793832
793855
794444
795506
795840
797084
799109
800688
803029
804048
807743
809140
809353
810540
810841
812323
813186
813285
813381
813743
816410
816698
817577
819624
823128
823281
823798
825564
825722
827102
829471
829847
830566
831688
831915
832137
832258
833521
833598
833614
833651
834108
834931
835380
835488
835558
835790
838528
840837
842173
842502
843260
844502
844845
845277
848429
850919
851369
851974
853836
854641
856853
857111
857425
857688
858988
859385
859694
861870
863324
863475
866108
866156
867555
870007
871295
871689
873857
874914
876216
877858
879117
879234
879722
880878
882107
882478
882642
884921
885137
885642
885994
886808
887316
888405
888794
889279
889506
889567
889932
890387
893781
894291
894752
894794
894821
895395
897898
898608
901031
901519
903816
904301
904680
904798
907186
907752
908034
909845
910863
911311
911391
911405
912335
915673
915828
916041
916089
916827
916981
922160
923203
923753
923844
924064
925809
927228
930645
931499
933886
934549
936044
936176
937488
937768
938506
941734
942461
942493
942887
942994
943582
945494
945551
946734
948726
949852
950000
950214
951271
951411
951471
951904
952117
952561
953318
955490
957488
957711
960103
960436
960864
962161
962695
963219
965636
965921
966408
966862
967189
967357
968549
969135
970555
970611
970770
970822
971200
973020
974747
975147
976248
977025
977172
978687
979180
979386
979462
981008
981857
982107
982558
983411
984118
984186
984828
985807
987231
987509
987637
990853
991018
991608
992420
993203
994276
995294
997565
998573
999401
1002115
1002373
1002503
1003476
1004630
1004765
1005602
1007673
1008947
1008972
1012118
1012613
1013117
1013932
1014065
1014247
1016122
1017349
1018296
1018333
1021421
1022990
1023179
1024556
1025181
1026045
1026609
1027506
1030408
1031228
1033361
1034345
1034976
1035928
1036221
1036521
1036524
1037027
1037479
1037914
1038639
1039772
1039939
1040193
1042484
1044269
1044506
1044764
1045424
1045569
1046612
1050985
1052913
1053553
1055060
1055450
1056836
1057945
1058010
1058625
1059868
1060037
1060163
1060357
1060509
1062445
1063339
1063650
1064844
1065073
1065760
1067407
1071578
1072284
1072566
1074740
1074851
1074897
1075051
1075402
1078454
1078604
1079108
1080374
1080843
1081004
1082410
1083339
1086324
1086991
1087955
1091525
1092827
1093055
1093288
1093842
1094882
1097864
1099709
1100094
1101256
1104069
1104581
1105457
1107219
1109355
1111712
1111999
1112186
1112705
1113632
1115956
1116972
1117489
1120121
1120955
1121311
1123791
1125296
1126236
1126237
1126520
1126555
1128085
1129239
1129415
1130213
1131189
1132504
1133683
1134181
1135528
1135693
1136801
1138423
1140083
1142867
1143152
1143702
1145398
1145938
1146789
1147224
1151603
1152484
1152713
1152738
1153259
1154016
1154684
1155494
1156294
1156577
1158838
1158900
1160304
1160887
1161465
1165064
1165988
1166431
1166523
1166738
1167103
1168316
1169465
1169823
1170692
1173365
1174047
1174986
1175147
1175370
1177423
1180007
1180180
1180473
1181485
1181498
1182985
1183354
1185775
1185920
1187236
1187300
1187850
1189374
1190729
1192081
1192349
1192886
1196013
1196445
1196449
1196795
1196825
1199208
1199755
1200894
1202116
1202124
1202258
1202618
1206478
1206640
1206729
1208494
1211459
1212053
1214945
1215000
1215215
1215636
1216362
1216618
1220419
1221694
1222749
1223409
1225944
1228129
1228309
1228396
1229920
1233229
1235352
1235491
1235842
1236966
1237464
1237765
1238941
1239595
1240667
1242528
1242576
1242600
1242711
1243063
1243538
1243822
1246210
1246965
1247044
1247187
1247575
1248066
1248167
1248371
1249167
1249521
1250428
1250515
1251033
1251055
1252292
1252634
1254637
1254893
1257636
1258953
1259240
1259643
1259962
1261277
1261639
1262421
1262538
1263026
1263333
1263729
1265280
1265288
1265961
1266227
1266234
1266436
1268142
1269311
1269652
1270192
1270616
1272382
1272878
1273541
1275173
1275185
1276430
1277237
1277499
1277821
1278403
1279084
1279257
1280069
1280516
1281367
1282634
1283381
1284190
1284462
1286277
1286435
1287319
1290680
1290856
1290898
1291201
1291764
1291843
1293046
1294791
1295718
1296698
1297612
1298538
1300365
1301145
1302129
1302419
1303020
1303647
1304140
1305064
1306976
1309271
1309775
1310675
1311777
1312536
1314766
1315817
1316439
1317502
1319006
1320053
1321888
1323121
1323340
1324138
1325336
1326475
1327352
1327875
1328400
1329872
1330510
1330838
1331999
1332306
1333466
1336288
1336441
1337673
1337748
1339216
1339665
1339970
1340020
1341924
1342105
1342731
1342740
1342839
1343141
1344549
1345182
1345299
1345498
1347713
1348003
1349288
1349431
1349985
1350272
1350338
1351435
1351512
1351546
1354869
1355948
1356436
1358083
1359479
1359632
1364149
1367052
1367654
1368329
1369607
1371508
1372277
1372622
1374678
1375188
1377065
1377680
1377884
1378027
1383099
1383411
1383510
1383701
1388344
1388923
1390495
1390711
1390935
1392158
1392305
1393057
1394820
1396760
1397993
1399390
1401471
1403476
1406696
1406835
1407435
1408701
1409309
1410551
1410788
1411497
1412586
1412795
1414397
1414987
1415046
1415184
1415418
1415805
1416138
1419254
1419805
1420197
1420378
1421249
1422019
1422368
1423630
1424559
1424706
1427880
1428131
1429905
1430240
1432380
1432619
1436535
1438017
1440173
1441855
1444871
1445207
1446428
1447290
1447487
1449265
1450896
1451347
1452288
1452720
1454154
1454159
1456288
1456955
1458777
1460822
1462938
1464061
1464219
1464286
1467196
1468871
1470919
1472184
1472784
1472837
1473807
1474020
1474327
1474655
1475157
1479722
1479775
1480369
1481013
1484086
1484283
1485260
1490025
1490178
1490474
1490498
1490692
1491251
1492319
1492573
1492829
1493239
1493335
1494189
1495149
1496030
1496038
1496659
1497084
1497384
1497967
1498236
1499047
1499058
1499060
1503557
1504128
1504953
1506686
1506882
1507237
1508222
1508314
1508322
1510321
1511943
1512413
1513357
1514240
1515046
1515574
1517226
1519006
1519239
1519434
1522063
1522239
1523064
1524154
1525470
1525572
1525828
1525901
1526230
1527024
1529028
1529252
1529694
1531233
1532395
1532502
1533034
1533296
1533739
1534784
1534918
1539144
1539645
1540561
1541109
1541564
1543766
1546442
1549626
1550411
1551295
1556965
1559085
1559140
1559271
1561353
1561558
1563292
1567077
1567601
1568593
1569323
1569569
1570209
1570550
1571683
1571872
1573966
1574192
1575077
1577291
1577292
1580559
1580690
1581426
1582344
1582644
1583102
1583961
1585642
1586312
1586747
1587982
1590132
1590352
1590512
1590686
1592631
1592661
1593202
1594505
1595471
1595655
1596828
1597045
1597335
1598015
1599167
1599310
1600494
1601430
1602463
1602808
1603724
1603928
1604307
1604415
1605572
1605604
1607261
1608318
1608659
1608935
1609102
1609845
1611165
1611273
1612430
1612734
1613859
1614194
1614545
1617007
1617016
1617418
1617721
1618604
1618652
1619109
1620909
1621630
1621870
1623485
1623634
1624644
1625354
1627164
1629382
1629468
1629839
1630411
1631033
1632530
1633862
1634719
1636171
1636301
1636589
1636902
1637281
1638631
1639536
1641195
1642912
1643289
1644497
1645908
1646751
1646936
1648315
1648630
1648724
1649055
1649814
1650110
1652325
1654224
1654930
1655176
1656614
1657196
1657830
1659045
1659378
1659784
1659801
1661621
1662722
1662831
1663502
1663530
1664191
1664566
1666789
1668343
1668378
1670289
1670721
1672137
1672918
1675266
1675389
1676476
1676586
1678172
1678237
1680132
1680870
1682529
1685355
1685376
1685784
1686587
1687159
1687486
1687602
1691636
1692342
1695347
1695952
1698009
1699212
1701641
1703011
1704297
1704788
1705290
1706243
1706504
1707457
1707989
1708332
1708936
1710603
1713691
1714320
1714385
1715094
1715524
1715906
1716008
1719902
1719961
1720179
1721155
1722988
1723330
1723395
1723753
1724153
1724638
1724693
1726094
1728314
1730954
1732234
1732330
1734310
1735080
1736443
1739595
1741287
1742470
1742571
1742698
1747348
1748812
1749357
1749584
1750365
1754085
1754340
1754770
1756312
1758025
1759005
1759304
1759404
1759943
1760806
1762053
1762256
1762495
1770246
1771112
1771646
1771785
1772292
1772651
1774883
1775100
1776157
1776305
1777190
1778596
1779287
1781582
1782522
1783060
1783553
1785234
1786077
1786379
1788843
1793294
1793761
1793797
1800448
1801893
1801913
1804716
1805089
1809517
1814116
1814824
1815692
1817513
1817964
1819404
1823211
1824085
1824283
1824304
1825837
1826689
1826736
1827273
1827377
1827846
1829104
1829624
1831101
1832151
1834641
1834839
1834973
1835188
1836522
1836912
1837473
1838532
1839257
1839796
1841879
1841940
1843241
1846156
1847515
1847531
1848560
1848858
1850544
1851129
1853292
1857127
1857952
1860665
1863154
1864694
1864697
1864942
1866312
1867376
1868895
1869850
1872537
1873052
1873705
1875189
1875700
1875991
1876722
1876985
1877887
1879931
1881630
1882098
1882167
1883763
1884440
1887739
1888168
1890152
1890316
1891021
1892805
1895673
1895688
1899052
1899469
1899722
1900908
1901175
1902071
1902439
1902513
1903286
1903791
1904933
1906256
1906422
1908495
1909317
1910643
1912620
1913041
1914177
1914330
1915469
1915997
1916187
1919749
1920164
1921257
1922104
1922383
1925004
1925140
1926102
1926523
1927247
1927616
1927764
1929093
1930428
1931458
1931897
1932438
1933010
1933091
1934348
1934587
1935318
1936302
1937721
1941939
1942576
1942933
1942947
1943003
1943038
1948229
1949178
1949725
1949806
1950641
1954658
1956174
1958164
1959356
1959543
1960576
1961331
1961685
1961709
1963650
1964359
1964758
1965309
1967461
1968168
1968791
1970470
1972567
1974681
1974776
1975913
1977526
1977917
1979880
1983925
1983974
1984302
1987055
1988088
1988311
1988758
1990014
1992640
1993086
1993609
1994044
1995577
1996174
1999872
2000667
2001625
2002856
2003268
2003945
2004301
2004543
2005532
2006781
2009561
2009749
2009868
2010505
2010827
2010885
2012752
2012862
2013406
2014397
2015400
2017077
2022198
2022512
2022975
2023473
2024223
2028859
2029173
2030862
2032904
2033612
2033650
2034014
2034153
2034424
2034992
2035040
2035915
2036306
2037315
2037418
2039691
2041611
2041697
2041904
2042077
2042650
2042889
2044687
2045674
2045810
2048613
2050089
2050942
2051069
2052455
2052943
2054804
2056011
2056707
2059508
2059627
2059808
2061201
2062260
2063800
2064119
2064954
2065610
2067452
2068978
2069735
2069778
2070978
2071318
2072378
2073851
2074590
2075877
2077460
2078203
2080730
2081562
2083528
2084571
2086137
2086596
2087763
2088904
2089164
2089312
2090805
2091316
2091863
2092068
2092352
2092763
2094808
2095204
2095537
2097293
2097308
2098001
2098156
2099784
2101764
2102471
2103021
2104180
2105815
2105954
2106037
2106233
2107283
2108173
2108951
2108966
2110870
2111125
2114208
2114651
2117368
2117478
2119161
2122273
2124719
2125140
2126142
2127438
2128032
2128302
2128998
2130131
2131599
2131966
2133095
2133286
2134528
2135038
2135781
2137333
2138746
2139987
2140255
2142573
2142774
2144211
2144997
2147248
2147485
2147933
2148399
2148530
2149681
2151102
2151382
2151455
2152893
2153447
2154129
2154677
2156072
2156203
2156912
2158300
2158899
2162103
2162122
2162366
2162801
2164155
2164427
2165537
2166778
2166966
2167270
2167796
2169312
2169722
2171821
2173220
2175735
2176723
2177693
2178818
2182127
2182232
2185639
2185909
2186547
2186739
2187080
2187082
2187353
2187793
2189080
2189266
2191669
2191904
2191911
2192729
2193584
2194730
2195396
2196040
2197450
2197987
2199643
2200091
2202359
2203620
2205287
2205309
2206271
2206760
2209912
2210794
2211636
2211919
2212473
2213249
2213422
2213693
2214293
2214994
2215513
2216142
2216274
2216714
2217717
2219063
2219249
2222256
2222642
2222682
2222984
2223911
2225982
2226072
2226919
2229816
2230002
2230402
2232856
2233369
2233758
2234768
2235929
2236717
2237441
2240155
2240391
2241580
2242064
2243641
2244418
2247116
2247735
2248453
2249373
2250446
2250811
2251832
2252302
2252641
2252711
2252792
2252914
2253237
2253535
2253861
2255127
2255229
2255799
2257230
2257773
2257845
2257996
2259407
2261176
2262333
2262689
2262979
2262991
2263377
2263579
2263973
2265577
2266040
2266289
2267727
2269529
2269660
2271149
2273082
2273173
2273265
2273537
2274646
2274735
2276168
2276243
2276840
2279699
2281537
2283174
2283354
2285724
2287485
2287865
2289336
2289730
2290046
2291182
2291470
2292078
2292471
2292531
2293925
2299502
2299984
2300815
2301300
2302537
2302734
2303099
2303927
2304185
2304198
2304472
2307797
2309101
2312282
2313427
2315666
2316412
2318851
2319609
2319726
2320117
2320648
2320946
2321207
2322177
2322544
2323942
2324103
2324129
2324201
2326822
2328073
2328266
2328589
2328735
2328857
2329117
2329250
2330134
2331156
2331942
2332613
2333237
2335318
2335649
2337197
2337379
2337452
2337825
2339126
2339629
2342219
2342784
2343813
2344362
2345195
2346958
2347398
2349768
2351935
2356620
2356786
2358549
2358717
2360592
2361367
2361388
2362044
2362127
2363740
2366339
2367060
2368094
2370484
2371166
2371685
2375151
2376029
2376859
2377145
2377652
2380019
2380549
2381864
2383334
2384595
2384632
2384727
2384745
2386845
2390770
2392174
2392463
2393792
2394190
2394242
2394333
2394470
2394662
2395728
2396394
2396763
2396952
2397866
2398409
2398760
2399152
2402610
2403780
2405520
2406282
2408763
2409676
2410107
2410770
2411463
2411764
2412490
2413156
2413647
2414962
2416581
2418064
2420195
2423459
2425486
2427759
2430525
2435583
2436388
2436507
2437199
2437287
2438615
2440053
2440176
2442735
2443422
2443811
2444793
2445924
2446413
2446600
2447582
2449654
2451539
2451750
2452257
2452375
2452859
2454824
2456500
2457050
2457465
2460671
2460775
2462265
2462948
2463314
2464690
2464701
2465488
2466518
2467394
2468406
2468610
2469352
2470415
2471580
2472606
2472648
2472716
2473183
2475512
2476589
2477553
2478606
2480136
2480656
2481656
2483897
2486538
2488604
2489311
2490129
2490267
2491776
2491958
2494988
2495114
2496601
2499531
2500600
2500826
2501004
2501875
2503337
2504727
2505978
2506340
2506495
2508253
2509091
2512009
2512371
2512689
2515754
2516551
2516899
2519204
2519297
2519880
2520155
2520615
2520854
2521297
2521346
2521372
2521494
2521633
2521694
2522093
2522833
2522882
2523424
2525531
2526336
2526619
2528196
2528475
2529952
2529977
2530962
2531636
2534052
2535945
2536240
2536620
2537103
2538412
2539644
2540026
2542288
2543693
2546673
2548825
2548938
2548946
2549199
2549241
2549472
2549658
2550014
2550210
2550742
2551287
2551956
2552056
2552351
2552917
2554359
2554424
2555566
2555731
2556269
2557536
2557738
2557922
2557972
2559968
2560707
2561206
2562201
2562837
2562915
2565286
2566242
2566977
2567093
2567260
2568724
2569298
2570763
2570852
2580518
2580743
2580920
2581104
2581351
2582304
2584020
2584460
2584972
2586484
2586744
2588916
2589416
2590114
2591560
2591763
2594022
2594107
2594356
2595516
2596985
2597290
2599425
2600990
2601519
2602032
2602824
2603472
2603522
2603537
2603999
2608678
2610808
2612648
2613127
2616564
2619246
2619794
2624523
2624721
2628031
2630649
2631827
2632205
2632681
2633004
2633725
2634186
2634893
2635647
2636046
2636660
2638658
2639472
2639581
2640345
2641829
2642134
2643288
2648231
2648251
2648759
2650374
2650999
2651763
2653478
2654026
2654747
2655697
2657006
2659454
2659759
2662114
2663545
2663795
2665491
2667715
2669348
2671314
2671412
2671788
2673612
2676163
2676765
2677677
2677816
2679083
2679200
2679408
2679774
2681924
2683494
2683583
2684461
2684922
2688542
2691634
2692610
2692729
2694757
2694828
2694930
2695528
2695911
2700665
2700875
2701545
2703023
2703479
2704520
2705097
2705955
2706629
2706712
2708209
2714369
2715123
2716145
2717389
2717578
2719245
2719350
2720093
2721529
2723230
2723518
2723618
2725062
2726388
2726794
2727042
2727118
2727745
2727796
2729699
2729854
2730750
2731244
2733451
2733485
2733848
2734593
2735867
2736030
2736540
2740093
2740337
2740468
2740734
2740813
2742069
2744109
2746855
2746889
2747015
2747332
2749234
2749776
2750504
2751305
2752110
2752607
2754308
2757017
2757893
2763877
2764876
2765132
2765699
2766392
2767959
2768217
2768854
2770819
2771587
2774025
2774488
2775444
2775794
2775990
2777089
2778593
2779127
2780524
2780821
2781419
2782252
2782371
2782455
2784143
2785502
2786775
2787084
2787880
2791547
2792028
2792125
2792275
2792419
2792601
2792873
2794755
2796622
2798222
2799120
2802411
2803316
2803801
2805581
2805893
2808425
2809066
2810264
2810524
2810779
2810855
2815161
2819767
2820376
2821826
2823945
2825011
2827319
2828981
2830620
2832224
2833184
2834089
2837883
2838765
2838955
2839005
2840498
2842310
2842359
2842942
2845410
2846685
2846735
2848812
2848895
2849786
2851360
2851566
2852927
2855112
2855770
2856398
2856446
2857071
2857314
2858880
2861472
2861815
2861842
2861904
2862179
2863188
2864551
2869927
2870000
2871619
2871653
2873282
2875567
2875962
2876970
2877698
2878678
2878909
2879367
2879971
2880354
2880617
2883880
2884758
2885227
2886079
2895551
2899909
2900179
2901005
2902064
2902178
2902604
2903607
2904544
2909082
2909632
2911627
2913113
2914738
2915089
2915189
2915824
2915942
2916005
2916599
2917079
2917844
2917889
2918908
2921361
2923601
2923660
2924527
2925262
2926757
2927164
2927169
2929781
2930256
2931065
2932224
2932741
2933055
2936600
2937622
2937730
2937929
2939179
2940168
2940729
2941502
2942323
2942721
2945891
2946221
2947383
2948530
2948619
2951204
2951381
2951824
2952316
2954610
2954748
2955258
2955499
2955535
2956461
2956712
2957187
2958458
2959326
2959577
2959756
2961233
2961522
2962385
2962429
2963446
2964475
2965216
2965566
2967098
2968728
2969975
2970488
2970766
2972264
2972852
2973884
2974187
2974769
2976098
2976655
2977284
2978774
2980077
2981275
2981337
2984346
2984606
2984632
2984755
2984933
2985165
2985558
2988447
2989298
2990297
2990515
2990969
2991065
2992476
2992663
2993041
2994394
2995009
2995464
2997380
2997536
2997647
3000164
3000345
3000526
3001341
3002550
3004430
3005663
3005957
3006298
3007337
3008069
3008631
3009396
3009460
3010104
3010659
3012455
3012611
3013884
3015075
3016288
3016555
3017074
3018071
3019343
3019506
3020644
3020783
3023584
3025243
3025562
3026226
3026319
3026663
3027836
3029545
3030835
3030896
3031272
3031599
3034196
3034927
3034943
3035495
3035877
3036174
3037897
3040995
3043245
3044048
3044283
3044433
3045506
3045555
3046925
3047692
3048258
3049599
3049751
3051280
3051998
3052512
3052821
3053936
3054200
3054376
3055809
3056616
3057426
3058185
3058313
3059137
3059307
3059577
3059775
3061427
3061797
3062651
3064726
3067017
3067199
3067518
3067561
3067863
3068326
3068734
3070172
3072211
3073454
3074409
3075535
3075600
3075917
3076144
3076267
3076946
3077279
3077526
3082073
3082552
3083087
3084052
3084104
3084499
3085551
3086025
3089739
3090936
3092331
3093370
3095090
3095913
3095998
3096150
3097415
3098526
3098775
3099587
3100368
3100793
3102543
3105084
3105228
3106272
3107083
3108913
3110729
3111849
3115764
3116130
3116230
3116769
3118028
3118744
3119190
3119883
3120066
3121432
3123110
3123887
3125548
3125900
3126641
3127175
3127396
3127912
3128917
3129183
3129544
3130129
3130625
3130814
3131687
3131743
3132629
3132805
3133908
3134348
3134730
3135632
3136646
3138011
3140156
3140376
3140772
3141686
3142463
3143385
3143745
3144055
3144294
3144606
3145201
3146596
3147813
3148049
3149725
3151227
3151402
3152239
3153148
3153693
3154768
3156624
3159388
3162617
3163020
3164218
3164847
3165044
3166637
3167665
3167674
3169314
3170751
3171199
3171426
3171872
3173238
3173953
3174807
3177612
3177953
3178443
3179441
3180243
3182024
3182353
3183144
3183949
3184178
3188554
3190429
3190487
3195223
3195252
3195478
3196144
3196321
3197055
3198082
3198565
3200285
3200725
3201329
3202419
3204312
3204332
3204532
3205077
3205476
3207138
3207471
3207767
3208810
3213366
3214117
3215357
3216209
3216617
3217590
3218990
3219610
3220089
3220415
3220740
3222124
3222406
3223179
3223499
3224829
3224941
3226806
3228161
3228315
3229133
3229316
3230095
3230815
3231854
3232090
3232412
3232636
3233459
3234541
3234581
3235579
3235753
3235988
3236288
3237858
3239152
3239879
3241950
3242444
3243651
3244078
3245496
3245618
3246344
3248250
3249484
3250323
3250464
3251036
3251135
3251527
3251987
3252095
3252610
3255156
3257250
3257869
3260184
3260288
3261662
3267696
3267983
3268330
3268593
3269221
3270159
3272785
3274418
3274913
3275453
3275465
3277061
3278367
3279660
3279907
3280468
3282280
3282341
3283629
3284348
3284842
3287235
3287653
3289417
3289829
3291049
3291767
3293115
3293333
3293945
3294079
3294939
3295845
3299585
3299689
3301936
3301949
3303341
3303804
3306023
3306390
3306756
3307754
3309019
3310849
3313623
3315876
3317708
3320288
3321484
3324453
3324773
3327366
3327520
3328788
3332307
3333562
3334085
3335673
3336352
3339165
3339520
3340189
3340557
3341183
3342329
3342677
3343681
3344033
3344229
3345763
3346175
3346353
3348002
3349037
3349677
3352403
3353715
3353721
3353917
3354398
3355348
3355768
3355974
3357514
3357698
3357945
3358118
3358205
3358851
3358886
3358991
3359439
3362821
3363182
3363329
3363653
3367766
3368881
3369164
3369567
3369615
3372165
3372197
3372439
3375510
3377088
3379029
3380501
3380701
3381727
3382253
3383782
3384308
3386167
3387619
3387787
3388101
3389545
3389695
3389966
3390119
3392589
3393231
3394983
3395537
3402147
3402198
3402651
3402824
3403321
3403763
3404218
3405634
3408552
3408966
3409875
3411373
3412081
3413243
3413547
3414773
3417309
3417886
3418460
3419264
3419997
3420096
3420374
3421107
3423360
3424150
3425271
3426426
3426490
3427111
3427436
3427916
3428673
3429514
3430651
3431481
3431760
3436391
3436912
3437405
3439045
3439535
3440794
3445237
3446749
3447359
3447945
3449146
3452652
3453056
3454001
3454222
3454446
3458257
3459654
3460353
3460771
3463764
3464557
3465703
3466414
3466734
3467117
3467246
3468032
3468539
3468603
3468898
3469682
3470421
3471891
3472691
3473705
3474105
3474125
3474998
3476249
3476956
3480507
3482597
3483389
3483618
3483668
3485118
3486028
3487378
3488035
3488520
3488725
3488820
3490512
3491246
3491834
3492467
3493492
3493586
3493794
3496981
3497397
3497673
3499538
3500318
3501693
3501780
3502080
3502276
3503197
3505248
3505643
3507155
3507208
3508263
3508295
3509902
3511109
3511887
3512022
3513504
3514280
3514932
3515722
3515942
3516890
3517035
3517204
3517546
3517637
3517796
3520455
3520509
3523587
3525486
3527499
3534125
3534598
3535071
3535345
3536159
3538714
3539123
3539289
3539412
3540244
3541145
3541157
3543972
3549288
3550897
3552298
3554595
3554652
3554756
3555133
3555559
3558047
3558818
3560556
3560575
3560620
3561730
3562375
3562758
3563162
3563466
3564340
3564835
3564985
3565638
3565919
3567133
3568138
3572252
3572903
3573192
3573616
3574206
3575210
3575505
3576237
3577238
3577659
3578630
3578660
3579591
3579652
3581657
3582098
3582724
3585779
3586806
3587265
3589414
3591250
3591277
3592198
3592949
3594242
3595001
3596734
3596959
3598410
3598752
3599744
3600211
3600653
3600980
3602615
3602912
3604120
3604952
3607416
3608237
3608408
3609227
3609910
3610736
3611475
3611670
3612755
3613080
3613162
3613966
3615473
3617965
3618897
3619611
3620143
3620771
3620829
3621854
3624661
3627505
3627638
3628266
3630203
3630296
3630332
3630818
3631751
3631806
3632267
3633202
3635492
3635848
3636668
3637772
3638166
3638686
3640079
3642286
3645205
3645272
3645290
3647012
3650144
3650619
3654596
3655145
3657177
3658168
3658266
3659318
3660672
3660676
3660946
3664198
3665303
3665338
3667835
3668190
3668594
3671429
3673061
3673874
3674551
3675158
3675468
3677336
3677966
3679652
3679750
3680005
3680386
3681246
3682335
3684426
3685208
3685865
3687023
3688284
3688351
3693580
3694305
3695846
3703748
3706120
3707958
3709306
3711310
3711333
3711867
3712043
3712201
3712390
3712495
3712845
3714424
3715639
3716739
3717249
3718041
3719043
3719547
3719718
3721224
3723802
3723920
3723985
3724306
3725787
3726452
3726567
3726783
3727456
3727748
3728987
3729114
3730962
3731857
3733343
3733709
3734705
3734837
3735964
3737527
3738063
3738651
3739288
3739768
3740678
3740981
3741211
3742345
3742697
3747556
3749967
3750204
3754137
3754205
3755906
3756103
3758831
3758890
3762129
3764355
3765996
3767338
3769496
3769738
3770242
3772457
3774360
3775121
3776449
3778079
3778403
3778437
3780586
3780712
3782055
3782660
3782696
3783604
3785941
3787160
3789671
3790223
3791693
3792058
3792323
3792885
3793215
3796430
3798697
3800063
3804573
3806407
3806787
3806994
3807055
3807565
3812344
3813891
3814387
3814574
3814814
3815341
3815553
3817108
3817566
3818248
3819146
3820086
3821037
3823977
3824103
3824345
3826362
3827200
3827764
3828820
3831572
3832844
3833644
3833700
3834954
3835883
3836752
3837801
3837944
3838165
3839056
3839376
3842270
3843064
3844577
3844581
3845269
3845353
3846595
3847182
3847872
3848162
3849945
3853542
3853555
3853709
3853718
3853764
3854337
3854665
3857346
3858410
3858837
3860498
3862181
3863116
3863483
3863586
3863672
3863998
3865579
3865935
3866106
3867864
3869826
3871866
3872265
3874322
3874521
3876244
3876458
3877004
3878056
3878641
3879005
3879757
3880631
3882313
3883263
3885483
3885604
3885902
3887442
3888003
3888185
3888546
3888584
3889094
3890354
3891484
3892918
3893717
3893903
3893996
3894719
3894963
3896055
3896312
3897854
3899711
3901416
3901991
3902533
3903368
3903962
3905331
3905808
3906210
3906724
3906745
3912117
3913716
3915305
3916254
3916973
3917525
3918775
3919227
3921225
3925970
3926259
3926584
3927014
3928443
3929904
3931937
3934024
3934576
3935416
3935531
3935824
3938482
3939710
3939748
3940122
3940161
3942983
3944949
3946128
3947312
3947408
3950532
3951054
3951400
3951453
3951676
3952349
3953270
3953467
3954405
3955752
3956182
3958177
3958277
3958880
3962778
3965073
3966573
3967011
3967956
3969810
3971479
3972960
3973354
3975825
3975830
3975872
3976115
3976274
3978125
3980633
3983035
3984684
3985433
3985714
3986837
3987729
3988425
3988760
3988952
3990725
3991400
3991446
3991757
3992341
3993209
3993345
3996759
3998247
3998861
4002751
4003197
4004732
4004788
4004913
4007195
4009272
4009355
4010587
4011078
4012831
4013454
4013530
4014132
4015073
4017145
4018030
4018415
4019503
4019659
4020190
4021599
4021611
4022460
4022596
4022918
4023272
4025328
4025351
4027071
4027233
4027586
4028954
4029192
4030805
4031130
4032449
4032570
4033200
4033412
4033994
4035150
4035480
4035689
4036068
4036117
4036440
4038052
4038424
4038844
4038970
4039032
4039074
4039250
4043552
4044383
4045010
4045528
4045635
4046249
4046466
4046925
4047354
4047600
4047752
4050986
4052015
4052694
4052704
4053324
4053693
4054523
4055647
4056426
4059854
4061596
4062309
4064422
4066900
4069998
4070832
4071445
4078490
4079780
4082593
4083033
4083203
4086031
4086802
4087127
4087616
4088483
4089772
4089875
4090152
4092318
4093739
4094528
4094892
4095016
4096726
4098682
4099027
4100899
4102059
4102906
4103136
4103261
4104107
4104273
4106461
4107364
4107733
4108500
4110578
4111650
4112452
4113422
4113472
4113475
4114119
4114846
4116268
4116720
4116976
4117377
4118857
4119130
4119278
4119839
4120331
4120530
4122783
4125022
4125251
4126934
4127328
4127898
4128396
4128643
4129165
4130077
4130437
4130896
4132833
4132918
4133225
4134285
4134373
4134501
4134811
4134884
4135487
4135551
4136456
4138342
4138504
4140156
4140807
4141156
4141699
4143542
4143780
4144805
4146002
4146547
4146639
4146962
4148555
4148838
4149647
4150286
4153293
4153759
4155092
4155434
4156688
4156734
4157740
4157797
4158487
4158807
4159391
4160692
4160964
4162289
4162698
4163478
4163686
4163694
4164480
4164658
4165880
4166707
4168521
4168803
4169225
4169291
4170955
4171613
4171706
4173583
4174355
4175369
4175403
4175476
4176615
4178008
4179105
4184163
4184795
4184842
4185656
4185727
4188823
4191690
4192695
4193306
4194017
4194740
4196394
4196405
4198194
4202746
4204090
4204859
4205429
4205923
4208035
4208607
4210515
4211159
4212201
4213990
4216309
4216621
4216725
4217575
4217699
4220461
4220540
4220553
4220777
4222004
4223126
4223217
4224092
4224686
4225955
4227915
4228207
4229000
4229738
4232331
4233411
4234736
4234862
4235476
4235641
4235668
4236257
4237214
4237957
4238514
4239046
4239917
4240452
4241242
4241636
4242410
4242823
4243178
4244163
4244301
4245600
4247017
4247489
4248573
4248635
4248704
4249607
4249922
4250470
4250959
4251010
4252807
4253148
4253195
4254327
4254969
4255175
4256555
4256557
4257762
4258471
4260259
4260443
4261614
4267417
4267799
4267904
4269010
4272762
4273227
4275173
4276194
4276424
4276545
4277487
4278158
4279546
4280286
4280732
4281524
4281625
4281650
4282010
4283377
4284810
4284961
4285448
4286172
4287085
4287738
4288073
4288952
4289481
4290572
4290574
4290664
4295046
4295793
4297631
4298380
4299234
4299834
4299986
4300579
4301150
4302592
4302702
4303331
4303457
4303766
4306057
4307059
4307266
4307715
4308574
4310150
4310312
4310420
4311661
4316342
4317210
4317453
4317811
4319869
4321421
4322960
4323058
4323660
4327187
4327789
4328463
4329017
4329301
4329329
4330421
4330796
4332449
4333310
4333996
4334182
4338175
4339462
4339791
4340696
4340731
4342451
4342835
4343469
4345172
4347285
4348127
4348685
4349522
4349720
4350837
4350987
4351025
4351152
4351590
4352680
4353181
4353547
4356424
4356659
4362787
4362798
4363118
4363246
4363885
4366437
4366541
4367691
4368076
4368520
4368734
4368968
4370216
4370320
4371513
4373262
4373527
4373895
4375820
4376209
4378536
4383348
4383705
4385608
4385935
4387000
4388536
4389964
4390263
4390433
4390881
4391660
4391684
4391844
4391858
4392323
4392414
4394010
4397085
4397506
4399165
4399404
4401074
4401094
4401632
4402063
4402307
4402548
4403004
4403875
4405042
4408365
4408890
4409287
4409830
4411833
4412783
4414228
4414351
4415247
4416088
4416107
4416182
4417374
4417641
4420533
4421082
4422236
4423050
4423335
4424330
4425334
4425645
4426362
4427276
4428579
4429718
4430173
4430418
4430966
4432805
4433318
4433405
4435090
4436616
4437576
4438867
4439559
4440473
4440978
4441287
4442049
4442576
4443005
4443571
4445485
4445984
4446598
4451138
4452798
4458819
4459201
4460231
4461394
4461397
4461677
4462246
4465699
4469525
4471079
4471124
4471258
4472490
4474251
4474493
4476507
4477326
4477917
4478290
4479747
4480564
4482847
4482995
4483259
4483707
4485981
4486898
4487908
4488447
4488853
4489383
4492665
4495701
4498357
4498403
4499149
4499981
4501944
4502933
4503765
4504108
4504786
4506413
4507084
4507255
4507607
4509344
4509505
4513086
4513251
4514807
4514957
4515298
4516943
4517690
4518854
4519369
4519408
4519558
4520980
4521073
4521167
4521708
4521802
4522642
4524507
4525294
4525584
4525877
4526532
4528740
4528961
4529316
4531570
4531628
4532500
4533836
4534715
4535026
4535751
4536286
4540383
4543143
4543342
4544013
4544222
4546142
4546145
4546715
4547596
4549891
4550372
4550914
4551636
4552162
4553564
4556610
4556727
4557552
4557920
4558797
4559031
4559105
4559452
4559855
4560129
4561649
4563137
4564948
4566103
4567369
4567782
4569564
4570848
4571504
4576537
4578159
4579386
4579657
4582381
4582615
4583696
4583987
4587658
4587873
4588211
4589286
4591765
4592313
4594263
4597920
4598892
4600287
4601357
4602967
4603053
4603889
4604344
4604771
4607189
4608319
4608783
4612521
4612984
4613520
4615002
4615015
4616122
4618083
4618429
4618431
4618806
4620758
4623256
4623588
4627091
4628246
4629435
4630218
4630457
4631536
4633167
4634238
4634417
4634887
4636933
4637290
4638778
4640467
4640993
4641057
4642679
4643024
4643428
4645821
4646792
4649695
4649809
4651395
4652495
4652667
4653755
4653953
4656141
4657731
4657888
4660034
4660137
4660406
4661865
4662069
4662122
4662782
4663250
4664064
4664205
4664464
4664740
4664787
4666493
4668159
4668259
4670220
4670282
4670806
4672927
4673019
4675141
4676694
4680576
4681116
4681251
4681368
4681613
4682021
4682391
4684661
4686143
4687853
4687965
4689559
4689944
4691495
4693730
4696047
4698060
4698263
4699567
4699726
4700981
4701936
4702892
4703569
4704136
4705933
4705994
4706053
4707660
4710092
4712088
4713332
4713354
4714356
4714709
4716085
4716273
4716779
4718665
4720467
4721272
4722788
4724276
4725162
4725297
4725461
4728737
4729351
4731420
4731848
4732060
4732063
4733839
4736626
4737242
4737291
4739490
4740168
4740177
4740391
4740422
4741906
4742710
4742939
4746306
4746747
4747008
4749593
4751093
4753436
4753744
4755194
4755847
4756875
4757661
4759380
4761365
4761417
4761550
4762500
4765284
4765386
4767822
4771831
4772615
4773162
4774904
4776331
4776430
4777282
4778798
4779082
4779085
4780863
4780945
4781113
4781144
4783008
4783773
4783957
4784220
4784993
4786057
4786059
4786258
4789096
4793192
4793268
4793513
4793970
4794232
4794246
4796390
4796415
4796779
4797873
4800895
4800918
4801220
4801864
4801978
4805006
4806617
4807062
4807219
4809128
4809246
4809898
4811658
4812162
4812201
4814014
4814818
4816082
4818755
4819210
4819301
4820121
4823499
4824377
4827059
4827462
4829828
4832465
4832762
4833666
4835441
4839263
4839450
4839593
4840099
4840155
4840423
4841244
4841681
4842048
4843357
4843563
4845820
4847094
4847884
4848425
4849892
4850648
4850829
4850962
4857521
4857952
4858066
4858929
4860631
4861501
4863026
4865759
4866749
4867637
4869310
4871566
4871833
4872944
4873795
4874376
4874929
4875317
4877497
4878730
4878993
4879469
4879864
4880594
4880846
4882442
4883726
4884931
4885285
4886125
4888018
4891071
4892157
4895105
4896145
4897356
4898188
4898931
4900691
4903480
4904331
4904751
4907106
4908090
4910226
4913601
4913704
4914893
4917193
4917430
4917718
4918246
4918639
4918699
4919193
4920060
4920510
4921460
4921733
4921859
4922466
4924385
4926376
4926496
4926712
4927016
4927051
4927555
4927762
4928087
4928780
4930150
4933716
4934618
4934751
4937532
4938444
4938828
4941904
4942603
4944885
4945228
4946057
4946692
4949386
4950402
4951068
4951446
4954460
4954609
4955877
4956638
4957114
4957501
4957781
4959226
4959565
4961380
4961810
4964537
4965139
4966861
4967137
4967735
4968946
4972432
4973026
4973812
4974667
4977210
4977766
4980205
4981602
4982866
4983487
4983823
4984095
4986669
4987276
4987393
4988026
4988849
4989750
4993158
4995039
4995236
4995667
4996012
4996602
4997640
4998851
4999592
5000011
5000560
5000781
5002197
5002634
5002894
5003051
5004053
5004326
5008397
5009598
5010473
5010974
5011532
5012810
5013650
5014453
5017293
5017930
5018625
5020067
5020938
5021715
5021836
5023503
5023905
5024011
5025201
5031639
5032022
5032357
5036105
5038625
5038728
5039126
5039471
5039944
5041340
5041437
5041759
5042138
5042537
5044755
5044896
5046136
5046277
5046415
5046910
5047274
5047492
5047877
5048340
5051618
5052255
5053242
5053727
5054273
5054394
5054574
5055946
5056806
5061301
5062329
5064565
5067711
5068847
5069643
5070224
5070786
5070901
5071732
5072591
5073005
5073046
5075738
5075955
5077377
5077636
5077817
5079005
5079190
5079203
5080961
5081012
5081589
5081784
5081791
5082754
5085218
5085577
5086362
5088228
5088426
5089372
5089874
5090575
5091303
5091500
5092855
5092892
5093358
5093848
5097508
5097565
5097678
5098579
5098992
5099377
5101493
5101681
5103732
5104336
5104541
5105566
5106015
5106041
5106536
5108531
5111396
5113570
5113586
5114757
5116345
5116714
5117977
5118460
5118513
5118807
5121040
5123171
5124856
5124945
5127532
5128232
5128425
5129270
5129376
5130132
5131295
5131965
5132492
5132753
5133218
5135295
5135322
5139128
5139806
5140838
5142266
5142972
5144340
5146195
5146280
5147112
5148736
5149215
5149688
5150776
5152405
5153796
5153861
5154461
5155715
5157890
5158269
5161532
5163062
5165696
5166048
5167883
5169058
5169545
5170303
5171769
5172525
5173483
5174399
5175179
5175408
5177677
5178015
5179069
5180752
5180822
5180939
5181713
5182654
5183720
5186881
5187909
5190870
5192858
5192967
5194267
5194568
5194627
5195491
5196123
5196287
5196559
5197818
5198895
5200453
5200964
5201122
5201545
5201711
5202085
5202671
5203217
5203692
5205490
5205618
5206943
5207786
5208655
5212942
5214138
5215393
5217458
5218027
5218454
5219994
5220237
5223763
5225943
5226807
5228117
5230467
5230600
5230876
5233772
5237717
5241704
5242256
5243472
5243914
5245212
5245482
5247247
5247319
5248419
5249708
5250129
5250267
5252082
5252417
5252481
5253017
5253188
5253630
5255040
5255162
5255982
5256165
5257169
5258107
5259351
5260527
5260562
5261242
5261353
5264304
5265759
5265797
5268579
5270328
5271456
5271808
5272431
5273169
5274118
5274977
5275639
5278247
5279530
5281449
5283197
5284943
5285750
5286866
5287343
5291224
5291337
5292152
5292667
5292885
5294058
5295155
5297115
5297172
5299213
5299794
5300636
5300782
5301153
5301613
5301708
5307494
5310340
5311951
5312173
5314338
5316450
5317206
5318279
5318593
5321413
5323864
5323922
5328128
5328451
5330039
5332141
5333038
5333249
5333839
5333974
5334935
5335306
5336189
5336603
5337465
5338007
5339138
5339959
5341054
5342254
5342354
5342538
5342781
5345378
5348802
5348879
5349195
5349411
5349597
5351507
5352058
5354451
5354634
5356631
5356904
5356942
5357244
5359538
5360028
5360249
5361122
5364062
5364668
5366536
5369116
5369602
5369747
5372850
5374254
5375209
5376275
5376779
5376951
5377097
5378877
5379479
5379779
5380604
5380712
5385337
5385747
5388887
5389809
5390449
5390647
5390675
5390702
5391073
5392673
5392797
5393172
5394322
5394583
5394772
5396405
5396814
5397302
5401525
5401708
5401725
5402978
5405334
5406566
5408796
5410516
5413275
5413678
5415014
5417113
5417938
5418051
5418284
5418529
5418853
5420589
5420986
5421413
5421722
5421765
5423430
5423827
5424028
5424554
5426221
5427277
5429042
5433672
5434704
5436343
5436991
5437285
5437795
5438476
5440024
5440288
5442062
5444748
5444761
5445356
5447310
5448300
5448520
5449160
5451947
5453098
5454522
5455249
5455299
5455767
5458336
5459190
5460023
5462135
5463545
5465215
5466309
5466553
5467748
5469436
5471237
5471794
5473554
5474428
5474663
5474699
5475339
5475949
5476249
5476987
5477904
5478090
5478181
5478263
5478322
5478437
5478874
5480538
5482636
5483019
5483636
5483779
5484119
5484330
5489792
5490782
5491217
5492478
5493574
5498315
5498505
5499389
5501470
5501501
5502174
5502487
5505268
5507393
5507940
5509794
5510386
5515355
5515388
5516352
5516428
5518606
5518907
5519411
5520346
5520495
5521361
5521514
5522250
5522291
5524691
5525079
5525743
5527526
5529260
5529401
5531962
5532976
5533866
5534377
5535393
5535539
5535672
5536399
5537049
5537215
5538552
5545944
5546568
5546575
5547776
5548556
5549028
5549318
5549502
5549842
5553460
5557209
5559977
5560128
5561060
5561215
5563997
5564102
5565190
5567022
5569407
5569791
5570864
5571905
5577369
5578759
5579294
5579404
5579638
5580386
5580571
5581698
5583482
5583502
5585532
5586742
5587256
5587515
5588981
5589258
5589590
5589959
5590517
5590543
5590728
5592379
5592492
5592656
5593946
5594042
5594861
5595396
5596360
5603793
5603817
5606795
5607503
5608345
5611635
5612952
5616954
5617248
5620534
5621240
5623395
5623539
5623594
5625752
5626269
5627218
5627923
5630599
5630971
5632236
5632853
5633324
5633524
5633826
5635303
5635863
5637311
5637602
5639142
5639935
5640137
5641198
5641205
5641474
5641479
5641946
5642313
5642721
5642879
5642966
5644539
5644766
5645707
5645771
5646132
5647339
5651308
5652190
5652357
5653463
5654638
5655849
5656351
5657643
5657923
5659043
5660203
5660921
5661953
5662907
5663738
5664120
5664282
5664596
5668274
5668756
5671433
5672012
5673030
5673855
5674287
5674535
5674560
5674960
5675727
5675907
5676903
5677383
5677680
5678206
5679194
5679476
5681412
5682265
5684953
5686199
5687181
5687286
5687295
5687432
5688273
5689871
5690024
5690045
5691016
5693867
5696049
5696064
5696382
5701493
5703290
5706032
5706338
5707831
5712810
5714452
5714625
5716244
5718994
5719978
5722923
5723906
5723939
5724781
5724881
5725431
5725631
5726823
5727620
5728967
5729665
5729842
5730267
5731193
5732255
5733965
5734898
5735240
5735461
5735596
5737062
5738220
5739067
5740616
5742129
5742325
5745559
5745935
5746163
5748717
5750822
5751314
5751710
5754451
5755182
5755339
5756138
5756157
5756480
5757887
5758115
5759968
5761694
5763331
5763702
5764135
5764384
5766110
5766894
5766936
5766970
5767216
5767825
5768026
5768555
5768965
5769116
5770962
5771290
5771805
5772185
5773008
5773523
5776748
5777220
5777721
5778163
5779564
5779595
5780822
5781794
5782134
5783715
5783942
5785352
5786640
5790654
5791887
5792727
5796093
5796551
5801232
5802274
5802708
5803243
5803569
5803693
5804743
5806574
5807156
5807279
5807455
5808892
5809040
5811478
5811506
5811621
5812042
5812961
5813029
5813170
5814639
5814713
5814976
5815998
5816948
5817761
5818447
5818688
5820619
5820670
5820755
5821669
5823302
5823971
5825449
5830202
5832037
5832049
5832498
5832714
5832976
5835217
5836408
5836846
5837467
5838545
5839307
5841209
5841220
5841994
5842124
5842901
5844554
5844630
5844814
5844967
5850083
5850602
5850863
5852124
5854633
5857537
5857651
5858114
5859624
5861540
5864411
5864860
5865860
5866300
5869888
5870257
5870800
5872033
5872501
5873592
5874148
5877855
5878260
5878893
5880265
5880296
5881169
5882520
5884205
5884473
5886282
5886600
5888704
5888927
5890112
5890220
5892857
5892936
5893702
5895317
5896307
5897489
5897819
5898569
5903561
5903892
5904038
5904567
5904994
5911091
5911919
5912183
5913788
5914320
5915578
5915962
5916317
5916642
5917098
5917810
5918523
5920531
5921582
5921744
5923231
5923340
5925492
5926474
5927304
5929345
5929657
5930376
5930450
5930497
5930857
5931218
5932611
5932644
5934809
5935290
5935325
5936746
5937251
5937436
5938266
5938305
5942707
5943023
5943511
5944890
5946051
5946823
5950089
5950990
5952636
5954585
5955646
5958373
5960356
5960587
5961297
5961690
5961916
5962857
5963503
5963682
5964276
5964301
5964641
5965961
5967137
5967833
5970365
5971182
5974880
5975215
5976384
5977309
5977502
5978705
5979876
5981921
5982087
5983931
5984470
5985084
5985909
5986259
5986592
5986846
5988006
5988314
5988548
5989072
5990809
5991160
5991727
5993540
5994669
5995530
5996378
5998598
5998636
5998740
5998936
5999284
6000201
6001692
6001738
6003137
6003188
6003228
6003552
6004097
6005876
6006318
6009064
6009949
6011141
6013633
6015065
6016560
6017324
6017327
6017913
6019005
6019676
6020536
6021293
6022309
6024488
6025289
6025546
6025904
6025982
6025993
6026362
6027240
6027429
6029108
6029682
6032091
6032802
6033198
6033520
6034083
6034426
6035055
6035083
6036083
6038692
6039803
6040111
6041259
6041299
6042739
6043497
6043503
6045163
6045700
6047214
6047556
6051449
6051860
6052472
6055076
6057608
6059461
6059793
6060362
6060774
6061891
6063382
6065923
6066153
6067030
6068046
6069268
6071424
6072182
6073809
6073840
6075528
6077060
6077680
6077861
6078453
6078861
6079300
6079473
6082838
6086523
6086569
6086779
6089456
6090475
6091773
6091809
6092416
6092447
6092851
6093615
6093838
6096335
6097134
6098297
6098792
6099016
6100886
6101579
6102176
6102697
6105299
6105978
6106546
6107391
6107793
6108187
6109377
6110406
6110737
6111089
6113896
6114853
6115403
6115404
6117611
6118096
6120008
6120234
6125361
6125630
6126848
6127177
6127735
6127959
6128416
6128736
6128981
6129106
6129673
6131676
6131720
6132160
6132185
6132614
6133227
6133440
6133744
6134651
6134783
6134828
6135223
6136262
6136337
6136536
6136808
6137783
6139152
6139368
6140101
6140290
6141088
6141570
6142266
6143346
6144360
6144502
6146483
6146521
6146703
6146949
6147940
6149590
6153931
6154713
6154899
6155149
6156166
6156891
6156906
6158595
6159458
6159702
6160916
6162104
6163743
6165003
6166204
6166227
6167461
6167643
6168229
6168324
6168958
6169371
6171164
6174472
6176264
6178066
6178330
6178619
6178789
6179629
6179927
6182267
6183833
6184177
6185891
6186544
6186886
6187430
6192182
6192722
6194185
6195059
6197815
6199059
6201030
6201808
6203710
6206762
6209170
6209695
6209932
6210089
6210670
6211411
6211699
6212815
6212954
6214887
6215414
6215701
6215895
6216015
6216821
6217099
6217238
6217826
6218993
6219643
6219892
6220800
6222195
6224641
6227015
6227033
6227980
6228265
6229634
6229674
6233247
6233788
6233887
6233996
6234378
6235065
6235254
6235266
6235764
6236732
6237625
6237702
6239721
6239827
6244232
6244763
6245130
6245637
6245684
6249415
6250062
6250101
6251301
6251566
6252856
6254009
6255101
6255538
6255893
6258186
6259279
6259689
6260998
6261550
6262745
6263233
6265302
6265544
6266847
6267350
6269179
6270866
6272776
6273013
6274248
6277384
6281485
6281885
6282599
6283832
6283930
6284249
6285280
6286052
6286718
6287855
6287971
6287973
6289181
6289412
6289553
6290016
6290191
6291656
6292711
6293351
6295683
6296124
6296793
6296897
6297038
6297319
6297833
6297960
6299571
6300152
6300691
6304376
6306823
6307620
6308030
6309424
6312045
6312312
6312386
6313341
6314419
6314671
6314747
6315189
6316548
6316638
6317417
6317609
6318616
6319313
6320125
6320330
6320866
6321584
6323930
6325917
6327580
6328050
6328138
6328914
6329046
6330205
6330727
6330736
6331062
6331888
6334160
6335817
6337520
6338892
6342424
6343766
6343927
6344712
6346347
6346801
6346973
6347573
6347814
6347872
6348122
6348930
6350223
6350640
6351035
6351341
6353678
6354367
6354437
6355871
6356470
6357063
6357675
6358047
6359919
6360669
6363689
6363834
6364126
6365079
6366102
6366339
6366503
6368608
6369421
6370728
6371174
6372615
6375033
6376163
6378797
6379092
6379916
6380809
6381000
6381023
6381336
6384223
6385187
6385846
6385908
6387177
6388486
6390293
6390368
6391197
6392258
6392832
6392918
6392940
6395424
6395482
6396510
6397580
6398726
6400177
6400780
6404754
6404886
6406044
6406507
6407866
6411587
6411589
6412762
6413957
6416037
6417629
6418497
6420697
6420855
6421030
6422051
6422318
6422914
6424320
6425285
6426984
6427154
6427280
6430059
6430342
6433210
6433887
6436726
6438008
6438904
6438990
6439823
6440322
6441176
6441640
6441685
6441799
6442503
6444405
6444780
6448610
6452323
6452636
6453655
6455442
6456434
6458616
6459185
6460422
6461866
6462093
6462896
6463393
6464499
6468501
6470017
6470066
6470746
6470778
6470817
6472187
6474527
6475850
6476807
6477239
6477298
6478139
6479259
6479392
6481175
6481609
6482806
6483556
6484401
6485706
6486496
6487007
6487416
6487849
6488069
6488453
6488611
6490352
6491003
6491564
6492120
6492338
6492924
6493759
6493972
6494427
6494735
6494753
6495184
6495482
6497642
6499204
6499495
6500612
6500784
6500915
6501049
6502835
6504585
6507257
6507262
6507370
6509638
6509796
6510228
6511034
6511288
6511890
6513829
6513972
6515518
6517977
6521602
6524636
6524847
6525331
6525739
6527245
6528436
6528812
6529434
6529496
6530189
6530395
6531804
6533277
6534561
6535377
6536013
6536201
6536296
6537798
6538558
6538851
6539129
6539283
6544761
6546396
6546579
6548014
6548304
6548980
6550816
6552276
6552280
6552923
6553022
6553832
6554018
6554581
6555300
6557130
6557450
6557894
6558246
6559690
6563015
6563909
6564271
6565057
6566375
6567862
6568276
6571602
6572374
6573708
6575557
6576756
6578535
6578940
6580176
6580576
6581365
6583309
6583742
6584123
6585095
6585552
6587726
6587871
6588218
6588730
6588821
6589944
6590078
6591389
6592038
6592449
6592769
6594834
6595779
6595932
6597060
6598058
6599373
6599897
6600197
6600762
6602683
6603464
6603496
6604822
6606235
6606671
6608011
6611697
6612490
6613498
6614631
6617306
6617944
6618975
6619957
6619959
6620671
6621099
6623354
6625090
6625982
6626993
6627344
6627396
6631268
6631853
6632045
6633522
6633710
6636183
6638857
6645298
6646265
6646523
6648928
6655205
6656375
6656748
6656820
6657936
6658682
6659855
6659993
6660856
6664820
6665054
6667339
6667360
6670310
6670617
6673488
6674553
6675946
6678554
6679510
6680555
6681238
6682249
6683077
6683560
6683692
6685104
6685294
6685592
6685643
6686118
6686913
6688500
6688535
6688971
6690161
6690699
6690768
6692487
6693511
6695519
6695591
6695864
6696518
6699526
6699831
6701200
6701234
6701505
6702187
6702959
6703743
6705315
6705730
6706849
6707071
6707842
6707973
6708335
6709374
6710662
6711501
6711568
6713622
6714279
6714702
6716732
6717378
6717999
6719138
6720566
6720681
6723049
6724130
6724305
6726966
6730598
6731682
6731772
6732066
6733130
6734639
6737442
6738574
6740704
6740857
6740902
6741390
6741557
6742905
6743910
6744801
6746382
6747295
6747633
6748984
6749732
6750541
6751925
6752001
6752724
6753106
6754172
6754847
6755022
6755212
6755540
6756026
6757253
6757458
6757827
6758321
6758433
6758500
6758548
6761762
6762633
6764017
6764034
6765580
6765858
6766953
6767833
6768314
6768329
6768665
6769715
6771550
6771763
6773593
6774109
6774931
6776204
6780393
6781212
6782874
6786681
6786999
6787786
6788075
6790714
6791897
6793637
6794222
6794320
6794381
6795700
6795726
6795960
6797112
6797406
6800268
6800531
6801845
6802002
6803488
6806185
6806474
6807852
6808157
6808725
6811551
6811766
6811878
6812616
6812888
6813912
6814365
6815355
6815373
6815427
6815759
6816178
6816453
6816600
6816750
6817001
6817952
6818799
6818800
6818949
6821388
6822061
6822405
6822652
6822716
6823912
6824360
6825540
6826245
6828140
6828365
6828482
6829068
6829332
6831125
6831444
6832280
6832957
6832958
6833781
6833784
6834325
6834391
6835663
6835832
6836306
6839532
6841011
6841591
6847409
6848671
6849120
6850328
6852036
6853048
6853821
6853847
6856240
6858057
6858523
6859673
6859815
6860019
6862577
6862810
6863404
6864035
6864085
6864290
6865464
6866059
6866732
6866831
6869729
6870860
6870873
6871413
6871970
6874341
6875671
6875853
6875855
6876029
6876476
6876580
6877600
6879709
6881164
6881319
6881382
6881870
6882021
6882036
6883269
6884117
6885774
6886127
6887022
6887593
6889407
6890230
6890254
6890823
6891594
6892016
6892881
6898496
6898870
6899622
6900244
6900769
6901305
6905000
6906302
6906567
6907678
6908419
6909498
6913040
6914751
6915109
6915253
6915735
6916933
6917093
6917103
6918477
6918977
6919334
6919465
6919493
6919923
6921954
6923741
6924570
6926566
6926781
6927647
6928572
6929686
6930310
6930744
6930939
6932522
6932580
6933883
6934350
6934565
6936388
6940190
6940552
6940571
6941370
6946464
6946919
6950230
6951696
6953301
6954595
6955167
6955575
6956880
6957168
6957920
6958091
6958158
6958404
6960143
6960662
6963821
6965542
6966985
6967006
6970032
6971236
6972319
6973449
6977212
6977655
6978320
6979542
6981675
6983946
6986255
6987873
6989760
6990043
6990111
6992390
6993388
6993726
6994498
6995973
6996744
6997570
6997684
6998013
6999921
7003636
7005814
7006163
7007256
7008195
7008771
7009577
7009834
7012052
7012241
7015382
7015454
7017559
7019553
7019646
7019737
7021864
7023551
7024141
7024491
7025745
7026021
7026694
7028292
7030570
7031746
7035878
7036524
7036630
7036988
7037696
7040064
7040664
7041653
7041689
7042129
7043568
7044225
7044229
7045179
7046399
7046574
7047282
7047810
7048000
7048475
7049173
7049916
7050756
7051510
7052954
7053237
7054357
7055089
7056192
7056196
7057384
7059284
7059318
7059632
7060515
7060962
7061077
7061610
7063393
7063627
7064211
7065872
7066388
7066723
7069504
7071523
7073269
7074433
7077817
7080173
7080242
7080281
7080724
7083145
7084411
7085873
7087096
7089366
7090564
7090763
7095314
7095461
7096097
7096568
7097626
7099000
7099055
7099697
7100332
7101065
7101625
7103466
7103602
7105045
7106205
7107541
7112111
7112343
7114149
7114427
7116214
7117811
7118158
7118418
7119297
7119869
7120287
7120427
7120771
7123209
7123261
7124002
7128398
7132149
7132835
7133259
7133436
7133450
7133907
7135358
7135942
7137442
7138243
7138995
7139605
7140026
7141727
7148433
7149422
7151047
7151768
7152189
7153118
7154048
7154409
7155140
7155228
7156210
7156878
7158180
7158399
7158732
7158900
7159059
7160813
7163261
7163874
7164425
7164906
7165385
7168518
7168704
7168728
7169532
7169753
7169950
7170055
7170766
7171537
7173190
7173612
7173970
7174724
7175271
7176566
7179547
7180490
7183359
7185748
7186042
7187678
7187837
7189720
7191424
7192544
7196256
7196904
7198059
7201357
7201849
7202086
7202286
7204145
7204421
7205165
7206096
7206658
7207765
7207901
7208820
7209567
7209625
7209786
7210358
7211368
7211511
7212236
7212544
7212587
7213494
7215453
7216156
7216412
7219523
7219941
7220573
7220807
7221847
7223239
7223253
7224911
7225873
7228008
7228097
7230847
7231479
7235709
7236377
7239670
7239902
7240069
7242337
7242625
7243512
7243711
7244334
7245139
7245204
7245803
7247773
7248531
7248725
7249492
7249579
7251819
7253655
7254937
7255640
7255673
7255843
7257680
7258000
7258536
7259204
7260091
7262482
7262717
7263095
7263544
7266347
7267335
7267451
7267795
7267833
7269255
7269418
7271445
7272863
7273243
7277163
7277207
7279814
7280677
7281157
7282465
7282928
7284428
7284877
7285093
7285579
7287208
7287453
7288063
7289319
7290688
7291630
7292070
7292281
7292733
7292845
7293900
7294227
7295186
7296222
7296426
7298602
7300718
7300835
7301795
7302961
7304631
7307134
7308437
7309112
7310667
7311504
7312307
7312391
7312734
7314724
7314755
7314760
7314941
7315342
7316822
7317433
7318435
7318660
7319284
7319633
7320811
7321685
7323782
7327272
7330945
7331483
7332240
7333019
7333683
7334341
7336359
7336460
7337720
7339653
7339750
7339899
7340155
7340876
7342412
7342433
7344526
7345276
7345587
7346065
7347547
7348367
7349153
7349750
7350760
7350820
7351335
7352282
7352840
7354733
7355641
7355710
7355784
7356114
7357156
7357517
7357601
7357893
7358225
7358693
7358858
7359665
7360597
7360716
7360727
7361395
7361726
7362113
7362618
7363035
7364210
7365277
7366624
7366686
7367534
7369938
7370285
7370476
7370948
7373965
7374380
7374644
7375779
7375860
7377112
7378098
7378939
7379034
7381246
7382107
7382240
7382833
7383057
7383262
7385135
7385148
7388282
7389160
7389889
7390902
7392413
7393755
7395107
7395551
7395942
7396966
7397076
7397248
7398565
7398577
7398951
7399264
7403527
7404676
7404886
7405190
7408125
7409899
7410020
7411462
7412938
7413408
7414372
7416102
7417945
7417962
7418050
7419045
7419714
7423050
7423175
7423856
7426389
7427184
7431575
7432576
7432942
7435572
7435884
7436672
7437819
7437989
7438023
7438522
7439413
7440961
7442907
7443307
7443341
7443741
7444338
7445752
7445884
7447213
7447803
7448617
7448718
7449920
7450164
7450214
7450340
7450547
7450914
7452435
7452492
7452725
7452905
7454021
7454307
7456852
7459222
7460165
7461170
7461353
7464414
7465538
7466270
7466960
7470198
7470942
7471425
7471900
7471961
7472767
7476304
7476370
7476626
7477246
7478911
7478927
7480200
7480679
7483288
7483644
7483764
7484037
7484299
7485379
7489282
7489294
7489852
7490149
7491791
7492141
7495382
7496554
7497021
7501618
7501638
7501762
7502593
7502672
7503002
7503338
7503568
7504027
7505750
7506397
7507481
7507993
7508991
7512113
7513253
7516934
7517030
7518441
7520034
7521628
7521671
7521675
7521850
7521864
7521976
7522339
7523365
7523593
7524941
7525475
7525671
7527477
7527616
7528095
7529223
7529938
7530682
7531863
7532256
7533266
7534210
7534584
7535424
7539551
7540465
7540521
7540842
7541450
7542062
7542579
7543099
7543179
7543449
7545772
7546249
7547827
7552455
7553791
7554636
7557976
7558856
7559782
7560287
7562862
7563718
7567006
7567673
7569679
7570547
7572097
7572648
7572697
7572792
7574020
7574398
7575490
7576639
7578455
7578723
7579406
7581007
7581620
7582176
7584542
7585074
7585289
7589501
7590213
7591007
7591173
7591873
7592029
7593415
7594712
7595021
7595254
7595664
7596254
7597621
7597633
7598984
7599094
7599400
7600142
7602186
7602627
7603303
7603807
7604267
7606930
7608833
7610279
7610716
7611610
7612513
7620291
7620443
7622683
7624449
7625041
7626379
7626593
7628111
7628856
7630606
7630945
7633211
7633485
7633669
7634148
7635919
7637855
7639105
7639282
7639464
7639480
7641556
7642809
7643951
7644126
7645895
7646983
7649143
7649895
7650403
7650721
7652424
7656177
7657735
7658371
7659652
7660520
7664245
7664398
7665101
7666491
7667476
7667821
7669124
7670107
7672985
7674023
7676628
7676911
7678059
7678152
7679192
7679212
7679569
7679716
7679765
7681247
7683167
7683212
7685152
7685733
7685789
7686051
7687464
7687789
7690024
7690069
7690110
7690719
7691154
7691611
7693941
7694531
7697170
7697186
7697573
7697618
7698393
7699541
7701998
7702811
7703321
7704075
7704736
7704862
7705204
7705226
7707165
7709317
7709366
7710218
7711579
7712128
7712390
7715914
7717504
7719864
7721310
7722324
7723506
7725517
7725892
7726451
7726694
7728455
7728989
7729157
7729488
7730353
7732148
7732224
7733238
7733409
7734898
7735149
7736073
7736388
7737181
7737283
7737651
7740730
7741167
7742022
7743314
7743720
7744059
7745006
7747510
7748115
7748865
7749697
7754212
7755163
7757211
7758053
7758225
7758743
7761122
7761138
7764275
7764291
7766919
7768351
7768789
7769341
7769348
7769712
7769927
7771328
7772105
7772918
7772926
7774719
7775625
7777807
7778489
7780853
7782291
7784358
7784546
7784670
7790161
7790429
7791353
7792870
7793686
7794305
7797019
7797432
7799705
7801707
7803893
7804002
7804234
7804841
7805043
7809173
7809842
7811102
7813318
7813961
7816565
7816888
7816895
7817533
7818263
7819630
7820422
7820647
7823332
7824764
7825001
7825879
7825996
7829175
7829207
7829647
7832508
7832670
7836972
7837534
7837545
7843068
7843137
7846175
7846683
7846824
7848434
7848831
7852754
7852871
7853034
7853855
7854343
7856115
7857049
7857073
7857479
7858322
7858721
7858914
7860500
7861292
7861568
7863106
7863484
7865017
7867118
7870230
7870303
7870714
7871021
7871770
7873293
7874789
7875756
7876058
7876144
7876217
7876364
7877384
7877504
7877699
7878543
7879071
7880549
7880834
7880978
7881203
7881421
7882690
7882739
7885306
7885849
7885998
7886110
7888398
7889756
7892238
7894118
7895123
7896509
7897196
7898024
7898884
7899675
7901205
7901526
7901706
7902817
7905285
7905729
7905768
7905932
7906286
7906607
7908623
7910529
7913307
7913419
7913948
7914365
7914389
7915511
7915805
7916575
7916792
7917164
7917288
7917901
7918942
7919028
7921457
7922362
7922861
7923646
7924404
7924638
7926425
7926546
7927433
7928691
7929380
7929655
7931663
7931900
7932078
7932173
7933698
7934334
7936304
7937917
7938177
7938498
7938626
7941254
7942162
7944127
7944526
7946767
7947032
7947199
7947998
7950792
7953073
7953921
7955330
7955574
7957865
7958016
7960087
7962504
7963832
7963926
7963963
7965490
7965743
7965817
7966031
7966206
7966608
7967247
7968096
7970775
7972538
7974079
7974460
7975253
7976646
7976747
7977962
7978837
7980324
7980589
7981378
7982017
7984812
7986307
7986404
7986847
7987040
7987983
7989509
7991150
7991857
7993514
7994405
7994516
7995568
7995988
7998999
7999770
7999845
8000007
8000145
8002579
8002880
8003743
8005741
8005980
8006421
8008665
8009509
8009662
8010785
8011971
8012350
8012484
8012579
8012761
8013172
8014535
8015493
8015855
8016660
8017153
8017529
8020533
8021342
8022350
8022427
8029551
8029735
8030647
8032356
8032417
8033109
8033117
8033550
8033692
8034084
8035541
8038644
8039467
8039620
8040228
8040387
8040782
8043684
8047960
8048055
8049447
8050889
8051053
8053494
8054057
8054906
8055127
8056604
8056722
8057020
8057216
8057592
8057599
8058555
8058778
8058816
8059725
8060063
8061398
8063515
8064044
8065017
8065378
8066994
8068447
8070976
8072063
8073131
8073263
8073887
8074594
8074754
8075045
8076695
8078110
8079229
8079999
8080549
8081395
8085805
8086039
8086097
8086861
8087469
8087736
8089151
8089905
8091821
8095246
8095474
8095518
8096458
8097465
8097961
8098281
8099017
8099764
8101435
8101669
8105842
8105916
8106855
8108054
8110242
8113260
8114846
8115381
8115564
8116063
8116856
8118301
8119343
8120356
8121310
8121625
8122078
8122742
8124571
8126026
8127667
8129833
8130191
8130215
8130743
8131523
8133669
8133784
8136346
8136646
8136676
8138303
8138416
8138579
8139512
8141952
8143677
8144405
8145083
8146547
8147094
8148345
8148593
8149770
8153389
8153404
8154244
8154921
8157223
8158486
8160210
8165532
8166098
8166814
8166975
8168993
8169489
8170338
8170881
8171689
8174099
8175693
8176587
8179001
8179472
8182682
8184750
8186141
8186674
8188958
8190098
8190315
8191723
8191892
8192160
8194614
8194949
8195232
8195248
8196338
8199000
8199897
8201256
8201934
8203308
8203747
8205515
8205678
8206403
8206499
8208154
8209215
8210606
8213285
8213300
8213766
8215322
8215758
8216446
8221246
8221291
8224287
8225778
8226659
8227639
8227661
8227712
8230494
8231044
8231538
8231567
8232573
8232939
8234145
8234589
8237468
8237522
8237803
8239255
8241422
8244024
8245236
8246373
8249295
8249522
8249555
8250111
8251768
8252330
8252989
8254589
8255160
8256049
8256431
8256626
8257769
8260512
8261122
8261223
8262528
8262933
8264175
8265034
8268359
8268929
8269017
8269867
8273058
8274862
8275124
8275882
8276393
8276649
8276966
8277279
8277402
8278001
8278439
8282047
8282764
8283049
8283612
8285445
8286036
8287512
8288412
8288932
8290018
8290297
8290933
8291486
8293284
8295634
8299236
8301255
8301646
8302229
8302253
8302335
8302342
8302911
8303165
8303205
8304658
8306514
8306623
8308049
8308276
8309272
8310692
8311014
8312706
8312806
8312937
8313437
8313488
8314487
8314575
8317560
8319378
8321061
8321289
8322356
8322849
8323752
8328689
8331182
8331590
8331768
8331996
8332364
8333040
8333444
8333617
8333837
8334540
8335503
8336354
8336528
8337210
8340863
8344336
8344890
8345488
8346015
8349513
8351988
8355758
8356989
8357356
8357898
8358253
8358330
8359842
8360669
8363874
8364819
8365951
8366312
8366483
8366680
8367044
8368224
8369851
8372672
8372812
8372961
8373734
8374259
8375159
8375418
8376226
8377390
8378308
8379186
8379254
8379320
8380019
8380225
8383252
8384241
8385371
8385507
8385562
8386363
8387614
8390307
8391496
8391585
8392561
8393584
8394841
8395074
8395093
8396236
8396657
8396759
8398234
8399783
8400312
8401594
8401927
8404248
8404987
8406370
8409958
8410063
8410896
8411001
8412272
8413639
8414257
8414537
8415233
8415383
8417156
8417400
8419218
8423171
8424401
8424901
8426008
8426821
8428124
8428850
8429833
8429870
8431271
8432492
8433572
8434024
8434268
8436003
8439226
8439535
8440787
8441603
8443536
8445445
8446602
8447397
8447527
8448473
8448882
8449766
8449768
8451189
8451936
8452549
8453109
8453377
8454012
8455967
8456353
8456848
8457773
8458229
8458577
8458693
8459348
8459951
8461530
8463210
8464355
8464750
8469560
8470941
8471134
8472492
8473344
8473959
8474281
8475330
8475623
8477204
8477961
8478973
8483818
8485221
8485858
8485868
8485894
8486084
8486511
8487801
8488326
8490121
8490177
8493033
8493067
8494296
8496205
8496463
8496756
8497041
8498356
8500741
8501315
8502791
8504654
8504749
8506009
8506257
8506301
8508193
8509011
8510588
8511564
8512896
8512956
8513440
8513893
8516313
8516385
8516402
8517100
8519418
8520709
8521411
8524717
8525160
8526599
8527237
8527714
8530005
8530813
8531599
8533300
8537196
8537303
8537431
8537492
8538817
8539267
8539425
8539725
8540169
8541090
8541348
8542567
8543004
8544533
8544780
8544966
8545189
8545951
8545965
8547222
8547448
8549551
8550925
8551111
8552427
8552830
8553524
8553856
8554404
8554623
8559799
8560389
8560625
8561471
8563349
8563373
8565404
8565617
8566056
8566517
8567552
8567794
8568306
8570525
8571096
8571495
8574196
8575369
8575504
8575817
8576236
8576624
8580683
8580819
8582746
8584178
8585567
8586863
8587153
8587246
8588305
8588760
8589795
8590175
8590436
8591071
8593638
8594908
8598145
8598379
8598669
8601748
8602764
8603117
8603997
8604718
8606571
8606610
8607628
8610461
8613096
8614568
8614963
8616583
8616712
8620967
8621617
8623801
8624098
8625490
8628221
8631987
8634038
8634244
8636098
8636111
8636570
8637588
8638991
8639252
8640947
8641097
8641976
8644012
8644095
8644853
8645184
8646628
8647099
8648033
8648755
8649845
8651295
8651477
8651493
8651869
8655165
8658006
8659374
8661978
8663024
8663501
8666328
8666887
8666981
8668085
8668808
8668914
8670183
8670977
8671687
8673325
8673628
8675731
8677042
8678721
8680700
8682761
8683172
8683809
8685057
8685086
8685810
8686584
8687029
8687985
8688219
8688424
8688998
8691715
8691919
8692421
8695119
8695681
8696908
8697074
8699983
8699992
8700912
8702710
8704423
8705525
8707407
8708023
8708350
8708468
8708488
8709268
8709353
8710817
8711393
8713066
8713146
8713150
8713346
8714584
8715882
8716462
8718267
8723353
8723762
8724528
8725155
8725181
8725626
8726609
8726790
8726969
8727103
8729821
8731951
8732491
8732850
8733210
8735143
8736547
8738113
8739372
8739616
8740194
8742896
8743206
8743397
8744723
8745976
8747607
8750022
8752545
8753993
8754070
8754296
8757597
8758637
8758796
8759576
8759598
8759888
8760378
8760558
8761661
8761806
8762217
8762450
8764634
8764770
8765092
8765812
8766163
8766244
8766304
8766563
8766593
8768968
8770060
8770233
8770280
8770865
8772127
8773106
8774529
8775078
8776282
8777691
8779598
8779973
8780444
8781820
8782256
8784184
8784461
8785425
8786563
8787474
8789487
8793804
8794598
8794752
8798274
8799933
8800257
8800673
8801054
8801895
8805332
8808325
8809279
8813572
8813931
8815579
8817482
8817970
8821032
8822176
8822351
8822661
8823011
8824229
8824407
8827997
8828817
8830127
8832965
8834929
8835878
8836108
8836171
8836961
8838817
8841449
8842846
8843256
8844124
8846908
8847187
8848582
8848913
8849111
8850147
8850197
8851747
8851790
8855070
8855676
8855994
8856055
8856350
8857345
8860475
8860680
8860733
8861777
8862413
8862419
8862647
8863387
8863480
8866511
8866724
8867065
8867407
8868327
8869241
8869595
8871741
8871849
8872205
8873835
8874186
8874542
8880914
8882851
8884794
8887729
8888503
8892060
8893357
8897225
8897417
8899371
8899788
8900405
8900440
8900553
8900584
8901118
8902318
8902633
8902769
8904611
8905483
8906542
8906747
8906753
8907780
8908350
8909466
8910735
8911689
8912742
8912983
8914233
8915636
8916199
8917148
8917454
8922028
8922135
8922875
8923214
8923619
8923801
8929574
8929612
8929829
8930248
8930267
8930513
8930943
8932350
8932365
8932380
8932919
8933276
8936532
8936726
8938201
8938420
8938870
8940069
8940255
8940586
8941942
8943171
8943657
8946043
8946864
8947233
8947259
8947346
8947634
8949190
8949868
8950243
8951647
8952604
8953412
8953448
8954204
8955139
8957327
8957538
8957592
8958956
8959505
8959739
8962009
8962270
8963248
8964051
8968021
8968929
8970828
8971111
8974210
8975555
8976129
8976408
8976462
8976869
8978267
8978625
8978684
8980829
8981752
8981794
8982169
8982338
8984373
8985425
8985750
8987313
8987833
8988455
8989109
8990221
8992285
8992890
8994173
8994738
8996608
8997201
8997283
8998269
8998555
8999787
8999980
9000413
9002824
9002871
9006261
9007033
9009922
9010016
9010894
9011931
9012685
9012726
9013096
9013961
9014723
9014860
9015650
9016049
9017021
9018812
9022329
9022661
9022761
9023852
9023996
9024446
9025243
9025550
9027104
9027180
9028084
9028205
9028217
9029617
9029786
9030455
9032371
9033028
9035675
9036617
9037921
9039400
9039477
9040141
9041619
9041952
9042793
9043834
9046838
9047358
9048395
9048857
9051354
9052016
9053438
9054502
9056301
9056305
9057221
9057364
9057493
9057568
9057904
9058664
9058837
9059046
9060863
9061604
9062463
9065021
9065608
9066345
9066626
9067085
9067644
9068052
9070041
9070424
9071922
9072121
9075604
9075816
9077737
9077990
9079369
9079858
9081433
9082996
9084104
9085103
9085654
9086250
9086866
9086933
9087657
9088079
9089985
9090501
9091852
9092516
9092575
9092629
9092698
9094183
9094266
9095811
9100878
9101184
9102347
9102805
9104335
9105950
9106332
9106650
9107135
9108234
9109158
9112678
9116940
9117049
9117506
9117839
9118210
9118303
9121175
9121709
9125365
9126916
9127446
9128635
9128734
9128967
9129169
9133608
9134322
9135396
9135563
9135857
9135868
9136120
9137019
9137878
9139891
9140071
9140752
9140879
9143294
9143583
9144467
9144836
9145517
9145732
9146977
9147063
9148308
9150364
9152559
9153478
9153484
9153910
9153981
9155536
9157498
9157553
9159605
9163657
9164995
9168016
9169598
9170004
9170530
9170640
9171408
9172032
9172435
9174658
9176184
9176507
9176838
9179160
9179556
9180042
9180335
9180460
9180461
9181195
9181277
9182515
9183123
9183423
9185877
9186098
9187264
9187705
9188412
9194846
9195621
9198090
9198713
9199007
9200350
9200742
9200899
9201168
9202933
9202996
9203257
9203260
9204243
9205083
9205495
9205594
9205695
9207494
9208558
9209132
9212656
9212978
9213008
9213236
9215233
9217101
9217750
9218913
9220640
9224722
9225381
9227117
9227665
9230123
9232361
9232831
9234913
9235161
9235258
9236329
9237180
9238536
9241013
9241453
9241612
9243110
9243140
9243582
9243622
9244709
9244834
9244996
9246206
9246475
9247388
9247689
9248553
9248780
9249137
9250622
9253922
9254968
9255100
9255466
9255493
9255949
9257676
9257686
9258345
9259837
9261113
9262522
9263087
9263957
9263981
9264038
9266739
9266769
9267127
9267141
9268262
9268489
9268540
9268906
9270338
9271845
9272416
9273018
9273031
9273446
9275174
9276382
9276878
9279706
9280780
9281495
9282791
9283139
9284031
9284524
9286255
9286999
9288214
9289296
9289861
9290350
9290697
9291479
9292159
9292309
9294074
9294283
9294942
9295449
9295512
9295951
9296252
9296506
9297875
9300395
9303149
9303205
9305889
9305994
9307590
9310565
9310917
9311247
9312043
9312067
9312235
9313630
9314485
9315038
9315291
9315998
9319834
9321094
9321247
9323080
9325263
9325606
9326116
9326257
9326523
9328513
9329776
9331548
9332936
9333978
9335490
9335947
9336657
9338551
9338610
9338723
9339269
9340124
9340648
9341511
9342054
9342164
9344516
9345957
9346237
9346540
9348089
9348818
9349146
9350976
9351458
9351587
9351617
9353622
9358559
9360007
9361598
9361830
9362420
9364972
9365047
9365922
9366921
9368631
9369887
9370451
9370722
9372506
9372698
9373125
9374919
9375113
9377715
9378651
9379130
9379561
9381255
9383860
9384117
9384392
9384496
9385749
9387975
9388503
9392458
9393665
9393975
9394669
9396470
9396813
9399129
9401173
9401758
9401912
9402824
9405347
9407651
9410129
9411953
9412034
9412749
9415869
9416012
9416838
9418306
9418657
9419160
9420034
9420552
9420673
9421273
9422468
9424351
9425109
9426444
9426754
9427075
9428239
9428245
9428332
9428608
9429853
9430715
9431025
9431692
9434967
9438983
9440780
9440867
9442436
9443514
9444178
9445273
9446146
9446824
9447111
9450004
9450279
9450284
9451565
9452518
9452990
9452999
9453160
9454248
9454724
9455590
9456934
9459777
9459824
9460906
9462125
9463738
9466013
9467680
9474402
9476240
9477812
9477825
9479267
9481607
9481608
9481658
9483640
9483720
9483818
9484337
9486393
9487092
9487750
9489860
9492937
9494702
9495434
9497920
9499193
9500340
9500597
9501066
9501862
9503270
9503422
9503881
9503964
9504022
9504629
9504859
9505359
9506276
9506606
9507494
9509550
9509931
9512570
9512805
9515886
9516533
9521025
9522770
9523460
9523791
9524230
9524475
9525168
9525337
9526402
9528314
9529830
9530967
9532299
9534148
9534307
9534841
9539292
9539431
9539602
9542015
9543000
9543040
9543987
9544010
9544400
9545498
9547780
9548036
9548726
9549713
9550938
9552484
9552659
9553909
9554373
9556658
9557234
9557673
9559373
9561409
9562909
9563819
9565534
9566143
9568636
9568717
9573120
9573817
9573900
9574225
9574531
9574992
9576647
9576685
9577956
9581331
9582389
9582914
9584510
9585132
9586414
9586806
9588345
9588572
9592250
9592582
9593555
9595286
9596227
9596967
9598239
9598603
9600884
9602318
9603507
9605608
9605874
9606888
9607701
9607817
9608828
9609411
9610998
9613375
9615019
9617313
9617397
9618267
9619079
9620614
9620761
9620855
9621512
9622376
9622471
9622713
9623953
9623984
9624935
9625218
9625879
9627259
9628391
9630633
9630853
9632199
9633078
9633453
9634395
9634476
9635113
9636961
9637055
9639507
9639690
9640751
9640846
9641028
9642359
9642724
9642883
9642932
9643392
9643745
9644399
9646027
9646554
9649185
9649218
9649512
9651745
9652452
9652957
9653873
9654549
9656116
9657204
9657702
9657765
9658382
9658446
9659778
9660861
9661266
9662229
9664456
9664889
9666763
9667383
9667537
9668905
9669893
9669923
9671085
9673022
9673385
9675460
9676286
9679694
9680865
9683590
9684383
9684849
9686301
9686583
9686628
9688717
9689142
9689288
9689518
9689561
9689688
9690760
9692847
9693707
9695798
9697459
9697960
9699058
9701365
9702218
9702975
9703229
9703493
9703837
9704849
9705755
9705772
9708220
9709819
9710640
9711343
9714150
9714635
9716320
9716560
9717113
9717646
9717670
9718303
9719410
9720174
9720853
9720953
9723049
9724513
9724899
9725870
9726255
9726269
9727176
9727542
9731912
9734721
9735222
9735499
9738337
9738395
9739247
9741976
9742032
9742725
9744784
9745888
9746143
9746799
9747083
9752779
9752901
9753901
9754687
9755307
9755312
9755329
9756279
9756281
9757186
9757305
9758070
9758365
9759190
9759495
9761814
9761895
9762591
9764871
9770205
9771674
9775176
9775557
9776227
9776624
9776924
9777938
9778897
9780863
9782519
9782980
9785789
9786845
9787388
9787414
9788118
9788157
9789707
9789863
9790900
9791375
9792274
9792455
9793170
9793748
9793787
9794769
9794798
9795074
9795925
9796584
9799776
9800454
9800894
9801416
9801825
9803538
9803877
9806499
9808889
9808940
9811928
9813026
9813057
9813940
9815202
9815968
9816169
9816310
9817776
9818901
9820132
9820493
9820834
9821063
9823292
9826589
9826817
9827479
9827876
9828422
9828511
9829350
9832028
9832119
9832643
9836963
9837525
9838672
9838875
9839786
9840571
9840734
9841245
9842070
9842252
9843174
9843240
9843491
9844640
9844703
9844800
9845777
9846273
9847631
9848019
9849884
9851289
9854582
9857960
9858527
9858768
9859097
9860072
9860168
9861833
9861905
9862701
9864258
9864648
9865603
9867559
9868612
9869247
9870875
9871361
9871769
9872046
9872084
9872258
9872636
9873153
9873812
9875760
9877881
9878412
9878479
9879328
9879554
9880256
9881671
9883158
9884858
9885403
9886251
9890370
9890935
9891389
9892866
9893038
9893368
9893967
9896011
9899769
9901328
9903055
9903687
9905103
9908369
9908797
9911092
9912387
9914733
9915192
9915424
9915787
9919013
9919872
9924561
9924700
9926566
9926573
9926652
9926771
9928347
9928690
9928711
9928860
9929953
9929981
9930025
9930665
9930902
9931081
9932499
9932857
9934206
9935933
9936528
9938018
9939082
9940853
9941848
9942136
9943402
9944015
9945464
9945844
9946395
9946680
9948194
9949648
9950155
9950354
9952294
9953877
9954709
9955242
9955928
9955975
9956131
9956672
9956686
9957471
9957896
9958471
9958833
9958913
9958928
9958978
9959114
9959419
9959886
9959892
9960595
9961902
9965811
9966201
9967015
9969085
9970263
9970540
9973006
9975202
9976215
9976438
9977193
9977451
9977580
9979569
9981445
9981987
9983302
9984332
9984573
9984781
9985700
9985941
9986533
9987042
9989605
9990290
9990980
9991899
9992418
9993474
9995028
9995056
9996947
9998584
9998725
